INSTANCE: 2hubs_MND_A_40_x.csv
PARAMETER: tuning_tight.txt
POLICY: MIP
ALPHA: 0.387023956898126
BETA: 78
OMEGA: 586
EPSILON: 1.00597325044486

Day: 1, Time: 0
Total Cost: 3553.74
 11:136.01, 24:75 [1, 3, -3, -1]
 13:153.31, 31:75 [1, 4, -4, -1]
 14:153.31, 50:75 [1, 4, -4, -1]
 15:153.31, 37:75 [1, 4, -4, -1]
 16:136.01, 75:75 [1, 3, -3, -1]
301:73.11, 8:10 [3, 3266, 3151, 3130, 3307, 3091, -3]
302:74.67, 10:10 [3, 3053, 3115, 3148, -3]
303:16.00, 3:10 [3, 3239, -3]
304:87.98, 9:10 [3, 3141, 3248, 3121, 3185, 3235, 3253, 3234, -3]
305:57.14, 10:10 [3, 3222, 3200, 3100, 3302, 3193, -3]
306:127.06, 10:10 [3, 3276, 3242, 3078, 3060, -3]
307:113.83, 10:10 [3, 3066, 3174, 3315, 3191, 3212, 3163, 3058, 3244, -3]
308:124.92, 10:10 [3, 3265, 3308, 3202, 3249, 3054, -3]
309:29.73, 10:10 [3, 3188, 3158, 3082, 3143, -3]
310:87.67, 9:10 [3, 3195, 3116, 3074, -3]
311:123.63, 9:10 [3, 3240, 3269, 3236, 3220, 3114, -3]
312:122.28, 10:10 [3, 3267, 3145, 3153, 3300, 3156, 3057, -3]
313:147.20, 10:10 [3, 3056, 3112, 3214, 3093, 3299, 3062, -3]
314:171.27, 10:10 [3, 3068, 3168, 3306, 3086, 3247, 3225, 3072, -3]
315:53.82, 8:10 [3, 3304, 3132, 3216, 3182, -3]
401:102.21, 9:10 [4, 3281, 3140, 3065, 3213, 3226, 3111, 3313, -4]
402:83.62, 7:10 [4, 3312, 3303, -4]
403:153.92, 10:10 [4, 3084, 3071, 3258, 3183, 3238, 3196, -4]
404:80.85, 8:10 [4, 3288, 3271, 3049, 3237, -4]
405:37.15, 10:10 [4, 3048, 3088, 3104, -4]
406:149.63, 10:10 [4, 3279, 3231, 3159, 3252, -4]
407:67.58, 10:10 [4, 3133, 3147, 3081, 3204, 3175, -4]
408:171.68, 10:10 [4, 3224, 3232, 3221, 3309, 3103, 3255, -4]
409:12.19, 7:10 [4, 3117, 3080, -4]
410:28.96, 7:10 [4, 3179, 3137, -4]
411:37.57, 6:10 [4, 3150, 3186, -4]
412:186.00, 10:10 [4, 3217, 3189, 3101, 3286, 3314, 3187, 3273, -4]
414:46.27, 7:10 [4, 3305, 3128, 3069, -4]
415:152.46, 10:10 [4, 3170, 3294, 3208, 3275, 3223, -4]
416:101.37, 10:10 [4, 3180, 3139, 3136, 3283, 3287, 3254, -4]
fe: 5, se: 30

Day: 1, Time: 0
Total Cost: 2838.38
 11:66.27, 66:75 [2, 5, -5, -2]
 12:66.27, 40:75 [2, 5, -5, -2]
 13:66.27, 10:75 [2, 5, -2]
 16:145.23, 46:75 [2, 6, -6, -2]
 17:145.23, 38:75 [2, 6, -6, -2]
501:119.43, 10:10 [5, 3181, 3050, 3124, 3233, 3201, 3205, 3251, -5]
502:95.61, 10:10 [5, 3085, 3126, 3125, 3094, -5]
503:125.93, 10:10 [5, 3142, 3063, 3154, 3061, 3173, 3209, 3245, 3146, -5]
505:65.75, 9:10 [5, 3098, 3166, 3263, 3144, 3295, 3052, -5]
506:156.06, 10:10 [5, 3135, 3096, 3206, 3110, 3278, 3097, -5]
507:94.33, 10:10 [5, 3122, 3169, 3284, 3099, -5]
508:45.55, 9:10 [5, 3241, 3211, 3059, -5]
509:105.27, 10:10 [5, 3155, 3164, 3120, 3194, -5]
510:115.31, 10:10 [5, 3184, 3203, 3289, 3070, 3055, -5]
513:149.68, 9:10 [5, 3106, 3228, 3149, 3131, 3291, 3246, 3292, -5]
516:130.93, 10:10 [5, 3199, 3105, 3296, 3176, 3113, 3077, 3280, -5]
518:56.41, 8:10 [5, 3067, 3215, 3051, 3118, -5]
520:99.49, 10:10 [5, 3293, 3047, 3274, 3075, 3177, 3250, 3227, -5]
601:97.38, 9:10 [6, 3079, 3127, 3219, 3218, 3076, 3129, 3152, 3285, -6]
602:114.92, 9:10 [6, 3207, 3064, 3268, 3134, 3109, 3192, 3119, 3262, -6]
603:130.60, 10:10 [6, 3257, 3095, 3160, 3123, 3138, 3089, 3178, 3083, -6]
604:68.31, 10:10 [6, 3298, 3198, 3282, 3272, -6]
605:103.69, 9:10 [6, 3259, 3171, 3270, 3260, -6]
607:56.99, 9:10 [6, 3102, 3229, 3210, 3087, 3311, -6]
608:151.44, 9:10 [6, 3261, 3256, 3172, 3243, 3190, 3090, 3310, 3108, -6]
609:124.27, 10:10 [6, 3073, 3092, 3297, 3301, 3157, -6]
610:53.04, 10:10 [6, 3290, 3107, 3165, -6]
611:88.68, 10:10 [6, 3161, 3167, 3162, 3277, 3230, 3264, -6]
fe: 5, se: 23

Day: 1, Time: 45
Total Cost: 477.85
 11:153.31, 5:75 [1, -4, -1]
 12:153.31, 9:75 [1, -4, -1]
401:75.82, 5:10 [4, 4954, 4701, -4]
402:95.41, 9:10 [4, 3377, 6132, 3958, -4]
fe: 2, se: 2

Day: 1, Time: 50
Total Cost: 236.60
 11:136.01, 5:75 [1, -3, -1]
301:100.58, 5:10 [3, 5824, 4896, -3]
fe: 1, se: 1

Day: 1, Time: 55
Total Cost: 282.15
 11:136.01, 5:75 [1, -3, -1]
301:146.14, 5:10 [3, 4177, 5224, -3]
fe: 1, se: 1

Day: 1, Time: 60
Total Cost: 365.41
 11:136.01, 4:75 [1, -3, -1]
 12:136.01, 3:75 [1, -3, -1]
301:2.83, 4:10 [3, 4497, -3]
302:90.55, 3:10 [3, 4197, -3]
fe: 2, se: 2

Day: 1, Time: 60
Total Cost: 638.05
 11:66.27, 18:75 [2, -5, -2]
 12:66.27, 7:75 [2, -5, -2]
501:146.56, 8:10 [5, 3942, 4483, 4462, -5]
502:128.38, 7:10 [5, 4008, 4727, -5]
504:230.57, 10:10 [5, 3474, 4981, 6219, 3605, -5]
fe: 2, se: 3

Day: 1, Time: 80
Total Cost: 113.47
 11:66.27, 4:75 [2, -5, -2]
501:47.20, 4:10 [5, 4323, -5]
fe: 1, se: 1

Day: 1, Time: 90
Total Cost: 388.65
 11:136.01, 4:75 [1, -3, -1]
 12:153.31, 3:75 [1, -4, -1]
301:19.70, 4:10 [3, 4155, -3]
401:79.62, 3:10 [4, 4906, -4]
fe: 2, se: 2

Day: 1, Time: 120
Total Cost: 436.42
 11:136.01, 4:75 [1, -3, -1]
 12:153.31, 4:75 [1, -4, -1]
301:63.28, 4:10 [3, 6125, 3457, -3]
401:83.81, 4:10 [4, 5628, 6143, -4]
fe: 2, se: 2

Day: 1, Time: 125
Total Cost: 361.59
 11:153.31, 1:75 [1, -4, -1]
 12:136.01, 3:75 [1, -3, -1]
301:27.86, 3:10 [3, 3725, -3]
401:44.41, 1:10 [4, 3736, -4]
fe: 2, se: 2

Day: 1, Time: 130
Total Cost: 192.94
 11:136.01, 3:75 [1, -3, -1]
301:56.92, 3:10 [3, 4722, -3]
fe: 1, se: 1

Day: 1, Time: 155
Total Cost: 335.20
 11:153.31, 9:75 [1, -4, -1]
401:181.89, 9:10 [4, 4934, 5881, 5062, 5266, -4]
fe: 1, se: 1

Day: 1, Time: 165
Total Cost: 498.88
 11:66.27, 13:75 [2, -5, -2]
 12:66.27, 1:75 [2, -5, -2]
502:102.63, 1:10 [5, 4833, -5]
503:167.13, 5:10 [5, 3496, 4048, -5]
504:96.58, 8:10 [5, 4909, 6041, 5476, -5]
fe: 2, se: 3

Day: 1, Time: 190
Total Cost: 336.89
 11:179.78, 6:75 [1, -4, -3, -1]
301:121.06, 3:10 [3, 3576, -3]
401:36.06, 3:10 [4, 6184, -4]
fe: 1, se: 2

Day: 1, Time: 200
Total Cost: 187.44
 11:66.27, 11:75 [2, -5, -2]
501:2.00, 1:10 [5, 6150, -5]
502:119.17, 10:10 [5, 5391, 3615, 5879, -5]
fe: 1, se: 2

Day: 1, Time: 300
Total Cost: 647.13
 11:136.01, 39:75 [1, -3, -1]
301:60.37, 7:10 [3, 4340, 3874, -3]
302:58.82, 4:10 [3, 4496, -3]
303:73.26, 10:10 [3, 4403, 4167, 5383, -3]
304:111.44, 8:10 [3, 5363, 6141, 5493, 4333, -3]
305:207.22, 10:10 [3, 5983, 3372, 5497, 4974, 5210, -3]
fe: 1, se: 5

Day: 1, Time: 300
Total Cost: 593.09
 11:66.27, 14:75 [2, -5, -2]
 12:145.23, 10:75 [2, -6, -2]
501:170.17, 5:10 [5, 4305, 4786, -5]
502:92.19, 9:10 [5, 5335, 3548, 6019, -5]
601:119.23, 10:10 [6, 5658, 5969, 5322, 6021, -6]
fe: 2, se: 3

Day: 1, Time: 360
Total Cost: 1035.13
 11:136.01, 16:75 [1, 3, -3, -1]
 12:153.31, 10:75 [1, 4, -4, -1]
301:139.70, 10:10 [3, 103, 1537, 1859, -3]
302:136.64, 9:10 [3, 3840, 6231, 5157, -3]
303:119.20, 8:10 [3, 5544, 3572, 38, -3]
401:111.47, 4:10 [4, 70, 1520, 5851, -4]
402:87.19, 10:10 [4, 3961, 5729, 818, -4]
403:151.61, 3:10 [4, 3951, 82, -4]
fe: 2, se: 6

Day: 1, Time: 380
Total Cost: 371.59
 11:66.27, 13:75 [2, -5, -2]
501:159.57, 7:10 [5, 5031, 4821, -5]
502:145.75, 6:10 [5, 5787, 4075, 4599, -5]
fe: 1, se: 2

Day: 1, Time: 395
Total Cost: 569.78
 11:136.01, 8:75 [1, -3, -1]
 12:153.31, 6:75 [1, -4, -1]
301:151.91, 8:10 [3, 5838, 6050, 4161, -3]
401:128.54, 6:10 [4, 5856, 3671, -4]
fe: 2, se: 2

Day: 1, Time: 405
Total Cost: 776.04
 11:136.01, 18:75 [1, 3, -3, -1]
 12:153.31, 19:75 [1, 4, -4, -1]
301:111.87, 10:10 [3, 69, 5361, 87, 60, -3]
302:91.75, 8:10 [3, 51, 80, -3]
401:70.94, 2:10 [4, 11, -4]
402:84.51, 7:10 [4, 56, 37, -4]
403:63.07, 4:10 [4, 5417, 108, -4]
404:64.58, 7:10 [4, 20, 39, -4]
fe: 2, se: 6

Day: 1, Time: 405
Total Cost: 907.61
 11:66.27, 29:75 [2, 5, -5, -2]
 12:145.23, 21:75 [2, 6, -6, -2]
501:81.39, 8:10 [5, 49, 267, 2634, 4837, -5]
503:163.58, 7:10 [5, 4951, 112, 987, -5]
504:112.41, 7:10 [5, 1706, 1764, 4121, 10, -5]
506:98.09, 10:10 [5, 30, 32, 81, 1532, -5]
601:61.25, 8:10 [6, 46, 50, 98, 1007, -6]
602:110.20, 10:10 [6, 965, 535, 2935, -6]
603:69.18, 4:10 [6, 5114, 52, -6]
fe: 2, se: 7

Day: 1, Time: 420
Total Cost: 489.98
 11:136.01, 2:75 [1, -3, -1]
 12:153.31, 1:75 [1, -4, -1]
301:120.28, 1:10 [3, 3857, -3]
302:43.17, 1:10 [3, 3575, -3]
401:37.20, 1:10 [4, 3967, -4]
fe: 2, se: 3

Day: 1, Time: 450
Total Cost: 176.72
 11:153.31, 1:75 [1, 4, -1]
401:23.41, 1:10 [4, 1643, -4]
fe: 1, se: 1

Day: 1, Time: 460
Total Cost: 269.16
 11:66.27, 7:75 [2, 5, -2]
502:103.98, 4:10 [5, 18, 42, -5]
503:98.91, 3:10 [5, 104, 34, -5]
fe: 1, se: 2

Day: 1, Time: 495
Total Cost: 346.08
 11:66.27, 9:75 [2, 5, -2]
501:74.00, 4:10 [5, 41, -5]
502:94.87, 2:10 [5, 31, -5]
503:110.94, 3:10 [5, 113, -5]
fe: 1, se: 3


Day	Area	ID	Time	Load	Utilization	NoOrders	AssignmentCost
1	1	 8	315	 50	0.83	20	575.00
1	1	43	400	  7	0.06	 4	290.00
1	1	10	405	 12	0.20	 4	195.00
1	1	13	540	 48	0.67	17	444.00
1	1	15	630	 51	0.85	18	585.00
1	1	17	720	 48	1.00	17	666.00
1	1	18	765	 48	1.00	15	666.00
1	1	19	810	 48	1.00	29	666.00
1	2	26	270	 10	0.17	 3	175.00
1	2	51	300	  9	0.08	 5	330.00
1	2	27	315	 37	0.62	11	445.00
1	2	28	360	  1	0.02	 1	85.00
1	2	33	585	 33	0.55	 9	405.00
1	2	34	630	 60	1.00	20	675.00
1	2	37	765	 48	1.00	14	666.00
1	2	38	810	 48	1.00	31	666.00


Day	Area	Time	Pickup	Delivery	Direct	FEVehicles	SEVehicles	ALNSTime	ALNSBestTime	RoutingCostArea
1	1	0	64	73	0	5	30	114.14	95.41	3553.74
1	1	45	5	0	0	2	2	0.59	0.00	477.85
1	1	50	2	0	0	1	1	0.29	0.00	236.60
1	1	55	2	0	0	1	1	0.31	0.00	282.15
1	1	60	2	0	0	2	2	0.34	0.00	365.41
1	1	90	2	0	0	2	2	0.33	0.00	388.65
1	1	120	4	0	0	2	2	0.64	0.00	436.42
1	1	125	2	0	0	2	2	0.33	0.00	361.59
1	1	130	1	0	0	1	1	0.19	0.00	192.94
1	1	155	4	0	0	1	1	0.49	0.00	335.20
1	1	190	2	0	0	1	2	0.35	0.00	336.89
1	1	300	15	0	0	1	5	1.10	0.00	647.13
1	1	360	9	8	0	2	6	1.59	0.00	1035.13
1	1	395	5	0	0	2	2	0.53	0.00	569.78
1	1	405	2	11	0	2	6	1.05	0.00	776.04
1	1	420	3	0	0	2	3	0.42	0.00	489.98
1	1	450	0	1	0	1	1	0.19	0.00	176.72
1	2	0	54	77	0	5	23	69.66	54.49	2838.38
1	2	60	9	0	0	2	3	0.71	0.00	638.05
1	2	80	1	0	1	1	1	0.18	0.00	613.47
1	2	165	6	0	1	2	3	0.45	0.00	998.88
1	2	200	4	0	0	1	2	0.31	0.00	187.44
1	2	300	9	0	0	2	3	0.71	0.00	593.09
1	2	380	5	0	0	1	2	0.52	0.00	371.59
1	2	405	4	20	0	2	7	1.78	0.00	907.61
1	2	460	0	4	0	1	2	0.33	0.00	269.16
1	2	495	0	3	0	1	3	0.29	0.00	346.08

Day	SL	Own	DispatchTimes	AssignmentCost	RoutingCost	TotalCost
1	14	2	27	7534.00	18426.00	25960.00

Total Cost: 25960.00368571885
Cost per Day: 25960.00368571885
Running time in Seconds: 395.291
Running time in minutes: 6.588183333333333