INSTANCE: 3hubs_A_39_x.csv
PARAMETER: edp_standard.txt
POLICY: EARLIEST DEPARTURE
ALPHA: 0.0
BETA: 69
OMEGA: 586
EPSILON: 1.0

Day: 1, Time: 0
Total Cost: 6372.09
 11:136.01, 45:75 [1, 4, -4, -1]
 12:136.01, 58:75 [1, 4, -4, -1]
 13:136.01, 30:75 [1, 4, -4, -1]
 15:153.31, 73:75 [1, 5, -5, -1]
 16:153.31, 68:75 [1, 5, -5, -1]
 17:153.31, 59:75 [1, 5, -5, -1]
 18:136.01, 19:75 [1, 4, -4, -1]
 24:136.01, 8:75 [1, 4, -4, -1]
 25:153.31, 10:75 [1, 5, -1]
 32:153.31, 10:75 [1, 5, -5, -1]
401:126.15, 10:10 [4, 8955, 8913, 8755, 8773, -4]
402:123.21, 9:10 [4, 8874, 8989, 8933, 8812, 8822, -4]
403:166.47, 1:10 [4, 8804, -4]
404:195.93, 9:10 [4, 8605, 8542, 8680, -4]
405:121.85, 9:10 [4, 8974, 8548, 8836, 8858, 8884, -4]
406:66.01, 8:10 [4, 8811, 8449, 8744, -4]
407:17.20, 3:10 [4, 8628, -4]
408:31.05, 4:10 [4, 8743, -4]
409:137.28, 9:10 [4, 8574, 8835, 8687, 8463, 8887, 8893, -4]
410:31.77, 8:10 [4, 8752, 8677, -4]
411:135.35, 10:10 [4, 8586, 8447, 8657, 8598, 8482, -4]
412:79.26, 10:10 [4, 8432, 8780, 8792, 8566, 8624, 8731, 8961, -4]
413:21.54, 3:10 [4, 8861, -4]
414:70.20, 10:10 [4, 8515, 8575, 8503, 8429, 8681, -4]
416:68.63, 9:10 [4, 8866, 8882, 8488, -4]
417:94.56, 9:10 [4, 8671, 8485, 8659, -4]
418:77.05, 10:10 [4, 8698, 8648, 8604, 8906, -4]
419:103.42, 10:10 [4, 8980, 8632, 8738, 8808, 8776, 8544, 8491, 8796, -4]
420:89.13, 10:10 [4, 8615, 8551, 8546, 8496, -4]
421:127.08, 10:10 [4, 8717, 8905, 8751, 8916, -4]
422:128.60, 10:10 [4, 8934, 8931, 8827, 8896, -4]
427:88.27, 9:10 [4, 8901, 8794, 8799, 8572, 8673, 8713, -4]
428:124.92, 10:10 [4, 8765, 8588, 9031, 8857, 8785, -4]
429:108.42, 9:10 [4, 8634, 8998, 8667, 8466, -4]
501:84.41, 10:10 [5, 9027, 8880, 8975, 9025, 8801, -5]
502:151.81, 8:10 [5, 8958, 8710, 9014, -5]
503:84.35, 10:10 [5, 8864, 8830, 8815, -5]
504:113.97, 8:10 [5, 8631, 8469, 8473, 8820, -5]
505:25.61, 4:10 [5, 8707, -5]
506:101.29, 10:10 [5, 8999, 9007, 8919, 8806, -5]
507:156.66, 10:10 [5, 8992, 8917, 8881, 8947, 8590, 8740, 8737, -5]
508:149.94, 10:10 [5, 8960, 8817, 9006, 8425, 9000, -5]
509:92.91, 10:10 [5, 8688, 8757, 8531, 9015, 8608, 8498, 8873, -5]
510:79.46, 10:10 [5, 8867, 9013, 9017, -5]
511:152.58, 9:10 [5, 8444, 8739, 8828, 8649, 8826, 8445, -5]
512:78.87, 10:10 [5, 8684, 8643, 8580, -5]
513:63.07, 10:10 [5, 8442, 8660, 8599, 8563, -5]
515:78.80, 10:10 [5, 8941, 9009, 8854, 8760, -5]
516:76.39, 9:10 [5, 9002, 8838, 8876, 8898, -5]
517:50.40, 10:10 [5, 8875, 8849, 8500, -5]
518:53.40, 7:10 [5, 8555, 8464, -5]
519:152.34, 10:10 [5, 8694, 8625, 8871, 8535, 9020, 8646, 8683, -5]
520:118.98, 10:10 [5, 8550, 8547, 8521, -5]
521:113.16, 9:10 [5, 8492, 8560, 8484, 8603, -5]
522:92.80, 10:10 [5, 8948, 8692, 8927, 8920, 8813, -5]
523:81.37, 10:10 [5, 8558, 8669, 8501, 8571, 8852, -5]
524:158.52, 1:10 [5, 8790, -5]
525:72.81, 10:10 [5, 8954, 8911, 8722, 8487, 8833, -5]
526:119.76, 10:10 [5, 8553, 8573, 8585, 8843, -5]
530:88.43, 10:10 [5, 8889, 8978, 9034, 8829, 8656, -5]
fe: 10, se: 50

Day: 1, Time: 0
Total Cost: 5347.87
 11:66.27, 75:75 [2, 6, -6, -2]
 12:66.27, 37:75 [2, 6, -6, -2]
 13:66.27, 67:75 [2, 6, -6, -2]
 14:66.27, 66:75 [2, 6, -6, -2]
 16:66.27, 20:75 [2, 6, -6, -2]
 17:145.23, 75:75 [2, 7, -7, -2]
 20:145.23, 41:75 [2, 7, -7, -2]
 21:66.27, 10:75 [2, 6, -2]
 24:145.23, 9:75 [2, 7, -7, -2]
 26:66.27, 10:75 [2, 6, -2]
 34:66.27, 10:75 [2, -6, -2]
601:107.55, 9:10 [6, 8753, 8629, 8561, 8438, -6]
602:174.97, 10:10 [6, 8910, 8642, 8825, 8441, 8946, 8831, 8552, 8902, -6]
603:15.88, 5:10 [6, 8665, 8530, -6]
604:51.98, 10:10 [6, 8711, 8807, 8810, -6]
605:94.12, 10:10 [6, 8426, 8925, 8756, 9004, -6]
606:113.67, 10:10 [6, 8846, 8704, 8727, 8769, 9010, -6]
607:92.40, 10:10 [6, 8956, 8772, 8870, 8945, -6]
608:116.87, 10:10 [6, 8582, 8606, 8639, 8565, 9003, 8878, -6]
609:156.35, 10:10 [6, 8720, 8538, 8856, 8926, 8972, -6]
610:68.37, 10:10 [6, 8922, 8935, 8984, -6]
611:96.52, 10:10 [6, 8745, 8987, 8451, 8842, -6]
612:59.05, 10:10 [6, 8609, 9022, 8907, 8709, 8577, -6]
613:55.45, 10:10 [6, 8455, 8675, 8519, -6]
614:86.55, 9:10 [6, 8937, 8468, 8467, 8976, 8872, -6]
615:95.87, 10:10 [6, 8798, 8446, 8589, 8938, 8774, 8637, -6]
616:69.25, 10:10 [6, 9024, 8816, 9023, 8802, 8494, -6]
617:114.17, 10:10 [6, 8791, 8863, 8706, 8638, 9008, -6]
618:72.91, 10:10 [6, 8797, 8850, 8965, -6]
619:102.06, 10:10 [6, 9026, 8716, 8554, -6]
620:29.77, 8:10 [6, 8973, 8602, -6]
621:126.89, 9:10 [6, 8424, 8885, 8431, 8470, 8420, -6]
622:125.73, 9:10 [6, 8436, 8529, 8670, 8454, -6]
623:72.83, 9:10 [6, 8497, 8676, 8502, 8559, 8943, -6]
625:42.02, 8:10 [6, 8904, 8504, 8568, -6]
628:99.63, 9:10 [6, 8541, 8596, 8450, 9028, -6]
629:76.98, 10:10 [6, 8903, 8891, 8918, 8761, 8805, -6]
630:168.24, 10:10 [6, 8597, 8759, 8626, 8511, 8475, 8465, 8800, 8636, -6]
631:116.72, 10:10 [6, 8921, 8890, 8824, 8758, 8622, 8583, -6]
632:153.35, 10:10 [6, 8627, 8505, 8421, 8435, 8516, 8770, 8481, -6]
633:51.65, 10:10 [6, 8894, 8666, 8510, -6]
634:98.91, 10:10 [6, 9019, 8534, 8651, 8621, 8795, -6]
640:77.45, 10:10 [6, 8749, 8763, 8778, 9033, 8793, -6]
641:101.40, 10:10 [6, 8821, 8988, 8734, 8994, 8708, -6]
643:56.00, 10:10 [6, 8784, 8832, 8997, 8787, -6]
649:74.79, 8:10 [6, 8457, 8490, 8635, -6]
701:48.14, 8:10 [7, 8506, 8640, 8564, -7]
702:130.51, 10:10 [7, 8533, 8695, 8520, 8644, 8860, 8477, -7]
703:60.31, 8:10 [7, 9032, 8928, 8809, -7]
704:43.29, 8:10 [7, 8443, 8591, 8570, -7]
705:28.79, 3:10 [7, 8641, 8959, -7]
706:82.52, 10:10 [7, 8543, 8736, 8855, 8953, 9029, -7]
707:24.36, 8:10 [7, 9005, 8723, -7]
708:76.62, 10:10 [7, 8458, 8525, 8593, -7]
709:92.23, 10:10 [7, 8699, 8971, 8653, 8439, 8672, -7]
710:105.00, 10:10 [7, 8730, 8969, 8991, 8460, -7]
711:69.11, 10:10 [7, 8782, 8478, 8509, 8456, 8517, 8539, 8448, -7]
712:31.25, 7:10 [7, 8862, 8886, 8764, -7]
713:83.78, 9:10 [7, 8771, 8453, 8686, 8781, 8701, 8877, -7]
714:15.52, 8:10 [7, 8691, 8507, -7]
715:55.01, 9:10 [7, 8970, 8747, 8594, -7]
716:22.36, 3:10 [7, 8775, -7]
717:86.55, 10:10 [7, 9021, 8522, 8985, 8472, 8480, -7]
718:85.07, 10:10 [7, 8489, 8540, 8601, 8620, -7]
719:25.23, 5:10 [7, 8428, 8423, -7]
fe: 11, se: 54

Day: 1, Time: 0
Total Cost: 4413.74
 11:94.59, 59:75 [3, 8, -8, -3]
 12:94.59, 73:75 [3, 8, -8, -3]
 13:90.24, 66:75 [3, 9, -9, -3]
 14:90.24, 65:75 [3, 9, -9, -3]
 15:90.24, 48:75 [3, 9, -9, -3]
 16:90.24, 11:75 [3, 9, -9, -3]
801:56.77, 8:10 [8, 8897, 8853, 8725, -8]
802:115.66, 10:10 [8, 8658, 8562, 8779, 8613, 8696, -8]
803:123.91, 10:10 [8, 8518, 8623, 8479, 8990, 8924, 8742, 8462, -8]
804:144.90, 10:10 [8, 8661, 8995, 8859, 9018, 8962, -8]
805:114.88, 10:10 [8, 8693, 8847, 8964, 8724, 8786, 8936, 8909, -8]
806:75.62, 10:10 [8, 8966, 8630, 8476, 8633, 8951, 8939, 8619, -8]
807:89.22, 10:10 [8, 8908, 8944, 8702, -8]
808:53.15, 7:10 [8, 8841, 8587, 8952, -8]
809:113.72, 10:10 [8, 8721, 8783, 8714, 8840, -8]
810:22.09, 4:10 [8, 8524, -8]
811:46.30, 8:10 [8, 8923, 8690, -8]
812:123.39, 9:10 [8, 8986, 8647, 8750, 8803, 8912, -8]
813:78.56, 9:10 [8, 8932, 8536, 8993, 8700, -8]
814:124.19, 10:10 [8, 8662, 8705, 8452, 8433, 8689, -8]
815:98.66, 9:10 [8, 8679, 8768, 8528, 8616, -8]
817:130.57, 9:10 [8, 8483, 8777, 9016, 8440, 8567, 8767, 8895, -8]
821:58.16, 10:10 [8, 8614, 8868, 8883, 8703, -8]
901:45.32, 8:10 [9, 8839, 8682, -9]
902:86.40, 8:10 [9, 8592, 8674, 8957, -9]
903:105.91, 10:10 [9, 8834, 8527, 8607, 8434, 8578, -9]
904:141.47, 10:10 [9, 8581, 8664, 8493, 8685, 8526, -9]
905:27.29, 10:10 [9, 8612, 8474, 8697, -9]
906:67.80, 10:10 [9, 8967, 8914, 8422, 8545, -9]
907:117.84, 10:10 [9, 8600, 8579, 8645, 8486, -9]
908:134.92, 10:10 [9, 8471, 9001, 8537, 8459, 8617, 8726, -9]
909:125.54, 10:10 [9, 8732, 8915, 9012, 8869, 8982, -9]
910:147.27, 9:10 [9, 8499, 8892, 8844, 8968, 8788, 8818, 8611, 8879, -9]
911:57.49, 9:10 [9, 8950, 8789, 8899, -9]
912:95.12, 9:10 [9, 8556, 8532, 8668, -9]
913:71.97, 9:10 [9, 8837, 8729, 8735, -9]
914:54.31, 10:10 [9, 9030, 8430, 8819, 8655, 8865, -9]
915:81.13, 10:10 [9, 8514, 8762, 8663, 8746, 8719, 8715, 8851, -9]
916:109.34, 9:10 [9, 8618, 8712, 8576, 8766, 8940, -9]
917:109.53, 10:10 [9, 8437, 8595, 8981, 8427, -9]
918:68.25, 9:10 [9, 9011, 8888, 8718, -9]
920:118.13, 10:10 [9, 8523, 8549, 8513, 8652, 8569, -9]
921:87.02, 8:10 [9, 8996, 8977, 8942, -9]
922:93.62, 10:10 [9, 8748, 8728, 8845, 8512, 8814, -9]
924:44.40, 10:10 [9, 8461, 8557, 8650, -9]
926:125.56, 10:10 [9, 8930, 8983, 8654, 8495, 8823, 8979, 8848, 8929, -9]
927:106.79, 10:10 [9, 8741, 8733, 8949, 8754, 8963, -9]
929:71.41, 9:10 [9, 8584, 8900, 8508, 8610, 8678, -9]
fe: 6, se: 42

Day: 1, Time: 5
Total Cost: 424.52
 11:94.59, 5:75 [3, -8, -3]
 12:90.24, 3:75 [3, -9, -3]
801:58.82, 2:10 [8, 10531, -8]
802:91.21, 3:10 [8, 16057, -8]
901:89.64, 3:10 [9, 9910, -9]
fe: 2, se: 3

Day: 1, Time: 10
Total Cost: 117.69
 11:66.27, 3:75 [2, -6, -2]
601:51.42, 3:10 [6, 11062, -6]
fe: 1, se: 1

Day: 1, Time: 15
Total Cost: 255.63
 11:136.01, 2:75 [1, -4, -1]
401:119.62, 2:10 [4, 16814, -4]
fe: 1, se: 1

Day: 1, Time: 15
Total Cost: 218.32
 11:66.27, 1:75 [2, -6, -2]
601:152.05, 1:10 [6, 16244, -6]
fe: 1, se: 1

Day: 1, Time: 15
Total Cost: 380.39
 11:94.59, 3:75 [3, -8, -3]
 12:90.24, 3:75 [3, -9, -3]
801:70.68, 3:10 [8, 12623, -8]
901:124.87, 3:10 [9, 13641, -9]
fe: 2, se: 2

Day: 1, Time: 20
Total Cost: 181.27
 11:136.01, 2:75 [1, -4, -1]
401:45.25, 2:10 [4, 11731, -4]
fe: 1, se: 1

Day: 1, Time: 20
Total Cost: 204.50
 11:66.27, 3:75 [2, -6, -2]
601:138.23, 3:10 [6, 12143, -6]
fe: 1, se: 1

Day: 1, Time: 20
Total Cost: 154.74
 11:90.24, 2:75 [3, -9, -3]
901:64.50, 2:10 [9, 14666, -9]
fe: 1, se: 1

Day: 1, Time: 25
Total Cost: 194.87
 11:136.01, 1:75 [1, -4, -1]
401:58.86, 1:10 [4, 14321, -4]
fe: 1, se: 1

Day: 1, Time: 25
Total Cost: 169.31
 11:145.23, 3:75 [2, -7, -2]
701:24.08, 3:10 [7, 15540, -7]
fe: 1, se: 1

Day: 1, Time: 35
Total Cost: 378.80
 11:136.01, 3:75 [1, -4, -1]
 12:136.01, 3:75 [1, -4, -1]
401:40.20, 3:10 [4, 9209, -4]
402:66.57, 3:10 [4, 10072, -4]
fe: 2, se: 2

Day: 1, Time: 40
Total Cost: 212.77
 11:153.31, 2:75 [1, -5, -1]
501:59.46, 2:10 [5, 14221, -5]
fe: 1, se: 1

Day: 1, Time: 40
Total Cost: 481.81
 11:66.27, 3:75 [2, -6, -2]
 12:66.27, 4:75 [2, -6, -2]
 13:66.27, 1:75 [2, -6, -2]
601:128.14, 3:10 [6, 14274, -6]
602:82.61, 4:10 [6, 15285, -6]
603:72.25, 1:10 [6, 15612, -6]
fe: 3, se: 3

Day: 1, Time: 40
Total Cost: 321.51
 11:90.24, 4:75 [3, -9, -3]
 12:90.24, 3:75 [3, -9, -3]
901:94.85, 4:10 [9, 14919, -9]
902:46.17, 3:10 [9, 10849, -9]
fe: 2, se: 2

Day: 1, Time: 45
Total Cost: 275.73
 11:136.01, 2:75 [1, -4, -1]
401:139.71, 2:10 [4, 9497, -4]
fe: 1, se: 1

Day: 1, Time: 45
Total Cost: 88.36
 11:66.27, 3:75 [2, -6, -2]
601:22.09, 3:10 [6, 14921, -6]
fe: 1, se: 1

Day: 1, Time: 50
Total Cost: 234.89
 11:153.31, 4:75 [1, -5, -1]
501:81.58, 4:10 [5, 14640, -5]
fe: 1, se: 1

Day: 1, Time: 50
Total Cost: 186.69
 11:66.27, 2:75 [2, -6, -2]
601:120.42, 2:10 [6, 16466, -6]
fe: 1, se: 1

Day: 1, Time: 55
Total Cost: 108.70
 11:66.27, 3:75 [2, -6, -2]
601:42.43, 3:10 [6, 14242, -6]
fe: 1, se: 1

Day: 1, Time: 55
Total Cost: 193.00
 11:94.59, 1:75 [3, -8, -3]
801:98.41, 1:10 [8, 13961, -8]
fe: 1, se: 1

Day: 1, Time: 60
Total Cost: 356.77
 11:136.01, 4:75 [1, -4, -1]
 12:153.31, 3:75 [1, -5, -1]
401:35.38, 4:10 [4, 10433, -4]
501:32.06, 3:10 [5, 13056, -5]
fe: 2, se: 2

Day: 1, Time: 60
Total Cost: 230.76
 11:66.27, 6:75 [2, -6, -2]
601:90.71, 3:10 [6, 11048, -6]
602:73.78, 3:10 [6, 9960, -6]
fe: 1, se: 2

Day: 1, Time: 60
Total Cost: 352.87
 11:94.59, 3:75 [3, -8, -3]
 12:90.24, 2:75 [3, -9, -3]
801:106.68, 3:10 [8, 14005, -8]
901:61.35, 2:10 [9, 12181, -9]
fe: 2, se: 2

Day: 1, Time: 70
Total Cost: 727.35
 11:136.01, 4:75 [1, -4, -1]
 12:136.01, 5:75 [1, -4, -1]
 13:153.31, 4:75 [1, -5, -1]
401:157.71, 4:10 [4, 15817, 14926, -4]
402:46.00, 1:10 [4, 15658, -4]
403:51.61, 4:10 [4, 9741, -4]
501:46.69, 4:10 [5, 14922, -5]
fe: 3, se: 4

Day: 1, Time: 70
Total Cost: 631.83
 11:66.27, 1:75 [2, -6, -2]
 12:66.27, 1:75 [2, -6, -2]
 13:145.23, 2:75 [2, -7, -2]
 14:145.23, 4:75 [2, -7, -2]
601:39.85, 1:10 [6, 16871, -6]
602:67.68, 1:10 [6, 13562, -6]
701:63.25, 2:10 [7, 16576, -7]
702:38.05, 4:10 [7, 16348, -7]
fe: 4, se: 4

Day: 1, Time: 80
Total Cost: 798.44
 11:136.01, 4:75 [1, -4, -1]
 12:136.01, 3:75 [1, -4, -1]
 13:136.01, 2:75 [1, -4, -1]
401:32.98, 4:10 [4, 15810, -4]
402:52.50, 3:10 [4, 16777, -4]
403:145.89, 1:10 [4, 12427, -4]
404:159.02, 1:10 [4, 16450, -4]
fe: 3, se: 4

Day: 1, Time: 85
Total Cost: 257.06
 11:94.59, 6:75 [3, -8, -3]
801:66.75, 2:10 [8, 9743, -8]
802:95.71, 4:10 [8, 14387, -8]
fe: 1, se: 2

Day: 1, Time: 90
Total Cost: 471.64
 11:136.01, 3:75 [1, -4, -1]
 12:153.31, 3:75 [1, -5, -1]
401:65.12, 3:10 [4, 9579, -4]
501:117.20, 3:10 [5, 11100, -5]
fe: 2, se: 2

Day: 1, Time: 90
Total Cost: 315.43
 11:66.27, 4:75 [2, -6, -2]
 12:66.27, 3:75 [2, -6, -2]
601:77.67, 4:10 [6, 16290, -6]
602:105.22, 3:10 [6, 14214, -6]
fe: 2, se: 2

Day: 1, Time: 95
Total Cost: 456.78
 11:94.59, 4:75 [3, -8, -3]
 12:90.24, 4:75 [3, -9, -3]
 13:90.24, 3:75 [3, -9, -3]
801:84.38, 4:10 [8, 11967, -8]
901:83.91, 4:10 [9, 9745, 9629, -9]
902:13.42, 3:10 [9, 16965, -9]
fe: 3, se: 3

Day: 1, Time: 100
Total Cost: 106.32
 11:66.27, 2:75 [2, -6, -2]
601:40.05, 2:10 [6, 14430, -6]
fe: 1, se: 1

Day: 1, Time: 100
Total Cost: 135.39
 11:94.59, 1:75 [3, -8, -3]
801:40.79, 1:10 [8, 16421, -8]
fe: 1, se: 1

Day: 1, Time: 105
Total Cost: 200.05
 11:136.01, 1:75 [1, -4, -1]
401:64.03, 1:10 [4, 12123, -4]
fe: 1, se: 1

Day: 1, Time: 105
Total Cost: 311.75
 11:90.24, 3:75 [3, -9, -3]
 12:90.24, 4:75 [3, -9, -3]
901:67.23, 3:10 [9, 10629, -9]
902:64.03, 4:10 [9, 13456, -9]
fe: 2, se: 2

Day: 1, Time: 110
Total Cost: 115.95
 11:66.27, 2:75 [2, -6, -2]
601:49.68, 2:10 [6, 12453, -6]
fe: 1, se: 1

Day: 1, Time: 110
Total Cost: 174.22
 11:94.59, 4:75 [3, -8, -3]
801:79.62, 4:10 [8, 10633, -8]
fe: 1, se: 1

Day: 1, Time: 115
Total Cost: 375.17
 11:94.59, 3:75 [3, -8, -3]
 12:90.24, 1:75 [3, -9, -3]
801:77.41, 3:10 [8, 9662, 9890, -8]
901:112.92, 1:10 [9, 12536, -9]
fe: 2, se: 2

Day: 1, Time: 120
Total Cost: 500.21
 11:136.01, 2:75 [1, -4, -1]
 12:136.01, 1:75 [1, -4, -1]
401:79.62, 2:10 [4, 12232, -4]
402:148.55, 1:10 [4, 15826, -4]
fe: 2, se: 2

Day: 1, Time: 120
Total Cost: 130.49
 11:90.24, 4:75 [3, -9, -3]
901:40.25, 4:10 [9, 16594, -9]
fe: 1, se: 1

Day: 1, Time: 125
Total Cost: 193.01
 11:153.31, 2:75 [1, -5, -1]
501:39.70, 2:10 [5, 10110, -5]
fe: 1, se: 1

Day: 1, Time: 125
Total Cost: 521.78
 11:66.27, 3:75 [2, -6, -2]
 12:66.27, 4:75 [2, -6, -2]
 13:66.27, 4:75 [2, -6, -2]
601:67.91, 1:10 [6, 16079, -6]
602:37.58, 3:10 [6, 13464, -6]
603:64.40, 2:10 [6, 13409, -6]
604:90.55, 4:10 [6, 14861, -6]
605:62.51, 1:10 [6, 13644, -6]
fe: 3, se: 5

Day: 1, Time: 125
Total Cost: 381.00
 11:94.59, 3:75 [3, -8, -3]
 12:90.24, 4:75 [3, -9, -3]
801:98.41, 3:10 [8, 12393, -8]
901:97.75, 4:10 [9, 14311, -9]
fe: 2, se: 2

Day: 1, Time: 130
Total Cost: 190.93
 11:136.01, 4:75 [1, -4, -1]
401:54.92, 4:10 [4, 9316, -4]
fe: 1, se: 1

Day: 1, Time: 130
Total Cost: 375.18
 11:94.59, 1:75 [3, -8, -3]
 12:90.24, 3:75 [3, -9, -3]
801:104.35, 1:10 [8, 10845, -8]
901:86.00, 3:10 [9, 16826, -9]
fe: 2, se: 2

Day: 1, Time: 135
Total Cost: 136.78
 11:94.59, 4:75 [3, -8, -3]
801:42.19, 4:10 [8, 15798, -8]
fe: 1, se: 1

Day: 1, Time: 140
Total Cost: 259.12
 11:136.01, 4:75 [1, -4, -1]
401:123.11, 4:10 [4, 14672, -4]
fe: 1, se: 1

Day: 1, Time: 140
Total Cost: 409.76
 11:66.27, 1:75 [2, -6, -2]
 12:66.27, 2:75 [2, -6, -2]
 13:66.27, 3:75 [2, -6, -2]
601:60.00, 1:10 [6, 14152, -6]
602:92.80, 2:10 [6, 17105, -6]
603:58.14, 3:10 [6, 12944, -6]
fe: 3, se: 3

Day: 1, Time: 145
Total Cost: 234.10
 11:136.01, 4:75 [1, -4, -1]
401:98.08, 4:10 [4, 11243, -4]
fe: 1, se: 1

Day: 1, Time: 145
Total Cost: 160.59
 11:90.24, 4:75 [3, -9, -3]
901:70.34, 4:10 [9, 13154, -9]
fe: 1, se: 1

Day: 1, Time: 150
Total Cost: 197.49
 11:153.31, 2:75 [1, -5, -1]
501:44.18, 2:10 [5, 11453, -5]
fe: 1, se: 1

Day: 1, Time: 150
Total Cost: 168.62
 11:94.59, 2:75 [3, -8, -3]
801:74.03, 2:10 [8, 9516, -8]
fe: 1, se: 1

Day: 1, Time: 160
Total Cost: 498.52
 11:66.27, 4:75 [2, -6, -2]
 12:66.27, 4:75 [2, -6, -2]
 13:66.27, 1:75 [2, -6, -2]
601:140.01, 4:10 [6, 12348, -6]
602:97.59, 4:10 [6, 15420, -6]
603:62.10, 1:10 [6, 11918, -6]
fe: 3, se: 3

Day: 1, Time: 160
Total Cost: 117.40
 11:94.59, 4:75 [3, -8, -3]
801:22.80, 4:10 [8, 16084, -8]
fe: 1, se: 1

Day: 1, Time: 165
Total Cost: 635.45
 11:136.01, 4:75 [1, -4, -1]
 12:153.31, 3:75 [1, -5, -1]
 13:153.31, 1:75 [1, -5, -1]
401:87.20, 4:10 [4, 12722, -4]
501:47.20, 3:10 [5, 16416, -5]
502:58.41, 1:10 [5, 11157, -5]
fe: 3, se: 3

Day: 1, Time: 175
Total Cost: 244.00
 11:153.31, 2:75 [1, -5, -1]
501:90.69, 2:10 [5, 16677, -5]
fe: 1, se: 1

Day: 1, Time: 180
Total Cost: 166.48
 11:136.01, 1:75 [1, -4, -1]
401:30.46, 1:10 [4, 11669, -4]
fe: 1, se: 1

Day: 1, Time: 180
Total Cost: 123.23
 11:94.59, 3:75 [3, -8, -3]
801:28.64, 3:10 [8, 12645, -8]
fe: 1, se: 1

Day: 1, Time: 190
Total Cost: 893.72
 11:136.01, 3:75 [1, -4, -1]
 12:136.01, 4:75 [1, -4, -1]
 13:153.31, 4:75 [1, -5, -1]
 14:153.31, 2:75 [1, -5, -1]
401:84.12, 3:10 [4, 12731, -4]
402:65.39, 1:10 [4, 13522, -4]
403:44.05, 3:10 [4, 13245, -4]
501:82.22, 4:10 [5, 13950, -5]
502:39.29, 2:10 [5, 13295, -5]
fe: 4, se: 5

Day: 1, Time: 195
Total Cost: 365.50
 11:94.59, 7:75 [3, -8, -3]
 13:90.24, 4:75 [3, -9, -3]
801:54.33, 4:10 [8, 10636, -8]
802:43.86, 3:10 [8, 14009, -8]
902:82.46, 4:10 [9, 13137, -9]
fe: 2, se: 3

Day: 1, Time: 200
Total Cost: 326.28
 11:136.01, 3:75 [1, -4, -1]
 12:136.01, 3:75 [1, -4, -1]
401:40.25, 3:10 [4, 16926, -4]
402:14.00, 3:10 [4, 12501, -4]
fe: 2, se: 2

Day: 1, Time: 200
Total Cost: 588.24
 11:66.27, 10:75 [2, -6, -2]
 12:66.27, 5:75 [2, -6, -2]
601:111.61, 4:10 [6, 15775, -6]
602:95.41, 2:10 [6, 15525, -6]
603:80.72, 4:10 [6, 15858, -6]
604:87.73, 1:10 [6, 11578, -6]
605:80.22, 4:10 [6, 17067, -6]
fe: 2, se: 5

Day: 1, Time: 205
Total Cost: 146.79
 11:136.01, 4:75 [1, -4, -1]
401:10.77, 4:10 [4, 14060, -4]
fe: 1, se: 1

Day: 1, Time: 205
Total Cost: 137.66
 11:90.24, 3:75 [3, -9, -3]
901:47.41, 3:10 [9, 15734, -9]
fe: 1, se: 1

Day: 1, Time: 215
Total Cost: 559.81
 11:66.27, 1:75 [2, -6, -2]
 12:66.27, 1:75 [2, -6, -2]
 13:145.23, 2:75 [2, -7, -2]
601:119.33, 1:10 [6, 14086, -6]
602:100.58, 1:10 [6, 12656, -6]
701:62.13, 2:10 [7, 14467, -7]
fe: 3, se: 3

Day: 1, Time: 225
Total Cost: 636.57
 11:153.31, 2:75 [1, -5, -1]
 12:136.01, 4:75 [1, -4, -1]
 13:136.01, 4:75 [1, -4, -1]
401:30.59, 4:10 [4, 15806, -4]
402:137.88, 4:10 [4, 14425, -4]
501:42.76, 2:10 [5, 12091, -5]
fe: 3, se: 3

Day: 1, Time: 230
Total Cost: 326.09
 11:66.27, 6:75 [2, -6, -2]
 12:66.27, 2:75 [2, -6, -2]
601:82.29, 3:10 [6, 12371, -6]
602:57.58, 3:10 [6, 15623, -6]
603:53.67, 2:10 [6, 14141, -6]
fe: 2, se: 3

Day: 1, Time: 230
Total Cost: 681.92
 11:94.59, 12:75 [3, -8, -3]
 12:90.24, 3:75 [3, -9, -3]
801:86.83, 2:10 [8, 17050, -8]
802:52.00, 4:10 [8, 10663, -8]
803:73.76, 4:10 [8, 13854, -8]
804:84.90, 2:10 [8, 13012, -8]
901:105.85, 1:10 [9, 15369, -9]
902:93.74, 2:10 [9, 10684, -9]
fe: 2, se: 6

Day: 1, Time: 235
Total Cost: 203.90
 11:136.01, 4:75 [1, -4, -1]
401:67.88, 4:10 [4, 13204, -4]
fe: 1, se: 1

Day: 1, Time: 235
Total Cost: 332.52
 11:66.27, 4:75 [2, -6, -2]
 12:145.23, 1:75 [2, -7, -2]
601:96.60, 4:10 [6, 13994, -6]
701:24.41, 1:10 [7, 15109, -7]
fe: 2, se: 2

Day: 1, Time: 245
Total Cost: 471.18
 11:136.01, 4:75 [1, -4, -1]
 12:153.31, 2:75 [1, -5, -1]
401:70.94, 4:10 [4, 11846, -4]
501:110.92, 2:10 [5, 9823, -5]
fe: 2, se: 2

Day: 1, Time: 245
Total Cost: 249.31
 11:66.27, 3:75 [2, -6, -2]
 12:66.27, 1:75 [2, -6, -2]
601:44.05, 3:10 [6, 16644, -6]
602:72.72, 1:10 [6, 12003, -6]
fe: 2, se: 2

Day: 1, Time: 250
Total Cost: 437.31
 11:94.59, 2:75 [3, -8, -3]
 12:94.59, 2:75 [3, -8, -3]
 13:90.24, 2:75 [3, -9, -3]
801:101.21, 2:10 [8, 9795, -8]
802:12.81, 2:10 [8, 16028, -8]
901:43.86, 2:10 [9, 11658, -9]
fe: 3, se: 3

Day: 1, Time: 255
Total Cost: 449.30
 11:136.01, 1:75 [1, -4, -1]
 12:153.31, 3:75 [1, -5, -1]
401:110.45, 1:10 [4, 12540, -4]
501:49.52, 3:10 [5, 11855, -5]
fe: 2, se: 2

Day: 1, Time: 255
Total Cost: 180.29
 11:66.27, 3:75 [2, -6, -2]
601:114.02, 3:10 [6, 13102, -6]
fe: 1, se: 1

Day: 1, Time: 265
Total Cost: 186.29
 11:153.31, 3:75 [1, -5, -1]
501:32.98, 3:10 [5, 11647, -5]
fe: 1, se: 1

Day: 1, Time: 265
Total Cost: 148.73
 11:66.27, 4:75 [2, -6, -2]
601:82.46, 4:10 [6, 15008, -6]
fe: 1, se: 1

Day: 1, Time: 270
Total Cost: 344.11
 11:66.27, 3:75 [2, -6, -2]
 12:145.23, 3:75 [2, -7, -2]
601:87.66, 3:10 [6, 16752, -6]
701:44.94, 3:10 [7, 10281, -7]
fe: 2, se: 2

Day: 1, Time: 270
Total Cost: 545.09
 11:90.24, 7:75 [3, 9, -3]
 12:90.24, 2:75 [3, -9, -3]
901:177.46, 6:10 [9, 6850, 6449, -9]
902:106.15, 1:10 [9, 5631, -9]
903:80.99, 2:10 [9, 16828, -9]
fe: 2, se: 3

Day: 1, Time: 275
Total Cost: 618.10
 11:90.24, 1:75 [3, -9, -3]
 12:94.59, 2:75 [3, -8, -3]
 13:94.59, 3:75 [3, -8, -3]
 14:94.59, 2:75 [3, -8, -3]
801:10.77, 2:10 [8, 11698, -8]
802:89.89, 2:10 [8, 14119, -8]
803:24.08, 3:10 [8, 15521, -8]
901:119.33, 1:10 [9, 9217, -9]
fe: 4, se: 4

Day: 1, Time: 280
Total Cost: 408.48
 11:136.01, 1:75 [1, -4, -1]
 12:136.01, 4:75 [1, -4, -1]
401:102.22, 1:10 [4, 12363, -4]
402:34.23, 4:10 [4, 12128, -4]
fe: 2, se: 2

Day: 1, Time: 280
Total Cost: 122.73
 11:66.27, 1:75 [2, -6, -2]
601:56.46, 1:10 [6, 12789, -6]
fe: 1, se: 1

Day: 1, Time: 285
Total Cost: 168.93
 11:153.31, 1:75 [1, -5, -1]
501:15.62, 1:10 [5, 13724, -5]
fe: 1, se: 1

Day: 1, Time: 285
Total Cost: 289.08
 11:66.27, 2:75 [2, -6, -2]
 12:66.27, 4:75 [2, -6, -2]
601:110.89, 2:10 [6, 14258, -6]
602:45.65, 4:10 [6, 16737, -6]
fe: 2, se: 2

Day: 1, Time: 290
Total Cost: 379.09
 11:94.59, 3:75 [3, -8, -3]
 13:90.24, 5:75 [3, 9, -9, -3]
801:17.09, 3:10 [8, 9752, -8]
901:78.41, 2:10 [9, 14946, -9]
902:98.76, 3:10 [9, 6231, 10236, -9]
fe: 2, se: 3

Day: 1, Time: 295
Total Cost: 549.49
 11:136.01, 8:75 [1, 4, -1]
 12:153.31, 8:75 [1, -5, -1]
401:154.89, 8:10 [4, 1841, 5552, 7367, -4]
501:105.28, 8:10 [5, 12204, 15490, -5]
fe: 2, se: 2

Day: 1, Time: 295
Total Cost: 510.55
 11:66.27, 10:75 [2, 6, -6, -2]
 12:66.27, 2:75 [2, -6, -2]
601:54.94, 2:10 [6, 13912, 13328, -6]
602:207.75, 8:10 [6, 3041, 3933, 1220, -6]
603:115.32, 4:10 [6, 5976, 11897, -6]
fe: 2, se: 3

Day: 1, Time: 300
Total Cost: 210.23
 11:136.01, 3:75 [1, -4, -1]
401:74.22, 3:10 [4, 13118, -4]
fe: 1, se: 1

Day: 1, Time: 300
Total Cost: 180.69
 11:94.59, 1:75 [3, -8, -3]
801:86.09, 1:10 [8, 15256, -8]
fe: 1, se: 1

Day: 1, Time: 310
Total Cost: 251.76
 11:136.01, 3:75 [1, -4, -1]
401:115.74, 3:10 [4, 12562, -4]
fe: 1, se: 1

Day: 1, Time: 310
Total Cost: 283.29
 12:90.24, 7:75 [3, -9, -3]
902:92.63, 6:10 [9, 9319, 13881, -9]
903:100.42, 1:10 [9, 14201, -9]
fe: 1, se: 2

Day: 1, Time: 315
Total Cost: 663.56
 11:153.31, 17:75 [1, 5, -1]
 12:136.01, 4:75 [1, -4, -1]
402:39.45, 4:10 [4, 9800, -4]
501:219.25, 8:10 [5, 343, 88, 6229, -5]
502:115.53, 9:10 [5, 4951, 103, 1270, -5]
fe: 2, se: 3

Day: 1, Time: 315
Total Cost: 408.02
 11:66.27, 4:75 [2, -6, -2]
 12:66.27, 2:75 [2, -6, -2]
601:130.60, 3:10 [6, 11454, -6]
602:109.49, 1:10 [6, 14118, -6]
603:35.38, 2:10 [6, 16065, -6]
fe: 2, se: 3

Day: 1, Time: 325
Total Cost: 243.88
 11:136.01, 3:75 [1, -4, -1]
401:107.87, 3:10 [4, 10366, -4]
fe: 1, se: 1

Day: 1, Time: 325
Total Cost: 105.67
 11:66.27, 2:75 [2, -6, -2]
601:39.40, 2:10 [6, 12290, -6]
fe: 1, se: 1

Day: 1, Time: 330
Total Cost: 244.25
 11:66.27, 8:75 [2, -6, -2]
601:77.79, 4:10 [6, 13853, -6]
602:100.18, 4:10 [6, 14196, -6]
fe: 1, se: 2

Day: 1, Time: 335
Total Cost: 233.77
 11:136.01, 2:75 [1, -4, -1]
401:97.75, 2:10 [4, 13087, -4]
fe: 1, se: 1

Day: 1, Time: 340
Total Cost: 220.70
 11:145.23, 3:75 [2, -7, -2]
701:75.47, 3:10 [7, 13670, -7]
fe: 1, se: 1

Day: 1, Time: 340
Total Cost: 544.41
 11:94.59, 7:75 [3, 8, -8, -3]
 12:94.59, 3:75 [3, -8, -3]
801:55.00, 4:10 [8, 9979, 59, -8]
802:113.60, 2:10 [8, 12503, -8]
803:186.62, 6:10 [8, 73, 2358, 6294, -8]
fe: 2, se: 3

Day: 1, Time: 345
Total Cost: 254.84
 11:136.01, 4:75 [1, -4, -1]
401:118.83, 4:10 [4, 16456, -4]
fe: 1, se: 1

Day: 1, Time: 345
Total Cost: 197.76
 11:90.24, 4:75 [3, -9, -3]
901:107.52, 4:10 [9, 13086, -9]
fe: 1, se: 1

Day: 1, Time: 350
Total Cost: 134.68
 11:66.27, 4:75 [2, -6, -2]
601:68.41, 4:10 [6, 9998, -6]
fe: 1, se: 1

Day: 1, Time: 350
Total Cost: 117.08
 11:90.24, 3:75 [3, -9, -3]
901:26.83, 3:10 [9, 10222, -9]
fe: 1, se: 1

Day: 1, Time: 355
Total Cost: 391.71
 11:136.01, 4:75 [1, -4, -1]
 12:153.31, 8:75 [1, -5, -1]
401:38.42, 4:10 [4, 13650, -4]
501:63.97, 8:10 [5, 10817, 14208, -5]
fe: 2, se: 2

Day: 1, Time: 355
Total Cost: 285.41
 11:66.27, 3:75 [2, -6, -2]
 12:66.27, 7:75 [2, -6, -2]
601:8.94, 3:10 [6, 14832, -6]
602:78.41, 4:10 [6, 15045, -6]
603:65.51, 3:10 [6, 11707, -6]
fe: 2, se: 3

Day: 1, Time: 360
Total Cost: 2961.33
 11:136.01, 74:75 [1, 4, -1]
 12:153.31, 2:75 [1, -5, -1]
 13:136.01, 3:75 [1, -4, -1]
 14:153.31, 74:75 [1, 5, -1]
 15:136.01, 28:75 [1, 4, -1]
 16:153.31, 3:75 [1, -5, -1]
401:129.17, 10:10 [4, 5315, 4464, 238, 158, -4]
402:65.96, 9:10 [4, 314, 112, 5697, -4]
403:58.82, 3:10 [4, 9639, -4]
404:23.08, 8:10 [4, 240, 333, 74, -4]
406:37.28, 9:10 [4, 60, 16, 196, -4]
408:141.14, 9:10 [4, 38, 7776, 7394, -4]
409:141.16, 10:10 [4, 172, 22, 66, 205, 5462, -4]
410:73.55, 10:10 [4, 19, 96, 217, 81, -4]
411:96.45, 9:10 [4, 1055, 93, 91, -4]
412:130.60, 9:10 [4, 1053, 305, 296, 33, -4]
413:86.37, 10:10 [4, 117, 4719, 6171, -4]
414:54.93, 9:10 [4, 5584, 12, 187, -4]
501:68.88, 2:10 [5, 9866, -5]
502:124.84, 10:10 [5, 972, 247, 272, 7600, -5]
503:153.77, 10:10 [5, 1200, 87, 57, 28, -5]
504:162.01, 10:10 [5, 274, 44, 46, 85, 339, -5]
505:52.45, 8:10 [5, 5996, 254, 8136, 5271, -5]
506:110.18, 10:10 [5, 3228, 250, 332, 21, 207, -5]
507:50.76, 7:10 [5, 280, 326, 289, -5]
508:119.13, 10:10 [5, 334, 239, 4872, 342, 24, -5]
509:155.65, 3:10 [5, 10984, -5]
510:57.19, 9:10 [5, 222, 165, 3453, 8275, -5]
fe: 6, se: 22

Day: 1, Time: 360
Total Cost: 1191.23
 11:151.76, 73:75 [2, 6, 7, -2]
 12:66.27, 17:75 [2, 6, -6, -2]
601:82.15, 8:10 [6, 218, 124, 7565, -6]
602:82.84, 10:10 [6, 328, 3277, 133, -6]
603:109.91, 10:10 [6, 939, 169, 262, -6]
604:129.28, 10:10 [6, 155, 129, 157, -6]
605:68.56, 8:10 [6, 13867, 176, 3955, -6]
606:148.91, 9:10 [6, 288, 198, 163, -6]
608:113.70, 10:10 [6, 76, 58, 151, 77, -6]
701:84.08, 7:10 [7, 321, 293, 340, -7]
702:62.39, 10:10 [7, 7120, 7108, 1420, -7]
704:91.37, 9:10 [7, 1051, 31, 113, 7731, -7]
fe: 2, se: 10

Day: 1, Time: 360
Total Cost: 1459.93
 11:90.24, 39:75 [3, 9, -3]
 12:94.59, 3:75 [3, -8, -3]
 13:94.59, 3:75 [3, -8, -3]
 14:94.59, 38:75 [3, 8, -3]
801:122.88, 10:10 [8, 8124, 142, 7554, 298, 100, -8]
802:118.86, 9:10 [8, 30, 7658, 282, -8]
803:119.63, 9:10 [8, 192, 199, 173, -8]
804:149.07, 10:10 [8, 263, 120, 126, 807, -8]
805:80.02, 3:10 [8, 16125, -8]
806:20.88, 3:10 [8, 15887, -8]
901:119.18, 10:10 [9, 18, 131, 94, 344, 5950, -9]
902:112.51, 9:10 [9, 307, 236, 139, 101, -9]
903:122.88, 10:10 [9, 114, 6968, 97, 7398, 5740, -9]
904:119.98, 10:10 [9, 7389, 6241, 235, 304, -9]
fe: 4, se: 10

Day: 1, Time: 365
Total Cost: 427.20
 11:136.01, 6:75 [1, -4, -1]
 12:153.31, 2:75 [1, -5, -1]
401:34.99, 4:10 [4, 14890, -4]
402:18.87, 2:10 [4, 16385, -4]
501:84.02, 2:10 [5, 16527, -5]
fe: 2, se: 3

Day: 1, Time: 365
Total Cost: 188.53
 11:66.27, 2:75 [2, -6, -2]
601:122.26, 2:10 [6, 13106, -6]
fe: 1, se: 1

Day: 1, Time: 370
Total Cost: 283.00
 11:153.31, 1:75 [1, -5, -1]
501:129.69, 1:10 [5, 16041, -5]
fe: 1, se: 1

Day: 1, Time: 370
Total Cost: 92.27
 11:66.27, 1:75 [2, -6, -2]
601:26.00, 1:10 [6, 15931, -6]
fe: 1, se: 1

Day: 1, Time: 370
Total Cost: 170.87
 11:90.24, 1:75 [3, -9, -3]
901:80.62, 1:10 [9, 13833, -9]
fe: 1, se: 1

Day: 1, Time: 375
Total Cost: 186.01
 11:136.01, 3:75 [1, -4, -1]
401:50.00, 3:10 [4, 15079, -4]
fe: 1, se: 1

Day: 1, Time: 375
Total Cost: 146.90
 11:66.27, 6:75 [2, -6, -2]
601:80.63, 6:10 [6, 11414, 16819, -6]
fe: 1, se: 1

Day: 1, Time: 380
Total Cost: 169.07
 11:66.27, 4:75 [2, -6, -2]
601:102.80, 4:10 [6, 14853, -6]
fe: 1, se: 1

Day: 1, Time: 380
Total Cost: 137.54
 11:94.59, 2:75 [3, -8, -3]
801:42.94, 2:10 [8, 12625, -8]
fe: 1, se: 1

Day: 1, Time: 385
Total Cost: 186.29
 11:66.27, 3:75 [2, -6, -2]
601:120.02, 3:10 [6, 9556, -6]
fe: 1, se: 1

Day: 1, Time: 390
Total Cost: 316.09
 11:66.27, 4:75 [2, -6, -2]
 12:145.23, 3:75 [2, -7, -2]
601:50.00, 4:10 [6, 15582, -6]
701:54.59, 3:10 [7, 15338, -7]
fe: 2, se: 2

Day: 1, Time: 390
Total Cost: 197.44
 11:90.24, 1:75 [3, -9, -3]
901:107.20, 1:10 [9, 9935, -9]
fe: 1, se: 1

Day: 1, Time: 395
Total Cost: 265.11
 11:153.31, 4:75 [1, -5, -1]
501:111.80, 4:10 [5, 15683, -5]
fe: 1, se: 1

Day: 1, Time: 395
Total Cost: 336.12
 11:66.27, 1:75 [2, -6, -2]
 12:145.23, 1:75 [2, -7, -2]
601:66.48, 1:10 [6, 10000, -6]
701:58.14, 1:10 [7, 12721, -7]
fe: 2, se: 2

Day: 1, Time: 395
Total Cost: 176.34
 11:90.24, 3:75 [3, -9, -3]
901:86.09, 3:10 [9, 9534, -9]
fe: 1, se: 1

Day: 1, Time: 400
Total Cost: 393.34
 11:136.01, 3:75 [1, -4, -1]
 12:153.31, 4:75 [1, -5, -1]
401:35.61, 3:10 [4, 15463, -4]
501:68.41, 4:10 [5, 15202, -5]
fe: 2, se: 2

Day: 1, Time: 400
Total Cost: 282.02
 11:66.27, 2:75 [2, -6, -2]
 12:66.27, 2:75 [2, -6, -2]
601:66.12, 2:10 [6, 13365, -6]
602:83.35, 2:10 [6, 16426, -6]
fe: 2, se: 2

Day: 1, Time: 405
Total Cost: 1086.20
 11:136.01, 41:75 [1, 4, -1]
 12:153.31, 18:75 [1, 5, -1]
401:131.25, 9:10 [4, 149, 232, 79, -4]
402:77.76, 8:10 [4, 256, 320, 29, 294, 248, -4]
403:149.04, 7:10 [4, 37, 273, 141, -4]
404:59.67, 1:10 [4, 42, -4]
405:138.16, 10:10 [4, 275, 225, 277, 322, -4]
406:39.14, 6:10 [4, 128, 202, 255, -4]
501:101.67, 9:10 [5, 98, 260, 107, -5]
502:100.18, 9:10 [5, 292, 179, 160, -5]
fe: 2, se: 8

Day: 1, Time: 405
Total Cost: 1611.66
 11:66.27, 69:75 [2, 6, -6, -2]
 12:66.27, 20:75 [2, 6, -6, -2]
 13:66.27, 1:75 [2, -6, -2]
601:116.61, 10:10 [6, 53, 241, 278, 86, -6]
602:80.41, 4:10 [6, 123, 3846, -6]
603:50.20, 8:10 [6, 337, 335, 41, -6]
604:157.40, 10:10 [6, 51, 264, 309, 223, 221, -6]
605:41.23, 9:10 [6, 224, 229, 259, -6]
606:151.33, 2:10 [6, 12197, -6]
607:124.75, 10:10 [6, 237, 64, 186, 118, 32, -6]
608:102.18, 4:10 [6, 12546, -6]
609:104.75, 9:10 [6, 70, 72, 215, 184, 99, 190, -6]
610:115.97, 1:10 [6, 11812, -6]
613:101.21, 9:10 [6, 56, 317, 3433, 102, -6]
616:140.98, 10:10 [6, 251, 306, 111, -6]
617:125.83, 10:10 [6, 3542, 5621, 43, 209, 164, -6]
fe: 3, se: 13

Day: 1, Time: 405
Total Cost: 1302.75
 11:94.59, 45:75 [3, 8, -3]
 12:90.24, 30:75 [3, 9, -3]
 13:90.24, 2:75 [3, -9, -3]
801:81.30, 10:10 [8, 244, 90, 230, 14, -8]
802:95.34, 8:10 [8, 168, 148, 226, -8]
803:116.75, 7:10 [8, 27, 290, 65, 245, -8]
804:71.10, 10:10 [8, 171, 312, 266, -8]
805:70.22, 10:10 [8, 116, 122, 285, 319, -8]
901:132.98, 7:10 [9, 243, 108, 156, 201, 180, -9]
902:119.61, 10:10 [9, 7886, 84, 208, 82, -9]
903:77.25, 2:10 [9, 13350, -9]
904:157.53, 9:10 [9, 299, 137, 265, 228, -9]
907:105.58, 4:10 [9, 220, 71, 284, -9]
fe: 3, se: 10

Day: 1, Time: 410
Total Cost: 142.93
 11:66.27, 1:75 [2, -6, -2]
601:76.66, 1:10 [6, 14038, -6]
fe: 1, se: 1

Day: 1, Time: 410
Total Cost: 128.30
 11:90.24, 1:75 [3, -9, -3]
901:38.05, 1:10 [9, 12547, -9]
fe: 1, se: 1

Day: 1, Time: 415
Total Cost: 421.41
 11:66.27, 1:75 [2, -6, -2]
 12:66.27, 2:75 [2, -6, -2]
 13:145.23, 4:75 [2, -7, -2]
601:20.10, 1:10 [6, 12557, -6]
602:62.80, 2:10 [6, 15898, -6]
701:60.73, 4:10 [7, 15141, -7]
fe: 3, se: 3

Day: 1, Time: 415
Total Cost: 154.74
 11:90.24, 1:75 [3, -9, -3]
901:64.50, 1:10 [9, 10953, -9]
fe: 1, se: 1

Day: 1, Time: 420
Total Cost: 142.84
 11:66.27, 6:75 [2, -6, -2]
601:46.04, 4:10 [6, 15101, -6]
602:30.53, 2:10 [6, 14102, -6]
fe: 1, se: 2

Day: 1, Time: 420
Total Cost: 200.67
 11:94.59, 1:75 [3, -8, -3]
801:106.08, 1:10 [8, 9863, -8]
fe: 1, se: 1

Day: 1, Time: 450
Total Cost: 449.77
 11:66.27, 15:75 [2, 6, -2]
601:97.20, 2:10 [6, 3737, 7760, -6]
602:54.15, 3:10 [6, 7127, -6]
603:114.56, 5:10 [6, 167, 109, 104, -6]
604:117.58, 5:10 [6, 4032, 2155, -6]
fe: 1, se: 4

Day: 1, Time: 450
Total Cost: 362.39
 12:90.24, 11:75 [3, 9, -3]
901:89.92, 5:10 [9, 2979, 6236, 2410, -9]
902:88.20, 3:10 [9, 341, -9]
903:94.02, 3:10 [9, 75, -9]
fe: 1, se: 3

Day: 1, Time: 460
Total Cost: 329.79
 11:136.01, 7:75 [1, 4, -1]
401:102.02, 3:10 [4, 55, -4]
402:91.76, 4:10 [4, 297, -4]
fe: 1, se: 2

Day: 1, Time: 460
Total Cost: 519.01
 11:66.27, 37:75 [2, 6, -2]
601:78.12, 8:10 [6, 270, 140, 227, -6]
602:125.17, 8:10 [6, 147, 257, 174, -6]
603:122.81, 6:10 [6, 268, 45, 138, -6]
604:68.83, 9:10 [6, 20, 49, 39, -6]
605:57.81, 6:10 [6, 185, 191, -6]
fe: 1, se: 5

Day: 1, Time: 460
Total Cost: 489.79
 11:94.59, 20:75 [3, 8, -3]
801:125.78, 4:10 [8, 231, 125, -8]
802:79.48, 4:10 [8, 134, 316, -8]
803:76.63, 6:10 [8, 327, 177, -8]
804:113.30, 6:10 [8, 302, 200, 17, -8]
fe: 1, se: 4


Day	Area	ID	Time	Load	Utilization	NoOrders	AssignmentCost
1	1	 5	180	  2	0.03	 1	114.00
1	1	117	200	  7	0.05	 3	290.00
1	1	 6	225	  3	0.04	 2	105.00
1	1	 7	270	 19	0.25	 7	265.00
1	1	118	300	 33	0.22	13	810.00
1	1	 8	315	 75	1.00	33	825.00
1	1	27	315	 65	0.87	27	725.00
1	1	 9	360	 37	0.49	16	445.00
1	1	119	400	 75	0.50	27	1650.00
1	1	10	405	  4	0.05	 1	115.00
1	1	11	450	 45	0.50	15	420.00
1	1	12	495	 10	0.11	 4	140.00
1	1	13	540	 33	0.37	10	324.00
1	1	14	585	 64	0.85	24	715.00
1	1	15	630	 33	0.44	11	405.00
1	2	43	180	  9	0.15	 3	198.00
1	2	135	200	  4	0.03	 2	230.00
1	2	44	225	 16	0.21	 7	235.00
1	2	45	270	 21	0.28	11	285.00
1	2	136	300	149	0.99	56	3130.00
1	2	145	300	  4	0.03	 1	230.00
1	2	46	315	 69	0.92	29	765.00
1	2	137	400	 43	0.29	18	1010.00
1	2	48	405	  6	0.08	 3	135.00
1	2	49	450	 22	0.24	 9	236.00
1	2	50	495	  8	0.09	 4	124.00
1	2	51	540	 78	0.87	28	684.00
1	2	52	585	 29	0.39	11	365.00
1	2	139	600	  1	0.01	 1	170.00
1	2	53	630	 37	0.49	15	445.00
1	2	54	675	 22	0.37	 9	354.00
1	3	81	180	 13	0.22	 5	246.00
1	3	82	225	  7	0.09	 2	145.00
1	3	83	270	 20	0.27	 7	275.00
1	3	154	300	149	0.99	60	3130.00
1	3	163	300	  7	0.05	 2	290.00
1	3	84	315	 72	0.96	33	795.00
1	3	85	360	  1	0.01	 1	85.00
1	3	155	400	 31	0.21	10	770.00
1	3	87	450	 11	0.12	 5	148.00
1	3	88	495	  6	0.07	 4	108.00
1	3	156	500	  6	0.03	 2	216.00
1	3	89	540	 50	0.56	20	460.00
1	3	90	585	  9	0.12	 5	165.00
1	3	157	600	 13	0.09	 5	410.00
1	3	91	630	 48	0.64	17	555.00


Day	Area	Time	Pickup	Delivery	Direct	FEVehicles	SEVehicles	ALNSTime	ALNSBestTime	RoutingCostArea
1	1	0	114	87	0	10	50	192.97	146.08	6372.09
1	1	15	1	0	0	1	1	0.22	0.00	255.63
1	1	20	1	0	0	1	1	0.19	0.00	181.27
1	1	25	1	0	0	1	1	0.19	0.00	194.87
1	1	35	2	0	0	2	2	0.29	0.00	378.80
1	1	40	1	0	0	1	1	0.18	0.00	212.77
1	1	45	1	0	0	1	1	0.18	0.00	275.73
1	1	50	1	0	0	1	1	0.18	0.00	234.89
1	1	60	2	0	0	2	2	0.30	0.00	356.77
1	1	70	5	0	0	3	4	0.62	0.00	727.35
1	1	80	4	0	0	3	4	0.51	0.00	798.44
1	1	90	2	0	0	2	2	0.29	0.00	471.64
1	1	105	1	0	0	1	1	0.18	0.00	200.05
1	1	120	2	0	0	2	2	0.31	0.00	500.21
1	1	125	1	0	0	1	1	0.18	0.00	193.01
1	1	130	1	0	0	1	1	0.19	0.00	190.93
1	1	140	1	0	1	1	1	0.18	0.00	759.12
1	1	145	1	0	0	1	1	0.18	0.00	234.10
1	1	150	1	0	1	1	1	0.18	0.00	697.49
1	1	165	3	0	0	3	3	0.45	0.00	635.45
1	1	175	1	0	1	1	1	0.18	0.00	744.00
1	1	180	1	0	1	1	1	0.18	0.00	666.48
1	1	190	5	0	0	4	5	0.77	0.00	893.72
1	1	200	2	0	0	2	2	0.28	0.00	326.28
1	1	205	1	0	0	1	1	0.18	0.00	146.79
1	1	225	3	0	0	3	3	0.45	0.00	636.57
1	1	235	1	0	0	1	1	0.18	0.00	203.90
1	1	245	2	0	0	2	2	0.29	0.00	471.18
1	1	255	2	0	0	2	2	0.30	0.00	449.30
1	1	265	1	0	0	1	1	0.19	0.00	186.29
1	1	280	2	0	0	2	2	0.28	0.00	408.48
1	1	285	1	0	0	1	1	0.18	0.00	168.93
1	1	295	2	3	0	2	2	0.83	0.00	549.49
1	1	300	1	0	0	1	1	0.20	0.00	210.23
1	1	310	1	0	0	1	1	0.20	0.00	251.76
1	1	315	1	6	0	2	3	0.73	0.01	663.56
1	1	325	1	0	0	1	1	0.18	0.00	243.88
1	1	335	1	0	0	1	1	0.18	0.00	233.77
1	1	345	1	0	0	1	1	0.18	0.00	254.84
1	1	355	3	0	0	2	2	0.39	0.00	391.71
1	1	360	3	72	0	6	22	24.97	13.20	2961.33
1	1	365	3	0	0	2	3	0.23	0.00	427.20
1	1	370	1	0	0	1	1	0.18	0.00	283.00
1	1	375	1	0	0	1	1	0.18	0.00	186.01
1	1	395	1	0	0	1	1	0.18	0.00	265.11
1	1	400	2	0	0	2	2	0.28	0.00	393.34
1	1	405	0	25	0	2	8	1.50	0.03	1086.20
1	1	460	0	2	0	1	2	0.26	0.00	329.79
1	2	0	117	109	0	11	54	281.97	208.86	5347.87
1	2	10	1	0	0	1	1	0.22	0.00	117.69
1	2	15	1	0	0	1	1	0.19	0.00	218.32
1	2	20	1	0	0	1	1	0.18	0.00	204.50
1	2	25	1	0	0	1	1	0.18	0.00	169.31
1	2	40	3	0	0	3	3	0.45	0.00	481.81
1	2	45	1	0	0	1	1	0.17	0.00	88.36
1	2	50	1	0	0	1	1	0.18	0.00	186.69
1	2	55	1	0	0	1	1	0.18	0.00	108.70
1	2	60	2	0	0	1	2	0.26	0.00	230.76
1	2	70	4	0	0	4	4	0.73	0.00	631.83
1	2	90	2	0	0	2	2	0.30	0.00	315.43
1	2	100	1	0	0	1	1	0.18	0.00	106.32
1	2	110	1	0	0	1	1	0.18	0.00	115.95
1	2	125	5	0	0	3	5	0.57	0.00	521.78
1	2	140	3	0	0	3	3	0.45	0.00	409.76
1	2	160	3	0	0	3	3	0.47	0.00	498.52
1	2	175	0	0	1	0	0	0.00	0.00	500.00
1	2	200	5	0	0	2	5	0.60	0.00	588.24
1	2	215	3	0	0	3	3	0.22	0.00	559.81
1	2	230	3	0	0	2	3	0.38	0.00	326.09
1	2	235	2	0	0	2	2	0.29	0.00	332.52
1	2	245	2	0	0	2	2	0.29	0.00	249.31
1	2	255	1	0	0	1	1	0.18	0.00	180.29
1	2	265	1	0	0	1	1	0.18	0.00	148.73
1	2	270	2	0	0	2	2	0.29	0.00	344.11
1	2	280	1	0	0	1	1	0.18	0.00	122.73
1	2	285	2	0	0	2	2	0.28	0.00	289.08
1	2	295	3	4	0	2	3	0.58	0.00	510.55
1	2	315	3	0	0	2	3	0.35	0.00	408.02
1	2	325	1	0	0	1	1	0.18	0.00	105.67
1	2	330	2	0	0	1	2	0.23	0.00	244.25
1	2	340	1	0	0	1	1	0.19	0.00	220.70
1	2	350	1	0	0	1	1	0.18	0.00	134.68
1	2	355	3	0	0	2	3	0.34	0.00	285.41
1	2	360	1	31	0	2	10	3.78	2.54	1191.23
1	2	365	1	0	0	1	1	0.18	0.00	188.53
1	2	370	1	0	0	1	1	0.18	0.00	92.27
1	2	375	2	0	0	1	1	0.28	0.00	146.90
1	2	380	1	0	0	1	1	0.18	0.00	169.07
1	2	385	1	0	0	1	1	0.18	0.00	186.29
1	2	390	2	0	0	2	2	0.29	0.00	316.09
1	2	395	2	0	0	2	2	0.29	0.00	336.12
1	2	400	2	0	0	2	2	0.27	0.00	282.02
1	2	405	3	40	0	3	13	4.61	2.51	1611.66
1	2	410	1	0	0	1	1	0.18	0.00	142.93
1	2	415	3	0	0	3	3	0.43	0.00	421.41
1	2	420	2	0	0	1	2	0.26	0.00	142.84
1	2	450	0	8	0	1	4	0.50	0.00	449.77
1	2	460	0	14	0	1	5	0.75	0.00	519.01
1	3	0	104	84	0	6	42	236.45	142.01	4413.74
1	3	5	3	0	0	2	3	0.40	0.00	424.52
1	3	15	2	0	0	2	2	0.30	0.00	380.39
1	3	20	1	0	0	1	1	0.19	0.00	154.74
1	3	40	2	0	0	2	2	0.29	0.00	321.51
1	3	55	1	0	0	1	1	0.18	0.00	193.00
1	3	60	2	0	0	2	2	0.30	0.00	352.87
1	3	85	2	0	0	1	2	0.26	0.00	257.06
1	3	95	4	0	0	3	3	0.44	0.00	456.78
1	3	100	1	0	0	1	1	0.18	0.00	135.39
1	3	105	2	0	0	2	2	0.28	0.00	311.75
1	3	110	1	0	0	1	1	0.18	0.00	174.22
1	3	115	3	0	0	2	2	0.40	0.00	375.17
1	3	120	1	0	0	1	1	0.18	0.00	130.49
1	3	125	2	0	0	2	2	0.30	0.00	381.00
1	3	130	2	0	0	2	2	0.28	0.00	375.18
1	3	135	1	0	0	1	1	0.19	0.00	136.78
1	3	145	1	0	0	1	1	0.18	0.00	160.59
1	3	150	1	0	0	1	1	0.18	0.00	168.62
1	3	160	1	0	0	1	1	0.18	0.00	117.40
1	3	175	0	0	1	0	0	0.00	0.00	500.00
1	3	180	1	0	0	1	1	0.18	0.00	123.23
1	3	195	3	0	0	2	3	0.41	0.00	365.50
1	3	205	1	0	0	1	1	0.19	0.00	137.66
1	3	230	6	0	0	2	6	0.67	0.00	681.92
1	3	250	3	0	0	3	3	0.46	0.00	437.31
1	3	270	1	3	0	2	3	0.47	0.00	545.09
1	3	275	4	0	0	4	4	0.73	0.00	618.10
1	3	290	3	1	0	2	3	0.64	0.00	379.09
1	3	300	1	0	0	1	1	0.20	0.00	180.69
1	3	310	3	0	0	1	2	0.33	0.00	283.29
1	3	340	2	4	0	2	3	0.58	0.00	544.41
1	3	345	1	0	0	1	1	0.18	0.00	197.76
1	3	350	1	0	0	1	1	0.18	0.00	117.08
1	3	360	2	33	0	4	10	4.25	2.72	1459.93
1	3	370	1	0	0	1	1	0.18	0.00	170.87
1	3	380	1	0	0	1	1	0.18	0.00	137.54
1	3	390	1	0	0	1	1	0.18	0.00	197.44
1	3	395	1	0	0	1	1	0.18	0.00	176.34
1	3	405	1	34	0	3	10	5.50	3.94	1302.75
1	3	410	1	0	0	1	1	0.18	0.00	128.30
1	3	415	1	0	0	1	1	0.18	0.00	154.74
1	3	420	1	0	0	1	1	0.18	0.00	200.67
1	3	450	0	5	0	1	3	0.43	0.00	362.39
1	3	460	0	9	0	1	4	0.60	0.00	489.79

Day	SL	Own	DispatchTimes	AssignmentCost	RoutingCost	TotalCost
1	33	13	98	23742.00	68716.83	92458.83

Total Cost: 92458.83187708409
Cost per Day: 92458.83187708409
Running time in Seconds: 885.233
Running time in minutes: 14.753883333333333