INSTANCE: 2hubs_MSD_A_2_x.csv
PARAMETER: tuning_standard.txt
POLICY: MIP
ALPHA: 0.180364110997949
BETA: 20
OMEGA: 586
EPSILON: 1.10329172908336

Day: 1, Time: 15
Total Cost: 3752.32
 11:66.27, 42:75 [2, 5, -5, -2]
 12:66.27, 35:75 [2, 5, -5, -2]
 13:66.27, 36:75 [2, 5, -5, -2]
 14:66.27, 23:75 [2, 5, -5, -2]
 15:145.23, 22:75 [2, 6, -6, -2]
 16:145.23, 16:75 [2, -6, -2]
 17:66.27, 3:75 [2, -5, -2]
 18:145.23, 3:75 [2, -6, -2]
501:80.32, 10:10 [5, 3298, 3168, 3218, 3200, -5]
502:118.41, 3:10 [5, 3207, -5]
503:107.50, 10:10 [5, 3267, 3242, 3279, 3264, 3231, 3307, -5]
504:106.47, 1:10 [5, 3285, -5]
505:162.25, 8:10 [5, 3272, 3148, 3268, -5]
506:97.97, 9:10 [5, 3219, 3239, 3271, -5]
507:124.08, 10:10 [5, 3165, 3177, 3180, 3164, -5]
508:70.50, 10:10 [5, 3299, 3277, 3241, 3213, 3259, 3294, -5]
509:143.22, 10:10 [5, 3176, 3141, 3151, -5]
510:133.59, 6:10 [5, 3301, 3306, -5]
511:91.50, 10:10 [5, 3315, 3246, 3210, 3201, -5]
512:97.51, 5:10 [5, 3217, 3160, 3248, -5]
513:104.02, 1:10 [5, 3240, -5]
514:125.87, 3:10 [5, 3291, -5]
515:142.12, 10:10 [5, 3156, 3159, 3155, 3132, 3171, -5]
516:106.47, 1:10 [5, 3252, -5]
517:113.72, 4:10 [5, 3245, -5]
518:58.96, 6:10 [5, 3236, 3235, 3283, -5]
519:192.35, 10:10 [5, 3135, 3280, 3137, 3185, 3163, -5]
522:117.22, 10:10 [5, 3251, 3203, 3183, 3230, 3212, -5]
524:126.48, 10:10 [5, 3254, 3209, 3222, 3228, -5]
525:20.23, 6:10 [5, 3152, 3154, -5]
601:27.02, 5:10 [6, 3255, 3256, -6]
602:53.81, 3:10 [6, 4609, -6]
603:121.21, 9:10 [6, 3158, 3253, 3287, 3233, 3140, -6]
604:80.93, 8:10 [6, 3202, 3276, -6]
605:81.68, 8:10 [6, 3136, 3188, 3192, -6]
606:61.06, 3:10 [6, 3300, -6]
608:66.46, 9:10 [6, 3289, 3260, 3313, 3296, 3297, -6]
609:52.33, 8:10 [6, 3199, 3224, 3249, -6]
fe: 8, se: 30

Day: 1, Time: 25
Total Cost: 4193.28
 11:136.01, 59:75 [1, 3, -3, -1]
 12:136.01, 32:75 [1, 3, -3, -1]
 13:153.31, 50:75 [1, 4, -4, -1]
 14:153.31, 32:75 [1, -4, -1]
 15:136.01, 16:75 [1, -3, -1]
301:127.95, 4:10 [3, 5684, -3]
302:134.35, 8:10 [3, 3304, 3153, 3247, 3181, -3]
303:135.14, 10:10 [3, 3161, 3243, 3166, 3147, 3131, 3138, -3]
304:42.51, 10:10 [3, 3130, 3167, 3169, -3]
305:126.49, 7:10 [3, 3211, 3178, 3144, -3]
306:42.00, 4:10 [3, 3129, -3]
307:111.97, 10:10 [3, 3179, 3145, 3173, 3134, -3]
308:82.34, 10:10 [3, 3310, 3196, 3186, 3182, -3]
309:74.01, 5:10 [3, 3215, 3286, 3275, -3]
310:171.57, 10:10 [3, 3189, 3133, 3146, 3150, 3149, -3]
311:104.79, 3:10 [3, 3227, 3244, 6090, -3]
313:124.58, 3:10 [3, 3269, -3]
314:81.30, 9:10 [3, 3221, 3281, 3274, -3]
315:73.10, 9:10 [3, 3220, 3223, 3195, -3]
317:108.62, 9:10 [3, 3302, 3293, 3237, -3]
318:92.03, 8:10 [3, 3205, 3234, 3314, -3]
319:92.74, 4:10 [3, 3305, 3226, -3]
401:88.00, 9:10 [4, 3172, 3143, 3175, -4]
402:155.31, 10:10 [4, 3309, 3214, 3257, 3250, -4]
403:161.79, 10:10 [4, 3193, 3157, 3170, -4]
404:85.41, 7:10 [4, 3312, 3204, -4]
405:77.79, 7:10 [4, 3288, 3282, 3265, 3278, -4]
406:109.84, 6:10 [4, 3261, 3311, -4]
407:63.88, 4:10 [4, 3225, 3208, 3290, -4]
408:138.94, 10:10 [4, 3184, 3162, 3194, 3190, -4]
409:111.57, 4:10 [4, 3308, -4]
410:169.54, 7:10 [4, 3292, 3263, -4]
411:89.64, 7:10 [4, 3187, 3191, -4]
412:48.88, 10:10 [4, 3980, 3229, 3273, 3238, 3206, -4]
413:95.18, 10:10 [4, 3127, 3142, 3139, 3128, -4]
414:103.49, 3:10 [4, 3284, 3258, 3232, -4]
416:58.29, 7:10 [4, 3266, 3270, 3198, -4]
417:79.17, 6:10 [4, 3216, 3295, 3303, -4]
418:116.40, 6:10 [4, 3262, 3174, -4]
fe: 5, se: 34

Day: 1, Time: 45
Total Cost: 380.91
 11:66.27, 8:75 [2, -5, -2]
 12:145.23, 3:75 [2, -6, -2]
501:58.91, 5:10 [5, 6285, 5531, -5]
502:65.15, 3:10 [5, 3585, -5]
601:45.34, 3:10 [6, 4223, -6]
fe: 2, se: 3

Day: 1, Time: 100
Total Cost: 652.03
 11:136.01, 18:75 [1, -3, -1]
 12:153.31, 2:75 [1, -4, -1]
301:72.39, 6:10 [3, 4209, 4282, -3]
302:45.23, 3:10 [3, 3961, 6061, -3]
303:97.45, 6:10 [3, 3725, 5995, -3]
304:51.55, 2:10 [3, 5230, 4123, -3]
305:62.03, 1:10 [3, 4912, -3]
401:34.06, 2:10 [4, 6108, -4]
fe: 2, se: 6

Day: 1, Time: 110
Total Cost: 280.24
 11:66.27, 11:75 [2, -5, -2]
501:117.92, 8:10 [5, 4854, 3646, -5]
502:96.04, 3:10 [5, 6007, -5]
fe: 1, se: 2

Day: 1, Time: 135
Total Cost: 191.78
 11:153.31, 3:75 [1, -4, -1]
401:38.47, 3:10 [4, 3984, -4]
fe: 1, se: 1

Day: 1, Time: 150
Total Cost: 404.89
 11:136.01, 2:75 [1, -3, -1]
 12:136.01, 1:75 [1, -3, -1]
301:54.15, 2:10 [3, 5095, -3]
302:78.71, 1:10 [3, 5497, -3]
fe: 2, se: 2

Day: 1, Time: 150
Total Cost: 299.52
 11:66.27, 11:75 [2, -5, -2]
501:95.52, 4:10 [5, 3846, -5]
502:67.09, 5:10 [5, 4096, 3551, -5]
503:70.64, 2:10 [5, 6151, 4548, -5]
fe: 1, se: 3

Day: 1, Time: 160
Total Cost: 309.22
 11:153.31, 4:75 [1, -4, -1]
401:70.00, 2:10 [4, 4118, -4]
402:85.91, 2:10 [4, 4764, -4]
fe: 1, se: 2

Day: 1, Time: 180
Total Cost: 728.27
 11:136.01, 4:75 [1, -3, -1]
 12:136.01, 2:75 [1, -3, -1]
 13:153.31, 1:75 [1, -4, -1]
301:70.46, 4:10 [3, 3493, -3]
302:131.58, 2:10 [3, 4241, -3]
401:100.90, 1:10 [4, 5355, -4]
fe: 3, se: 3

Day: 1, Time: 310
Total Cost: 677.62
 11:66.27, 10:75 [2, -5, -2]
 12:66.27, 12:75 [2, -5, -2]
501:189.15, 4:10 [5, 5493, 5564, 5311, 5692, -5]
502:172.69, 10:10 [5, 4156, 4835, 3591, -5]
504:183.23, 8:10 [5, 4943, 5902, 5334, 4518, -5]
fe: 2, se: 3

Day: 1, Time: 315
Total Cost: 1574.63
 11:136.01, 56:75 [1, 3, -3, -1]
 12:153.31, 30:75 [1, 4, -4, -1]
301:73.79, 10:10 [3, 49, 20, 28, 109, -3]
302:92.93, 8:10 [3, 3378, 104, 116, 4192, 58, -3]
303:76.40, 10:10 [3, 93, 55, 56, 2341, 3456, -3]
305:145.32, 10:10 [3, 46, 1419, 395, 10, 69, -3]
306:87.45, 10:10 [3, 1033, 111, 23, 5553, 5042, 4441, -3]
307:176.53, 10:10 [3, 62, 3095, 51, 12, -3]
308:55.17, 3:10 [3, 5408, -3]
401:158.67, 10:10 [4, 66, 108, 86, 5174, 50, 4352, 4723, -4]
402:88.12, 5:10 [4, 4679, 5061, -4]
403:72.35, 10:10 [4, 45, 81, 101, -4]
404:110.56, 10:10 [4, 110, 29, 17, 95, 87, -4]
405:148.00, 3:10 [4, 3880, -4]
fe: 2, se: 12

Day: 1, Time: 400
Total Cost: 803.86
 11:66.27, 31:75 [2, 5, -5, -2]
501:108.74, 9:10 [5, 4833, 4677, 1583, 4559, -5]
502:87.95, 10:10 [5, 5647, 4681, 5962, -5]
503:159.68, 5:10 [5, 36, 5901, 115, -5]
505:90.84, 5:10 [5, 4201, 564, -5]
506:132.69, 9:10 [5, 124, 5640, 3683, 2494, -5]
508:157.68, 9:10 [5, 44, 6125, 341, 15, -5]
fe: 1, se: 6

Day: 1, Time: 405
Total Cost: 1474.50
 11:136.01, 33:75 [1, 3, -3, -1]
 12:153.31, 31:75 [1, 4, -4, -1]
301:88.45, 8:10 [3, 4322, 64, 38, -3]
302:141.77, 9:10 [3, 6254, 3824, 19, 78, 656, -3]
303:63.83, 8:10 [3, 82, 456, 5593, -3]
304:117.18, 8:10 [3, 3438, 5243, -3]
305:101.12, 6:10 [3, 1664, 74, -3]
306:89.00, 7:10 [3, 3574, 1358, 32, -3]
307:52.08, 3:10 [3, 2961, 77, 41, 3884, -3]
401:147.84, 7:10 [4, 5251, 5002, -4]
402:57.07, 7:10 [4, 117, 61, 4608, -4]
403:46.04, 4:10 [4, 3351, -4]
404:85.21, 8:10 [4, 125, 40, 13, 906, -4]
405:102.07, 9:10 [4, 11, 22, 361, -4]
406:93.51, 7:10 [4, 65, 52, 89, -4]
fe: 2, se: 13

Day: 1, Time: 405
Total Cost: 1210.91
 11:66.27, 61:75 [2, 5, -2]
 12:145.23, 14:75 [2, 6, -6, -2]
501:110.11, 10:10 [5, 35, 73, 794, 75, -5]
502:107.56, 10:10 [5, 112, 933, 1722, 96, 67, 2871, 98, -5]
503:114.68, 9:10 [5, 92, 85, 1905, 1092, -5]
504:105.58, 10:10 [5, 535, 25, 771, 120, -5]
505:147.59, 8:10 [5, 2900, 79, 91, 60, -5]
506:31.05, 4:10 [5, 24, -5]
508:148.51, 10:10 [5, 119, 118, 2918, -5]
601:55.65, 4:10 [6, 100, 84, 37, -6]
602:72.82, 7:10 [6, 88, 4565, 1019, 2040, -6]
603:105.85, 5:10 [6, 54, 18, 103, -6]
fe: 2, se: 10

Day: 1, Time: 430
Total Cost: 290.42
 11:136.01, 1:75 [1, -3, -1]
301:154.40, 1:10 [3, 6286, -3]
fe: 1, se: 1

Day: 1, Time: 450
Total Cost: 653.07
 11:136.01, 3:75 [1, 3, -1]
 12:153.31, 15:75 [1, 4, -1]
301:32.62, 3:10 [3, 59, 43, -3]
401:101.54, 6:10 [4, 9, 107, -4]
402:57.32, 2:10 [4, 99, 63, -4]
403:94.26, 4:10 [4, 97, 106, -4]
404:78.00, 3:10 [4, 34, -4]
fe: 2, se: 5

Day: 1, Time: 450
Total Cost: 981.48
 11:66.27, 63:75 [2, 5, -5, -2]
501:65.99, 4:10 [5, 105, 94, 1574, -5]
502:162.82, 10:10 [5, 47, 42, 8, 48, -5]
503:89.17, 5:10 [5, 102, 76, -5]
504:128.25, 10:10 [5, 80, 113, 26, 303, -5]
505:100.40, 9:10 [5, 68, 2805, 14, 928, -5]
506:95.98, 8:10 [5, 83, 790, 71, -5]
508:145.53, 10:10 [5, 121, 39, 122, -5]
511:127.06, 9:10 [5, 6141, 16, 31, 72, -5]
fe: 1, se: 8

Day: 1, Time: 495
Total Cost: 175.56
 11:66.27, 1:75 [2, 5, -2]
501:109.29, 1:10 [5, 2165, -5]
fe: 1, se: 1

Day: 1, Time: 525
Total Cost: 85.67
 11:66.27, 8:75 [2, 5, -2]
502:19.39, 8:10 [5, 114, 53, 30, -5]
fe: 1, se: 1


Day	Area	ID	Time	Load	Utilization	NoOrders	AssignmentCost
1	1	 7	270	 24	0.32	 9	315.00
1	1	 8	315	 75	1.00	36	825.00
1	1	 9	360	 63	0.84	26	705.00
1	1	10	405	  1	0.01	 1	85.00
1	1	11	450	 13	0.14	 6	164.00
1	1	18	765	 13	0.22	 5	246.00
1	1	19	810	 60	1.00	23	810.00
1	2	24	180	 11	0.18	 4	222.00
1	2	25	225	 75	1.00	31	825.00
1	2	27	315	 64	0.85	26	715.00
1	2	28	360	 18	0.24	 9	255.00
1	2	34	630	 12	0.16	 4	195.00
1	2	38	810	 60	1.00	25	810.00


Day	Area	Time	Pickup	Delivery	Direct	FEVehicles	SEVehicles	ALNSTime	ALNSBestTime	RoutingCostArea
1	1	25	59	43	0	5	34	50.82	34.90	4193.28
1	1	100	10	0	0	2	6	0.99	0.00	652.03
1	1	120	0	0	1	0	0	0.00	0.00	500.00
1	1	135	1	0	1	1	1	0.21	0.00	691.78
1	1	150	2	0	0	2	2	0.38	0.00	404.89
1	1	160	2	0	1	1	2	0.29	0.00	809.22
1	1	180	3	0	0	3	3	0.45	0.00	728.27
1	1	315	13	35	0	2	12	6.19	0.02	1574.63
1	1	405	12	26	0	2	13	4.75	2.49	1474.50
1	1	430	1	0	0	1	1	0.19	0.00	290.42
1	1	450	0	9	0	2	5	0.71	0.00	653.07
1	2	15	63	27	0	8	30	41.70	29.35	3752.32
1	2	45	4	0	0	2	3	0.53	0.00	380.91
1	2	110	3	0	0	1	2	0.41	0.00	280.24
1	2	150	5	0	0	1	3	0.62	0.00	299.52
1	2	310	11	0	0	2	3	1.07	0.04	677.62
1	2	400	11	9	0	1	6	1.95	0.15	803.86
1	2	405	1	36	0	2	10	4.62	1.73	1210.91
1	2	450	1	26	0	1	8	2.82	1.95	981.48
1	2	495	0	1	0	1	1	0.18	0.00	175.56
1	2	525	0	3	3	1	1	0.28	0.00	1585.67

Day	SL	Own	DispatchTimes	AssignmentCost	RoutingCost	TotalCost
1	13	0	21	6172.00	22120.14	28292.14

Total Cost: 28292.141195403252
Cost per Day: 28292.141195403252
Running time in Seconds: 158.354
Running time in minutes: 2.6392333333333333