INSTANCE: 2hubs_MSD_A_19_x.csv
PARAMETER: tuning_standard.txt
POLICY: MIP
ALPHA: 0.180364110997949
BETA: 20
OMEGA: 586
EPSILON: 1.10329172908336

Day: 1, Time: 0
Total Cost: 3770.04
 11:136.01, 73:75 [1, 3, -3, -1]
 13:136.01, 17:75 [1, 3, -3, -1]
 14:153.31, 55:75 [1, 4, -4, -1]
 15:153.31, 37:75 [1, -4, -1]
301:135.17, 9:10 [3, 3170, 3169, 3181, 3185, -3]
302:80.08, 10:10 [3, 3239, 3286, 3218, 3285, -3]
303:138.62, 6:10 [3, 3237, 3245, -3]
304:93.77, 10:10 [3, 3226, 3238, 3312, 3200, -3]
305:135.44, 8:10 [3, 3270, 3287, -3]
306:24.08, 8:10 [3, 3145, 3155, -3]
307:141.91, 10:10 [3, 3129, 3133, 3159, 3134, -3]
308:82.96, 10:10 [3, 3290, 3264, 3274, 3299, -3]
309:73.92, 10:10 [3, 3256, 3295, 3304, 3161, -3]
310:96.49, 7:10 [3, 3193, 3139, 3172, -3]
311:127.55, 10:10 [3, 3222, 3257, 3202, 3268, -3]
312:118.51, 10:10 [3, 3179, 3146, 3176, 3164, 3157, -3]
315:140.04, 9:10 [3, 3276, 3212, 3259, 3167, -3]
316:37.68, 8:10 [3, 3166, 3178, -3]
317:108.44, 10:10 [3, 3247, 3260, 3234, 3199, -3]
318:79.13, 10:10 [3, 3308, 3249, 3208, -3]
319:97.44, 10:10 [3, 3174, 3194, 3148, 3152, -3]
401:132.64, 10:10 [4, 3135, 3127, 3171, 3136, -4]
402:34.20, 7:10 [4, 3262, 3289, -4]
403:68.32, 8:10 [4, 3142, 3162, -4]
404:62.41, 10:10 [4, 3255, 3282, 3198, -4]
405:24.08, 4:10 [4, 3165, -4]
406:76.86, 10:10 [4, 3273, 3266, 3296, -4]
407:103.40, 9:10 [4, 3248, 3305, 3195, -4]
408:187.50, 10:10 [4, 3190, 3130, 3151, 3175, -4]
409:129.93, 10:10 [4, 3298, 3240, 3244, 3231, -4]
411:57.58, 10:10 [4, 3205, 3242, 3233, 3243, -4]
412:77.36, 8:10 [4, 3303, 3203, 3236, -4]
414:150.02, 10:10 [4, 3128, 3192, 3188, 3147, -4]
415:143.06, 10:10 [4, 3209, 3279, 3272, -4]
416:127.89, 9:10 [4, 3250, 3215, 3267, 3219, -4]
418:104.90, 10:10 [4, 3158, 3182, 3154, 3150, -4]
fe: 4, se: 32

Day: 1, Time: 5
Total Cost: 3040.67
 11:66.27, 46:75 [2, 5, -5, -2]
 12:66.27, 35:75 [2, 5, -5, -2]
 13:66.27, 28:75 [2, -5, -2]
 14:145.23, 24:75 [2, 6, -6, -2]
 15:66.27, 4:75 [2, -5, -2]
 16:66.27, 4:75 [2, -5, -2]
501:91.52, 10:10 [5, 3241, 3278, 3293, 3206, 3207, -5]
502:170.24, 10:10 [5, 3258, 3284, 3311, 3132, -5]
503:123.11, 4:10 [5, 3277, -5]
504:82.32, 7:10 [5, 3131, 3177, 3137, -5]
505:123.20, 10:10 [5, 3191, 3186, 3183, 3184, 3144, -5]
506:84.74, 10:10 [5, 3309, 3224, 3297, 3263, 3214, -5]
507:101.64, 10:10 [5, 3300, 3301, 3204, 3225, -5]
508:107.23, 9:10 [5, 3160, 3180, 3141, 3168, 3189, -5]
509:135.07, 4:10 [5, 3216, -5]
511:141.26, 3:10 [5, 3217, 3292, 3221, -5]
513:153.37, 10:10 [5, 3156, 3153, 3143, 3163, -5]
514:125.57, 4:10 [5, 3254, 3280, -5]
515:93.50, 8:10 [5, 3265, 3232, 3314, 3253, -5]
516:126.04, 10:10 [5, 3211, 3281, 3294, 3283, -5]
517:161.21, 10:10 [5, 3149, 3187, 3196, -5]
518:104.43, 10:10 [5, 3315, 3223, 3227, 3291, 3261, -5]
519:135.09, 3:10 [5, 3269, -5]
520:106.02, 9:10 [5, 3220, 3310, 3210, -5]
521:105.39, 9:10 [5, 3251, 3306, 3313, -5]
522:132.65, 9:10 [5, 3201, 3275, 3235, 3213, -5]
601:30.54, 7:10 [6, 3228, 3288, -6]
602:25.21, 8:10 [6, 3271, 3302, 3246, -6]
603:19.80, 2:10 [6, 3229, -6]
604:24.42, 7:10 [6, 3230, 3252, 3307, -6]
605:60.50, 6:10 [6, 3173, 3138, 3140, -6]
fe: 6, se: 25

Day: 1, Time: 30
Total Cost: 245.33
 11:66.27, 5:75 [2, -5, -2]
501:106.92, 1:10 [5, 5670, -5]
502:72.14, 4:10 [5, 5881, -5]
fe: 1, se: 2

Day: 1, Time: 55
Total Cost: 992.71
 11:136.01, 8:75 [1, -3, -1]
 12:153.31, 10:75 [1, -4, -1]
 13:153.31, 4:75 [1, -4, -1]
301:140.37, 8:10 [3, 4553, 6276, 5124, -3]
401:130.51, 4:10 [4, 4835, -4]
402:117.29, 6:10 [4, 3415, 3958, -4]
403:161.90, 4:10 [4, 5163, -4]
fe: 3, se: 4

Day: 1, Time: 65
Total Cost: 205.29
 11:66.27, 9:75 [2, -5, -2]
501:75.45, 7:10 [5, 5393, 4215, -5]
502:63.56, 2:10 [5, 5174, -5]
fe: 1, se: 2

Day: 1, Time: 70
Total Cost: 229.20
 11:136.01, 5:75 [1, -3, -1]
302:93.18, 5:10 [3, 5730, 4887, -3]
fe: 1, se: 1

Day: 1, Time: 95
Total Cost: 596.88
 11:136.01, 3:75 [1, -3, -1]
 12:153.31, 4:75 [1, -4, -1]
301:33.53, 1:10 [3, 6232, -3]
302:138.59, 2:10 [3, 5870, -3]
401:135.44, 4:10 [4, 6165, -4]
fe: 2, se: 3

Day: 1, Time: 100
Total Cost: 502.02
 11:66.27, 13:75 [2, -5, -2]
501:109.85, 3:10 [5, 5608, 5848, -5]
502:137.77, 1:10 [5, 4270, -5]
503:68.61, 4:10 [5, 6147, 6020, -5]
504:119.52, 5:10 [5, 4767, 3763, -5]
fe: 1, se: 4

Day: 1, Time: 115
Total Cost: 372.16
 11:153.31, 2:75 [1, -4, -1]
401:128.41, 1:10 [4, 4418, -4]
402:90.44, 1:10 [4, 5756, -4]
fe: 1, se: 2

Day: 1, Time: 125
Total Cost: 266.61
 11:136.01, 3:75 [1, -3, -1]
301:130.60, 3:10 [3, 4618, -3]
fe: 1, se: 1

Day: 1, Time: 130
Total Cost: 261.47
 11:66.27, 5:75 [2, -5, -2]
501:96.04, 4:10 [5, 5236, -5]
502:99.16, 1:10 [5, 3923, -5]
fe: 1, se: 2

Day: 1, Time: 145
Total Cost: 355.71
 11:66.27, 3:75 [2, -5, -2]
 12:66.27, 2:75 [2, -5, -2]
501:127.31, 3:10 [5, 4074, -5]
502:95.85, 2:10 [5, 6042, -5]
fe: 2, se: 2

Day: 1, Time: 155
Total Cost: 219.36
 11:66.27, 5:75 [2, -5, -2]
501:63.25, 3:10 [5, 5095, -5]
502:89.84, 2:10 [5, 4201, -5]
fe: 1, se: 2

Day: 1, Time: 160
Total Cost: 147.88
 11:66.27, 2:75 [2, -5, -2]
501:81.61, 2:10 [5, 4142, -5]
fe: 1, se: 1

Day: 1, Time: 180
Total Cost: 139.07
 11:66.27, 4:75 [2, -5, -2]
501:72.80, 4:10 [5, 4906, -5]
fe: 1, se: 1

Day: 1, Time: 335
Total Cost: 655.52
 11:66.27, 29:75 [2, -5, -2]
 12:145.23, 7:75 [2, -6, -2]
501:154.59, 10:10 [5, 3816, 6307, 4468, 4127, -5]
502:118.97, 9:10 [5, 3832, 3414, 3613, -5]
503:74.73, 10:10 [5, 4027, 5382, 6094, -5]
601:95.72, 7:10 [6, 3812, 5983, -6]
fe: 2, se: 4

Day: 1, Time: 350
Total Cost: 1567.53
 11:136.01, 48:75 [1, 3, -3, -1]
 12:153.31, 27:75 [1, 4, -4, -1]
301:119.46, 7:10 [3, 3775, 42, 4542, 3359, 4772, -3]
302:50.40, 10:10 [3, 120, 2691, 119, 5675, -3]
303:184.93, 10:10 [3, 1984, 3597, 30, 73, 112, 1025, -3]
304:96.97, 10:10 [3, 56, 63, 6087, 16, 5699, 4148, 34, -3]
305:148.14, 8:10 [3, 2480, 6177, 103, 39, 3668, 26, -3]
307:35.44, 2:10 [3, 4750, -3]
308:166.63, 10:10 [3, 87, 6031, 111, 5888, 124, 5740, 102, 88, -3]
401:95.87, 10:10 [4, 2203, 35, 4108, 107, 75, -4]
402:172.97, 10:10 [4, 27, 64, 4320, 3622, 5461, 117, 17, 31, -4]
403:78.41, 1:10 [4, 4740, -4]
406:73.04, 7:10 [4, 6199, 4838, 4157, -4]
407:55.95, 10:10 [4, 116, 62, 24, 123, 90, -4]
fe: 2, se: 12

Day: 1, Time: 365
Total Cost: 774.03
 11:179.78, 35:75 [1, 3, -4, -1]
301:82.44, 8:10 [3, 14, 81, -3]
302:68.54, 5:10 [3, 484, 40, -3]
303:74.44, 7:10 [3, 79, 51, -3]
304:160.09, 8:10 [3, 98, 110, -3]
305:164.88, 7:10 [3, 61, 20, -3]
401:43.86, 4:10 [4, 4118, -4]
fe: 1, se: 6

Day: 1, Time: 405
Total Cost: 1490.64
 11:136.01, 42:75 [1, 3, -3, -1]
 12:153.31, 14:75 [1, 4, -4, -1]
301:150.71, 7:10 [3, 85, 2852, 91, -3]
302:65.46, 7:10 [3, 4994, 68, 2418, -3]
303:67.68, 8:10 [3, 3717, 1080, 4335, -3]
304:128.34, 5:10 [3, 3375, 5205, -3]
305:43.14, 7:10 [3, 2957, 573, -3]
306:139.92, 5:10 [3, 11, 45, 21, 125, -3]
309:90.62, 5:10 [3, 23, 101, -3]
310:47.75, 6:10 [3, 93, 33, -3]
311:89.36, 3:10 [3, 4771, 1577, -3]
312:75.52, 7:10 [3, 952, 2046, 2830, -3]
401:90.76, 8:10 [4, 104, 94, 2658, -4]
402:126.05, 3:10 [4, 5818, 6216, -4]
403:58.00, 1:10 [4, 733, -4]
405:28.02, 8:10 [4, 4573, 121, 71, 1011, -4]
fe: 2, se: 14

Day: 1, Time: 405
Total Cost: 1720.82
 11:66.27, 51:75 [2, 5, -2]
 12:66.27, 39:75 [2, 5, -5, -2]
 13:145.23, 48:75 [2, 6, -6, -2]
501:116.67, 10:10 [5, 99, 5940, 44, 15, 70, -5]
502:124.83, 10:10 [5, 36, 84, 5180, 74, 52, -5]
503:85.00, 8:10 [5, 105, 19, -5]
504:109.11, 9:10 [5, 3086, 9, 122, 48, 53, -5]
505:154.97, 9:10 [5, 54, 67, 55, 47, -5]
506:164.80, 10:10 [5, 78, 3686, 80, 1934, -5]
507:48.99, 5:10 [5, 1363, 66, -5]
508:136.12, 10:10 [5, 82, 4540, 92, 10, -5]
509:51.70, 10:10 [5, 97, 96, 225, -5]
510:79.56, 10:10 [5, 100, 114, 83, 65, 2540, -5]
601:67.71, 10:10 [6, 3063, 106, 4010, 3565, 768, 57, -6]
602:48.27, 9:10 [6, 29, 72, 2376, -6]
603:29.06, 4:10 [6, 77, 49, -6]
604:64.13, 8:10 [6, 13, 8, 28, -6]
605:66.98, 9:10 [6, 58, 5311, 115, 108, -6]
606:95.14, 10:10 [6, 12, 89, 25, 113, -6]
fe: 3, se: 16

Day: 1, Time: 445
Total Cost: 260.42
 11:136.01, 2:75 [1, -3, -1]
301:124.40, 2:10 [3, 5664, -3]
fe: 1, se: 1

Day: 1, Time: 450
Total Cost: 1086.09
 11:66.27, 75:75 [2, 5, -5, -2]
501:142.88, 10:10 [5, 18, 109, 118, -5]
502:116.77, 8:10 [5, 41, 1697, -5]
503:106.86, 8:10 [5, 1228, 69, 86, 59, -5]
504:42.44, 8:10 [5, 1645, 2975, -5]
506:50.41, 8:10 [5, 95, 32, -5]
507:65.45, 8:10 [5, 2680, 4809, 1973, -5]
508:114.94, 9:10 [5, 43, 2566, 22, -5]
509:161.37, 8:10 [5, 46, 3042, 76, -5]
510:106.61, 10:10 [5, 60, 50, 1428, -5]
511:112.09, 2:10 [5, 5274, -5]
fe: 1, se: 10


Day	Area	ID	Time	Load	Utilization	NoOrders	AssignmentCost
1	1	42	300	 63	0.42	31	1410.00
1	1	 8	315	 75	1.00	23	825.00
1	1	 9	360	 75	1.00	24	825.00
1	1	18	765	 20	0.33	10	330.00
1	1	19	810	 60	1.00	24	810.00
1	2	25	225	 75	1.00	36	825.00
1	2	26	270	 35	0.47	10	425.00
1	2	27	315	 56	0.75	27	635.00
1	2	34	630	 16	0.21	 5	235.00
1	2	38	810	 59	0.98	21	798.00


Day	Area	Time	Pickup	Delivery	Direct	FEVehicles	SEVehicles	ALNSTime	ALNSBestTime	RoutingCostArea
1	1	0	61	46	0	4	32	41.40	16.57	3770.04
1	1	55	7	0	0	3	4	0.85	0.00	992.71
1	1	70	2	0	1	1	1	0.25	0.00	729.20
1	1	95	3	0	0	2	3	0.50	0.00	596.88
1	1	115	2	0	0	1	2	0.28	0.00	372.16
1	1	125	1	0	0	1	1	0.20	0.00	266.61
1	1	140	0	0	1	0	0	0.00	0.00	500.00
1	1	350	23	36	0	2	12	12.06	4.36	1567.53
1	1	365	1	10	0	1	6	0.78	0.00	774.03
1	1	405	9	27	0	2	14	4.20	0.00	1490.64
1	1	445	1	0	0	1	1	0.20	0.00	260.42
1	2	5	57	24	0	6	25	26.23	18.07	3040.67
1	2	30	2	0	0	1	2	0.30	0.00	245.33
1	2	65	3	0	0	1	2	0.38	0.00	205.29
1	2	100	7	0	0	1	4	0.51	0.00	502.02
1	2	130	2	0	0	1	2	0.28	0.00	261.47
1	2	145	2	0	0	2	2	0.30	0.00	355.71
1	2	155	2	0	0	1	2	0.30	0.00	219.36
1	2	160	1	0	0	1	1	0.19	0.00	147.88
1	2	180	1	0	1	1	1	0.19	0.00	639.07
1	2	335	12	0	0	2	4	0.96	0.00	655.52
1	2	405	7	54	0	3	16	12.94	9.72	1720.82
1	2	450	2	24	0	1	10	2.14	1.15	1086.09

Day	SL	Own	DispatchTimes	AssignmentCost	RoutingCost	TotalCost
1	9	1	23	7118.00	20399.45	27517.45

Total Cost: 27517.45420740298
Cost per Day: 27517.45420740298
Running time in Seconds: 142.357
Running time in minutes: 2.3726166666666666