INSTANCE: 3hubs_MSD_A_35_x.csv
PARAMETER: ldp_tight.txt
POLICY: LATEST DEPARTURE
ALPHA: 0.0
BETA: 52
OMEGA: 586
EPSILON: 1.0

Day: 1, Time: 0
Total Cost: 6504.74
 11:136.01, 55:75 [1, 4, -4, -1]
 12:136.01, 56:75 [1, 4, -4, -1]
 13:136.01, 32:75 [1, 4, -4, -1]
 14:136.01, 9:75 [1, 4, -4, -1]
 15:153.31, 56:75 [1, 5, -5, -1]
 16:153.31, 47:75 [1, -5, -1]
 17:153.31, 35:75 [1, 5, -5, -1]
 18:153.31, 30:75 [1, -5, -1]
 19:153.31, 9:75 [1, -5, -1]
 21:136.01, 9:75 [1, 4, -4, -1]
401:110.95, 10:10 [4, 8909, 8814, 8958, 8732, 8702, -4]
402:79.85, 10:10 [4, 8753, 8836, 8822, -4]
403:126.20, 9:10 [4, 8721, 8984, 8765, -4]
404:134.91, 5:10 [4, 8701, 8982, -4]
405:164.98, 3:10 [4, 8751, -4]
406:87.59, 8:10 [4, 8619, 8670, 8536, 8651, -4]
407:91.52, 10:10 [4, 8672, 8689, 8591, 8662, -4]
409:74.43, 10:10 [4, 8770, 8857, 8944, 8980, 8869, -4]
410:127.55, 10:10 [4, 8749, 8863, 8876, 8911, -4]
411:156.83, 9:10 [4, 8677, 8675, 8612, 8610, 8685, -4]
412:69.64, 10:10 [4, 8829, 8992, 9007, 8747, -4]
413:87.66, 10:10 [4, 8882, 8824, 8865, 8818, 8740, -4]
415:117.61, 9:10 [4, 8592, 8641, 8628, -4]
416:161.74, 10:10 [4, 8643, 8570, 8532, 8601, 8688, 8578, 8602, -4]
417:125.13, 10:10 [4, 8729, 8895, 8839, 8562, -4]
418:56.18, 10:10 [4, 8853, 8998, 8901, 8719, -4]
419:62.42, 10:10 [4, 8928, 8907, 8840, 8919, -4]
420:155.27, 7:10 [4, 8781, 8815, 8783, -4]
421:40.33, 10:10 [4, 8983, 8706, 9001, -4]
422:112.01, 9:10 [4, 8521, 8694, 8631, -4]
423:135.04, 10:10 [4, 8806, 8768, 8709, 8646, -4]
424:151.35, 4:10 [4, 8934, 8986, -4]
425:102.83, 9:10 [4, 8794, 8881, 8739, 8952, -4]
429:128.12, 9:10 [4, 8682, 9003, 8991, 8541, -4]
430:109.27, 10:10 [4, 8576, 8922, 8890, 8741, 8929, -4]
501:139.48, 9:10 [5, 8600, 8609, 8664, 8543, -5]
502:62.60, 8:10 [5, 8604, 8655, 8938, 8613, -5]
503:47.75, 10:10 [5, 8784, 8883, 8789, 8811, -5]
504:118.49, 7:10 [5, 8746, 8777, -5]
505:140.04, 9:10 [5, 8847, 8787, 8698, 8776, -5]
506:167.34, 1:10 [5, 8995, -5]
507:80.20, 8:10 [5, 8949, 8786, -5]
508:79.23, 10:10 [5, 8666, 8779, 8657, 8520, -5]
509:175.33, 10:10 [5, 8649, 8639, 8590, 8545, 8549, -5]
510:114.80, 10:10 [5, 8903, 8879, 8931, -5]
511:107.79, 10:10 [5, 8954, 8801, 8989, 8878, -5]
512:148.89, 8:10 [5, 8841, 8837, 8757, -5]
513:70.03, 9:10 [5, 8856, 8860, 8875, 8916, -5]
514:167.30, 3:10 [5, 8832, -5]
515:62.24, 10:10 [5, 8892, 8906, 8912, 8723, -5]
517:125.18, 10:10 [5, 8923, 8788, 8671, -5]
518:119.11, 10:10 [5, 8560, 8596, 8537, 8629, 8630, 8642, 8640, -5]
520:105.20, 9:10 [5, 8924, 8899, 8755, 8754, 8859, -5]
521:56.14, 10:10 [5, 8636, 8867, 8533, 8555, -5]
522:107.81, 9:10 [5, 8873, 8774, 8782, -5]
523:10.00, 4:10 [5, 8710, -5]
524:83.73, 9:10 [5, 8898, 8985, 8820, -5]
fe: 10, se: 47

Day: 1, Time: 10
Total Cost: 4064.29
 11:66.27, 66:75 [2, 6, -6, -2]
 12:66.27, 69:75 [2, 6, -6, -2]
 13:66.27, 66:75 [2, 6, -6, -2]
 15:66.27, 27:75 [2, 6, -6, -2]
 16:145.23, 70:75 [2, 7, -7, -2]
 17:145.23, 10:75 [2, 7, -7, -2]
 18:66.27, 9:75 [2, -6, -2]
601:68.94, 10:10 [6, 8632, 8627, 8653, -6]
602:93.39, 9:10 [6, 8611, 9000, 8785, 8999, -6]
603:79.82, 10:10 [6, 8554, 8569, 8683, 8616, -6]
604:59.39, 10:10 [6, 8571, 8535, 8531, -6]
605:146.85, 10:10 [6, 8979, 8744, 8990, 8809, -6]
606:32.87, 6:10 [6, 8635, 8648, -6]
607:99.45, 9:10 [6, 15469, 8932, 8730, -6]
608:128.76, 10:10 [6, 8587, 8593, 8598, 8575, 8935, -6]
609:83.59, 10:10 [6, 8970, 9002, 8942, 8988, -6]
610:112.65, 9:10 [6, 8796, 8997, 8817, 8825, -6]
611:14.00, 4:10 [6, 8886, -6]
612:93.95, 8:10 [6, 8871, 8716, 8827, -6]
613:126.24, 10:10 [6, 8524, 8625, 8638, 8550, -6]
614:105.89, 10:10 [6, 8927, 8736, 8933, -6]
616:121.51, 10:10 [6, 8848, 8712, 8948, 8914, 8637, -6]
617:110.95, 10:10 [6, 8974, 8717, 8793, 8838, 8904, -6]
618:160.50, 10:10 [6, 8582, 8715, 8557, 8538, 8679, 8606, -6]
619:74.48, 8:10 [6, 8850, 8910, -6]
622:42.04, 10:10 [6, 8727, 8762, 9005, 8868, 8925, -6]
623:138.70, 10:10 [6, 8978, 8808, 8963, 8803, -6]
626:115.12, 10:10 [6, 8572, 8660, 8567, 8680, 8623, -6]
627:39.71, 9:10 [6, 8913, 8805, 8834, -6]
629:42.66, 7:10 [6, 8858, 8800, -6]
630:61.49, 10:10 [6, 8766, 8880, 8656, 8773, 8977, 8887, -6]
632:71.80, 10:10 [6, 8799, 8790, 8946, 8707, -6]
634:151.00, 10:10 [6, 8684, 8758, 8993, 8529, 8797, -6]
637:88.50, 10:10 [6, 8699, 8605, 8620, 8893, -6]
638:107.62, 9:10 [6, 8894, 8956, 8961, 8828, -6]
701:26.31, 4:10 [7, 8658, -7]
702:66.84, 10:10 [7, 8792, 8955, 8711, -7]
703:73.19, 10:10 [7, 8528, 8552, 8665, 8565, -7]
704:62.61, 10:10 [7, 8595, 8704, 8772, 8842, -7]
705:46.01, 9:10 [7, 8874, 8819, 8645, -7]
706:74.56, 8:10 [7, 8540, 8705, 8548, 8960, 8752, -7]
707:91.01, 8:10 [7, 8652, 8530, 8586, 8690, 8676, -7]
708:37.25, 10:10 [7, 8900, 8821, 8734, 8930, -7]
709:87.60, 10:10 [7, 8756, 9008, 8731, 8722, -7]
710:75.74, 10:10 [7, 8692, 8650, 8695, 8568, 8603, -7]
711:66.09, 9:10 [7, 8708, 8971, 8926, 8843, 8981, -7]
712:35.07, 8:10 [7, 8626, 8607, 8681, -7]
713:55.27, 8:10 [7, 8959, 8891, 8846, -7]
714:73.03, 10:10 [7, 8615, 8968, 8975, 8889, -7]
fe: 7, se: 42

Day: 1, Time: 35
Total Cost: 4874.34
 11:94.59, 75:75 [3, 8, -8, -3]
 12:90.24, 72:75 [3, 9, -9, -3]
 13:94.59, 42:75 [3, 8, -8, -3]
 15:90.24, 65:75 [3, 9, -9, -3]
 16:90.24, 20:75 [3, 9, -9, -3]
 17:90.24, 10:75 [3, -9, -3]
 19:90.24, 19:75 [3, 9, -9, -3]
801:42.85, 8:10 [8, 8668, 8624, -8]
802:64.16, 10:10 [8, 8661, 8583, 8566, -8]
803:92.37, 4:10 [8, 8737, 8686, 8795, 8967, 8915, -8]
804:102.78, 10:10 [8, 8845, 8966, 8951, -8]
805:73.44, 9:10 [8, 8844, 8771, 8804, -8]
806:125.74, 10:10 [8, 8547, 8622, 8659, -8]
807:91.51, 10:10 [8, 8594, 8725, 9835, 8921, 8588, -8]
808:111.22, 10:10 [8, 8953, 8962, 8918, 8760, 8697, -8]
809:125.97, 10:10 [8, 8551, 8644, 8544, 8614, -8]
810:74.68, 5:10 [8, 8534, 8798, 9009, -8]
811:85.70, 9:10 [8, 8525, 8539, 8687, -8]
812:104.94, 10:10 [8, 8745, 8939, 8855, 8870, -8]
813:59.96, 10:10 [8, 8969, 8996, 8831, 8945, -8]
814:67.48, 7:10 [8, 8964, 8823, -8]
815:107.64, 10:10 [8, 8574, 8888, 12694, 9500, 8674, -8]
816:105.13, 10:10 [8, 8950, 8726, 13084, -8]
817:109.22, 10:10 [8, 8743, 17079, 8987, 8663, 8972, -8]
818:114.06, 8:10 [8, 8884, 8767, 9129, 8617, -8]
819:75.44, 10:10 [8, 8957, 8802, 8937, 8943, -8]
901:103.76, 10:10 [9, 8691, 8522, 8526, -9]
902:82.06, 9:10 [9, 8527, 8546, 8564, -9]
903:73.27, 10:10 [9, 8728, 8908, 8703, 8812, -9]
904:101.16, 9:10 [9, 8542, 8581, 8597, -9]
905:93.70, 10:10 [9, 8733, 8835, 8769, 8862, -9]
906:131.77, 10:10 [9, 8830, 8861, 14663, 8718, -9]
907:70.90, 10:10 [9, 8761, 8941, 8561, 8764, 8621, -9]
908:106.79, 10:10 [9, 8849, 8852, 8833, 8791, -9]
909:26.83, 4:10 [9, 8633, -9]
910:113.64, 10:10 [9, 9006, 8720, 8897, 8748, -9]
911:132.54, 10:10 [9, 8577, 8678, 8608, 8976, 8579, -9]
912:94.19, 10:10 [9, 8669, 8599, 8696, 8589, 8584, 8573, -9]
913:91.19, 9:10 [9, 8763, 8816, 8885, -9]
914:109.57, 10:10 [9, 8905, 8742, 8920, 13184, -9]
915:163.37, 9:10 [9, 8558, 8553, 8559, 8759, 8634, -9]
916:76.24, 9:10 [9, 8556, 8780, 8877, 12494, 8735, -9]
917:87.15, 10:10 [9, 13922, 8947, 8872, 8994, -9]
918:105.03, 10:10 [9, 8738, 8713, 8523, 8896, 8973, -9]
919:68.94, 7:10 [9, 8902, 8775, 8700, -9]
920:156.78, 10:10 [9, 8654, 8580, 8673, 8563, 8667, -9]
921:27.71, 7:10 [9, 8940, 8807, -9]
922:108.68, 10:10 [9, 9004, 11516, 8714, 8724, -9]
923:38.07, 8:10 [9, 8864, 8965, -9]
926:100.00, 10:10 [9, 8866, 8778, 8851, 8917, -9]
927:75.98, 10:10 [9, 8813, 8810, 8750, 8826, -9]
930:115.40, 9:10 [9, 8693, 8854, 11004, 8936, -9]
932:44.90, 9:10 [9, 8647, 8585, 8618, -9]
fe: 7, se: 46

Day: 1, Time: 40
Total Cost: 597.37
 11:66.27, 24:75 [2, -6, -2]
601:150.09, 4:10 [6, 12841, 10449, -6]
602:104.48, 8:10 [6, 10843, 15320, 10287, -6]
603:131.68, 6:10 [6, 14870, 14451, -6]
604:144.84, 6:10 [6, 12878, 10576, -6]
fe: 1, se: 4

Day: 1, Time: 50
Total Cost: 939.34
 11:136.01, 7:75 [1, -4, -1]
 12:136.01, 2:75 [1, -4, -1]
 13:153.31, 9:75 [1, -5, -1]
401:149.18, 7:10 [4, 10425, 15651, 9477, -4]
402:126.61, 2:10 [4, 16462, 16684, -4]
501:144.12, 2:10 [5, 10051, 16626, -5]
502:94.09, 7:10 [5, 13071, 17184, 10575, -5]
fe: 3, se: 4

Day: 1, Time: 60
Total Cost: 301.71
 12:90.24, 5:75 [3, -9, -3]
901:115.26, 2:10 [9, 14828, -9]
902:96.21, 3:10 [9, 9739, -9]
fe: 1, se: 2

Day: 1, Time: 65
Total Cost: 445.70
 12:66.27, 20:75 [2, -6, -2]
601:91.66, 5:10 [6, 11650, 11952, -6]
602:99.64, 5:10 [6, 9199, 16782, -6]
603:82.80, 2:10 [6, 11575, -6]
604:105.33, 8:10 [6, 13450, 10411, -6]
fe: 1, se: 4

Day: 1, Time: 90
Total Cost: 953.13
 11:136.01, 19:75 [1, -4, -1]
 12:136.01, 2:75 [1, -4, -1]
 13:153.31, 11:75 [1, -5, -1]
401:70.40, 10:10 [4, 16489, 13091, 10412, -4]
402:127.48, 9:10 [4, 10645, 15149, 9218, -4]
403:66.48, 2:10 [4, 9158, -4]
501:157.88, 7:10 [5, 15350, 13939, -5]
502:105.55, 4:10 [5, 11647, -5]
fe: 3, se: 5

Day: 1, Time: 105
Total Cost: 279.23
 11:136.01, 1:75 [1, -4, -1]
401:143.22, 1:10 [4, 11524, -4]
fe: 1, se: 1

Day: 1, Time: 105
Total Cost: 594.66
 11:66.27, 13:75 [2, -6, -2]
 12:66.27, 15:75 [2, -6, -2]
602:176.37, 5:10 [6, 14958, 16444, 13687, 14727, -6]
603:142.95, 10:10 [6, 17208, 11763, 15488, 14818, 16393, -6]
604:65.43, 5:10 [6, 10322, 10240, -6]
605:77.37, 8:10 [6, 16691, 14640, -6]
fe: 2, se: 4

Day: 1, Time: 110
Total Cost: 780.76
 12:94.59, 1:75 [3, -8, -3]
 13:90.24, 12:75 [3, -9, -3]
 14:90.24, 18:75 [3, -9, -3]
802:8.49, 1:10 [8, 12935, -8]
901:54.59, 4:10 [9, 11636, -9]
902:105.33, 3:10 [9, 12266, 10704, -9]
903:104.53, 6:10 [9, 14896, 11878, -9]
904:57.75, 8:10 [9, 11130, 9645, -9]
905:83.06, 6:10 [9, 12940, 14773, -9]
906:91.93, 3:10 [9, 12442, -9]
fe: 3, se: 7

Day: 1, Time: 115
Total Cost: 209.92
 11:66.27, 5:75 [2, -6, -2]
601:36.22, 1:10 [6, 13605, -6]
602:107.42, 4:10 [6, 14382, -6]
fe: 1, se: 2

Day: 1, Time: 115
Total Cost: 468.27
 12:94.59, 3:75 [3, -8, -3]
 13:90.24, 4:75 [3, -9, -3]
802:127.44, 3:10 [8, 10468, 15958, -8]
901:78.79, 1:10 [9, 16616, -9]
902:77.20, 3:10 [9, 10817, -9]
fe: 2, se: 3

Day: 1, Time: 125
Total Cost: 456.79
 11:66.27, 4:75 [2, -6, -2]
 12:66.27, 4:75 [2, -6, -2]
601:59.36, 4:10 [6, 13267, -6]
602:125.60, 2:10 [6, 16734, -6]
603:139.28, 2:10 [6, 12403, -6]
fe: 2, se: 3

Day: 1, Time: 130
Total Cost: 557.40
 11:94.59, 6:75 [3, -8, -3]
 12:90.24, 5:75 [3, -9, -3]
801:84.31, 3:10 [8, 15222, -8]
802:100.90, 3:10 [8, 9478, -8]
901:101.27, 3:10 [9, 9804, -9]
902:75.31, 1:10 [9, 9302, -9]
903:10.77, 1:10 [9, 11634, -9]
fe: 2, se: 5

Day: 1, Time: 135
Total Cost: 150.65
 11:66.27, 4:75 [2, -6, -2]
601:84.38, 4:10 [6, 16512, -6]
fe: 1, se: 1

Day: 1, Time: 140
Total Cost: 598.78
 11:136.01, 5:75 [1, -4, -1]
 12:153.31, 18:75 [1, -5, -1]
401:68.58, 5:10 [4, 10136, 15667, -4]
501:102.32, 7:10 [5, 14028, 12434, -5]
502:82.84, 7:10 [5, 13211, 15116, -5]
503:55.71, 4:10 [5, 10019, -5]
fe: 2, se: 4

Day: 1, Time: 150
Total Cost: 355.41
 11:66.27, 1:75 [2, -6, -2]
 12:145.23, 1:75 [2, -7, -2]
601:93.74, 1:10 [6, 16068, -6]
701:50.16, 1:10 [7, 15588, -7]
fe: 2, se: 2

Day: 1, Time: 155
Total Cost: 202.28
 11:66.27, 2:75 [2, -6, -2]
601:99.30, 1:10 [6, 16602, -6]
602:36.72, 1:10 [6, 14311, -6]
fe: 1, se: 2

Day: 1, Time: 165
Total Cost: 423.94
 11:136.01, 6:75 [1, -4, -1]
 12:153.31, 3:75 [1, -5, -1]
401:74.62, 6:10 [4, 11460, 11296, -4]
501:60.00, 3:10 [5, 10283, -5]
fe: 2, se: 2

Day: 1, Time: 170
Total Cost: 150.44
 11:136.01, 3:75 [1, -4, -1]
401:14.42, 3:10 [4, 16280, -4]
fe: 1, se: 1

Day: 1, Time: 170
Total Cost: 524.98
 11:94.59, 8:75 [3, -8, -3]
 12:94.59, 1:75 [3, -8, -3]
 13:90.24, 4:75 [3, -9, -3]
801:132.81, 8:10 [8, 16301, 14047, -8]
802:28.00, 1:10 [8, 12173, -8]
901:84.74, 4:10 [9, 12418, 11523, -9]
fe: 3, se: 3

Day: 1, Time: 175
Total Cost: 167.86
 11:66.27, 6:75 [2, -6, -2]
601:101.59, 6:10 [6, 11741, 12090, -6]
fe: 1, se: 1

Day: 1, Time: 180
Total Cost: 226.29
 11:94.59, 5:75 [3, -8, -3]
801:131.70, 5:10 [8, 10825, 12013, -8]
fe: 1, se: 1

Day: 1, Time: 190
Total Cost: 321.80
 11:66.27, 2:75 [2, -6, -2]
 12:66.27, 4:75 [2, -6, -2]
601:136.76, 2:10 [6, 12612, 15840, -6]
602:52.50, 4:10 [6, 9905, -6]
fe: 2, se: 2

Day: 1, Time: 290
Total Cost: 948.62
 11:136.01, 15:75 [1, -4, -1]
 12:153.31, 22:75 [1, -5, -1]
401:205.92, 8:10 [4, 13217, 11156, 14868, -4]
402:122.29, 7:10 [4, 14318, 13625, 16769, 14190, -4]
501:138.82, 8:10 [5, 9378, 15577, 10353, -5]
502:44.49, 5:10 [5, 16017, 12017, 10679, -5]
503:147.78, 9:10 [5, 13183, 16200, 14126, -5]
fe: 2, se: 5

Day: 1, Time: 300
Total Cost: 794.11
 11:66.27, 36:75 [2, -6, -2]
 12:145.23, 15:75 [2, -7, -2]
601:179.44, 10:10 [6, 13438, 11036, 10109, 12510, 11236, 11270, -6]
602:83.47, 10:10 [6, 14423, 9642, 16343, -6]
603:100.97, 9:10 [6, 14428, 14179, 13915, -6]
604:73.93, 7:10 [6, 13358, 11666, 12408, -6]
701:104.09, 10:10 [7, 15976, 10879, 9564, 15849, 11105, -7]
702:40.71, 5:10 [7, 14250, 15649, -7]
fe: 2, se: 6

Day: 1, Time: 310
Total Cost: 839.22
 11:90.24, 20:75 [3, -9, -3]
 13:94.59, 27:75 [3, -8, -3]
801:124.20, 8:10 [8, 16418, 9693, 17052, 12544, -8]
802:94.83, 9:10 [8, 14430, 14510, 13749, 12556, -8]
804:142.39, 10:10 [8, 12137, 15629, 14972, 11052, 11220, -8]
901:149.86, 10:10 [9, 15628, 11333, 16508, 15471, 10581, -9]
904:143.10, 10:10 [9, 14932, 15120, 16763, 16808, 9263, -9]
fe: 2, se: 5

Day: 1, Time: 360
Total Cost: 1336.67
 11:136.01, 32:75 [1, 4, -4, -1]
 12:153.31, 25:75 [1, 5, -5, -1]
401:145.98, 7:10 [4, 6586, 12303, 45, 9889, 13710, -4]
402:134.62, 10:10 [4, 4760, 17194, 298, 312, 235, -4]
403:135.49, 9:10 [4, 13390, 100, 14506, 5692, -4]
404:72.93, 6:10 [4, 5950, 12259, 11564, -4]
405:195.25, 10:10 [4, 15424, 318, 13325, 7822, -4]
501:107.39, 9:10 [5, 1632, 4084, 1550, -5]
502:124.15, 8:10 [5, 307, 2960, 38, -5]
503:131.53, 10:10 [5, 4577, 11503, 16503, 265, -5]
fe: 2, se: 8

Day: 1, Time: 375
Total Cost: 490.06
 11:136.01, 10:75 [1, 4, -4, -1]
401:103.25, 1:10 [4, 6898, -4]
402:134.34, 8:10 [4, 14119, 13671, 16113, -4]
403:116.45, 2:10 [4, 7378, 12820, -4]
fe: 1, se: 3

Day: 1, Time: 380
Total Cost: 890.80
 11:94.59, 38:75 [3, 8, -8, -3]
 12:90.24, 11:75 [3, -9, -3]
801:128.55, 8:10 [8, 9470, 1721, 10697, -8]
802:117.72, 8:10 [8, 14218, 2387, 12237, -8]
803:32.98, 4:10 [8, 16333, -8]
804:78.74, 10:10 [8, 10672, 11377, 15073, -8]
805:87.26, 8:10 [8, 15420, 12080, 14939, -8]
901:130.87, 8:10 [9, 13427, 11312, 15410, 13594, 16269, -9]
902:129.85, 3:10 [9, 13776, 14998, -9]
fe: 2, se: 7

Day: 1, Time: 405
Total Cost: 2194.36
 11:136.01, 58:75 [1, 4, -4, -1]
 12:153.31, 56:75 [1, 5, -5, -1]
401:73.26, 10:10 [4, 304, 210, 105, 164, -4]
402:155.11, 8:10 [4, 6779, 288, 253, -4]
403:66.14, 5:10 [4, 198, 2944, 300, -4]
404:72.83, 8:10 [4, 11078, 135, 129, -4]
405:56.41, 5:10 [4, 182, 3804, 143, 190, -4]
406:62.48, 3:10 [4, 154, -4]
407:96.60, 3:10 [4, 44, -4]
408:102.22, 4:10 [4, 4494, -4]
409:49.03, 4:10 [4, 16681, -4]
410:29.73, 4:10 [4, 252, -4]
411:133.32, 5:10 [4, 9875, 12577, -4]
412:87.06, 6:10 [4, 160, 148, -4]
416:83.52, 5:10 [4, 310, 156, -4]
501:150.11, 9:10 [5, 6630, 66, 83, 117, -5]
502:70.09, 6:10 [5, 199, 8389, -5]
503:65.88, 7:10 [5, 509, 103, -5]
504:51.89, 4:10 [5, 12228, 810, -5]
505:51.53, 7:10 [5, 224, 102, 8092, -5]
506:56.47, 5:10 [5, 32, 15125, 48, -5]
508:155.77, 6:10 [5, 109, 46, 214, -5]
510:63.86, 6:10 [5, 155, 73, -5]
511:46.75, 7:10 [5, 171, 788, -5]
512:124.96, 2:10 [5, 9261, -5]
fe: 2, se: 23

Day: 1, Time: 405
Total Cost: 1973.48
 11:66.27, 57:75 [2, 6, -6, -2]
 12:145.23, 27:75 [2, 7, -7, -2]
601:130.41, 8:10 [6, 16493, 61, 11549, -6]
602:151.02, 8:10 [6, 14174, 244, 169, -6]
603:142.92, 9:10 [6, 14691, 191, 217, -6]
604:146.77, 8:10 [6, 2440, 16519, 133, -6]
605:124.67, 10:10 [6, 955, 316, 24, 180, 12355, -6]
606:93.79, 9:10 [6, 10239, 11909, 9662, -6]
607:116.37, 7:10 [6, 9355, 12245, 6138, 3483, -6]
608:120.83, 8:10 [6, 13682, 259, 11035, -6]
609:120.56, 9:10 [6, 11080, 36, 63, -6]
610:135.09, 5:10 [6, 205, 15206, 254, 11323, -6]
612:126.42, 7:10 [6, 226, 311, 11514, -6]
701:38.33, 8:10 [7, 787, 84, 172, 12707, -7]
702:53.25, 6:10 [7, 189, 3752, -7]
703:69.23, 3:10 [7, 13952, 47, -7]
704:71.50, 7:10 [7, 13, 263, 112, -7]
705:73.72, 5:10 [7, 468, 28, -7]
706:47.08, 8:10 [7, 16723, 9630, -7]
fe: 2, se: 17

Day: 1, Time: 405
Total Cost: 1994.76
 11:94.59, 56:75 [3, 8, -8, -3]
 12:90.24, 54:75 [3, 9, -9, -3]
801:76.42, 1:10 [8, 94, -8]
802:116.77, 5:10 [8, 1886, 209, 153, -8]
803:97.35, 6:10 [8, 14745, 10017, 149, -8]
804:89.27, 7:10 [8, 268, 309, 315, -8]
805:101.63, 8:10 [8, 193, 183, -8]
806:98.49, 10:10 [8, 39, 278, 124, 152, -8]
807:113.07, 9:10 [8, 271, 293, 181, -8]
808:82.26, 6:10 [8, 127, 289, 11906, 10804, -8]
810:70.59, 8:10 [8, 11438, 281, 234, 51, -8]
901:120.81, 7:10 [9, 220, 167, 299, -9]
902:111.80, 7:10 [9, 242, 188, 134, -9]
903:65.79, 3:10 [9, 40, -9]
904:120.11, 5:10 [9, 296, 82, -9]
905:121.61, 8:10 [9, 292, 264, 29, -9]
906:95.80, 10:10 [9, 144, 14994, 4381, 229, 107, -9]
907:92.19, 5:10 [9, 15710, 37, 8494, -9]
908:118.30, 4:10 [9, 280, 75, -9]
910:117.68, 7:10 [9, 168, 211, 284, -9]
fe: 2, se: 18

Day: 1, Time: 420
Total Cost: 458.80
 11:151.76, 13:75 [2, -6, -7, -2]
601:137.86, 6:10 [6, 11133, 12529, 16544, -6]
701:99.18, 6:10 [7, 12908, 11773, -7]
702:70.00, 1:10 [7, 14249, -7]
fe: 1, se: 3

Day: 1, Time: 425
Total Cost: 263.27
 11:153.31, 7:75 [1, -5, -1]
501:109.96, 7:10 [5, 15483, 12429, -5]
fe: 1, se: 1

Day: 1, Time: 440
Total Cost: 169.07
 11:94.59, 7:75 [3, -8, -3]
801:74.48, 7:10 [8, 14185, 16633, -8]
fe: 1, se: 1

Day: 1, Time: 450
Total Cost: 877.79
 11:136.01, 11:75 [1, 4, -1]
 12:153.31, 9:75 [1, 5, -1]
401:121.08, 1:10 [4, 72, -4]
402:124.40, 4:10 [4, 15, -4]
403:13.42, 3:10 [4, 1145, -4]
404:116.36, 3:10 [4, 2314, -4]
502:107.20, 4:10 [5, 4394, -5]
503:106.00, 5:10 [5, 1759, 314, -5]
fe: 2, se: 6

Day: 1, Time: 450
Total Cost: 1553.02
 11:66.27, 44:75 [2, 6, -2]
 12:145.23, 3:75 [2, 7, -2]
601:69.66, 2:10 [6, 90, -6]
602:82.68, 1:10 [6, 2014, -6]
603:66.57, 4:10 [6, 1329, -6]
604:81.61, 3:10 [6, 219, -6]
605:79.40, 3:10 [6, 306, -6]
606:66.03, 1:10 [6, 2834, -6]
607:77.18, 3:10 [6, 123, -6]
608:80.00, 4:10 [6, 67, -6]
609:66.48, 2:10 [6, 11, -6]
610:71.69, 1:10 [6, 200, -6]
611:64.40, 1:10 [6, 5973, -6]
612:82.02, 1:10 [6, 35, -6]
613:79.85, 3:10 [6, 1114, -6]
614:83.19, 4:10 [6, 221, -6]
615:68.03, 3:10 [6, 250, -6]
616:71.67, 4:10 [6, 151, 225, -6]
617:74.22, 2:10 [6, 3062, -6]
618:76.84, 2:10 [6, 140, -6]
701:0.00, 3:10 [7, 7590, -7]
fe: 2, se: 19

Day: 1, Time: 450
Total Cost: 786.42
 11:94.59, 16:75 [3, 8, -3]
 12:90.24, 26:75 [3, 9, -3]
801:48.83, 3:10 [8, 5338, -8]
802:48.83, 4:10 [8, 317, -8]
803:55.03, 1:10 [8, 7912, -8]
804:46.00, 4:10 [8, 196, -8]
805:54.00, 4:10 [8, 97, -8]
901:52.80, 3:10 [9, 78, -9]
902:52.50, 3:10 [9, 2606, -9]
903:48.44, 6:10 [9, 111, 3713, -9]
904:58.00, 4:10 [9, 31, -9]
905:46.39, 4:10 [9, 1215, -9]
907:45.12, 2:10 [9, 131, -9]
908:45.65, 4:10 [9, 243, -9]
fe: 2, se: 12

Day: 1, Time: 460
Total Cost: 1603.44
 11:136.01, 48:75 [1, 4, -1]
 12:153.31, 38:75 [1, 5, -1]
401:55.26, 8:10 [4, 266, 2826, 62, -4]
402:109.42, 3:10 [4, 201, -4]
403:104.17, 1:10 [4, 162, -4]
404:90.55, 2:10 [4, 237, -4]
405:96.60, 2:10 [4, 26, -4]
406:94.93, 3:10 [4, 4997, 246, -4]
408:87.91, 9:10 [4, 251, 23, 277, -4]
409:68.09, 10:10 [4, 126, 8001, 10, -4]
410:68.64, 10:10 [4, 223, 119, 70, -4]
501:38.85, 4:10 [5, 22, 122, -5]
502:81.18, 5:10 [5, 27, 204, -5]
503:51.89, 6:10 [5, 249, 141, 7926, -5]
504:96.60, 2:10 [5, 187, -5]
505:64.69, 6:10 [5, 247, 255, -5]
506:77.31, 6:10 [5, 256, 273, -5]
508:85.90, 6:10 [5, 113, 3728, -5]
509:42.13, 3:10 [5, 2885, 52, -5]
fe: 2, se: 17

Day: 1, Time: 460
Total Cost: 1921.39
 11:66.27, 71:75 [2, 6, -2]
 12:66.27, 14:75 [2, 6, -2]
 13:145.23, 13:75 [2, 7, -2]
601:142.67, 9:10 [6, 297, 176, 1722, -6]
602:164.55, 5:10 [6, 1778, 261, -6]
603:61.19, 3:10 [6, 279, -6]
604:57.72, 1:10 [6, 612, -6]
605:49.40, 6:10 [6, 241, 49, -6]
606:28.84, 7:10 [6, 7611, 81, -6]
607:60.96, 1:10 [6, 2833, -6]
608:137.54, 8:10 [6, 216, 3188, 6961, -6]
609:32.68, 2:10 [6, 262, 57, -6]
610:165.09, 4:10 [6, 6083, 42, -6]
611:55.32, 2:10 [6, 267, -6]
612:46.72, 5:10 [6, 108, 194, -6]
613:30.01, 7:10 [6, 43, 150, -6]
614:50.45, 5:10 [6, 7268, 56, -6]
615:50.83, 6:10 [6, 166, 6977, -6]
616:47.00, 4:10 [6, 1361, 218, -6]
617:146.89, 6:10 [6, 290, 121, 295, -6]
620:123.13, 4:10 [6, 272, 91, 7936, -6]
701:68.51, 7:10 [7, 179, 6532, -7]
702:79.94, 2:10 [7, 80, 145, -7]
703:44.18, 4:10 [7, 4521, -7]
fe: 3, se: 21

Day: 1, Time: 460
Total Cost: 1183.41
 11:94.59, 27:75 [3, 8, -3]
 12:90.24, 56:75 [3, 9, -3]
801:102.51, 5:10 [8, 186, 3744, -8]
802:110.46, 10:10 [8, 3051, 59, 287, -8]
803:118.46, 9:10 [8, 6268, 92, 96, -8]
804:22.09, 3:10 [8, 14, -8]
901:17.89, 3:10 [9, 303, -9]
902:118.78, 7:10 [9, 41, 12, 202, 3400, -9]
903:38.83, 4:10 [9, 269, -9]
904:129.44, 10:10 [9, 146, 163, 1955, -9]
905:20.88, 2:10 [9, 8044, -9]
906:30.00, 4:10 [9, 20, -9]
907:119.66, 10:10 [9, 7799, 2153, 65, 93, -9]
908:34.93, 3:10 [9, 137, -9]
909:18.83, 5:10 [9, 16, 95, -9]
911:115.82, 8:10 [9, 6180, 87, 118, -9]
fe: 2, se: 14

Day: 1, Time: 495
Total Cost: 656.64
 11:136.01, 27:75 [1, 4, -1]
 12:153.31, 23:75 [1, 5, -1]
401:40.00, 4:10 [4, 6206, -4]
402:39.45, 3:10 [4, 21, -4]
403:40.25, 4:10 [4, 165, -4]
404:12.88, 5:10 [4, 1049, 136, -4]
405:30.34, 4:10 [4, 206, 178, -4]
407:38.42, 3:10 [4, 77, -4]
408:42.19, 4:10 [4, 275, -4]
501:22.09, 1:10 [5, 212, -5]
502:21.26, 3:10 [5, 6128, -5]
503:12.17, 3:10 [5, 68, -5]
504:26.68, 4:10 [5, 115, -5]
506:15.44, 5:10 [5, 54, 88, -5]
507:17.20, 3:10 [5, 74, -5]
508:8.94, 4:10 [5, 195, -5]
fe: 2, se: 14

Day: 1, Time: 495
Total Cost: 1565.61
 11:66.27, 66:75 [2, 6, -2]
 12:145.23, 19:75 [2, 7, -2]
601:82.33, 5:10 [6, 19, 301, -6]
602:92.02, 3:10 [6, 104, 60, -6]
603:94.53, 7:10 [6, 231, 4250, -6]
604:85.95, 7:10 [6, 6426, 4401, -6]
605:105.77, 2:10 [6, 6459, -6]
606:100.50, 2:10 [6, 3576, -6]
607:98.95, 3:10 [6, 319, -6]
608:85.04, 7:10 [6, 116, 58, -6]
609:83.19, 4:10 [6, 313, -6]
610:98.31, 7:10 [6, 260, 1885, -6]
611:90.44, 6:10 [6, 99, 132, -6]
612:100.11, 4:10 [6, 139, 120, -6]
613:81.30, 9:10 [6, 142, 161, 213, -6]
701:22.13, 6:10 [7, 3323, 308, -7]
702:32.56, 2:10 [7, 227, -7]
703:18.44, 2:10 [7, 85, -7]
704:34.18, 1:10 [7, 192, -7]
705:22.36, 4:10 [7, 4004, -7]
707:26.00, 4:10 [7, 2957, -7]
fe: 2, se: 19

Day: 1, Time: 495
Total Cost: 2022.74
 11:94.59, 35:75 [3, 8, -3]
 12:90.24, 52:75 [3, 9, -3]
801:65.49, 4:10 [8, 3073, 110, -8]
802:72.14, 4:10 [8, 239, -8]
803:79.12, 3:10 [8, 5249, -8]
804:83.74, 1:10 [8, 7754, -8]
805:78.10, 3:10 [8, 184, -8]
806:67.08, 1:10 [8, 5621, -8]
807:60.37, 4:10 [8, 76, 147, -8]
808:82.61, 3:10 [8, 222, -8]
810:62.22, 8:10 [8, 158, 138, 4188, -8]
811:80.52, 2:10 [8, 185, -8]
812:84.10, 2:10 [8, 294, -8]
901:65.60, 1:10 [9, 258, -9]
902:77.79, 1:10 [9, 4915, -9]
903:82.61, 3:10 [9, 130, -9]
904:84.31, 2:10 [9, 232, -9]
905:74.05, 6:10 [9, 1597, 128, -9]
906:62.07, 5:10 [9, 236, 98, 8518, -9]
907:50.23, 9:10 [9, 240, 6660, 6798, -9]
908:78.17, 7:10 [9, 291, 157, -9]
909:87.13, 4:10 [9, 528, -9]
910:81.44, 3:10 [9, 1593, -9]
911:88.41, 2:10 [9, 106, -9]
912:60.02, 5:10 [9, 302, 86, -9]
913:78.59, 2:10 [9, 1735, -9]
914:52.00, 2:10 [9, 125, -9]
fe: 2, se: 25

Day: 1, Time: 525
Total Cost: 234.75
 11:66.27, 15:75 [2, 6, -2]
601:16.49, 1:10 [6, 7772, -6]
602:38.07, 4:10 [6, 50, 33, -6]
604:42.09, 5:10 [6, 230, 228, -6]
605:31.62, 1:10 [6, 71, -6]
607:40.21, 4:10 [6, 173, 175, -6]
fe: 1, se: 5

Day: 1, Time: 525
Total Cost: 387.80
 11:94.59, 14:75 [3, 8, -3]
 12:90.24, 11:75 [3, 9, -3]
801:24.08, 4:10 [8, 285, -8]
802:24.00, 3:10 [8, 2770, -8]
803:25.30, 3:10 [8, 5761, -8]
804:14.56, 2:10 [8, 1446, -8]
805:22.36, 2:10 [8, 18, -8]
901:16.22, 4:10 [9, 270, 208, -9]
902:28.07, 1:10 [9, 4151, -9]
903:4.00, 3:10 [9, 3262, -9]
904:22.00, 2:10 [9, 7703, -9]
906:22.36, 1:10 [9, 64, -9]
fe: 2, se: 10

Day: 1, Time: 550
Total Cost: 68.27
 11:66.27, 1:75 [2, 6, -2]
601:2.00, 1:10 [6, 305, -6]
fe: 1, se: 1


Day	Area	ID	Time	Load	Utilization	NoOrders	AssignmentCost
1	1	 8	315	 60	1.00	21	675.00
1	1	27	315	 38	0.63	18	455.00
1	1	 9	360	 52	0.87	17	595.00
1	1	119	400	 95	0.79	37	2050.00
1	1	10	405	 60	1.00	23	675.00
1	1	29	405	 36	0.60	12	435.00
1	1	11	450	 21	0.29	10	228.00
1	1	120	500	  1	0.01	 1	136.00
1	1	123	800	 24	0.25	 8	756.00
1	1	19	810	 48	1.00	21	666.00
1	1	38	810	 48	1.00	18	666.00
1	2	136	300	 51	0.43	18	1170.00
1	2	46	315	 60	1.00	24	675.00
1	2	65	315	 60	1.00	23	675.00
1	2	238	315	  1	0.01	 1	340.00
1	2	239	315	  1	0.01	 1	340.00
1	2	47	360	 25	0.42	 9	325.00
1	2	137	400	 78	0.65	30	1710.00
1	2	48	405	 57	0.95	24	645.00
1	2	49	450	 20	0.28	 8	220.00
1	2	141	800	 39	0.41	12	1116.00
1	2	57	810	 48	1.00	25	666.00
1	2	76	810	 48	1.00	19	666.00
1	3	154	300	 11	0.09	 3	370.00
1	3	84	315	 60	1.00	24	675.00
1	3	103	315	 59	0.98	23	665.00
1	3	85	360	 32	0.53	14	395.00
1	3	155	400	 94	0.78	38	2030.00
1	3	86	405	 60	1.00	21	675.00
1	3	105	405	  9	0.15	 3	165.00
1	3	87	450	 20	0.28	 8	220.00
1	3	159	800	 38	0.40	14	1092.00
1	3	95	810	 48	1.00	22	666.00
1	3	114	810	 48	1.00	22	666.00


Day	Area	Time	Pickup	Delivery	Direct	FEVehicles	SEVehicles	ALNSTime	ALNSBestTime	RoutingCostArea
1	1	0	112	58	0	10	47	116.37	76.31	6504.74
1	1	50	10	0	0	3	4	1.04	0.00	939.34
1	1	90	10	0	0	3	5	0.91	0.00	953.13
1	1	105	1	0	0	1	1	0.19	0.00	279.23
1	1	140	7	0	0	2	4	0.55	0.00	598.78
1	1	165	3	0	0	2	2	0.53	0.00	423.94
1	1	170	1	0	1	1	1	0.18	0.00	650.44
1	1	290	16	0	0	2	5	1.54	0.86	948.62
1	1	360	12	19	0	2	8	3.34	2.11	1336.67
1	1	375	4	2	0	1	3	0.61	0.00	490.06
1	1	405	7	45	12	2	23	12.80	0.11	8194.36
1	1	425	2	0	0	1	1	0.30	0.00	263.27
1	1	450	0	7	0	2	6	0.51	0.00	877.79
1	1	460	0	34	0	2	17	3.52	0.63	1603.44
1	1	495	0	17	0	2	14	1.22	0.00	656.64
1	2	10	99	61	0	7	42	81.01	0.00	4064.29
1	2	40	9	0	0	1	4	0.76	0.00	597.37
1	2	65	7	0	0	1	4	0.47	0.00	445.70
1	2	105	13	0	0	2	4	0.93	0.00	594.66
1	2	115	2	0	0	1	2	0.26	0.00	209.92
1	2	125	3	0	0	2	3	0.48	0.00	456.79
1	2	135	1	0	0	1	1	0.19	0.00	150.65
1	2	145	0	0	1	0	0	0.00	0.00	500.00
1	2	150	2	0	0	2	2	0.30	0.00	355.41
1	2	155	2	0	0	1	2	0.25	0.00	202.28
1	2	175	2	0	1	1	1	0.26	0.00	667.86
1	2	190	3	0	0	2	2	0.35	0.00	321.80
1	2	300	22	0	0	2	6	1.76	0.00	794.11
1	2	405	21	31	0	2	17	16.79	13.21	1973.48
1	2	420	6	0	0	1	3	0.63	0.00	458.80
1	2	450	0	20	0	2	19	1.88	0.00	1553.02
1	2	460	0	41	0	3	21	4.70	0.00	1921.39
1	2	495	0	30	0	2	19	2.69	0.31	1565.61
1	2	525	0	8	6	1	5	0.55	0.00	3234.75
1	2	550	0	1	0	1	1	0.18	0.00	68.27
1	3	35	112	61	0	7	46	132.08	86.14	4874.34
1	3	60	2	0	0	1	2	0.29	0.00	301.71
1	3	110	11	0	0	3	7	1.23	0.68	780.76
1	3	115	4	0	0	2	3	0.66	0.00	468.27
1	3	130	5	0	0	2	5	1.06	0.12	557.40
1	3	170	5	0	1	3	3	0.52	0.00	1024.98
1	3	180	2	0	0	1	1	0.26	0.00	226.29
1	3	310	23	0	0	2	5	2.07	0.19	839.22
1	3	380	18	2	0	2	7	1.52	0.00	890.80
1	3	405	7	45	0	2	18	13.72	10.53	1994.76
1	3	440	2	0	0	1	1	0.28	0.00	169.07
1	3	450	0	13	0	2	12	1.03	0.00	786.42
1	3	460	0	30	0	2	14	2.16	0.00	1183.41
1	3	495	0	36	0	2	25	3.90	0.09	2022.74
1	3	525	0	11	1	2	10	0.70	0.00	887.80

Day	SL	Own	DispatchTimes	AssignmentCost	RoutingCost	TotalCost
1	23	11	35	23504.00	61864.55	85368.55

Total Cost: 85368.55352902906
Cost per Day: 85368.55352902906
Running time in Seconds: 486.333
Running time in minutes: 8.10555