INSTANCE: 3hubs_MSD_A_37_x.csv
PARAMETER: ldp_tight.txt
POLICY: LATEST DEPARTURE
ALPHA: 0.0
BETA: 52
OMEGA: 586
EPSILON: 1.0

Day: 1, Time: 10
Total Cost: 5656.53
 11:136.01, 69:75 [1, 4, -4, -1]
 12:136.01, 43:75 [1, 4, -4, -1]
 13:153.31, 12:75 [1, 5, -5, -1]
 14:136.01, 54:75 [1, 4, -4, -1]
 15:153.31, 59:75 [1, 5, -5, -1]
 16:153.31, 7:75 [1, -5, -1]
 17:153.31, 16:75 [1, 5, -5, -1]
401:97.79, 9:10 [4, 8836, 8983, 13288, 8783, 12013, -4]
402:107.58, 6:10 [4, 8706, 8724, 8855, -4]
403:153.33, 9:10 [4, 9003, 8965, 8739, -4]
404:134.17, 9:10 [4, 8930, 8851, 8781, -4]
405:83.28, 9:10 [4, 8616, 8644, 8689, -4]
406:69.19, 8:10 [4, 8592, 8628, 8675, -4]
408:144.50, 10:10 [4, 8636, 8782, 13091, 8789, 8572, -4]
409:164.54, 10:10 [4, 8610, 8696, 8522, 8617, 8571, -4]
410:54.19, 10:10 [4, 8900, 8702, 8951, 8827, -4]
411:160.11, 10:10 [4, 8625, 8627, 8602, 8568, -4]
412:43.26, 8:10 [4, 8858, 8862, 8894, 8709, -4]
413:93.39, 9:10 [4, 8926, 8731, 8668, 8716, 8663, -4]
414:110.31, 3:10 [4, 8887, -4]
415:40.35, 9:10 [4, 8595, 8647, 8671, -4]
416:82.52, 10:10 [4, 8629, 8681, 8574, 8682, -4]
417:117.68, 10:10 [4, 8762, 8747, 8934, 8704, -4]
418:93.45, 10:10 [4, 8535, 8591, 8643, 8680, -4]
419:62.54, 8:10 [4, 8942, 8795, 8860, -4]
421:86.96, 9:10 [4, 8778, 9002, 8774, -4]
422:103.24, 10:10 [4, 8662, 8803, 8797, 8760, -4]
423:112.40, 10:10 [4, 8927, 8732, 8655, 8988, -4]
424:59.21, 10:10 [4, 8540, 8613, 8614, -4]
425:116.75, 8:10 [4, 8791, 8735, 8984, -4]
426:57.97, 5:10 [4, 8729, 8695, 8989, -4]
428:98.26, 9:10 [4, 8869, 8994, 8841, -4]
429:141.48, 10:10 [4, 8969, 8812, 8532, 8802, 8609, 8604, -4]
430:136.13, 10:10 [4, 8891, 8794, 8755, -4]
501:82.50, 10:10 [5, 8641, 8690, 8640, 8660, -5]
502:129.37, 6:10 [5, 8717, 8958, 10705, -5]
503:224.58, 10:10 [5, 8607, 8890, 8598, 8564, 8756, 8630, 8793, 8679, -5]
504:48.22, 9:10 [5, 8920, 8985, 8726, -5]
505:100.81, 10:10 [5, 8818, 8766, 8763, 9004, -5]
506:14.42, 3:10 [5, 8559, -5]
507:210.75, 7:10 [5, 8903, 17141, -5]
508:74.06, 10:10 [5, 8657, 8597, 8693, 8658, -5]
509:76.59, 9:10 [5, 8808, 8898, 8840, 8986, -5]
511:65.53, 10:10 [5, 8666, 8649, 8566, 8686, -5]
512:165.12, 10:10 [5, 8955, 8806, 8733, 8842, -5]
513:117.61, 10:10 [5, 8543, 8605, 8656, 8624, 8796, 8556, -5]
514:99.14, 6:10 [5, 8973, 8915, 8928, -5]
515:158.41, 9:10 [5, 8823, 8877, 8787, -5]
516:103.24, 9:10 [5, 8577, 8637, 8664, -5]
517:73.27, 10:10 [5, 8753, 8911, 8590, 8835, 8599, -5]
518:167.05, 8:10 [5, 8949, 8964, 8834, -5]
fe: 7, se: 44

Day: 1, Time: 15
Total Cost: 4523.23
 11:66.27, 71:75 [2, 6, -6, -2]
 12:66.27, 70:75 [2, 6, -6, -2]
 13:151.76, 61:75 [2, 7, 6, -6, -2]
 14:145.23, 67:75 [2, 7, -7, -2]
 15:66.27, 65:75 [2, 6, -6, -2]
 18:66.27, 10:75 [2, 6, -6, -2]
601:53.71, 9:10 [6, 8659, 8576, 8523, -6]
602:116.12, 10:10 [6, 9009, 8916, 8705, 8908, 8975, -6]
603:94.05, 10:10 [6, 8699, 8586, 8809, 8685, 8583, -6]
604:123.66, 10:10 [6, 8972, 8772, 8910, -6]
605:109.96, 10:10 [6, 8694, 8700, 8976, 8854, -6]
606:83.98, 10:10 [6, 8993, 8967, 8912, 8921, 8889, -6]
607:93.81, 10:10 [6, 8873, 8752, 8837, -6]
608:38.89, 7:10 [6, 8631, 8589, -6]
609:84.88, 6:10 [6, 8853, 8792, -6]
610:60.59, 10:10 [6, 8711, 10007, 8771, -6]
611:145.34, 9:10 [6, 8633, 8562, 8632, 8569, -6]
612:13.42, 4:10 [6, 8697, -6]
613:77.02, 8:10 [6, 8673, 8865, 14381, -6]
614:106.92, 10:10 [6, 8678, 8582, 8560, -6]
615:83.84, 8:10 [6, 8807, 8980, 8639, 8932, -6]
616:118.52, 9:10 [6, 9005, 8799, 8521, -6]
617:101.80, 10:10 [6, 8879, 8784, 8703, -6]
618:123.19, 10:10 [6, 8718, 8960, 8736, 8979, 8722, -6]
619:75.47, 9:10 [6, 8672, 8525, 8674, 8542, -6]
620:36.78, 8:10 [6, 8798, 8676, -6]
621:85.76, 10:10 [6, 8545, 8555, 8608, -6]
622:50.73, 10:10 [6, 8728, 8902, 8913, -6]
623:103.02, 10:10 [6, 8909, 8966, 8870, -6]
624:102.12, 10:10 [6, 8864, 8885, 8537, -6]
625:151.34, 10:10 [6, 8585, 8999, 8801, 8768, 8959, -6]
627:123.08, 10:10 [6, 8939, 8815, 8856, -6]
628:58.43, 10:10 [6, 8824, 8721, 8977, 8868, -6]
629:55.91, 8:10 [6, 8775, 8917, 8780, -6]
630:55.29, 10:10 [6, 12290, 8954, 8863, 8919, -6]
631:118.76, 9:10 [6, 8531, 8567, 8575, 10214, -6]
632:135.78, 10:10 [6, 8601, 8907, 8650, 8667, 8593, -6]
633:71.52, 10:10 [6, 8773, 8714, 8767, 16122, 8901, -6]
634:151.18, 10:10 [6, 8552, 8943, 8621, 8776, 8991, 8978, -6]
637:111.71, 10:10 [6, 8878, 8759, 8737, 8888, 8788, 8828, -6]
701:99.07, 10:10 [7, 8528, 8553, 8603, 8683, 8520, -7]
702:93.09, 9:10 [7, 8886, 8821, 8899, 8946, -7]
703:82.24, 8:10 [7, 8710, 8884, 8990, 8931, 8897, -7]
704:78.20, 10:10 [7, 8998, 8713, 8745, 8948, -7]
705:59.58, 9:10 [7, 8963, 9007, 8925, 8945, 8850, -7]
706:24.33, 4:10 [7, 8924, -7]
707:62.11, 8:10 [7, 8893, 8761, 8880, 8725, -7]
709:71.91, 10:10 [7, 8623, 8646, 8549, 8533, 8661, -7]
710:61.73, 9:10 [7, 8883, 8749, 8652, 8876, 8937, -7]
711:65.08, 10:10 [7, 8701, 8929, 8935, 8892, 8849, -7]
712:106.24, 10:10 [7, 8581, 8554, 8527, 8573, -7]
713:40.99, 7:10 [7, 8691, 8611, -7]
fe: 6, se: 46

Day: 1, Time: 35
Total Cost: 395.94
 11:179.78, 7:75 [1, -4, -5, -1]
401:42.43, 3:10 [4, 13304, -4]
501:139.56, 1:10 [5, 17171, -5]
502:34.18, 3:10 [5, 14999, -5]
fe: 1, se: 3

Day: 1, Time: 35
Total Cost: 4483.26
 11:94.59, 75:75 [3, 8, -8, -3]
 12:94.59, 20:75 [3, 8, -8, -3]
 13:94.59, 18:75 [3, -8, -3]
 14:90.24, 74:75 [3, 9, -9, -3]
 15:113.51, 43:75 [3, 9, -9, 8, -3]
 16:90.24, 30:75 [3, 9, -9, -3]
 17:90.24, 30:75 [3, 9, -9, -3]
 21:94.59, 10:75 [3, -8, -3]
801:117.09, 9:10 [8, 8587, 8642, 8635, 8620, 8536, -8]
802:84.32, 9:10 [8, 8622, 8785, 8790, 8651, 8831, 8961, -8]
803:109.33, 9:10 [8, 8811, 8875, 8846, 8742, 8730, -8]
804:109.00, 10:10 [8, 8826, 8923, 8741, 8648, -8]
805:112.21, 10:10 [8, 8953, 8971, 8770, 9000, -8]
806:101.20, 10:10 [8, 8619, 8618, 8687, 8839, 8579, -8]
807:79.33, 10:10 [8, 8563, 8654, 8677, -8]
809:119.30, 9:10 [8, 8743, 8708, 8957, -8]
810:55.52, 8:10 [8, 8805, 8751, 8748, 8734, 8995, -8]
811:101.21, 8:10 [8, 8962, 8861, 8871, -8]
812:93.16, 10:10 [8, 8830, 8866, 8719, 9001, -8]
813:44.82, 9:10 [8, 8982, 8819, 8814, 8746, -8]
814:74.23, 5:10 [8, 8825, 8551, 8938, 8757, -8]
815:106.21, 9:10 [8, 8914, 8800, 8896, -8]
816:27.78, 3:10 [8, 8557, -8]
818:74.21, 9:10 [8, 8777, 8816, 8859, -8]
820:118.93, 10:10 [8, 8565, 8539, 8626, 8684, 8754, 8698, -8]
901:112.65, 9:10 [9, 8769, 9006, 8906, 8750, 8852, -9]
902:93.69, 10:10 [9, 8843, 8882, 8944, 8810, 8845, -9]
903:64.32, 9:10 [9, 8874, 8847, 8848, -9]
904:118.63, 10:10 [9, 8670, 8665, 8588, 8547, -9]
905:119.05, 10:10 [9, 8530, 8653, 8580, -9]
906:50.24, 8:10 [9, 8600, 8538, -9]
907:108.09, 9:10 [9, 8950, 8970, 8779, 8738, 8813, -9]
908:38.74, 10:10 [9, 8715, 8570, 8820, 8867, -9]
909:88.87, 9:10 [9, 16965, 8727, 8992, 8940, -9]
910:113.52, 9:10 [9, 8872, 8723, 8833, 8922, -9]
911:104.85, 10:10 [9, 8584, 8688, 8550, 8606, 8534, -9]
912:39.27, 10:10 [9, 8529, 8974, 8546, 8857, 8844, -9]
913:77.82, 10:10 [9, 8933, 8740, 8786, 8941, -9]
914:82.12, 10:10 [9, 8764, 8997, 8744, 8918, 8987, -9]
915:91.45, 9:10 [9, 8968, 8707, 8981, 10271, -9]
917:26.93, 6:10 [9, 8558, 8578, -9]
918:87.57, 10:10 [9, 8758, 8804, 8905, 8996, -9]
919:14.00, 6:10 [9, 9008, 8822, -9]
920:121.79, 10:10 [9, 8634, 8645, 8544, 8561, 8638, -9]
922:67.42, 8:10 [9, 8765, 12855, -9]
924:79.85, 10:10 [9, 8952, 8936, 8832, -9]
925:93.97, 9:10 [9, 8615, 8541, 8692, 8548, 8669, -9]
926:73.80, 10:10 [9, 8947, 8881, 8524, 8956, -9]
927:142.58, 10:10 [9, 8594, 8612, 8526, -9]
931:88.00, 10:10 [9, 8817, 8596, 8838, 8712, 8720, -9]
932:93.57, 10:10 [9, 8829, 8895, 8904, -9]
fe: 8, se: 43

Day: 1, Time: 60
Total Cost: 400.74
 11:66.27, 28:75 [2, -6, -2]
601:106.28, 9:10 [6, 15272, 13265, 9238, 15165, -6]
602:90.19, 8:10 [6, 10410, 15688, 12754, 13842, -6]
603:122.37, 8:10 [6, 13629, 10224, 11442, -6]
604:15.62, 3:10 [6, 16742, -6]
fe: 1, se: 4

Day: 1, Time: 60
Total Cost: 242.02
 11:113.51, 2:75 [3, -8, -9, -3]
801:20.88, 1:10 [8, 15901, -8]
901:107.63, 1:10 [9, 16623, -9]
fe: 1, se: 2

Day: 1, Time: 75
Total Cost: 556.64
 11:136.01, 12:75 [1, -4, -1]
 12:153.31, 6:75 [1, -5, -1]
401:137.23, 10:10 [4, 15307, 10282, 13383, -4]
402:68.03, 2:10 [4, 14878, -4]
501:62.05, 6:10 [5, 16991, 12271, -5]
fe: 2, se: 3

Day: 1, Time: 80
Total Cost: 272.85
 11:66.27, 10:75 [2, -6, -2]
601:83.45, 5:10 [6, 14956, 10309, -6]
603:123.12, 5:10 [6, 15884, 10360, -6]
fe: 1, se: 2

Day: 1, Time: 85
Total Cost: 343.89
 11:66.27, 7:75 [2, -6, -2]
 12:66.27, 2:75 [2, -6, -2]
601:128.16, 7:10 [6, 11075, 17090, -6]
602:83.19, 2:10 [6, 15035, -6]
fe: 2, se: 2

Day: 1, Time: 95
Total Cost: 693.88
 11:136.01, 8:75 [1, -4, -1]
 12:136.01, 2:75 [1, -4, -1]
 13:153.31, 3:75 [1, -5, -1]
401:124.55, 8:10 [4, 14139, 16977, 12158, -4]
402:36.77, 2:10 [4, 14753, -4]
501:45.61, 1:10 [5, 10009, -5]
502:61.61, 2:10 [5, 16899, -5]
fe: 3, se: 4

Day: 1, Time: 110
Total Cost: 540.96
 11:66.27, 8:75 [2, -6, -2]
 12:66.27, 3:75 [2, -6, -2]
 13:66.27, 7:75 [2, -6, -2]
601:91.22, 5:10 [6, 12322, 15595, -6]
602:34.23, 3:10 [6, 11696, -6]
603:62.51, 3:10 [6, 9480, -6]
604:154.17, 7:10 [6, 11069, 16177, 10215, -6]
fe: 3, se: 4

Day: 1, Time: 120
Total Cost: 473.86
 11:136.01, 2:75 [1, -4, -1]
 12:153.31, 9:75 [1, -5, -1]
401:60.03, 2:10 [4, 9928, -4]
501:82.29, 4:10 [5, 15740, -5]
502:42.21, 5:10 [5, 10602, 13897, -5]
fe: 2, se: 3

Day: 1, Time: 135
Total Cost: 602.89
 11:136.01, 6:75 [1, -4, -1]
 12:153.31, 2:75 [1, -5, -1]
401:143.86, 4:10 [4, 14349, 11638, 9337, -4]
402:104.40, 2:10 [4, 16015, -4]
501:65.30, 2:10 [5, 16704, -5]
fe: 2, se: 3

Day: 1, Time: 135
Total Cost: 681.69
 11:94.59, 13:75 [3, -8, -3]
 12:90.24, 11:75 [3, -9, -3]
801:104.38, 3:10 [8, 11939, 13270, -8]
802:91.91, 7:10 [8, 13892, 10911, -8]
803:110.05, 3:10 [8, 11781, -8]
901:110.28, 9:10 [9, 16010, 14329, 14494, -9]
902:80.22, 2:10 [9, 11818, -9]
fe: 2, se: 5

Day: 1, Time: 145
Total Cost: 372.35
 11:66.27, 5:75 [2, -6, -2]
 12:145.23, 2:75 [2, -7, -2]
601:66.25, 4:10 [6, 16478, 13893, -6]
602:78.10, 1:10 [6, 16301, -6]
701:16.49, 2:10 [7, 10603, -7]
fe: 2, se: 3

Day: 1, Time: 150
Total Cost: 719.62
 11:153.31, 2:75 [1, -5, -1]
 12:153.31, 5:75 [1, -5, -1]
 13:136.01, 3:75 [1, -4, -1]
401:124.58, 3:10 [4, 16217, -4]
501:74.31, 5:10 [5, 13012, 12845, -5]
502:78.10, 2:10 [5, 13028, -5]
fe: 3, se: 3

Day: 1, Time: 155
Total Cost: 226.94
 11:136.01, 4:75 [1, -4, -1]
401:90.92, 4:10 [4, 14917, 13946, -4]
fe: 1, se: 1

Day: 1, Time: 155
Total Cost: 94.91
 11:66.27, 3:75 [2, -6, -2]
601:28.64, 3:10 [6, 11437, -6]
fe: 1, se: 1

Day: 1, Time: 160
Total Cost: 518.12
 11:94.59, 4:75 [3, -8, -3]
 12:90.24, 2:75 [3, -9, -3]
 13:90.24, 6:75 [3, -9, -3]
801:68.12, 4:10 [8, 10471, -8]
901:62.80, 2:10 [9, 14582, -9]
902:112.12, 6:10 [9, 13074, 10484, -9]
fe: 3, se: 3

Day: 1, Time: 170
Total Cost: 509.74
 11:136.01, 4:75 [1, -4, -1]
 12:153.31, 3:75 [1, -5, -1]
401:49.19, 3:10 [4, 10618, -4]
402:42.05, 1:10 [4, 13862, -4]
501:65.39, 1:10 [5, 17121, -5]
502:63.78, 2:10 [5, 10744, -5]
fe: 2, se: 4

Day: 1, Time: 170
Total Cost: 280.92
 11:66.27, 2:75 [2, -6, -2]
 12:66.27, 2:75 [2, -6, -2]
601:89.55, 2:10 [6, 16161, -6]
602:58.82, 2:10 [6, 12723, -6]
fe: 2, se: 2

Day: 1, Time: 175
Total Cost: 163.14
 11:66.27, 5:75 [2, -6, -2]
601:51.26, 4:10 [6, 9509, -6]
602:45.61, 1:10 [6, 16259, -6]
fe: 1, se: 2

Day: 1, Time: 185
Total Cost: 454.71
 11:90.24, 6:75 [3, -9, -3]
 12:90.24, 2:75 [3, -9, -3]
901:81.78, 3:10 [9, 12884, 17016, 15520, -9]
902:89.20, 3:10 [9, 15394, -9]
903:103.25, 2:10 [9, 16271, -9]
fe: 2, se: 3

Day: 1, Time: 305
Total Cost: 772.69
 11:136.01, 27:75 [1, -4, -1]
 12:153.31, 18:75 [1, -5, -1]
401:98.11, 10:10 [4, 15590, 12580, 11827, 10091, -4]
403:71.92, 8:10 [4, 10852, 13582, 13748, -4]
404:152.67, 9:10 [4, 10778, 15337, 15927, 12977, -4]
501:46.39, 8:10 [5, 13385, 12309, -5]
502:114.27, 10:10 [5, 15336, 13829, 16613, 10965, -5]
fe: 2, se: 5

Day: 1, Time: 305
Total Cost: 825.82
 11:66.27, 61:75 [2, -6, -2]
601:196.76, 10:10 [6, 11501, 10292, 12380, 16620, 9434, -6]
602:119.57, 10:10 [6, 10476, 15155, 10300, 12429, -6]
603:54.19, 9:10 [6, 16454, 17177, 13477, -6]
604:60.53, 7:10 [6, 11506, 13135, -6]
605:132.49, 10:10 [6, 17091, 10671, 13615, 14258, -6]
606:90.38, 7:10 [6, 10995, 12914, 11658, 9653, -6]
607:105.63, 8:10 [6, 9183, 15154, 10053, -6]
fe: 1, se: 7

Day: 1, Time: 310
Total Cost: 763.35
 11:90.24, 18:75 [3, -9, -3]
 12:94.59, 25:75 [3, -8, -3]
801:96.07, 8:10 [8, 13900, 10810, 10827, -8]
802:109.37, 10:10 [8, 15086, 9544, 13660, 16197, -8]
803:153.02, 7:10 [8, 17188, 9510, 11796, -8]
901:110.74, 10:10 [9, 11428, 11976, 16282, -9]
903:109.32, 8:10 [9, 14948, 16051, 11973, 14391, -9]
fe: 2, se: 5

Day: 1, Time: 360
Total Cost: 1624.71
 11:136.01, 21:75 [1, 4, -4, -1]
 12:153.31, 33:75 [1, 5, -5, -1]
401:163.32, 6:10 [4, 61, 52, 4033, -4]
402:144.48, 10:10 [4, 9339, 117, 9726, 16476, -4]
404:143.52, 9:10 [4, 10939, 15404, 7569, 100, -4]
407:139.77, 8:10 [4, 3632, 277, 12009, 309, 316, -4]
501:160.74, 5:10 [5, 310, 37, -5]
502:65.68, 8:10 [5, 2747, 12571, 819, -5]
503:43.22, 4:10 [5, 15071, 14770, -5]
504:128.03, 7:10 [5, 9877, 163, 60, 15517, -5]
505:163.59, 6:10 [5, 147, 205, -5]
506:92.30, 7:10 [5, 148, 16917, 10138, -5]
507:90.73, 7:10 [5, 790, 286, -5]
fe: 2, se: 11

Day: 1, Time: 405
Total Cost: 2674.37
 11:136.01, 65:75 [1, 4, -4, -1]
 12:153.31, 45:75 [1, 5, -5, -1]
401:77.76, 4:10 [4, 1619, 83, 48, -4]
402:73.94, 7:10 [4, 153, 171, 138, -4]
403:144.19, 6:10 [4, 9792, 13411, 10100, -4]
404:51.24, 7:10 [4, 206, 13, -4]
405:75.29, 6:10 [4, 82, 154, -4]
406:158.76, 7:10 [4, 164, 287, 28, -4]
407:79.34, 3:10 [4, 6998, 255, -4]
408:92.78, 3:10 [4, 8052, -4]
409:99.04, 2:10 [4, 24, -4]
410:56.91, 6:10 [4, 307, 233, -4]
411:95.71, 3:10 [4, 166, -4]
412:73.17, 7:10 [4, 181, 4165, -4]
413:36.66, 5:10 [4, 222, 167, -4]
414:92.29, 3:10 [4, 4540, 85, -4]
417:58.36, 2:10 [4, 548, 15760, -4]
501:49.57, 4:10 [5, 191, 13738, -5]
502:39.10, 4:10 [5, 198, 94, -5]
503:164.87, 9:10 [5, 5892, 260, 69, 90, -5]
504:58.25, 4:10 [5, 9993, 290, -5]
505:77.90, 1:10 [5, 79, -5]
506:68.30, 3:10 [5, 7611, 292, -5]
507:76.94, 3:10 [5, 135, -5]
508:36.06, 5:10 [5, 224, 282, -5]
509:129.23, 7:10 [5, 180, 68, -5]
510:132.30, 2:10 [5, 16539, 16210, -5]
511:74.31, 2:10 [5, 280, 218, -5]
512:66.75, 1:10 [5, 285, -5]
513:80.00, 1:10 [5, 7933, -5]
514:66.03, 4:10 [5, 267, -5]
fe: 2, se: 29

Day: 1, Time: 405
Total Cost: 1395.91
 11:66.27, 44:75 [2, 6, -6, -2]
 12:145.23, 30:75 [2, 7, -7, -2]
601:101.85, 6:10 [6, 6063, 16169, 137, -6]
602:130.54, 9:10 [6, 45, 139, 238, -6]
603:118.99, 8:10 [6, 16048, 115, 12892, 40, -6]
604:148.49, 5:10 [6, 4598, 42, 14082, -6]
605:71.41, 5:10 [6, 14444, 11594, -6]
606:127.07, 8:10 [6, 16025, 140, 192, 7211, 44, -6]
607:140.57, 10:10 [6, 15099, 12450, 157, -6]
608:124.27, 10:10 [6, 1238, 257, 56, 14, -6]
701:41.60, 8:10 [7, 230, 221, 14266, -7]
702:60.16, 9:10 [7, 228, 136, 110, -7]
703:63.20, 9:10 [7, 101, 75, 51, -7]
704:56.27, 5:10 [7, 14992, 16, 67, -7]
fe: 2, se: 12

Day: 1, Time: 405
Total Cost: 1859.47
 11:94.59, 50:75 [3, 8, -8, -3]
 12:90.24, 59:75 [3, 9, -9, -3]
801:116.54, 8:10 [8, 88, 10919, 125, -8]
802:110.59, 8:10 [8, 98, 223, 160, -8]
803:87.93, 6:10 [8, 313, 4064, 36, -8]
804:128.42, 8:10 [8, 1670, 173, -8]
805:94.69, 10:10 [8, 11880, 11674, 8014, 81, -8]
806:104.68, 3:10 [8, 1319, 14365, 12238, -8]
809:109.46, 8:10 [8, 84, 93, 46, -8]
813:92.26, 7:10 [8, 308, 41, 16683, 211, -8]
901:18.44, 3:10 [9, 9639, -9]
902:100.99, 8:10 [9, 13059, 118, 63, 1534, -9]
903:116.80, 8:10 [9, 8481, 111, 209, -9]
904:120.29, 10:10 [9, 12621, 261, 237, -9]
905:77.05, 10:10 [9, 11040, 294, 23, 202, 15990, -9]
906:100.27, 10:10 [9, 17026, 7194, 8301, 212, 16207, -9]
907:97.11, 10:10 [9, 259, 128, 2385, -9]
908:95.85, 8:10 [9, 9944, 26, 10507, -9]
910:103.27, 10:10 [9, 170, 15, 190, -9]
fe: 2, se: 17

Day: 1, Time: 420
Total Cost: 316.60
 11:136.01, 7:75 [1, -4, -1]
401:128.14, 1:10 [4, 15737, -4]
402:52.45, 6:10 [4, 14670, 14865, -4]
fe: 1, se: 2

Day: 1, Time: 430
Total Cost: 425.89
 11:151.76, 11:75 [2, -6, -7, -2]
601:113.90, 5:10 [6, 9781, 10868, -6]
602:94.19, 1:10 [6, 17154, -6]
701:66.04, 5:10 [7, 13795, 12560, -7]
fe: 1, se: 3

Day: 1, Time: 440
Total Cost: 253.45
 11:113.51, 8:75 [3, -8, -9, -3]
801:67.91, 4:10 [8, 11357, -8]
901:72.03, 4:10 [9, 9151, -9]
fe: 1, se: 2

Day: 1, Time: 450
Total Cost: 1600.35
 11:136.01, 25:75 [1, 4, -1]
 12:153.31, 8:75 [1, 5, -1]
401:130.78, 2:10 [4, 71, -4]
402:114.16, 2:10 [4, 203, -4]
403:122.54, 4:10 [4, 219, -4]
404:119.63, 4:10 [4, 130, -4]
405:120.88, 4:10 [4, 183, -4]
407:130.29, 4:10 [4, 142, -4]
408:126.00, 3:10 [4, 178, -4]
409:131.73, 2:10 [4, 3249, -4]
501:100.66, 1:10 [5, 185, -5]
502:98.41, 4:10 [5, 114, -5]
503:115.95, 3:10 [5, 264, -5]
fe: 2, se: 11

Day: 1, Time: 450
Total Cost: 1332.98
 11:66.27, 46:75 [2, 6, -2]
601:73.24, 3:10 [6, 236, -6]
602:70.94, 4:10 [6, 1592, -6]
603:82.37, 2:10 [6, 22, -6]
604:72.14, 4:10 [6, 1781, -6]
605:70.68, 2:10 [6, 3323, -6]
606:69.05, 4:10 [6, 5804, -6]
607:70.34, 3:10 [6, 5449, -6]
608:65.60, 4:10 [6, 5202, -6]
609:78.82, 1:10 [6, 5172, -6]
610:72.80, 1:10 [6, 105, -6]
611:79.92, 2:10 [6, 97, -6]
612:71.02, 2:10 [6, 165, -6]
613:83.57, 2:10 [6, 184, -6]
614:72.11, 1:10 [6, 156, -6]
615:71.55, 4:10 [6, 126, -6]
616:80.45, 4:10 [6, 176, -6]
617:82.10, 3:10 [6, 172, -6]
fe: 1, se: 17

Day: 1, Time: 450
Total Cost: 682.00
 11:90.24, 16:75 [3, 9, -3]
 13:94.59, 8:75 [3, 8, -3]
801:42.19, 2:10 [8, 6188, -8]
802:48.17, 2:10 [8, 112, -8]
803:44.18, 3:10 [8, 227, -8]
804:46.17, 1:10 [8, 288, -8]
901:45.77, 2:10 [9, 145, 5256, -9]
902:58.82, 4:10 [9, 234, -9]
903:46.82, 2:10 [9, 3600, -9]
904:58.55, 3:10 [9, 107, -9]
905:54.15, 3:10 [9, 303, -9]
906:52.35, 2:10 [9, 8209, -9]
fe: 2, se: 10

Day: 1, Time: 460
Total Cost: 1634.45
 11:136.01, 33:75 [1, 4, -1]
 12:153.31, 66:75 [1, 5, -1]
401:67.99, 5:10 [4, 102, 4939, -4]
402:50.48, 4:10 [4, 155, -4]
403:88.95, 10:10 [4, 159, 96, 306, -4]
404:87.72, 6:10 [4, 124, 8326, 89, -4]
405:106.02, 4:10 [4, 253, -4]
407:91.78, 4:10 [4, 278, 193, -4]
501:70.90, 9:10 [5, 1913, 33, 74, -5]
502:79.22, 3:10 [5, 50, 272, -5]
503:51.23, 8:10 [5, 87, 129, 245, -5]
504:82.18, 5:10 [5, 246, 25, -5]
505:80.82, 3:10 [5, 59, 47, -5]
506:85.09, 1:10 [5, 311, -5]
507:68.31, 10:10 [5, 132, 7320, 1794, -5]
508:42.52, 5:10 [5, 186, 1720, -5]
509:86.37, 5:10 [5, 11, 134, -5]
510:82.84, 3:10 [5, 17, 55, -5]
511:69.60, 4:10 [5, 315, 319, -5]
512:53.09, 10:10 [5, 109, 302, 175, -5]
fe: 2, se: 18

Day: 1, Time: 460
Total Cost: 1589.45
 11:66.27, 70:75 [2, 6, -2]
 13:145.23, 13:75 [2, 7, -2]
601:46.86, 4:10 [6, 304, -6]
602:56.60, 1:10 [6, 254, -6]
603:58.14, 2:10 [6, 58, -6]
604:116.28, 3:10 [6, 2015, 95, -6]
605:52.50, 3:10 [6, 7527, -6]
606:34.93, 2:10 [6, 5659, -6]
607:27.78, 4:10 [6, 265, -6]
608:59.46, 1:10 [6, 268, -6]
609:47.54, 2:10 [6, 232, -6]
610:28.71, 2:10 [6, 248, 99, -6]
611:142.70, 9:10 [6, 214, 76, 53, -6]
612:60.96, 1:10 [6, 4580, -6]
613:45.66, 7:10 [6, 133, 299, -6]
614:55.71, 3:10 [6, 275, -6]
615:51.52, 7:10 [6, 29, 30, -6]
616:122.41, 8:10 [6, 116, 252, 201, -6]
617:60.17, 3:10 [6, 266, -6]
618:58.31, 4:10 [6, 70, -6]
620:49.36, 4:10 [6, 127, 144, -6]
701:74.31, 4:10 [7, 34, 6830, 210, -7]
702:72.73, 8:10 [7, 244, 104, -7]
703:55.32, 1:10 [7, 297, -7]
fe: 2, se: 22

Day: 1, Time: 460
Total Cost: 1312.47
 11:94.59, 40:75 [3, 8, -3]
 12:90.24, 32:75 [3, 9, -3]
801:94.51, 4:10 [8, 7471, 2054, -8]
802:110.77, 8:10 [8, 225, 108, -8]
803:108.22, 8:10 [8, 301, 10, 6582, 19, -8]
804:16.12, 3:10 [8, 1928, -8]
805:122.02, 7:10 [8, 6905, 179, 5207, -8]
806:120.43, 10:10 [8, 258, 7050, 270, -8]
901:101.12, 6:10 [9, 161, 8287, -9]
902:131.31, 8:10 [9, 146, 204, 312, -9]
903:127.86, 9:10 [9, 249, 4575, 7325, -9]
904:98.37, 5:10 [9, 3468, 241, -9]
905:96.90, 4:10 [9, 199, 20, -9]
fe: 2, se: 11

Day: 1, Time: 495
Total Cost: 799.16
 11:136.01, 32:75 [1, 4, -1]
 12:153.31, 12:75 [1, 5, -1]
401:18.00, 3:10 [4, 226, -4]
402:42.19, 4:10 [4, 189, -4]
403:39.85, 1:10 [4, 256, -4]
404:38.05, 3:10 [4, 8400, -4]
405:34.06, 1:10 [4, 263, -4]
406:16.12, 4:10 [4, 174, -4]
407:31.11, 2:10 [4, 3128, -4]
408:42.94, 2:10 [4, 32, -4]
409:43.08, 3:10 [4, 273, -4]
410:29.73, 2:10 [4, 207, -4]
411:32.31, 4:10 [4, 243, -4]
412:34.00, 3:10 [4, 2221, -4]
501:21.54, 4:10 [5, 5691, -5]
502:12.65, 1:10 [5, 120, -5]
503:25.61, 3:10 [5, 6704, -5]
504:24.17, 3:10 [5, 317, -5]
505:24.41, 1:10 [5, 194, -5]
fe: 2, se: 17

Day: 1, Time: 495
Total Cost: 2298.23
 11:66.27, 75:75 [2, 6, -2]
 12:66.27, 1:75 [2, 6, -2]
601:100.46, 3:10 [6, 39, 281, -6]
602:109.42, 2:10 [6, 123, -6]
603:91.56, 6:10 [6, 57, 6227, 143, -6]
604:113.23, 3:10 [6, 158, -6]
605:99.04, 5:10 [6, 4384, 197, -6]
606:93.33, 4:10 [6, 177, 121, -6]
607:84.58, 5:10 [6, 8451, 1581, -6]
608:98.38, 6:10 [6, 3091, 6309, -6]
609:89.38, 1:10 [6, 122, -6]
610:104.00, 1:10 [6, 283, -6]
611:83.38, 4:10 [6, 250, 8275, -6]
612:112.45, 1:10 [6, 647, -6]
613:87.92, 6:10 [6, 113, 187, -6]
614:101.13, 4:10 [6, 80, -6]
615:82.49, 7:10 [6, 27, 216, -6]
616:100.66, 1:10 [6, 168, -6]
617:105.00, 4:10 [6, 262, -6]
618:109.84, 1:10 [6, 2948, -6]
619:106.30, 4:10 [6, 291, -6]
620:72.03, 2:10 [6, 169, -6]
621:64.50, 1:10 [6, 54, -6]
622:70.71, 1:10 [6, 215, -6]
623:85.91, 4:10 [6, 305, 4614, -6]
fe: 2, se: 23

Day: 1, Time: 495
Total Cost: 2097.98
 11:94.59, 41:75 [3, 8, -3]
 12:90.24, 40:75 [3, 9, -3]
801:81.61, 1:10 [8, 152, -8]
802:69.53, 4:10 [8, 1525, 2379, -8]
803:76.42, 3:10 [8, 43, -8]
804:71.01, 5:10 [8, 195, 7432, -8]
805:70.03, 4:10 [8, 78, -8]
806:67.08, 1:10 [8, 208, -8]
807:80.45, 1:10 [8, 229, -8]
808:83.26, 2:10 [8, 151, -8]
809:67.10, 4:10 [8, 12, 7788, -8]
810:65.46, 2:10 [8, 240, 188, -8]
811:63.86, 4:10 [8, 4693, 269, -8]
812:71.47, 5:10 [8, 73, 49, -8]
813:67.23, 2:10 [8, 196, 235, -8]
814:82.00, 3:10 [8, 4401, -8]
902:71.02, 2:10 [9, 289, 279, -9]
903:70.19, 4:10 [9, 296, 247, -9]
904:83.55, 4:10 [9, 3581, -9]
905:84.40, 1:10 [9, 5203, -9]
906:67.20, 2:10 [9, 86, -9]
907:45.65, 7:10 [9, 38, 1317, -9]
909:73.49, 4:10 [9, 7487, 239, -9]
912:65.53, 6:10 [9, 213, 293, 231, -9]
913:84.85, 2:10 [9, 5152, -9]
915:86.21, 2:10 [9, 314, -9]
916:77.35, 5:10 [9, 131, 21, -9]
917:87.20, 1:10 [9, 300, -9]
fe: 2, se: 26

Day: 1, Time: 525
Total Cost: 418.72
 11:66.27, 35:75 [2, 6, -2]
601:53.25, 4:10 [6, 284, -6]
602:52.15, 3:10 [6, 1912, -6]
603:15.62, 4:10 [6, 65, -6]
604:31.85, 4:10 [6, 162, 6617, -6]
605:47.20, 2:10 [6, 92, -6]
606:42.62, 5:10 [6, 271, 182, -6]
607:33.82, 4:10 [6, 295, 4194, -6]
608:25.93, 6:10 [6, 150, 318, -6]
609:50.00, 3:10 [6, 141, -6]
fe: 1, se: 9

Day: 1, Time: 525
Total Cost: 169.40
 11:94.59, 8:75 [3, 8, -3]
801:21.26, 4:10 [8, 274, -8]
802:25.30, 1:10 [8, 77, -8]
803:8.25, 1:10 [8, 298, -8]
804:20.00, 2:10 [8, 62, -8]
fe: 1, se: 4

Day: 1, Time: 550
Total Cost: 69.10
 11:66.27, 1:75 [2, 6, -2]
601:2.83, 1:10 [6, 251, -6]
fe: 1, se: 1


Day	Area	ID	Time	Load	Utilization	NoOrders	AssignmentCost
1	1	 8	315	 60	1.00	20	675.00
1	1	27	315	 21	0.35	11	285.00
1	1	 9	360	 32	0.53	15	395.00
1	1	119	400	 94	0.78	34	2030.00
1	1	10	405	 60	1.00	28	675.00
1	1	29	405	  5	0.08	 3	125.00
1	1	11	450	 29	0.40	10	292.00
1	1	120	500	  1	0.01	 1	136.00
1	1	123	800	 32	0.33	13	948.00
1	1	19	810	 48	1.00	16	666.00
1	1	38	810	 48	1.00	19	666.00
1	2	136	300	 34	0.28	12	830.00
1	2	46	315	 60	1.00	24	675.00
1	2	65	315	 59	0.98	23	665.00
1	2	47	360	 31	0.52	11	385.00
1	2	137	400	 76	0.63	31	1670.00
1	2	48	405	 60	1.00	28	675.00
1	2	67	405	 18	0.30	 7	255.00
1	2	49	450	  5	0.07	 3	100.00
1	2	141	800	 34	0.35	15	996.00
1	2	57	810	 48	1.00	22	666.00
1	2	76	810	 48	1.00	16	666.00
1	3	154	300	 18	0.15	 9	510.00
1	3	84	315	 60	1.00	25	675.00
1	3	103	315	 33	0.55	13	405.00
1	3	85	360	 40	0.67	13	475.00
1	3	155	400	 84	0.70	35	1830.00
1	3	86	405	 58	0.97	25	655.00
1	3	87	450	 19	0.26	 8	212.00
1	3	156	500	  1	0.01	 1	136.00
1	3	159	800	  4	0.04	 1	276.00
1	3	95	810	 48	1.00	20	666.00
1	3	114	810	 48	1.00	17	666.00


Day	Area	Time	Pickup	Delivery	Direct	FEVehicles	SEVehicles	ALNSTime	ALNSBestTime	RoutingCostArea
1	1	10	95	67	0	7	44	109.33	71.66	5656.53
1	1	35	3	0	0	1	3	0.36	0.00	395.94
1	1	75	6	0	0	2	3	0.64	0.00	556.64
1	1	95	6	0	0	3	4	0.56	0.00	693.88
1	1	120	4	0	0	2	3	0.54	0.00	473.86
1	1	135	5	0	0	2	3	0.52	0.00	602.89
1	1	150	4	0	0	3	3	0.63	0.00	719.62
1	1	155	2	0	0	1	1	0.28	0.00	226.94
1	1	170	4	0	0	2	4	0.82	0.00	509.74
1	1	305	17	0	0	2	5	1.36	0.00	772.69
1	1	360	13	21	0	2	11	4.86	0.98	1624.71
1	1	405	8	48	0	2	29	15.60	0.01	2674.37
1	1	420	3	0	0	1	2	0.32	0.00	316.60
1	1	450	0	11	0	2	11	0.75	0.00	1600.35
1	1	460	0	39	0	2	18	5.05	1.18	1634.45
1	1	495	0	17	0	2	17	1.30	0.00	799.16
1	2	15	116	57	0	6	46	174.56	130.76	4523.23
1	2	60	12	0	0	1	4	0.83	0.00	400.74
1	2	80	4	0	0	1	2	0.52	0.00	272.85
1	2	85	3	0	0	2	2	0.48	0.00	343.89
1	2	110	7	0	0	3	4	0.59	0.00	540.96
1	2	145	4	0	0	2	3	0.57	0.00	372.35
1	2	155	1	0	0	1	1	0.20	0.00	94.91
1	2	170	2	0	0	2	2	0.32	0.00	280.92
1	2	175	2	0	0	1	2	0.28	0.00	163.14
1	2	305	25	0	0	1	7	3.48	2.36	825.82
1	2	405	11	28	0	2	12	6.63	4.62	1395.91
1	2	430	5	0	0	1	3	0.69	0.00	425.89
1	2	450	0	17	0	1	17	1.78	0.00	1332.98
1	2	460	0	34	0	2	22	5.07	3.53	1589.45
1	2	495	0	34	0	2	23	5.29	1.03	2298.23
1	2	525	0	13	2	1	9	0.90	0.00	1418.72
1	2	550	0	1	1	1	1	0.19	0.00	569.10
1	3	35	112	56	0	8	43	178.34	133.39	4483.26
1	3	60	2	0	0	1	2	0.29	0.00	242.02
1	3	135	9	0	0	2	5	0.78	0.00	681.69
1	3	145	0	0	1	0	0	0.00	0.00	500.00
1	3	160	4	0	0	3	3	0.50	0.00	518.12
1	3	185	5	0	0	2	3	0.53	0.00	454.71
1	3	310	17	0	0	2	5	1.42	0.04	763.35
1	3	405	15	40	0	2	17	15.28	7.57	1859.47
1	3	440	2	0	0	1	2	0.29	0.00	253.45
1	3	450	0	11	0	2	10	1.03	0.22	682.00
1	3	460	0	27	0	2	11	2.56	1.58	1312.47
1	3	495	0	40	0	2	26	4.20	0.00	2097.98
1	3	525	0	4	2	1	4	0.37	0.00	1169.40

Day	SL	Own	DispatchTimes	AssignmentCost	RoutingCost	TotalCost
1	23	10	33	20982.00	51125.41	72107.41

Total Cost: 72107.41036702669
Cost per Day: 72107.41036702669
Running time in Seconds: 623.055
Running time in minutes: 10.38425