INSTANCE: 3hubs_MSD_A_32_x.csv
PARAMETER: ldp_tight.txt
POLICY: LATEST DEPARTURE
ALPHA: 0.0
BETA: 52
OMEGA: 586
EPSILON: 1.0

Day: 1, Time: 0
Total Cost: 5611.75
 11:136.01, 58:75 [1, 4, -4, -1]
 12:136.01, 52:75 [1, 4, -4, -1]
 13:136.01, 13:75 [1, 4, -4, -1]
 14:136.01, 6:75 [1, 4, -4, -1]
 15:136.01, 45:75 [1, 4, -4, -1]
 16:153.31, 74:75 [1, 5, -5, -1]
 17:153.31, 24:75 [1, -5, -1]
 18:136.01, 4:75 [1, -4, -1]
401:121.20, 9:10 [4, 8850, 8877, 8828, -4]
402:56.31, 10:10 [4, 8688, 8624, 8523, -4]
403:20.22, 5:10 [4, 8944, 8745, -4]
404:53.04, 10:10 [4, 8848, 8936, 8800, 8794, -4]
405:148.81, 10:10 [4, 8581, 8613, 8572, 8622, 8610, -4]
406:182.41, 4:10 [4, 8829, 8701, -4]
407:77.75, 10:10 [4, 8720, 8569, 8868, 8823, 8947, -4]
408:147.53, 10:10 [4, 8583, 8669, 8527, 8542, 8529, -4]
409:155.40, 9:10 [4, 8869, 8878, 8774, 8873, 8620, -4]
410:126.89, 8:10 [4, 8778, 8773, 8900, 8841, -4]
411:117.60, 8:10 [4, 8573, 8655, 8551, -4]
412:65.66, 10:10 [4, 8916, 8847, 8921, -4]
413:151.86, 4:10 [4, 8899, -4]
414:77.29, 10:10 [4, 8825, 8843, 8870, -4]
415:134.89, 9:10 [4, 8865, 9005, 8605, -4]
416:91.36, 9:10 [4, 8953, 8958, 8718, -4]
417:60.46, 8:10 [4, 8697, 8753, 8651, 8631, -4]
419:113.81, 10:10 [4, 16712, 8729, 8995, -4]
420:44.72, 7:10 [4, 8776, 8863, -4]
421:91.86, 8:10 [4, 8842, 8982, 8860, 8768, -4]
422:67.49, 9:10 [4, 8685, 8562, 8554, 8639, -4]
423:123.87, 10:10 [4, 8925, 8929, 8728, 8831, 8730, -4]
424:67.22, 8:10 [4, 8740, 8858, -4]
425:119.98, 10:10 [4, 8981, 8932, 8743, -4]
426:136.96, 10:10 [4, 8813, 8898, 8560, 8744, -4]
427:114.91, 6:10 [4, 8536, 8673, 8555, -4]
428:116.39, 9:10 [4, 8911, 8933, 8808, 8820, 8695, -4]
429:137.28, 9:10 [4, 8733, 8520, 8849, 8726, 8915, -4]
501:156.72, 10:10 [5, 8603, 8626, 8667, 8526, -5]
502:142.86, 10:10 [5, 8846, 8941, 8734, 8799, -5]
503:168.40, 6:10 [5, 8895, 8975, -5]
504:36.38, 9:10 [5, 8950, 9000, 8702, 8864, -5]
505:132.23, 10:10 [5, 8563, 8664, 8593, 8666, -5]
506:36.06, 8:10 [5, 8530, 8638, -5]
507:56.77, 10:10 [5, 8945, 8803, 8787, -5]
508:100.41, 7:10 [5, 8625, 8629, 8694, -5]
509:98.72, 8:10 [5, 9002, 8715, 8528, 9003, -5]
510:69.56, 10:10 [5, 8969, 8796, 8737, 8819, -5]
511:61.16, 10:10 [5, 8644, 8602, 8607, 8599, -5]
512:107.67, 8:10 [5, 8997, 8957, -5]
513:100.38, 10:10 [5, 8709, 8725, 8801, 8839, 9006, -5]
515:102.31, 9:10 [5, 8926, 8816, 8854, 8955, 8914, -5]
516:112.78, 9:10 [5, 8777, 8988, 8935, 8532, 8795, -5]
517:83.45, 9:10 [5, 8990, 8791, 8834, 8731, 8754, -5]
fe: 8, se: 44

Day: 1, Time: 25
Total Cost: 4808.73
 11:66.27, 74:75 [2, 6, -6, -2]
 12:66.27, 29:75 [2, 6, -6, -2]
 13:66.27, 20:75 [2, 6, -6, -2]
 14:66.27, 55:75 [2, 6, -6, -2]
 15:66.27, 20:75 [2, 6, -6, -2]
 17:145.23, 73:75 [2, 7, -7, -2]
 19:145.23, 40:75 [2, -7, -2]
 30:66.27, 10:75 [2, 6, -2]
 31:66.27, 10:75 [2, -6, -2]
601:32.37, 8:10 [6, 8524, 8986, 8552, -6]
602:76.75, 10:10 [6, 8543, 8586, 8699, -6]
603:119.57, 9:10 [6, 8590, 8647, 8657, 8640, 8618, -6]
604:108.35, 10:10 [6, 8836, 8833, 8780, 8717, 8888, -6]
605:152.34, 10:10 [6, 8760, 8912, 9009, -6]
606:73.05, 10:10 [6, 8938, 8862, 8857, -6]
607:145.92, 10:10 [6, 8827, 8973, 8594, 8815, 8851, -6]
608:105.18, 10:10 [6, 8976, 14861, 8724, 8772, 8661, -6]
609:88.37, 10:10 [6, 8575, 8564, 8584, 8587, -6]
610:79.25, 10:10 [6, 8967, 8934, 8875, 8580, -6]
611:91.42, 10:10 [6, 8642, 8604, 8521, 8537, -6]
612:7.21, 3:10 [6, 8757, -6]
613:127.66, 10:10 [6, 8852, 11462, 8809, 8761, 8908, -6]
614:100.74, 10:10 [6, 8980, 8749, 8965, 8886, 8671, -6]
615:81.58, 8:10 [6, 11810, 8970, -6]
616:48.21, 10:10 [6, 8811, 8871, 8700, -6]
618:116.21, 9:10 [6, 8691, 8804, 9007, 8959, 8879, -6]
619:59.77, 7:10 [6, 8705, 8793, 8978, -6]
621:46.34, 9:10 [6, 12611, 8783, 8890, -6]
622:158.46, 9:10 [6, 8960, 8985, 8884, 8952, -6]
623:104.51, 8:10 [6, 8534, 8598, 8611, 8553, 8568, 8578, -6]
624:70.17, 10:10 [6, 8853, 8775, 8710, 8712, 8806, 8812, -6]
625:86.23, 10:10 [6, 8762, 8930, 8663, -6]
626:71.36, 9:10 [6, 8821, 8654, 8596, -6]
627:109.05, 10:10 [6, 8767, 8942, 8792, 8727, 8964, -6]
630:115.37, 10:10 [6, 8736, 8789, 8738, 8905, -6]
635:99.04, 10:10 [6, 8786, 8656, 8746, 8797, 8741, -6]
637:110.15, 10:10 [6, 8559, 8963, 8571, 8600, 8652, -6]
638:165.50, 10:10 [6, 8561, 8641, 8570, 8693, 8557, -6]
639:140.61, 10:10 [6, 8805, 8838, 8919, -6]
701:52.69, 10:10 [7, 8902, 8923, 8798, 8683, -7]
702:41.99, 8:10 [7, 8931, 8954, -7]
703:4.47, 4:10 [7, 8739, -7]
704:96.02, 9:10 [7, 8525, 8646, 8630, 8567, -7]
705:29.00, 9:10 [7, 8928, 8756, 8859, 8962, -7]
706:96.34, 9:10 [7, 8880, 8984, 8732, -7]
707:26.20, 6:10 [7, 8592, 8636, -7]
708:52.40, 7:10 [7, 8601, 8614, 8574, 8687, -7]
709:57.85, 9:10 [7, 8612, 8681, 8546, -7]
710:83.25, 9:10 [7, 8807, 8901, 8704, 8949, -7]
711:73.21, 9:10 [7, 8696, 8660, 8544, 8566, 8653, -7]
713:76.93, 8:10 [7, 8649, 8650, 8609, 8670, -7]
714:68.16, 10:10 [7, 8974, 8937, 8814, -7]
715:28.40, 10:10 [7, 9004, 8706, 8856, -7]
716:86.22, 10:10 [7, 8999, 9008, 15481, 8835, -7]
717:67.96, 8:10 [7, 8903, 8832, 8867, -7]
718:71.06, 10:10 [7, 8991, 8781, 8770, -7]
719:96.51, 10:10 [7, 8989, 8771, 8887, -7]
720:54.98, 10:10 [7, 8917, 8751, 8872, -7]
fe: 9, se: 49

Day: 1, Time: 30
Total Cost: 4552.95
 11:94.59, 74:75 [3, 8, -8, -3]
 12:113.51, 74:75 [3, -8, 9, -3]
 13:90.24, 71:75 [3, 9, -9, -3]
 14:90.24, 70:75 [3, 9, -9, -3]
 18:113.51, 46:75 [3, 9, 8, -8, -3]
801:123.70, 10:10 [8, 8677, 8672, 8619, 8665, -8]
802:104.69, 10:10 [8, 8635, 8785, 8548, 8648, -8]
803:152.27, 9:10 [8, 8539, 8617, 8606, 8585, 8643, -8]
804:70.11, 9:10 [8, 8686, 8680, 8679, -8]
805:22.17, 6:10 [8, 8906, 8758, -8]
806:52.40, 9:10 [8, 8645, 8684, 8591, -8]
807:103.42, 10:10 [8, 8522, 8979, 8633, 8658, 8556, -8]
808:109.13, 10:10 [8, 8722, 8769, 8883, 8951, 8992, -8]
809:76.59, 9:10 [8, 8597, 8547, 8668, -8]
810:115.50, 10:10 [8, 8943, 8707, 8845, -8]
811:103.23, 10:10 [8, 8987, 8676, 8897, 8735, -8]
812:81.70, 10:10 [8, 8946, 8824, 8817, 8837, -8]
813:124.70, 9:10 [8, 8779, 8531, 8764, 8866, -8]
815:85.49, 10:10 [8, 8608, 8961, 8784, 8998, 8881, 8913, -8]
816:89.28, 9:10 [8, 8782, 8830, 8714, 8719, -8]
817:113.78, 9:10 [8, 8579, 8634, 8678, -8]
818:81.02, 9:10 [8, 8708, 8750, 8948, -8]
819:102.03, 9:10 [8, 8759, 8994, 8723, 8893, -8]
823:52.80, 9:10 [8, 8920, 8910, 8996, -8]
901:125.57, 10:10 [9, 8545, 8549, 8533, -9]
902:133.86, 10:10 [9, 8682, 8674, 8623, -9]
903:69.72, 9:10 [9, 8541, 8692, 8615, -9]
904:95.57, 9:10 [9, 8616, 8637, 8558, -9]
905:92.92, 9:10 [9, 8628, 8565, 8675, 8689, -9]
906:118.91, 10:10 [9, 8577, 8588, 8550, 8698, 8535, -9]
907:131.13, 10:10 [9, 8589, 8538, 8690, -9]
908:42.46, 10:10 [9, 8659, 8662, 8582, -9]
909:35.88, 8:10 [9, 8621, 8632, 8595, -9]
910:125.21, 9:10 [9, 8876, 8939, 8703, -9]
911:34.06, 7:10 [9, 8765, 8747, -9]
912:99.48, 9:10 [9, 8861, 8711, 8968, 8971, -9]
913:50.44, 7:10 [9, 8956, 12574, 8721, -9]
914:84.27, 9:10 [9, 8889, 8810, 8742, 8818, -9]
915:111.66, 10:10 [9, 8977, 8840, 8844, -9]
916:81.37, 9:10 [9, 8885, 8922, 8891, -9]
917:137.68, 10:10 [9, 9001, 8918, 11706, 8540, 8576, -9]
918:65.49, 8:10 [9, 8993, 8966, 8940, -9]
919:56.40, 10:10 [9, 8855, 8763, 8755, 8826, -9]
921:96.74, 10:10 [9, 8752, 8983, 8909, 8882, 8904, -9]
922:66.80, 10:10 [9, 8766, 12879, 8924, -9]
923:110.98, 8:10 [9, 8896, 8874, 10923, 8907, 8627, -9]
924:82.11, 8:10 [9, 8972, 8716, 8892, 8788, -9]
925:110.32, 10:10 [9, 8713, 8748, 8802, 8927, -9]
926:127.83, 10:10 [9, 8790, 13090, 8894, 8822, -9]
fe: 5, se: 44

Day: 1, Time: 55
Total Cost: 762.81
 11:136.01, 11:75 [1, -4, -1]
 12:153.31, 5:75 [1, -5, -1]
401:145.08, 5:10 [4, 12648, 9205, 12858, -4]
402:124.80, 6:10 [4, 10462, 15474, 16050, -4]
501:120.93, 4:10 [5, 14030, -5]
502:82.68, 1:10 [5, 16938, -5]
fe: 2, se: 4

Day: 1, Time: 60
Total Cost: 317.83
 11:153.31, 9:75 [1, -5, -1]
502:164.52, 9:10 [5, 12934, 13752, 14580, -5]
fe: 1, se: 1

Day: 1, Time: 60
Total Cost: 710.34
 11:94.59, 15:75 [3, -8, -3]
 12:90.24, 14:75 [3, -9, -3]
801:85.90, 7:10 [8, 15420, 10281, -8]
802:106.52, 8:10 [8, 9520, 13470, 15508, -8]
901:145.44, 5:10 [9, 12161, 11588, 10478, -9]
902:98.91, 2:10 [9, 16738, 15757, -9]
903:88.74, 7:10 [9, 15589, 16790, -9]
fe: 2, se: 5

Day: 1, Time: 85
Total Cost: 577.43
 11:66.27, 20:75 [2, -6, -2]
 12:145.23, 4:75 [2, -7, -2]
601:94.89, 10:10 [6, 9556, 13715, 10464, -6]
602:97.02, 7:10 [6, 15198, 13145, 10956, -6]
603:139.08, 3:10 [6, 10852, 15423, -6]
701:34.93, 4:10 [7, 13418, -7]
fe: 2, se: 4

Day: 1, Time: 100
Total Cost: 444.45
 11:145.23, 4:75 [2, -7, -2]
 12:66.27, 5:75 [2, -6, -2]
601:100.15, 4:10 [6, 15953, 12125, 9902, -6]
602:61.77, 1:10 [6, 13660, -6]
701:14.42, 3:10 [7, 16318, -7]
702:56.60, 1:10 [7, 16668, -7]
fe: 2, se: 4

Day: 1, Time: 115
Total Cost: 935.63
 11:136.01, 13:75 [1, -4, -1]
 12:136.01, 4:75 [1, -4, -1]
 13:153.31, 10:75 [1, -5, -1]
401:150.40, 6:10 [4, 11835, 13828, -4]
402:14.00, 4:10 [4, 10360, -4]
403:145.12, 7:10 [4, 11719, 13040, -4]
501:165.00, 7:10 [5, 9337, 9769, -5]
502:35.78, 3:10 [5, 15553, -5]
fe: 3, se: 5

Day: 1, Time: 115
Total Cost: 181.23
 11:145.23, 3:75 [2, -7, -2]
701:36.00, 3:10 [7, 11907, -7]
fe: 1, se: 1

Day: 1, Time: 115
Total Cost: 627.62
 11:94.59, 12:75 [3, -8, -3]
 12:90.24, 14:75 [3, -9, -3]
801:76.14, 4:10 [8, 13064, 13649, 13189, -8]
802:82.49, 4:10 [8, 12021, 11097, -8]
803:41.18, 4:10 [8, 11972, -8]
901:79.84, 7:10 [9, 10488, 9602, 10822, -9]
902:110.63, 3:10 [9, 10181, -9]
903:52.50, 4:10 [9, 11814, -9]
fe: 2, se: 6

Day: 1, Time: 120
Total Cost: 346.42
 11:94.59, 2:75 [3, -8, -3]
 12:90.24, 4:75 [3, -9, -3]
801:59.09, 2:10 [8, 15713, -8]
901:102.49, 4:10 [9, 12792, -9]
fe: 2, se: 2

Day: 1, Time: 130
Total Cost: 455.72
 11:136.01, 5:75 [1, -4, -1]
 12:153.31, 4:75 [1, -5, -1]
401:28.28, 3:10 [4, 10107, -4]
402:67.47, 2:10 [4, 14995, -4]
501:8.00, 2:10 [5, 14425, -5]
502:62.64, 2:10 [5, 12421, -5]
fe: 2, se: 4

Day: 1, Time: 135
Total Cost: 677.25
 11:94.59, 11:75 [3, -8, -3]
 13:90.24, 7:75 [3, -9, -3]
801:94.53, 6:10 [8, 15634, 15894, -8]
802:113.84, 3:10 [8, 13579, -8]
803:116.62, 2:10 [8, 15629, -8]
901:88.41, 1:10 [9, 13449, -9]
902:79.01, 6:10 [9, 15271, 17006, -9]
fe: 2, se: 5

Day: 1, Time: 150
Total Cost: 324.57
 11:66.27, 12:75 [2, -6, -2]
601:123.34, 9:10 [6, 14797, 16064, 11176, -6]
602:134.95, 3:10 [6, 15462, -6]
fe: 1, se: 2

Day: 1, Time: 150
Total Cost: 557.26
 11:94.59, 4:75 [3, -8, -3]
 12:90.24, 9:75 [3, -9, -3]
 13:90.24, 5:75 [3, -9, -3]
801:52.02, 4:10 [8, 12642, 15010, -8]
901:150.78, 9:10 [9, 13853, 11992, 15586, -9]
902:79.39, 5:10 [9, 10732, 16519, -9]
fe: 3, se: 3

Day: 1, Time: 155
Total Cost: 305.83
 11:136.01, 6:75 [1, -4, -1]
401:85.60, 3:10 [4, 14222, -4]
402:84.21, 3:10 [4, 15956, -4]
fe: 1, se: 2

Day: 1, Time: 155
Total Cost: 358.08
 11:66.27, 2:75 [2, -6, -2]
 12:66.27, 5:75 [2, -6, -2]
601:90.91, 2:10 [6, 15311, -6]
602:134.62, 5:10 [6, 9363, 12988, -6]
fe: 2, se: 2

Day: 1, Time: 155
Total Cost: 142.59
 11:90.24, 3:75 [3, -9, -3]
901:52.35, 3:10 [9, 13728, -9]
fe: 1, se: 1

Day: 1, Time: 160
Total Cost: 136.01
 11:136.01, 1:75 [1, -4, -1]
401:0.00, 1:10 [4, 13843, -4]
fe: 1, se: 1

Day: 1, Time: 170
Total Cost: 343.01
 11:94.59, 3:75 [3, -8, -3]
 12:90.24, 5:75 [3, -9, -3]
801:50.00, 3:10 [8, 15560, -8]
901:108.17, 5:10 [9, 16553, 9255, -9]
fe: 2, se: 2

Day: 1, Time: 175
Total Cost: 364.84
 11:94.59, 2:75 [3, -8, -3]
 12:90.24, 4:75 [3, -9, -3]
801:94.85, 2:10 [8, 11464, -8]
901:85.16, 4:10 [9, 11140, -9]
fe: 2, se: 2

Day: 1, Time: 180
Total Cost: 188.82
 11:66.27, 8:75 [2, -6, -2]
601:122.55, 8:10 [6, 11473, 14204, -6]
fe: 1, se: 1

Day: 1, Time: 185
Total Cost: 212.40
 11:153.31, 3:75 [1, -5, -1]
501:59.09, 3:10 [5, 16107, -5]
fe: 1, se: 1

Day: 1, Time: 290
Total Cost: 667.45
 11:66.27, 39:75 [2, -6, -2]
601:129.70, 10:10 [6, 10941, 9673, 11495, 16880, -6]
602:113.43, 10:10 [6, 10299, 11088, 16720, 13126, -6]
603:159.23, 10:10 [6, 11647, 9393, 11655, 14001, -6]
604:198.82, 9:10 [6, 9928, 17132, 14250, 10075, 9872, -6]
fe: 1, se: 4

Day: 1, Time: 315
Total Cost: 771.39
 12:90.24, 50:75 [3, -9, -3]
901:168.39, 10:10 [9, 14997, 13138, 11072, -9]
902:97.67, 10:10 [9, 16882, 16032, 16382, 11793, -9]
903:115.97, 10:10 [9, 16233, 11607, 13598, 14777, -9]
904:145.51, 10:10 [9, 11333, 13815, 15296, 15140, 13172, 14489, -9]
905:153.60, 10:10 [9, 11281, 10750, 16865, 17085, 10609, 10206, -9]
fe: 1, se: 5

Day: 1, Time: 330
Total Cost: 941.93
 11:136.01, 42:75 [1, -4, -1]
 12:153.31, 10:75 [1, -5, -1]
401:124.57, 10:10 [4, 14344, 11245, 14410, 13896, 9334, 11274, -4]
402:66.42, 5:10 [4, 13669, 13444, -4]
403:157.92, 10:10 [4, 10021, 11439, 10894, 13300, 14424, -4]
404:46.62, 7:10 [4, 16272, 12032, 14697, -4]
405:86.50, 10:10 [4, 9979, 11513, 15639, 12488, 16388, -4]
501:170.57, 10:10 [5, 9992, 11600, 13148, 13966, 9658, -5]
fe: 2, se: 6

Day: 1, Time: 360
Total Cost: 1003.41
 11:136.01, 15:75 [1, 4, -4, -1]
 12:153.31, 13:75 [1, 5, -5, -1]
401:126.36, 9:10 [4, 16444, 15880, 217, -4]
404:155.62, 9:10 [4, 10231, 229, 29, -4]
405:146.72, 9:10 [4, 14657, 12287, 280, -4]
501:155.87, 7:10 [5, 107, 7023, 114, -5]
502:126.68, 10:10 [5, 11991, 866, 212, -5]
503:2.83, 2:10 [5, 13174, -5]
fe: 2, se: 6

Day: 1, Time: 400
Total Cost: 660.83
 11:136.01, 5:75 [1, -4, -1]
 12:153.31, 15:75 [1, -5, -1]
401:152.80, 2:10 [4, 14260, -4]
402:61.61, 3:10 [4, 12920, -4]
501:59.55, 8:10 [5, 9222, 14509, -5]
502:76.66, 4:10 [5, 16204, -5]
503:20.88, 3:10 [5, 10235, -5]
fe: 2, se: 5

Day: 1, Time: 400
Total Cost: 916.57
 11:151.76, 50:75 [2, -6, -7, -2]
601:135.94, 9:10 [6, 16888, 10094, 15122, -6]
602:124.99, 9:10 [6, 10067, 15781, 16430, 16254, 14472, -6]
603:156.28, 10:10 [6, 9675, 13757, 16012, 15121, -6]
604:76.61, 7:10 [6, 12834, 13116, -6]
605:157.39, 6:10 [6, 11474, 14283, -6]
701:113.60, 9:10 [7, 16172, 13794, 16470, 11034, 9283, -7]
fe: 1, se: 6

Day: 1, Time: 405
Total Cost: 1424.69
 11:136.01, 70:75 [1, 4, -1]
 12:153.31, 43:75 [1, 5, -1]
401:39.85, 4:10 [4, 49, -4]
402:66.24, 8:10 [4, 214, 206, 81, 6621, -4]
403:142.61, 7:10 [4, 6320, 241, -4]
404:47.08, 8:10 [4, 89, 4728, 248, -4]
405:77.96, 10:10 [4, 13, 8100, 79, -4]
406:44.30, 6:10 [4, 4759, 85, 59, 199, -4]
407:48.85, 10:10 [4, 218, 33, 75, 189, -4]
408:73.15, 9:10 [4, 278, 58, 311, -4]
410:82.70, 8:10 [4, 281, 45, 195, -4]
501:56.83, 8:10 [5, 1491, 17, 142, -5]
502:49.40, 4:10 [5, 3217, 2233, -5]
503:56.56, 5:10 [5, 6899, 193, 8048, -5]
504:150.34, 8:10 [5, 1212, 103, 271, -5]
505:54.44, 5:10 [5, 2355, 24, 269, -5]
506:74.56, 7:10 [5, 166, 4455, -5]
507:70.50, 6:10 [5, 272, 4959, -5]
fe: 2, se: 16

Day: 1, Time: 405
Total Cost: 1202.60
 11:66.27, 33:75 [2, 6, -2]
 12:145.23, 50:75 [2, 7, -2]
601:106.26, 5:10 [6, 192, 101, -6]
602:102.88, 10:10 [6, 174, 292, 254, 83, -6]
603:121.49, 6:10 [6, 28, 243, 32, -6]
604:105.84, 8:10 [6, 1788, 6870, 76, -6]
606:136.96, 4:10 [6, 6305, 40, 5153, -6]
701:65.49, 9:10 [7, 237, 150, 104, -7]
702:72.47, 8:10 [7, 1274, 1821, 3731, -7]
703:76.49, 8:10 [7, 120, 3282, -7]
704:52.38, 6:10 [7, 5735, 4374, 4400, -7]
705:24.42, 8:10 [7, 158, 7829, -7]
706:69.81, 3:10 [7, 136, 285, -7]
707:56.59, 8:10 [7, 5038, 310, 216, -7]
fe: 2, se: 12

Day: 1, Time: 405
Total Cost: 2222.54
 11:94.59, 64:75 [3, 8, -8, -3]
 17:90.24, 57:75 [3, 9, -9, -3]
801:79.11, 8:10 [8, 11342, 295, 157, 118, 170, -8]
802:65.38, 5:10 [8, 15156, 227, -8]
803:110.51, 10:10 [8, 9753, 2579, 70, 239, -8]
804:113.61, 9:10 [8, 222, 210, 116, -8]
805:112.11, 6:10 [8, 301, 99, 122, -8]
807:92.16, 7:10 [8, 146, 121, 15658, 1033, -8]
808:80.01, 9:10 [8, 12, 115, 88, 11867, 16936, -8]
809:100.05, 6:10 [8, 209, 7978, 20, 14818, -8]
813:110.91, 7:10 [8, 198, 137, 125, 260, -8]
814:96.78, 10:10 [8, 10776, 12522, 8325, 11945, -8]
901:132.61, 5:10 [9, 55, 2772, -9]
902:110.14, 10:10 [9, 91, 3327, 263, -9]
903:104.82, 8:10 [9, 14537, 10821, 309, 13184, -9]
904:97.46, 7:10 [9, 61, 15297, 16373, 3958, -9]
905:89.03, 7:10 [9, 10239, 196, 300, -9]
906:121.13, 9:10 [9, 15320, 56, 274, -9]
907:127.21, 8:10 [9, 130, 291, 12374, -9]
908:78.44, 4:10 [9, 233, 12991, -9]
913:114.24, 5:10 [9, 13724, 190, 163, 11053, -9]
920:102.01, 8:10 [9, 205, 305, 15832, -9]
fe: 2, se: 20

Day: 1, Time: 410
Total Cost: 288.16
 11:153.31, 1:75 [1, -5, -1]
501:134.85, 1:10 [5, 10942, -5]
fe: 1, se: 1

Day: 1, Time: 410
Total Cost: 203.52
 11:66.27, 4:75 [2, -6, -2]
601:137.24, 4:10 [6, 14953, -6]
fe: 1, se: 1

Day: 1, Time: 425
Total Cost: 364.27
 11:113.51, 11:75 [3, -8, -9, -3]
801:110.64, 3:10 [8, 10632, 13197, -8]
901:140.12, 8:10 [9, 12965, 9834, -9]
fe: 1, se: 2

Day: 1, Time: 430
Total Cost: 171.45
 11:66.27, 6:75 [2, -6, -2]
601:105.17, 6:10 [6, 13760, 13805, -6]
fe: 1, se: 1

Day: 1, Time: 450
Total Cost: 1086.31
 11:179.78, 9:75 [1, 4, -5, -1]
 12:153.31, 7:75 [1, 5, -1]
401:115.28, 4:10 [4, 299, 290, -4]
402:114.28, 4:10 [4, 256, -4]
403:133.78, 1:10 [4, 117, -4]
501:116.50, 4:10 [5, 2486, -5]
502:45.69, 4:10 [5, 14428, -5]
503:113.14, 2:10 [5, 252, -5]
504:114.56, 1:10 [5, 90, -5]
fe: 2, se: 7

Day: 1, Time: 450
Total Cost: 824.33
 11:66.27, 22:75 [2, 6, -2]
601:65.51, 4:10 [6, 220, -6]
602:83.55, 2:10 [6, 159, -6]
603:76.84, 2:10 [6, 2898, -6]
604:67.47, 2:10 [6, 39, -6]
605:80.02, 1:10 [6, 265, -6]
606:80.00, 3:10 [6, 60, -6]
607:77.79, 1:10 [6, 134, -6]
608:72.72, 1:10 [6, 127, -6]
609:72.44, 3:10 [6, 208, -6]
610:81.71, 3:10 [6, 261, -6]
fe: 1, se: 10

Day: 1, Time: 450
Total Cost: 844.77
 11:94.59, 17:75 [3, 8, -3]
 12:90.24, 21:75 [3, 9, -3]
801:54.15, 4:10 [8, 175, -8]
802:44.94, 4:10 [8, 231, -8]
803:43.08, 4:10 [8, 177, -8]
804:52.80, 1:10 [8, 3435, -8]
805:45.61, 1:10 [8, 221, -8]
806:50.00, 3:10 [8, 3921, -8]
901:52.00, 2:10 [9, 77, -9]
902:49.19, 4:10 [9, 80, -9]
903:56.46, 1:10 [9, 151, -9]
904:43.91, 4:10 [9, 262, -9]
905:52.15, 4:10 [9, 48, -9]
906:56.57, 4:10 [9, 178, -9]
907:59.06, 2:10 [9, 255, -9]
fe: 2, se: 13

Day: 1, Time: 460
Total Cost: 2357.74
 11:136.01, 46:75 [1, 4, -1]
 12:153.31, 74:75 [1, 5, -1]
401:94.42, 2:10 [4, 219, 46, -4]
402:83.70, 3:10 [4, 132, 4970, -4]
403:93.34, 3:10 [4, 6733, 181, -4]
404:73.77, 4:10 [4, 51, 3331, -4]
405:97.41, 7:10 [4, 3120, 284, -4]
406:105.55, 1:10 [4, 6791, -4]
407:100.36, 4:10 [4, 215, 204, -4]
408:99.60, 4:10 [4, 7374, 128, -4]
409:81.34, 6:10 [4, 112, 197, 238, -4]
410:109.18, 4:10 [4, 207, -4]
411:105.26, 1:10 [4, 4499, -4]
412:101.31, 4:10 [4, 182, 98, -4]
413:48.17, 3:10 [4, 203, -4]
501:60.32, 7:10 [5, 92, 275, 277, -5]
502:89.89, 3:10 [5, 314, -5]
503:57.19, 8:10 [5, 147, 154, -5]
504:73.07, 8:10 [5, 3124, 3471, 169, -5]
505:88.59, 4:10 [5, 247, -5]
506:82.00, 5:10 [5, 6944, 21, -5]
507:71.32, 6:10 [5, 6581, 73, -5]
508:66.66, 6:10 [5, 167, 14, -5]
509:82.17, 7:10 [5, 2132, 191, -5]
510:74.60, 6:10 [5, 318, 673, -5]
512:69.05, 4:10 [5, 2407, 69, -5]
513:60.16, 10:10 [5, 34, 93, 259, -5]
fe: 2, se: 25

Day: 1, Time: 460
Total Cost: 1578.22
 11:66.27, 73:75 [2, 6, -2]
 12:145.23, 23:75 [2, 7, -2]
601:60.00, 4:10 [6, 5340, -6]
602:50.99, 2:10 [6, 52, -6]
603:45.86, 7:10 [6, 225, 232, -6]
604:46.64, 4:10 [6, 184, 230, -6]
605:58.00, 3:10 [6, 138, -6]
606:46.89, 5:10 [6, 308, 3029, -6]
607:35.43, 3:10 [6, 183, 23, -6]
608:55.46, 3:10 [6, 100, -6]
609:45.71, 3:10 [6, 293, 7067, -6]
610:39.88, 6:10 [6, 44, 4889, -6]
611:56.14, 4:10 [6, 5062, -6]
612:55.61, 3:10 [6, 171, -6]
613:152.30, 9:10 [6, 5138, 156, 251, -6]
614:56.14, 4:10 [6, 155, -6]
615:54.41, 3:10 [6, 6730, -6]
616:118.23, 4:10 [6, 5890, 26, -6]
617:145.78, 6:10 [6, 8248, 257, 31, 2042, -6]
701:62.00, 8:10 [7, 188, 186, 2774, -7]
702:70.03, 6:10 [7, 109, 187, -7]
703:45.61, 3:10 [7, 139, -7]
704:65.63, 6:10 [7, 74, 245, -7]
fe: 2, se: 21

Day: 1, Time: 460
Total Cost: 1406.70
 11:94.59, 36:75 [3, 8, -3]
 12:90.24, 49:75 [3, 9, -3]
801:88.82, 4:10 [8, 47, 102, -8]
802:21.26, 2:10 [8, 288, -8]
803:25.06, 2:10 [8, 6508, -8]
804:102.72, 6:10 [8, 149, 161, -8]
805:24.74, 1:10 [8, 286, -8]
806:127.50, 7:10 [8, 106, 124, 244, -8]
807:95.07, 6:10 [8, 72, 67, -8]
808:116.65, 8:10 [8, 213, 3145, 27, 111, -8]
901:135.68, 5:10 [9, 6107, 298, 2162, -9]
902:4.47, 4:10 [9, 97, -9]
903:17.25, 5:10 [9, 129, 108, -9]
904:118.35, 8:10 [9, 144, 113, 141, 36, -9]
905:31.62, 4:10 [9, 294, -9]
908:112.41, 8:10 [9, 317, 50, 7360, -9]
910:92.25, 7:10 [9, 313, 162, -9]
911:108.01, 8:10 [9, 148, 37, 235, 66, -9]
fe: 2, se: 16

Day: 1, Time: 495
Total Cost: 730.36
 11:136.01, 21:75 [1, 4, -1]
 12:153.31, 16:75 [1, 5, -1]
401:41.62, 1:10 [4, 94, -4]
402:18.44, 2:10 [4, 228, -4]
403:36.06, 1:10 [4, 4298, -4]
404:35.38, 3:10 [4, 276, -4]
405:38.42, 2:10 [4, 287, -4]
406:35.38, 2:10 [4, 42, -4]
407:30.53, 1:10 [4, 71, -4]
408:34.00, 4:10 [4, 172, -4]
409:37.36, 1:10 [4, 3302, -4]
410:18.87, 1:10 [4, 4780, -4]
411:42.76, 3:10 [4, 258, -4]
501:22.80, 3:10 [5, 7628, -5]
502:12.65, 5:10 [5, 2783, 283, -5]
503:26.00, 4:10 [5, 5163, -5]
504:10.77, 4:10 [5, 240, -5]
fe: 2, se: 15

Day: 1, Time: 495
Total Cost: 2532.63
 11:66.27, 74:75 [2, 6, -2]
 12:66.27, 22:75 [2, 6, -2]
 13:145.23, 27:75 [2, 7, -2]
601:92.16, 6:10 [6, 176, 57, -6]
602:74.43, 3:10 [6, 7204, -6]
603:103.73, 1:10 [6, 78, -6]
604:98.38, 7:10 [6, 266, 165, -6]
605:92.12, 7:10 [6, 1591, 4244, -6]
606:98.20, 5:10 [6, 65, 4350, -6]
607:71.38, 5:10 [6, 282, 830, -6]
608:101.19, 3:10 [6, 268, -6]
609:83.21, 4:10 [6, 38, 3952, -6]
610:78.10, 5:10 [6, 912, 303, 41, -6]
611:67.94, 2:10 [6, 246, -6]
612:106.15, 3:10 [6, 18, -6]
613:105.26, 2:10 [6, 279, -6]
614:105.22, 2:10 [6, 242, -6]
615:95.56, 4:10 [6, 249, 297, -6]
616:93.05, 6:10 [6, 7863, 307, -6]
617:97.31, 5:10 [6, 4189, 253, -6]
618:93.17, 8:10 [6, 68, 565, 8316, -6]
619:100.44, 2:10 [6, 160, -6]
620:110.02, 1:10 [6, 164, -6]
621:78.18, 7:10 [6, 226, 202, -6]
624:86.64, 8:10 [6, 224, 5532, 133, -6]
701:32.98, 1:10 [7, 30, -7]
702:33.94, 1:10 [7, 515, -7]
703:28.64, 4:10 [7, 312, -7]
704:16.49, 3:10 [7, 250, -7]
705:19.96, 8:10 [7, 6896, 1772, -7]
706:21.54, 4:10 [7, 54, -7]
707:32.06, 3:10 [7, 4168, -7]
708:21.26, 1:10 [7, 25, -7]
709:16.12, 2:10 [7, 315, -7]
fe: 3, se: 31

Day: 1, Time: 495
Total Cost: 2047.86
 11:94.59, 62:75 [3, 8, -3]
 12:90.24, 37:75 [3, 9, -3]
801:80.02, 3:10 [8, 7266, -8]
802:84.40, 3:10 [8, 110, -8]
803:70.71, 7:10 [8, 6863, 5025, -8]
804:64.03, 3:10 [8, 1417, -8]
805:72.80, 7:10 [8, 119, 8022, -8]
806:82.39, 4:10 [8, 10, -8]
807:60.03, 1:10 [8, 2266, -8]
808:67.29, 4:10 [8, 179, 1079, -8]
809:69.82, 7:10 [8, 236, 145, -8]
810:70.98, 5:10 [8, 152, 180, -8]
811:80.62, 2:10 [8, 7263, -8]
812:69.99, 6:10 [8, 200, 153, -8]
813:74.43, 1:10 [8, 11, -8]
814:37.36, 3:10 [8, 131, -8]
815:71.60, 3:10 [8, 22, 82, -8]
816:49.48, 3:10 [8, 123, -8]
901:88.84, 1:10 [9, 84, -9]
902:62.69, 6:10 [9, 86, 1774, -9]
903:88.77, 3:10 [9, 6171, -9]
904:74.01, 4:10 [9, 43, 7417, -9]
905:86.83, 3:10 [9, 6772, -9]
906:84.97, 1:10 [9, 19, -9]
907:75.71, 1:10 [9, 126, -9]
908:57.72, 6:10 [9, 96, 168, -9]
909:73.03, 8:10 [9, 16, 319, -9]
910:64.50, 4:10 [9, 185, -9]
fe: 2, se: 26

Day: 1, Time: 525
Total Cost: 647.92
 11:66.27, 49:75 [2, 6, -2]
601:46.39, 3:10 [6, 201, -6]
602:44.41, 1:10 [6, 64, -6]
603:38.25, 2:10 [6, 304, 6784, -6]
604:46.69, 3:10 [6, 3016, -6]
605:17.20, 2:10 [6, 316, -6]
606:39.50, 7:10 [6, 306, 35, -6]
607:43.91, 4:10 [6, 135, -6]
608:26.31, 4:10 [6, 140, -6]
609:45.65, 4:10 [6, 2450, -6]
610:50.12, 4:10 [6, 267, -6]
611:42.52, 3:10 [6, 3884, -6]
612:42.31, 6:10 [6, 302, 173, -6]
613:52.00, 2:10 [6, 223, -6]
615:46.39, 4:10 [6, 53, -6]
fe: 1, se: 14

Day: 1, Time: 525
Total Cost: 223.17
 11:94.59, 1:75 [3, 8, -3]
 12:90.24, 6:75 [3, 9, -3]
801:20.40, 1:10 [8, 15, -8]
901:17.93, 6:10 [9, 211, 143, -9]
fe: 2, se: 2


Day	Area	ID	Time	Load	Utilization	NoOrders	AssignmentCost
1	1	 8	315	 60	1.00	24	675.00
1	1	27	315	 27	0.45	12	345.00
1	1	 9	360	 24	0.40	10	315.00
1	1	119	400	 88	0.73	34	1910.00
1	1	10	405	 60	1.00	25	675.00
1	1	29	405	 50	0.83	19	575.00
1	1	11	450	 30	0.42	10	300.00
1	1	123	800	 13	0.14	 4	492.00
1	1	19	810	 48	1.00	20	666.00
1	1	38	810	 48	1.00	20	666.00
1	2	136	300	 19	0.16	 6	530.00
1	2	46	315	 60	1.00	23	675.00
1	2	65	315	 59	0.98	23	665.00
1	2	47	360	 34	0.57	13	415.00
1	2	137	400	110	0.92	45	2350.00
1	2	48	405	 59	0.98	22	665.00
1	2	67	405	 10	0.17	 3	175.00
1	2	49	450	  9	0.13	 4	132.00
1	2	141	800	 19	0.20	 8	636.00
1	2	57	810	 48	1.00	20	666.00
1	2	76	810	 48	1.00	18	666.00
1	3	154	300	  6	0.05	 3	270.00
1	3	84	315	 60	1.00	22	675.00
1	3	103	315	 51	0.85	21	585.00
1	3	85	360	 18	0.30	 7	255.00
1	3	155	400	103	0.86	42	2210.00
1	3	86	405	 60	1.00	25	675.00
1	3	105	405	 20	0.33	 7	275.00
1	3	87	450	 25	0.35	 9	260.00
1	3	156	500	  2	0.01	 1	152.00
1	3	159	800	 48	0.50	18	1332.00
1	3	95	810	 48	1.00	19	666.00
1	3	114	810	 48	1.00	19	666.00


Day	Area	Time	Pickup	Delivery	Direct	FEVehicles	SEVehicles	ALNSTime	ALNSBestTime	RoutingCostArea
1	1	0	107	51	0	8	44	96.34	0.00	5611.75
1	1	55	8	0	0	2	4	0.93	0.00	762.81
1	1	60	3	0	0	1	1	0.41	0.00	317.83
1	1	115	8	0	0	3	5	0.96	0.00	935.63
1	1	130	4	0	0	2	4	0.61	0.00	455.72
1	1	135	0	0	1	0	0	0.00	0.00	500.00
1	1	155	2	0	1	1	2	0.29	0.00	805.83
1	1	160	1	0	1	1	1	0.21	0.00	636.01
1	1	185	1	0	0	1	1	0.21	0.00	212.40
1	1	330	26	0	0	2	6	2.23	0.00	941.93
1	1	360	7	9	0	2	6	1.34	0.00	1003.41
1	1	400	6	0	0	2	5	0.75	0.00	660.83
1	1	405	0	45	0	2	16	6.94	4.90	1424.69
1	1	410	1	0	0	1	1	0.21	0.00	288.16
1	1	450	1	7	0	2	7	0.64	0.00	1086.31
1	1	460	0	48	0	2	25	7.29	2.05	2357.74
1	1	495	0	16	0	2	15	1.30	0.00	730.36
1	2	25	117	65	0	9	49	168.68	85.60	4808.73
1	2	85	9	0	0	2	4	0.67	0.01	577.43
1	2	100	6	0	0	2	4	0.47	0.01	444.45
1	2	115	1	0	0	1	1	0.21	0.00	181.23
1	2	150	4	0	0	1	2	0.52	0.00	324.57
1	2	155	3	0	0	2	2	0.38	0.00	358.08
1	2	160	0	0	1	0	0	0.00	0.00	500.00
1	2	180	2	0	1	1	1	0.28	0.00	688.82
1	2	290	17	0	0	1	4	1.38	0.00	667.45
1	2	400	21	0	0	1	6	1.83	0.00	916.57
1	2	405	0	33	0	2	12	3.45	0.72	1202.60
1	2	410	1	0	0	1	1	0.21	0.00	203.52
1	2	430	2	0	0	1	1	0.26	0.00	171.45
1	2	450	0	10	0	1	10	0.79	0.00	824.33
1	2	460	0	37	0	2	21	8.08	6.21	1578.22
1	2	495	0	48	0	3	31	5.65	2.97	2532.63
1	2	525	0	17	2	1	14	1.39	0.00	1647.92
1	2	550	0	0	1	0	0	0.00	0.00	500.00
1	3	30	97	64	0	5	44	167.65	133.31	4552.95
1	3	60	12	0	0	2	5	1.17	0.00	710.34
1	3	115	11	0	0	2	6	0.96	0.00	627.62
1	3	120	2	0	0	2	2	0.34	0.00	346.42
1	3	135	7	0	0	2	5	0.61	0.00	677.25
1	3	150	7	0	0	3	3	0.79	0.00	557.26
1	3	155	1	0	0	1	1	0.21	0.00	142.59
1	3	170	3	0	1	2	2	0.53	0.00	843.01
1	3	175	2	0	1	2	2	0.32	0.00	864.84
1	3	315	23	0	0	1	5	3.86	2.74	771.39
1	3	405	22	47	0	2	20	26.31	20.22	2222.54
1	3	425	4	0	0	1	2	0.63	0.00	364.27
1	3	450	0	13	0	2	13	1.11	0.00	844.77
1	3	460	0	36	0	2	16	2.95	0.00	1406.70
1	3	495	0	37	0	2	26	4.78	3.00	2047.86
1	3	525	0	3	1	2	2	0.36	0.00	723.17

Day	SL	Own	DispatchTimes	AssignmentCost	RoutingCost	TotalCost
1	24	9	35	22215.00	54562.37	76777.37

Total Cost: 76777.36998839607
Cost per Day: 76777.36998839607
Running time in Seconds: 594.306
Running time in minutes: 9.9051