INSTANCE: 3hubs_A_38_x.csv
PARAMETER: sp_balance_loose_20_120_3hubs.txt
POLICY: Stochastic Programming
ALPHA: 0.0240177634262549
BETA: 67
OMEGA: 586
EPSILON: 1.44934881724368

Day: 1, Time: 0
Total Cost: 6314.72
 11:136.01, 57:75 [1, 4, -4, -1]
 12:136.01, 57:75 [1, 4, -4, -1]
 13:136.01, 75:75 [1, 4, -4, -1]
 14:136.01, 3:75 [1, -4, -1]
 15:153.31, 71:75 [1, 5, -5, -1]
 16:153.31, 72:75 [1, 5, -5, -1]
 17:153.31, 49:75 [1, -5, -1]
 20:136.01, 17:75 [1, -4, -1]
401:54.05, 8:10 [4, 8881, 8703, -4]
402:110.10, 10:10 [4, 8867, 8923, 8643, 8532, 8511, 8914, -4]
403:156.20, 3:10 [4, 8847, -4]
404:89.04, 9:10 [4, 8759, 8805, 8627, 8884, 8543, 8935, 8830, -4]
405:76.28, 10:10 [4, 8798, 8957, 8788, 8796, -4]
406:131.68, 10:10 [4, 8641, 13066, 8490, 8644, -4]
407:121.37, 10:10 [4, 8748, 8845, 8785, 8731, -4]
408:147.34, 8:10 [4, 8905, 8756, 9004, -4]
409:80.79, 10:10 [4, 8790, 8704, 9008, 8720, 8996, 8724, -4]
410:30.59, 4:10 [4, 8576, -4]
412:85.09, 6:10 [4, 8629, 8687, -4]
413:110.60, 9:10 [4, 8859, 8706, 8882, 8899, -4]
414:158.97, 8:10 [4, 8513, 8810, 8580, -4]
415:101.12, 10:10 [4, 8640, 8438, 8514, 8464, -4]
416:153.30, 10:10 [4, 8437, 8773, 8820, 8634, 8546, 8575, -4]
417:115.41, 10:10 [4, 8768, 8793, 8862, 8628, -4]
418:115.33, 9:10 [4, 8827, 8973, 8705, -4]
419:172.65, 10:10 [4, 8657, 8593, 8604, 8635, 8702, -4]
420:92.27, 9:10 [4, 8620, 8677, 8559, 8447, -4]
421:51.06, 10:10 [4, 8769, 8959, 9022, -4]
422:165.24, 8:10 [4, 8761, 8967, 8960, 8632, -4]
423:67.40, 10:10 [4, 8894, 8921, 8752, 8421, -4]
424:135.46, 10:10 [4, 8866, 8618, 8481, 9011, 8814, -4]
425:103.34, 8:10 [4, 8715, 8887, 8947, -4]
426:115.43, 10:10 [4, 8854, 8833, 9007, 8442, -4]
427:120.36, 10:10 [4, 8822, 8708, 8976, 8977, -4]
429:126.65, 10:10 [4, 8707, 8742, 9010, 8568, -4]
501:59.74, 10:10 [5, 8714, 9003, 9030, -5]
502:70.20, 10:10 [5, 8660, 8475, 8907, 8626, 8533, 8753, -5]
503:139.29, 10:10 [5, 9000, 8931, 8869, 8652, 8746, -5]
504:27.97, 5:10 [5, 8470, 8582, -5]
505:27.69, 9:10 [5, 8482, 8517, 8573, 8556, -5]
506:128.75, 9:10 [5, 8672, 8633, 8654, 8661, -5]
507:69.72, 9:10 [5, 8927, 8779, 8987, 8701, -5]
508:118.44, 10:10 [5, 8630, 8600, 8479, 8493, -5]
509:134.03, 10:10 [5, 8998, 8427, 8815, 8668, 8455, 8771, -5]
510:98.08, 7:10 [5, 9027, 8436, 8432, 8446, -5]
511:73.39, 10:10 [5, 8722, 8942, 8886, 9025, -5]
512:60.49, 9:10 [5, 8696, 8509, 8775, 8561, -5]
513:68.25, 9:10 [5, 8499, 8733, 8770, 8760, -5]
514:132.73, 10:10 [5, 8828, 8900, 8727, 8477, 8637, 8723, -5]
515:70.31, 10:10 [5, 8806, 8995, 8861, -5]
516:109.09, 10:10 [5, 8819, 8784, 8592, 8983, -5]
517:81.07, 8:10 [5, 8581, 8692, 8460, 8831, -5]
518:179.39, 10:10 [5, 8589, 8664, 8500, 8938, 8522, 8689, 8542, -5]
519:86.11, 10:10 [5, 8984, 8991, 8826, 8840, -5]
520:82.50, 7:10 [5, 8811, 8730, 8710, -5]
521:102.05, 10:10 [5, 8619, 8496, 8449, 8538, 8468, 8665, -5]
523:103.25, 8:10 [5, 8729, 8631, 8754, 8925, -5]
525:165.05, 8:10 [5, 8802, 8978, 8673, 8791, -5]
fe: 8, se: 50

Day: 1, Time: 0
Total Cost: 4978.76
 11:66.27, 75:75 [2, 6, -6, -2]
 12:66.27, 71:75 [2, 6, -6, -2]
 13:66.27, 28:75 [2, -6, -2]
 14:66.27, 17:75 [2, 6, -6, -2]
 15:66.27, 18:75 [2, 6, -6, -2]
 17:66.27, 10:75 [2, -6, -2]
 18:145.23, 63:75 [2, 7, -7, -2]
 22:66.27, 9:75 [2, 6, -6, -2]
 24:145.23, 65:75 [2, 7, -7, -2]
 25:66.27, 9:75 [2, 6, -6, -2]
601:94.42, 9:10 [6, 8863, 8787, 8969, -6]
602:143.29, 10:10 [6, 8653, 8639, 8459, 8424, 8851, 8743, 8451, 8666, 8846, 8906, 8837, -6]
603:59.70, 8:10 [6, 8948, 8964, 8535, -6]
604:64.49, 10:10 [6, 9015, 9024, 8980, -6]
605:74.44, 10:10 [6, 8889, 9019, 8536, 8457, 8584, -6]
606:73.18, 8:10 [6, 8525, 8497, 8558, 8444, 8445, -6]
607:76.19, 9:10 [6, 8461, 8649, 8693, 8560, -6]
608:82.15, 9:10 [6, 8527, 8848, 8940, 8698, 8697, -6]
609:122.57, 10:10 [6, 8489, 8534, 8448, 8658, -6]
610:134.99, 9:10 [6, 8494, 8621, 8858, 8645, 8441, 9014, -6]
611:10.20, 4:10 [6, 8735, -6]
612:79.70, 10:10 [6, 8946, 8880, 8521, 8681, 8838, -6]
613:97.00, 10:10 [6, 8713, 8612, 8913, 8646, 9026, -6]
614:86.37, 10:10 [6, 8918, 8766, 8528, -6]
615:98.44, 10:10 [6, 8608, 8423, 8544, 8860, 8782, 8904, 8966, 8924, -6]
616:40.49, 8:10 [6, 8809, 8922, -6]
617:122.70, 9:10 [6, 8807, 9012, 8981, 8843, 8716, -6]
619:51.53, 10:10 [6, 8832, 8990, 8930, -6]
620:117.55, 9:10 [6, 8466, 8682, 8803, 8548, -6]
621:146.31, 10:10 [6, 8430, 8744, 8606, 8817, 8491, -6]
623:63.77, 10:10 [6, 8486, 8699, 8553, 8516, -6]
625:69.68, 9:10 [6, 8783, 8877, 8879, 8962, -6]
627:130.14, 10:10 [6, 9016, 8970, 8738, 8902, 8975, -6]
629:46.84, 9:10 [6, 8549, 8883, 8520, 8443, 8571, -6]
631:108.36, 10:10 [6, 9005, 8567, 8789, 8794, 8865, -6]
632:77.18, 8:10 [6, 8605, 8601, 8566, -6]
634:119.83, 9:10 [6, 8599, 8758, 8856, 8965, 8986, 8872, -6]
635:158.03, 10:10 [6, 8824, 8765, 8515, 8579, 8875, 8750, 9028, -6]
636:99.92, 10:10 [6, 8786, 8839, 8910, 8842, 8834, -6]
643:148.78, 10:10 [6, 8422, 8623, 8871, 8901, 8999, 8434, -6]
701:79.13, 10:10 [7, 8736, 8920, 8912, 8801, -7]
702:80.33, 8:10 [7, 8825, 8674, 8757, -7]
703:93.00, 9:10 [7, 8868, 8504, 8615, 8751, -7]
704:52.18, 7:10 [7, 8908, 8439, -7]
705:85.43, 10:10 [7, 8502, 8462, 8669, 8897, -7]
706:90.95, 9:10 [7, 8551, 8583, 8982, 8683, -7]
707:57.43, 10:10 [7, 8507, 8721, 8800, 8717, 9034, -7]
708:65.17, 10:10 [7, 8476, 8638, 8597, 8763, -7]
709:144.13, 9:10 [7, 8530, 8467, 8670, 8939, 8953, -7]
710:87.10, 10:10 [7, 8994, 8776, 8458, 8992, -7]
711:45.43, 9:10 [7, 8663, 8454, 8537, -7]
712:102.66, 10:10 [7, 8602, 8508, 8498, 8518, -7]
713:28.80, 7:10 [7, 8892, 8728, -7]
714:80.50, 8:10 [7, 9031, 8512, 8816, 9032, 8740, -7]
715:89.43, 9:10 [7, 8625, 9009, 8453, 8529, 8650, 8835, -7]
716:79.44, 10:10 [7, 8878, 8755, 8732, 8944, 8890, 8762, -7]
718:98.74, 10:10 [7, 8777, 8648, 8578, 9018, 8484, 8929, -7]
fe: 10, se: 47

Day: 1, Time: 5
Total Cost: 4280.00
 11:94.59, 74:75 [3, 8, -8, -3]
 12:90.24, 71:75 [3, 9, -9, -3]
 13:90.24, 50:75 [3, 9, -9, -3]
 14:94.59, 75:75 [3, 8, -8, -3]
801:117.64, 9:10 [8, 9021, 8876, 8795, 8555, 8624, -8]
802:118.33, 10:10 [8, 8841, 8799, 8926, 8961, -8]
803:86.24, 10:10 [8, 8676, 8540, 8891, 8611, -8]
804:104.62, 10:10 [8, 8725, 8550, 8864, 8450, 8919, 8985, 8903, -8]
805:76.06, 10:10 [8, 9006, 8591, 8590, 8818, -8]
806:80.56, 10:10 [8, 8505, 8435, 8474, 8642, -8]
807:56.58, 9:10 [8, 8695, 8510, 8570, 8554, 8719, -8]
808:132.33, 10:10 [8, 8487, 8780, 8659, 8595, 8506, 8915, 8898, -8]
809:130.25, 10:10 [8, 8988, 8686, 8585, 8941, 8596, 8569, -8]
810:92.69, 10:10 [8, 8712, 8594, 8911, 8472, 8873, 9033, 8781, -8]
811:76.40, 7:10 [8, 8678, 8577, 8562, 9017, 8916, -8]
812:15.88, 8:10 [8, 8917, 8823, -8]
813:154.84, 10:10 [8, 8679, 8647, 8471, 9002, 9029, 8979, -8]
814:111.57, 9:10 [8, 8598, 8586, 8829, 8563, -8]
815:86.81, 9:10 [8, 8792, 8937, 8971, 8928, 8852, -8]
816:89.35, 10:10 [8, 13812, 8734, 8737, 8974, -8]
817:183.23, 10:10 [8, 8709, 8808, 8574, 8963, 8667, 9001, 8844, -8]
818:116.73, 10:10 [8, 8952, 8885, 8745, 8909, -8]
819:52.97, 7:10 [8, 9013, 8932, 8989, -8]
820:100.16, 8:10 [8, 8821, 8662, 8950, 8531, 8993, 8997, -8]
821:115.53, 9:10 [8, 8936, 8431, 8774, 8503, 8739, 8425, -8]
822:43.03, 5:10 [8, 8718, 8480, -8]
823:23.34, 6:10 [8, 8954, 8617, -8]
824:97.68, 9:10 [8, 8483, 8433, 8655, -8]
825:31.17, 10:10 [8, 8691, 8463, 8557, -8]
901:146.05, 10:10 [9, 8680, 8812, 8849, 8949, 8492, 8804, 8778, -9]
902:125.57, 10:10 [9, 8465, 8603, 8651, -9]
903:77.33, 10:10 [9, 8565, 8607, 8420, 8523, 8610, -9]
904:114.12, 10:10 [9, 8895, 8711, 8741, 8896, -9]
905:20.10, 3:10 [9, 8656, -9]
906:122.30, 10:10 [9, 8456, 8888, 8685, 8857, 8853, 8955, 8772, 8440, -9]
907:114.89, 10:10 [9, 8671, 8469, 8526, 8587, 8688, -9]
908:105.52, 8:10 [9, 8622, 8564, 8836, 8545, 8972, -9]
909:96.39, 9:10 [9, 8539, 8452, 8488, 8636, -9]
911:53.17, 9:10 [9, 8700, 8933, 8519, -9]
912:85.33, 10:10 [9, 8675, 8541, 8609, 8690, 8614, -9]
913:63.65, 10:10 [9, 8943, 8764, 8797, 8951, -9]
914:78.02, 10:10 [9, 8501, 8552, 8958, 8613, 8726, 8429, 9020, -9]
916:80.40, 10:10 [9, 8485, 8813, 8428, 8855, 8945, 8870, 8478, 8934, -9]
918:93.30, 10:10 [9, 8956, 8749, 9023, 8588, 8473, 8767, -9]
919:17.20, 2:10 [9, 8968, -9]
920:58.83, 10:10 [9, 8524, 8495, 8694, 8572, -9]
921:55.78, 10:10 [9, 8893, 8850, 8874, 8747, -9]
922:108.39, 10:10 [9, 8426, 8547, 8616, 8684, -9]
fe: 4, se: 44

Day: 1, Time: 35
Total Cost: 765.19
 11:136.01, 1:75 [1, -4, -1]
 12:153.31, 15:75 [1, -5, -1]
 13:153.31, 5:75 [1, -5, -1]
401:40.50, 1:10 [4, 10397, -4]
501:124.99, 8:10 [5, 12326, 13799, -5]
502:91.85, 5:10 [5, 11346, 9411, -5]
503:65.23, 7:10 [5, 13737, 16313, 14500, -5]
fe: 3, se: 4

Day: 1, Time: 50
Total Cost: 292.07
 11:136.01, 7:75 [1, -4, -1]
401:156.05, 7:10 [4, 11564, 9350, -4]
fe: 1, se: 1

Day: 1, Time: 50
Total Cost: 524.41
 11:66.27, 9:75 [2, -6, -2]
 12:66.27, 10:75 [2, -6, -2]
601:91.25, 5:10 [6, 10196, 10422, 14128, -6]
602:204.43, 10:10 [6, 12160, 13771, 16237, 12910, -6]
604:96.19, 4:10 [6, 16125, -6]
fe: 2, se: 3

Day: 1, Time: 60
Total Cost: 420.45
 12:90.24, 14:75 [3, -9, -3]
901:87.09, 2:10 [9, 10948, 17057, -9]
902:96.48, 4:10 [9, 12884, 16195, -9]
904:146.63, 8:10 [9, 9706, 9727, 11974, 12889, -9]
fe: 1, se: 3

Day: 1, Time: 65
Total Cost: 639.64
 11:136.01, 3:75 [1, -4, -1]
 12:153.31, 9:75 [1, -5, -1]
401:90.97, 3:10 [4, 12935, -4]
501:161.25, 3:10 [5, 10321, -5]
503:98.09, 6:10 [5, 16823, 13486, 9371, -5]
fe: 2, se: 3

Day: 1, Time: 70
Total Cost: 428.08
 11:66.27, 8:75 [2, -6, -2]
 12:66.27, 4:75 [2, -6, -2]
601:89.71, 6:10 [6, 14708, 16064, -6]
602:81.58, 2:10 [6, 9744, -6]
603:124.25, 4:10 [6, 16719, 11907, -6]
fe: 2, se: 3

Day: 1, Time: 85
Total Cost: 327.14
 11:90.24, 4:75 [3, -9, -3]
 12:90.24, 1:75 [3, -9, -3]
901:24.17, 3:10 [9, 15762, -9]
902:74.32, 1:10 [9, 15846, -9]
903:48.17, 1:10 [9, 14247, -9]
fe: 2, se: 3

Day: 1, Time: 90
Total Cost: 702.84
 11:153.31, 9:75 [1, -5, -1]
 13:136.01, 10:75 [1, -4, -1]
401:175.68, 10:10 [4, 14495, 9536, 12527, 17017, -4]
501:43.66, 4:10 [5, 13955, 13062, -5]
502:116.28, 3:10 [5, 15935, -5]
503:77.90, 2:10 [5, 10722, -5]
fe: 2, se: 4

Day: 1, Time: 90
Total Cost: 698.31
 11:66.27, 7:75 [2, -6, -2]
 12:66.27, 2:75 [2, -6, -2]
 13:66.27, 5:75 [2, -6, -2]
601:135.09, 2:10 [6, 12252, -6]
602:83.35, 4:10 [6, 14751, -6]
603:34.41, 2:10 [6, 10730, -6]
604:156.03, 5:10 [6, 16540, 15877, -6]
605:90.62, 1:10 [6, 15507, -6]
fe: 3, se: 5

Day: 1, Time: 90
Total Cost: 209.58
 11:90.24, 2:75 [3, -9, -3]
901:119.33, 2:10 [9, 15533, -9]
fe: 1, se: 1

Day: 1, Time: 95
Total Cost: 244.83
 11:136.01, 3:75 [1, -4, -1]
401:108.81, 3:10 [4, 14161, -4]
fe: 1, se: 1

Day: 1, Time: 95
Total Cost: 405.08
 11:90.24, 3:75 [3, -9, -3]
 12:90.24, 1:75 [3, -9, -3]
901:82.46, 2:10 [9, 10150, -9]
902:62.13, 1:10 [9, 9959, -9]
903:80.00, 1:10 [9, 16562, -9]
fe: 2, se: 3

Day: 1, Time: 100
Total Cost: 502.99
 11:66.27, 7:75 [2, -6, -2]
 12:66.27, 3:75 [2, -6, -2]
601:137.02, 7:10 [6, 16444, 9562, -6]
602:139.79, 1:10 [6, 12261, -6]
603:93.64, 2:10 [6, 11673, -6]
fe: 2, se: 3

Day: 1, Time: 115
Total Cost: 177.37
 11:66.27, 7:75 [2, -6, -2]
601:63.56, 4:10 [6, 10504, -6]
602:47.54, 3:10 [6, 13276, -6]
fe: 1, se: 2

Day: 1, Time: 120
Total Cost: 418.80
 11:136.01, 7:75 [1, -4, -1]
 12:153.31, 2:75 [1, -5, -1]
401:81.06, 7:10 [4, 12785, 15903, -4]
501:48.41, 2:10 [5, 14899, -5]
fe: 2, se: 2

Day: 1, Time: 120
Total Cost: 322.60
 11:94.59, 4:75 [3, -8, -3]
 12:90.24, 6:75 [3, -9, -3]
801:42.05, 4:10 [8, 16413, -8]
901:95.71, 6:10 [9, 13103, 15941, -9]
fe: 2, se: 2

Day: 1, Time: 125
Total Cost: 145.39
 11:66.27, 2:75 [2, -6, -2]
601:79.12, 2:10 [6, 11955, -6]
fe: 1, se: 1

Day: 1, Time: 125
Total Cost: 126.30
 11:90.24, 2:75 [3, -9, -3]
901:36.06, 2:10 [9, 15063, -9]
fe: 1, se: 1

Day: 1, Time: 130
Total Cost: 276.89
 11:90.24, 9:75 [3, -9, -3]
901:120.65, 8:10 [9, 11788, 9143, -9]
902:66.00, 1:10 [9, 11898, -9]
fe: 1, se: 2

Day: 1, Time: 135
Total Cost: 285.04
 11:90.24, 4:75 [3, -9, -3]
 12:90.24, 1:75 [3, -9, -3]
901:62.03, 4:10 [9, 9521, -9]
902:42.52, 1:10 [9, 12315, -9]
fe: 2, se: 2

Day: 1, Time: 140
Total Cost: 425.19
 11:66.27, 5:75 [2, -6, -2]
 12:66.27, 8:75 [2, -6, -2]
601:202.57, 5:10 [6, 15243, 10673, -6]
602:90.07, 8:10 [6, 9359, 12402, -6]
fe: 2, se: 2

Day: 1, Time: 140
Total Cost: 147.09
 11:94.59, 2:75 [3, -8, -3]
801:52.50, 2:10 [8, 12104, -8]
fe: 1, se: 1

Day: 1, Time: 150
Total Cost: 365.49
 11:136.01, 1:75 [1, -4, -1]
 12:153.31, 2:75 [1, -5, -1]
401:51.11, 1:10 [4, 10447, -4]
501:25.06, 2:10 [5, 11730, -5]
fe: 2, se: 2

Day: 1, Time: 155
Total Cost: 145.92
 11:66.27, 4:75 [2, -6, -2]
601:79.65, 4:10 [6, 13816, -6]
fe: 1, se: 1

Day: 1, Time: 155
Total Cost: 153.82
 11:94.59, 1:75 [3, -8, -3]
801:59.23, 1:10 [8, 15904, -8]
fe: 1, se: 1

Day: 1, Time: 160
Total Cost: 222.56
 11:136.01, 4:75 [1, -4, -1]
401:35.44, 1:10 [4, 16323, -4]
402:51.11, 3:10 [4, 13070, -4]
fe: 1, se: 2

Day: 1, Time: 165
Total Cost: 355.20
 11:66.27, 2:75 [2, -6, -2]
 12:66.27, 1:75 [2, -6, -2]
601:78.92, 2:10 [6, 11486, -6]
602:143.74, 1:10 [6, 13071, -6]
fe: 2, se: 2

Day: 1, Time: 165
Total Cost: 158.51
 11:90.24, 4:75 [3, -9, -3]
901:68.26, 4:10 [9, 12885, -9]
fe: 1, se: 1

Day: 1, Time: 170
Total Cost: 111.80
 11:94.59, 4:75 [3, -8, -3]
801:17.20, 4:10 [8, 12143, -8]
fe: 1, se: 1

Day: 1, Time: 175
Total Cost: 184.91
 11:66.27, 3:75 [2, -6, -2]
 12:66.27, 1:75 [2, -6, -2]
601:30.00, 3:10 [6, 13606, -6]
602:22.36, 1:10 [6, 11480, -6]
fe: 2, se: 2

Day: 1, Time: 180
Total Cost: 167.86
 11:66.27, 3:75 [2, -6, -2]
 12:66.27, 3:75 [2, -6, -2]
601:8.49, 3:10 [6, 9337, -6]
602:26.83, 3:10 [6, 13650, -6]
fe: 2, se: 2

Day: 1, Time: 280
Total Cost: 1049.13
 11:136.01, 26:75 [1, -4, -1]
 12:153.31, 30:75 [1, -5, -1]
401:68.30, 8:10 [4, 16768, 15626, 12171, -4]
403:143.22, 10:10 [4, 13089, 12649, 15125, 15344, -4]
404:178.03, 8:10 [4, 14963, 17100, 15180, -4]
501:60.53, 7:10 [5, 16302, 12381, -5]
502:108.76, 9:10 [5, 16658, 15855, 9624, -5]
503:123.31, 7:10 [5, 16841, 10558, 13302, 13427, -5]
504:77.67, 7:10 [5, 13720, 16648, -5]
fe: 2, se: 7

Day: 1, Time: 285
Total Cost: 792.75
 11:66.27, 31:75 [2, -6, -2]
 12:145.23, 31:75 [2, -7, -2]
601:93.64, 9:10 [6, 11576, 16695, 12040, -6]
602:17.09, 2:10 [6, 10018, -6]
603:134.36, 10:10 [6, 15628, 15040, 14848, 12343, -6]
605:96.03, 10:10 [6, 9869, 12739, 10505, 10683, -6]
701:94.10, 10:10 [7, 12081, 14193, 9897, -7]
702:18.11, 4:10 [7, 10645, -7]
703:49.48, 9:10 [7, 11819, 9677, 11421, -7]
704:78.43, 8:10 [7, 15506, 9786, 13259, -7]
fe: 2, se: 8

Day: 1, Time: 305
Total Cost: 650.44
 11:90.24, 39:75 [3, -9, -3]
901:144.41, 10:10 [9, 12075, 10816, 10562, 13721, 10205, 9163, -9]
902:107.68, 10:10 [9, 16462, 11226, 10830, 9176, 11789, 14858, -9]
903:131.27, 9:10 [9, 9352, 12018, 15633, 9874, 12492, -9]
904:176.84, 10:10 [9, 11141, 12236, 12353, 14253, 12963, -9]
fe: 1, se: 4

Day: 1, Time: 320
Total Cost: 652.91
 12:153.31, 13:75 [1, 5, -5, -1]
501:218.63, 5:10 [5, 14370, 14479, 9237, -5]
502:156.08, 6:10 [5, 220, 3861, -5]
503:124.88, 9:10 [5, 149, 9494, 152, 11913, 14793, 96, -5]
fe: 1, se: 3

Day: 1, Time: 360
Total Cost: 1424.65
 11:136.01, 45:75 [1, 4, -4, -1]
 12:153.31, 49:75 [1, 5, -5, -1]
401:39.52, 9:10 [4, 189, 326, 296, -4]
402:166.52, 10:10 [4, 131, 1732, 281, 7072, 5557, 123, -4]
406:108.18, 10:10 [4, 180, 102, 12592, 284, 57, 647, -4]
407:150.18, 10:10 [4, 3414, 234, 12360, 213, 195, -4]
408:38.95, 6:10 [4, 336, 300, -4]
501:110.63, 9:10 [5, 151, 268, 48, 17107, -5]
502:96.28, 10:10 [5, 7214, 26, 8126, 35, 142, -5]
503:175.11, 5:10 [5, 174, 3625, 187, 272, -5]
506:78.91, 9:10 [5, 307, 334, 258, 162, -5]
507:40.37, 6:10 [5, 2040, 1814, -5]
509:130.68, 10:10 [5, 229, 97, 11251, 74, 7435, -5]
fe: 2, se: 11

Day: 1, Time: 360
Total Cost: 1105.21
 11:66.27, 50:75 [2, 6, -6, -2]
 12:145.23, 26:75 [2, 7, -7, -2]
601:171.85, 10:10 [6, 55, 5122, 3119, 13279, 15486, 11218, -6]
602:12.81, 3:10 [6, 261, -6]
603:74.23, 10:10 [6, 244, 295, 12827, 303, 6373, 10023, -6]
604:121.48, 9:10 [6, 107, 343, 9605, 219, 262, 13705, -6]
605:157.72, 10:10 [6, 238, 10370, 271, 25, 12434, 323, 11355, -6]
611:98.68, 10:10 [6, 165, 15, 10001, 3669, 10623, 299, -6]
701:97.84, 9:10 [7, 253, 257, 12740, 9820, 260, 242, -7]
702:73.06, 9:10 [7, 13652, 247, 283, 47, 13275, 221, -7]
703:86.04, 10:10 [7, 7152, 91, 137, 13724, 44, -7]
fe: 2, se: 9

Day: 1, Time: 360
Total Cost: 775.54
 11:94.59, 47:75 [3, 8, -8, -3]
801:126.04, 9:10 [8, 9553, 11176, 1506, 157, 2790, 11170, -8]
802:51.79, 8:10 [8, 117, 240, 11630, 15802, -8]
803:154.19, 8:10 [8, 9661, 290, 153, 144, 9787, -8]
804:128.30, 9:10 [8, 6840, 68, 92, 1707, 170, 197, 322, -8]
806:80.79, 8:10 [8, 212, 275, 173, -8]
807:139.83, 10:10 [8, 4586, 166, 23, 11854, 119, -8]
fe: 1, se: 6

Day: 1, Time: 395
Total Cost: 686.35
 11:136.01, 17:75 [1, -4, -1]
 12:153.31, 8:75 [1, -5, -1]
401:70.98, 7:10 [4, 11783, 12636, -4]
402:141.52, 8:10 [4, 11087, 14000, 11578, -4]
403:89.40, 2:10 [4, 15096, 16321, -4]
501:62.82, 5:10 [5, 10905, 9603, -5]
502:32.31, 3:10 [5, 12117, -5]
fe: 2, se: 5

Day: 1, Time: 400
Total Cost: 304.33
 11:136.01, 6:75 [1, -4, -1]
401:168.31, 6:10 [4, 15446, 16885, -4]
fe: 1, se: 1

Day: 1, Time: 405
Total Cost: 1404.01
 11:136.01, 55:75 [1, 4, -1]
 12:153.31, 29:75 [1, 5, -1]
401:114.75, 4:10 [4, 6817, 254, -4]
402:107.77, 10:10 [4, 38, 175, 2796, 198, 3562, -4]
403:88.60, 10:10 [4, 330, 7505, 259, 3284, -4]
404:55.83, 5:10 [4, 202, 1269, -4]
405:115.70, 9:10 [4, 232, 230, 59, -4]
406:142.25, 9:10 [4, 3712, 243, 51, -4]
407:80.44, 8:10 [4, 45, 126, 1037, -4]
501:43.17, 3:10 [5, 104, -5]
502:85.20, 3:10 [5, 265, 163, 50, -5]
503:82.85, 3:10 [5, 111, 3265, -5]
504:40.32, 10:10 [5, 2983, 10, 206, -5]
505:157.81, 10:10 [5, 274, 333, 4195, -5]
fe: 2, se: 12

Day: 1, Time: 405
Total Cost: 1269.66
 11:66.27, 62:75 [2, 6, -6, -2]
 13:145.23, 36:75 [2, 7, -7, -2]
601:84.47, 10:10 [6, 11, 12811, 4413, 7251, 15481, -6]
602:71.35, 10:10 [6, 297, 10121, 41, 14, 7633, 14831, 58, -6]
603:121.73, 8:10 [6, 167, 13447, 21, 1757, 164, 278, -6]
609:89.92, 9:10 [6, 4245, 5047, 301, 10938, 7623, -6]
610:102.84, 9:10 [6, 122, 191, 14562, 3453, -6]
611:160.96, 8:10 [6, 4194, 318, 132, 89, -6]
614:103.57, 10:10 [6, 266, 12481, 6843, 2258, 194, -6]
701:63.57, 9:10 [7, 6209, 146, 22, -7]
702:47.91, 5:10 [7, 8367, 15720, 114, -7]
703:46.57, 7:10 [7, 13395, 245, 13288, -7]
704:45.44, 7:10 [7, 79, 1460, 205, -7]
705:58.05, 10:10 [7, 236, 252, 313, -7]
706:61.77, 5:10 [7, 95, 159, 13006, -7]
fe: 2, se: 13

Day: 1, Time: 405
Total Cost: 1691.41
 11:94.59, 71:75 [3, 8, -8, -3]
 12:90.24, 73:75 [3, 9, -3]
801:87.60, 10:10 [8, 5126, 222, 18, -8]
802:138.13, 10:10 [8, 2874, 10775, 6061, 287, -8]
803:138.70, 10:10 [8, 9567, 12605, 196, 4380, 3571, 344, -8]
804:110.04, 10:10 [8, 86, 306, 719, 115, -8]
805:98.90, 10:10 [8, 341, 155, 11629, 14312, 46, -8]
806:55.87, 7:10 [8, 269, 24, -8]
808:108.43, 9:10 [8, 8029, 31, 317, 286, -8]
809:66.25, 10:10 [8, 4960, 110, 5109, -8]
901:85.13, 10:10 [9, 99, 305, 34, -9]
902:99.01, 10:10 [9, 200, 136, 67, -9]
903:117.22, 10:10 [9, 309, 100, 342, 3636, -9]
904:114.48, 10:10 [9, 42, 106, 32, 669, -9]
905:33.79, 9:10 [9, 3217, 150, 13, -9]
906:105.51, 10:10 [9, 188, 65, 116, 302, -9]
907:132.29, 10:10 [9, 237, 294, 30, 181, 304, 72, -9]
908:15.23, 4:10 [9, 143, -9]
fe: 2, se: 16

Day: 1, Time: 410
Total Cost: 320.01
 11:113.51, 8:75 [3, -8, -9, -3]
801:126.84, 5:10 [8, 11964, 13531, -8]
901:79.65, 3:10 [9, 10123, -9]
fe: 1, se: 2

Day: 1, Time: 415
Total Cost: 353.86
 11:136.01, 7:75 [1, -4, -1]
401:145.57, 6:10 [4, 16667, 12782, -4]
402:72.28, 1:10 [4, 13426, -4]
fe: 1, se: 2

Day: 1, Time: 415
Total Cost: 191.67
 11:66.27, 6:75 [2, -6, -2]
601:125.40, 6:10 [6, 12413, 15305, 11450, -6]
fe: 1, se: 1

Day: 1, Time: 415
Total Cost: 308.53
 11:113.51, 5:75 [3, -8, -9, -3]
801:90.44, 1:10 [8, 12089, -8]
901:104.57, 4:10 [9, 15942, 12339, -9]
fe: 1, se: 2

Day: 1, Time: 425
Total Cost: 295.21
 11:179.78, 6:75 [1, -4, -5, -1]
401:44.72, 2:10 [4, 10329, -4]
501:70.71, 4:10 [5, 10639, -5]
fe: 1, se: 2

Day: 1, Time: 450
Total Cost: 189.68
 11:136.01, 4:75 [1, 4, -1]
401:53.67, 4:10 [4, 3098, -4]
fe: 1, se: 1

Day: 1, Time: 450
Total Cost: 603.96
 11:151.76, 35:75 [2, 6, 7, -2]
601:22.63, 2:10 [6, 5265, -6]
602:130.81, 9:10 [6, 453, 103, 124, -6]
603:78.02, 8:10 [6, 215, 5471, 209, 62, -6]
604:87.67, 9:10 [6, 321, 204, 270, -6]
701:45.61, 3:10 [7, 1631, -7]
702:39.29, 2:10 [7, 277, -7]
703:48.17, 2:10 [7, 4372, -7]
fe: 1, se: 7

Day: 1, Time: 450
Total Cost: 605.99
 11:94.59, 25:75 [3, 8, -3]
 12:90.24, 15:75 [3, 9, -3]
801:75.51, 10:10 [8, 4095, 7245, 52, -8]
802:114.14, 8:10 [8, 66, 320, 16, -8]
803:84.53, 7:10 [8, 192, 2032, 78, -8]
901:42.19, 5:10 [9, 8133, 17, -9]
903:104.79, 10:10 [9, 176, 71, 314, 169, -9]
fe: 2, se: 5

Day: 1, Time: 460
Total Cost: 296.00
 12:153.31, 7:75 [1, 5, -1]
501:58.31, 4:10 [5, 256, -5]
502:84.38, 3:10 [5, 329, -5]
fe: 1, se: 2

Day: 1, Time: 460
Total Cost: 473.25
 11:66.27, 13:75 [2, 6, -2]
601:114.02, 4:10 [6, 43, -6]
602:140.30, 4:10 [6, 20, 288, -6]
603:152.66, 5:10 [6, 179, 129, -6]
fe: 1, se: 3

Day: 1, Time: 460
Total Cost: 378.05
 12:94.59, 15:75 [3, 8, -3]
801:92.83, 6:10 [8, 64, 121, -8]
802:14.14, 4:10 [8, 241, -8]
803:143.68, 2:10 [8, 80, -8]
804:32.80, 3:10 [8, 138, -8]
fe: 1, se: 4

Day: 1, Time: 495
Total Cost: 364.79
 11:66.27, 8:75 [2, 6, -2]
601:89.82, 4:10 [6, 308, -6]
602:106.68, 1:10 [6, 210, -6]
603:102.02, 3:10 [6, 70, -6]
fe: 1, se: 3

Day: 1, Time: 495
Total Cost: 514.78
 11:94.59, 15:75 [3, 8, -3]
 12:90.24, 12:75 [3, 9, -3]
801:64.78, 1:10 [8, 134, -8]
802:58.33, 9:10 [8, 6018, 94, 872, -8]
803:60.54, 5:10 [8, 76, 37, -8]
901:11.66, 3:10 [9, 7754, -9]
902:64.78, 4:10 [9, 75, -9]
903:69.87, 5:10 [9, 40, 228, -9]
fe: 2, se: 6


Day	Area	ID	Time	Load	Utilization	NoOrders	AssignmentCost
1	1	 7	270	 31	0.34	12	385.00
1	1	 8	315	 71	0.79	24	785.00
1	1	27	315	 58	0.64	26	655.00
1	1	28	360	 71	0.79	28	785.00
1	1	128	400	 28	0.16	10	710.00
1	1	29	405	 15	0.17	 6	225.00
1	1	31	495	 30	0.28	 8	300.00
1	1	15	630	 86	0.96	31	935.00
1	1	38	810	 71	0.99	27	942.00
1	1	19	810	 59	0.82	29	798.00
1	2	44	225	 13	0.14	 6	205.00
1	2	64	270	 90	1.00	36	975.00
1	2	46	315	 52	0.58	25	595.00
1	2	65	315	 62	0.69	20	695.00
1	2	146	400	  7	0.04	 2	290.00
1	2	67	405	 20	0.22	 7	275.00
1	2	68	450	  4	0.04	 1	92.00
1	2	53	630	 78	0.87	23	855.00
1	2	72	630	 64	0.71	23	715.00
1	2	76	810	 72	1.00	33	954.00
1	2	57	810	 72	1.00	33	954.00
1	3	102	270	 90	1.00	45	975.00
1	3	163	300	  3	0.02	 2	210.00
1	3	84	315	 83	0.92	35	905.00
1	3	104	360	  8	0.09	 2	155.00
1	3	91	630	 60	0.67	20	675.00
1	3	95	810	 72	1.00	37	954.00
1	3	114	810	 72	1.00	32	954.00


Day	Area	Time	Pickup	Delivery	Direct	FEVehicles	SEVehicles	ALNSTime	ALNSBestTime	RoutingCostArea
1	1	0	118	85	0	8	50	145.53	101.49	6314.72
1	1	35	8	0	0	3	4	1.10	0.00	765.19
1	1	50	2	0	0	1	1	0.29	0.00	292.07
1	1	65	5	0	0	2	3	1.01	0.00	639.64
1	1	90	8	0	1	2	4	1.45	0.63	1202.84
1	1	95	1	0	0	1	1	0.27	0.00	244.83
1	1	120	3	0	0	2	2	0.55	0.00	418.80
1	1	150	2	0	1	2	2	0.46	0.00	865.49
1	1	155	0	0	1	0	0	0.00	0.00	500.00
1	1	160	2	0	1	1	2	0.38	0.00	722.56
1	1	280	21	0	0	2	7	1.81	0.04	1049.13
1	1	320	6	5	0	1	3	1.41	0.79	652.91
1	1	360	4	42	0	2	11	4.88	0.00	1424.65
1	1	395	10	0	0	2	5	1.42	0.00	686.35
1	1	400	2	0	0	1	1	0.41	0.00	304.33
1	1	405	0	34	0	2	12	6.20	2.01	1404.01
1	1	415	3	0	0	1	2	0.43	0.00	353.86
1	1	425	2	0	0	1	2	0.40	0.00	295.21
1	1	450	0	1	0	1	1	0.31	0.00	189.68
1	1	460	0	2	0	1	2	0.40	0.00	296.00
1	2	0	116	95	0	10	47	222.57	163.64	4978.76
1	2	50	8	0	0	2	3	0.74	0.00	524.41
1	2	70	5	0	0	2	3	0.58	0.00	428.08
1	2	90	6	0	0	3	5	0.67	0.00	698.31
1	2	100	4	0	0	2	3	0.69	0.00	502.99
1	2	115	2	0	0	1	2	0.37	0.00	177.37
1	2	125	1	0	0	1	1	0.43	0.00	145.39
1	2	140	4	0	0	2	2	0.62	0.00	425.19
1	2	150	0	0	1	0	0	0.00	0.00	500.00
1	2	155	1	0	0	1	1	0.40	0.00	145.92
1	2	165	2	0	0	2	2	0.52	0.00	355.20
1	2	175	2	0	1	2	2	0.44	0.00	684.91
1	2	180	2	0	0	2	2	0.56	0.00	167.86
1	2	285	22	0	0	2	8	1.68	0.15	792.75
1	2	360	17	32	0	2	9	10.95	7.58	1105.21
1	2	405	12	42	0	2	13	11.39	4.66	1269.66
1	2	415	3	0	0	1	1	0.35	0.00	191.67
1	2	450	0	14	0	1	7	1.23	0.00	603.96
1	2	460	0	5	0	1	3	0.62	0.00	473.25
1	2	495	0	3	0	1	3	0.35	0.00	364.79
1	3	5	103	100	0	4	44	439.52	315.96	4280.00
1	3	60	8	0	0	1	3	1.20	0.06	420.45
1	3	85	3	0	0	2	3	0.55	0.00	327.14
1	3	90	1	0	0	1	1	0.27	0.00	209.58
1	3	95	3	0	0	2	3	0.58	0.00	405.08
1	3	120	3	0	0	2	2	0.43	0.00	322.60
1	3	125	1	0	0	1	1	0.26	0.00	126.30
1	3	130	3	0	0	1	2	0.60	0.00	276.89
1	3	135	2	0	0	2	2	0.43	0.00	285.04
1	3	140	1	0	0	1	1	0.30	0.00	147.09
1	3	155	1	0	0	1	1	0.20	0.00	153.82
1	3	160	0	0	1	0	0	0.00	0.00	500.00
1	3	165	1	0	0	1	1	0.19	0.00	158.51
1	3	170	1	0	0	1	1	0.42	0.00	111.80
1	3	305	22	0	0	1	4	2.73	0.37	650.44
1	3	360	8	22	0	1	6	5.34	4.00	775.54
1	3	405	5	54	0	2	16	10.55	0.69	1691.41
1	3	410	3	0	0	1	2	0.37	0.00	320.01
1	3	415	3	0	0	1	2	0.51	0.00	308.53
1	3	450	0	15	0	2	5	1.23	0.00	605.99
1	3	460	0	5	0	1	4	0.52	0.00	378.05
1	3	495	0	10	0	2	6	0.64	0.00	514.78

Day	SL	Own	DispatchTimes	AssignmentCost	RoutingCost	TotalCost
1	25	3	40	17953.00	46127.00	64080.00

Total Cost: 64080.00326491093
Cost per Day: 64080.00326491093
Running time in Seconds: 21662.419
Running time in minutes: 361.0403166666667