INSTANCE: 3hubs_A_42_x.csv
PARAMETER: sp_balance_loose_20_120_3hubs.txt
POLICY: Stochastic Programming
ALPHA: 0.0240177634262549
BETA: 67
OMEGA: 586
EPSILON: 1.44934881724368

Day: 1, Time: 0
Total Cost: 6581.78
 11:136.01, 75:75 [1, 4, -4, -1]
 12:136.01, 69:75 [1, 4, -4, -1]
 13:136.01, 48:75 [1, 4, -4, -1]
 14:153.31, 3:75 [1, -5, -1]
 15:153.31, 73:75 [1, 5, -5, -1]
 17:153.31, 70:75 [1, 5, -5, -1]
 19:153.31, 16:75 [1, 5, -5, -1]
 20:136.01, 16:75 [1, 4, -4, -1]
402:170.73, 10:10 [4, 8877, 8524, 8861, 8929, 8649, -4]
404:59.46, 9:10 [4, 8547, 8578, 8624, 8694, -4]
405:135.34, 9:10 [4, 8571, 9029, 8990, 8692, -4]
406:120.15, 10:10 [4, 8616, 8479, 8663, 8698, 8964, -4]
407:155.48, 10:10 [4, 8482, 8447, 8674, 8817, 8666, 9019, 8478, -4]
408:79.28, 10:10 [4, 8967, 8805, 9031, 8785, -4]
409:75.79, 8:10 [4, 8947, 8873, 8715, 8751, -4]
410:108.29, 10:10 [4, 8794, 8907, 8945, 9018, 8611, -4]
411:128.53, 10:10 [4, 8911, 9010, 8898, 8846, -4]
412:73.22, 10:10 [4, 8767, 8672, 8430, -4]
413:75.92, 10:10 [4, 8942, 8987, 8827, 8774, -4]
414:172.22, 10:10 [4, 8462, 8678, 8461, 8613, 8961, -4]
415:88.05, 10:10 [4, 9012, 8792, 8985, 8935, 8600, -4]
416:192.87, 10:10 [4, 8806, 8474, 8434, 8542, 8689, -4]
417:183.22, 10:10 [4, 8839, 9026, 8937, 8869, -4]
418:79.04, 10:10 [4, 8952, 8732, 8760, 8802, -4]
419:140.65, 9:10 [4, 8583, 8797, 9024, 8948, 8491, 8759, -4]
420:148.52, 10:10 [4, 8741, 8941, 9000, 8927, 8587, -4]
421:74.94, 10:10 [4, 8899, 8465, 8510, -4]
422:95.04, 4:10 [4, 8953, -4]
424:109.56, 10:10 [4, 8755, 8970, 8735, 8509, -4]
425:128.05, 10:10 [4, 8853, 8771, 8754, 8734, -4]
426:106.63, 10:10 [4, 8502, 8637, 8664, 8508, 8440, -4]
428:150.83, 8:10 [4, 8793, 8545, 8772, 8998, 8477, -4]
430:69.35, 9:10 [4, 8701, 8536, 8924, 8612, -4]
431:149.67, 9:10 [4, 8909, 8549, 8824, 8475, 8603, 8486, -4]
432:130.21, 10:10 [4, 8966, 8826, 8963, 8471, 9032, -4]
433:99.04, 9:10 [4, 8665, 8943, 8466, 8652, 8607, -4]
501:67.06, 10:10 [5, 9011, 9014, 8558, 8635, 8555, -5]
502:143.74, 3:10 [5, 8902, -5]
503:98.70, 10:10 [5, 8921, 8778, 8831, -5]
504:102.63, 10:10 [5, 8645, 9021, 8566, 8976, 8622, 8800, 8631, 8574, 8725, 8819, -5]
505:41.56, 9:10 [5, 8638, 8523, 8546, -5]
506:162.85, 9:10 [5, 8804, 8867, 8516, 8862, 8533, 8598, 8789, -5]
507:94.31, 6:10 [5, 8634, 8915, 8960, -5]
508:87.17, 10:10 [5, 8928, 8842, 8453, 8758, 8651, -5]
509:159.30, 3:10 [5, 8719, -5]
510:119.66, 2:10 [5, 8829, 8954, -5]
511:62.70, 10:10 [5, 8777, 8993, 8865, -5]
512:64.16, 8:10 [5, 9020, 8850, 8443, -5]
513:46.21, 9:10 [5, 8704, 8933, 8983, 8896, -5]
514:106.51, 10:10 [5, 8897, 8646, 8814, 8908, 8470, -5]
515:86.95, 10:10 [5, 8496, 8699, 8647, 8889, -5]
516:79.12, 10:10 [5, 8939, 8807, 8876, 8535, -5]
517:63.75, 6:10 [5, 8845, 8858, 8901, -5]
518:123.02, 10:10 [5, 8495, 8728, 8457, 9030, 8604, -5]
519:105.77, 10:10 [5, 8501, 8543, 8427, -5]
520:63.33, 9:10 [5, 8762, 8521, 8683, -5]
521:85.29, 10:10 [5, 8467, 9004, 8798, 8903, -5]
523:160.63, 10:10 [5, 8621, 8737, 8854, 8481, 8576, -5]
fe: 8, se: 50

Day: 1, Time: 0
Total Cost: 4091.91
 11:66.27, 72:75 [2, 6, -6, -2]
 12:66.27, 64:75 [2, 6, -6, -2]
 13:66.27, 31:75 [2, 6, -6, -2]
 14:66.27, 10:75 [2, 6, -6, -2]
 15:145.23, 73:75 [2, 7, -7, -2]
 23:66.27, 10:75 [2, 6, -6, -2]
601:109.93, 10:10 [6, 8782, 8776, 8843, 8432, 8731, -6]
602:96.13, 9:10 [6, 8744, 8868, 8650, 8766, 8799, -6]
603:71.10, 10:10 [6, 8888, 8483, 8553, 8931, -6]
604:79.34, 9:10 [6, 9005, 8883, 8833, -6]
605:76.24, 10:10 [6, 8519, 8615, 8605, -6]
606:125.95, 9:10 [6, 8485, 8426, 9013, 8696, 8703, 8484, -6]
607:159.33, 10:10 [6, 8596, 8917, 8786, 8765, 8679, 8871, 8881, -6]
608:85.84, 10:10 [6, 8625, 8492, 8572, -6]
609:183.88, 10:10 [6, 8554, 8750, 8619, 9027, 8629, 8459, 8682, 8904, 8599, -6]
611:81.34, 10:10 [6, 8787, 8565, 8455, 8702, -6]
613:123.20, 10:10 [6, 8630, 8938, 8636, 8823, 8718, 8617, -6]
614:111.74, 10:10 [6, 8809, 8763, 8851, 8656, -6]
615:68.23, 10:10 [6, 8920, 8838, 8724, 8436, 8748, -6]
616:104.63, 10:10 [6, 8444, 8714, 8849, 8534, 8568, 8712, -6]
617:137.27, 10:10 [6, 8493, 8550, 8675, 8739, 8745, 8757, -6]
618:139.89, 10:10 [6, 8548, 8437, 8541, 8581, 8593, -6]
620:129.21, 9:10 [6, 8439, 8893, 8686, 8627, 8914, 8910, 8706, 8688, -6]
622:102.70, 10:10 [6, 8816, 8648, 9009, 8801, 8830, 8422, -6]
623:92.81, 10:10 [6, 8445, 8608, 8906, 8446, 8856, 8601, -6]
624:151.55, 10:10 [6, 8597, 8497, 8677, 8811, 8818, 8473, 8950, -6]
626:113.53, 10:10 [6, 8487, 8589, 9028, 8504, 8690, 8564, -6]
627:112.56, 9:10 [6, 8951, 8995, 8680, 8515, 8878, 8710, -6]
631:68.28, 10:10 [6, 8561, 8834, 8821, 8588, 8979, -6]
632:126.75, 9:10 [6, 8618, 8916, 8463, 8676, 8790, 8895, -6]
636:137.94, 10:10 [6, 8866, 8661, 8808, 8753, 8562, 8841, -6]
701:26.60, 7:10 [7, 8999, 8813, -7]
702:48.01, 10:10 [7, 8592, 8639, 8539, -7]
703:77.38, 10:10 [7, 8982, 9015, 8986, 8913, -7]
704:153.90, 10:10 [7, 8431, 8557, 8489, 8640, 8591, -7]
705:41.42, 9:10 [7, 8971, 8828, 8925, -7]
706:105.70, 10:10 [7, 8531, 8517, 8584, 8480, -7]
707:14.14, 4:10 [7, 8582, -7]
708:88.26, 10:10 [7, 8957, 8887, 8476, 8975, 8469, 8864, -7]
709:79.56, 10:10 [7, 8556, 8892, 8989, 8926, -7]
710:95.30, 10:10 [7, 8726, 8743, 8857, 8847, 8994, -7]
711:33.09, 8:10 [7, 8919, 8918, -7]
712:62.57, 9:10 [7, 8977, 8820, 8855, -7]
fe: 6, se: 37

Day: 1, Time: 0
Total Cost: 5309.14
 11:90.24, 75:75 [3, 9, -9, -3]
 12:94.59, 70:75 [3, 8, -8, -3]
 13:94.59, 35:75 [3, 8, -8, -3]
 14:94.59, 10:75 [3, 8, -3]
 15:90.24, 75:75 [3, 9, -9, -3]
 16:90.24, 38:75 [3, 9, -9, -3]
 17:94.59, 66:75 [3, 8, -8, -3]
 18:94.59, 17:75 [3, 8, -3]
 35:94.59, 10:75 [3, 8, -8, -3]
801:87.27, 10:10 [8, 8620, 8641, 8577, 8984, -8]
802:59.16, 10:10 [8, 9006, 8874, 8781, 8540, 8720, -8]
803:129.26, 10:10 [8, 8525, 8747, 8438, 8450, 8498, 8420, -8]
804:75.44, 10:10 [8, 8742, 8891, 8733, 9016, -8]
805:119.45, 10:10 [8, 8490, 8653, 8569, 8912, 8736, 8796, 8934, -8]
806:109.97, 10:10 [8, 8962, 8815, 8570, 8968, 8575, -8]
807:74.29, 10:10 [8, 8654, 8727, 8936, 8770, 9023, 8507, 8511, -8]
808:127.72, 10:10 [8, 8421, 8579, 8695, 8505, 8812, -8]
809:118.17, 10:10 [8, 8662, 8451, 8880, 8723, 8717, 8890, -8]
810:101.06, 10:10 [8, 8538, 8872, 8791, 8825, 8840, 8922, -8]
811:78.87, 9:10 [8, 8780, 8729, 8752, -8]
812:27.93, 9:10 [8, 8852, 8882, 8643, -8]
814:78.73, 10:10 [8, 8528, 8500, 8681, -8]
815:146.93, 10:10 [8, 8460, 8544, 8668, 8632, 8768, 8514, -8]
818:99.70, 9:10 [8, 8795, 8532, 8761, 8773, 8944, -8]
819:83.03, 9:10 [8, 8433, 8551, 8580, 8552, -8]
820:103.47, 10:10 [8, 8610, 8425, 8585, 8609, 8602, -8]
821:122.84, 10:10 [8, 8527, 8442, 8454, 8560, 8875, 8518, -8]
822:82.64, 10:10 [8, 8522, 8707, 8779, 8894, -8]
823:117.35, 10:10 [8, 8996, 8693, 8687, 8835, 8788, 8764, 9001, -8]
825:84.24, 7:10 [8, 8429, 8822, 8644, 8721, -8]
827:55.84, 9:10 [8, 8837, 8965, 8974, -8]
831:89.61, 10:10 [8, 8691, 8633, 8456, 8526, 9034, -8]
833:143.28, 10:10 [8, 8730, 8423, 8749, 8709, 8499, 9025, 8530, 8586, -8]
901:127.97, 10:10 [9, 8870, 8512, 8783, 8860, 8992, 8740, -9]
902:161.78, 10:10 [9, 8441, 8930, 8606, 8684, 8775, 8705, 8659, -9]
903:109.17, 9:10 [9, 8697, 8885, 8879, 8658, -9]
904:93.26, 10:10 [9, 9022, 8803, 8424, 8716, 8956, 8700, -9]
905:12.81, 3:10 [9, 8590, -9]
906:105.90, 10:10 [9, 8657, 8642, 8886, 9007, 8784, 8670, 8940, -9]
907:100.43, 10:10 [9, 8722, 8472, 9008, 8859, 8981, -9]
908:86.12, 10:10 [9, 8949, 8458, 8594, 8969, -9]
909:127.22, 10:10 [9, 8448, 8464, 8848, 8513, 8626, -9]
910:75.36, 9:10 [9, 8836, 8988, 8978, 9003, -9]
911:124.47, 10:10 [9, 8946, 16706, 8900, 8905, 8844, -9]
912:87.93, 10:10 [9, 8503, 8958, 8468, 8567, 8559, 8863, -9]
913:44.87, 4:10 [9, 8660, 8932, 8685, -9]
914:132.45, 10:10 [9, 8955, 9017, 8959, 8997, 8991, -9]
915:91.98, 8:10 [9, 8973, 8628, 8494, -9]
916:99.00, 10:10 [9, 8671, 8573, 8669, 8435, -9]
917:113.49, 10:10 [9, 8711, 8810, 8614, 9033, 8832, -9]
918:26.41, 10:10 [9, 8713, 8756, 8884, -9]
919:90.67, 9:10 [9, 8520, 8449, 8655, -9]
920:54.41, 10:10 [9, 8529, 8537, 8452, -9]
921:113.43, 10:10 [9, 8506, 8667, 8563, 8623, 8428, 8923, -9]
923:106.94, 10:10 [9, 8738, 8972, 8673, 9002, -9]
924:68.52, 10:10 [9, 8769, 8708, 8746, 8980, 8595, 8488, -9]
fe: 9, se: 47

Day: 1, Time: 20
Total Cost: 693.16
 11:136.01, 8:75 [1, -4, -1]
 12:153.31, 5:75 [1, -5, -1]
401:165.67, 8:10 [4, 12940, 13064, 12415, -4]
501:80.05, 3:10 [5, 12184, -5]
502:158.11, 2:10 [5, 16613, -5]
fe: 2, se: 3

Day: 1, Time: 30
Total Cost: 435.02
 11:94.59, 20:75 [3, -8, -3]
 12:90.24, 3:75 [3, -9, -3]
801:73.63, 8:10 [8, 14385, 11147, -8]
802:92.33, 8:10 [8, 11641, 15598, -8]
803:6.32, 4:10 [8, 12761, -8]
901:77.90, 3:10 [9, 13033, -9]
fe: 2, se: 4

Day: 1, Time: 35
Total Cost: 403.81
 11:179.78, 6:75 [1, -4, -5, -1]
401:88.02, 3:10 [4, 12987, -4]
501:136.01, 3:10 [5, 17020, -5]
fe: 1, se: 2

Day: 1, Time: 40
Total Cost: 487.58
 11:136.01, 7:75 [1, -4, -1]
 12:136.01, 2:75 [1, -4, -1]
401:150.44, 7:10 [4, 16085, 10441, -4]
402:65.12, 2:10 [4, 11521, -4]
fe: 2, se: 2

Day: 1, Time: 40
Total Cost: 612.70
 11:66.27, 6:75 [2, -6, -2]
 12:66.27, 4:75 [2, -6, -2]
 13:145.23, 1:75 [2, -7, -2]
601:122.41, 1:10 [6, 9650, -6]
602:78.64, 4:10 [6, 11734, -6]
603:57.45, 5:10 [6, 13424, 11530, -6]
701:76.42, 1:10 [7, 11038, -7]
fe: 3, se: 4

Day: 1, Time: 55
Total Cost: 435.80
 11:66.27, 2:75 [2, -6, -2]
 12:66.27, 5:75 [2, -6, -2]
601:83.55, 2:10 [6, 14082, -6]
603:219.71, 5:10 [6, 15311, 17059, -6]
fe: 2, se: 2

Day: 1, Time: 60
Total Cost: 458.35
 11:94.59, 8:75 [3, -8, -3]
 12:90.24, 1:75 [3, -9, -3]
801:108.30, 5:10 [8, 12029, 15535, -8]
802:87.32, 3:10 [8, 15161, -8]
901:77.90, 1:10 [9, 14493, -9]
fe: 2, se: 3

Day: 1, Time: 65
Total Cost: 608.22
 11:136.01, 13:75 [1, -4, -1]
 12:153.31, 3:75 [1, -5, -1]
401:76.84, 4:10 [4, 15626, -4]
402:194.01, 9:10 [4, 11510, 12503, 15671, -4]
501:48.04, 3:10 [5, 14350, -5]
fe: 2, se: 3

Day: 1, Time: 65
Total Cost: 416.43
 11:66.27, 7:75 [2, -6, -2]
 12:145.23, 2:75 [2, -7, -2]
602:141.68, 3:10 [6, 14443, 13038, -6]
603:50.60, 4:10 [6, 14503, -6]
701:12.65, 2:10 [7, 9723, -7]
fe: 2, se: 3

Day: 1, Time: 70
Total Cost: 254.24
 11:66.27, 4:75 [2, -6, -2]
601:66.75, 2:10 [6, 13509, -6]
602:121.21, 2:10 [6, 10916, -6]
fe: 1, se: 2

Day: 1, Time: 75
Total Cost: 543.07
 11:153.31, 7:75 [1, -5, -1]
 12:153.31, 2:75 [1, -5, -1]
501:175.72, 7:10 [5, 10611, 11599, -5]
502:60.73, 2:10 [5, 15235, -5]
fe: 2, se: 2

Day: 1, Time: 95
Total Cost: 807.19
 11:136.01, 7:75 [1, -4, -1]
 12:136.01, 5:75 [1, -4, -1]
 13:153.31, 4:75 [1, -5, -1]
401:68.71, 7:10 [4, 15786, 15622, -4]
402:166.33, 5:10 [4, 15150, 12751, -4]
501:42.00, 2:10 [5, 12930, -5]
503:104.80, 2:10 [5, 11575, -5]
fe: 3, se: 4

Day: 1, Time: 100
Total Cost: 219.20
 11:136.01, 4:75 [1, -4, -1]
401:83.19, 4:10 [4, 13759, -4]
fe: 1, se: 1

Day: 1, Time: 105
Total Cost: 215.10
 11:136.01, 5:75 [1, -4, -1]
401:24.17, 4:10 [4, 12103, -4]
402:54.92, 1:10 [4, 11554, -4]
fe: 1, se: 2

Day: 1, Time: 115
Total Cost: 352.06
 11:136.01, 2:75 [1, -4, -1]
 12:153.31, 2:75 [1, -5, -1]
401:45.65, 2:10 [4, 15070, -4]
501:17.09, 2:10 [5, 14834, -5]
fe: 2, se: 2

Day: 1, Time: 125
Total Cost: 871.08
 11:94.59, 17:75 [3, -8, -3]
 12:94.59, 3:75 [3, -8, -3]
 13:90.24, 15:75 [3, -9, -3]
801:198.18, 8:10 [8, 10329, 12326, 13321, 15381, -8]
802:89.31, 3:10 [8, 16277, -8]
803:129.59, 9:10 [8, 13468, 10755, 10214, -8]
902:46.39, 4:10 [9, 15704, -9]
903:44.08, 7:10 [9, 16327, 16094, -9]
904:84.10, 4:10 [9, 14375, -9]
fe: 3, se: 6

Day: 1, Time: 130
Total Cost: 415.60
 11:90.24, 1:75 [3, -9, -3]
 12:94.59, 4:75 [3, -8, -3]
801:85.16, 3:10 [8, 13220, -8]
802:125.60, 1:10 [8, 16726, -8]
901:20.00, 1:10 [9, 13324, -9]
fe: 2, se: 3

Day: 1, Time: 135
Total Cost: 522.46
 11:66.27, 10:75 [2, -6, -2]
 12:145.23, 4:75 [2, -7, -2]
601:260.60, 10:10 [6, 15977, 12015, 14740, 16343, 13860, -6]
701:50.36, 4:10 [7, 9526, -7]
fe: 2, se: 2

Day: 1, Time: 155
Total Cost: 133.35
 11:66.27, 2:75 [2, -6, -2]
601:67.08, 2:10 [6, 13959, -6]
fe: 1, se: 1

Day: 1, Time: 155
Total Cost: 397.13
 11:94.59, 2:75 [3, -8, -3]
 12:90.24, 6:75 [3, -9, -3]
801:108.90, 2:10 [8, 15451, -8]
901:103.38, 6:10 [9, 9704, 10145, -9]
fe: 2, se: 2

Day: 1, Time: 160
Total Cost: 421.03
 11:136.01, 13:75 [1, -4, -1]
401:191.95, 10:10 [4, 14890, 16643, 10831, 12539, -4]
402:93.06, 3:10 [4, 16824, 12356, -4]
fe: 1, se: 2

Day: 1, Time: 160
Total Cost: 121.28
 11:94.59, 3:75 [3, -8, -3]
801:26.68, 3:10 [8, 9902, -8]
fe: 1, se: 1

Day: 1, Time: 165
Total Cost: 288.95
 11:145.23, 3:75 [2, -7, -2]
 12:66.27, 2:75 [2, -6, -2]
601:60.96, 2:10 [6, 13072, -6]
701:16.49, 3:10 [7, 11311, -7]
fe: 2, se: 2

Day: 1, Time: 170
Total Cost: 350.46
 11:94.59, 2:75 [3, -8, -3]
 12:94.59, 3:75 [3, -8, -3]
801:101.61, 2:10 [8, 13343, -8]
802:59.67, 3:10 [8, 15402, -8]
fe: 2, se: 2

Day: 1, Time: 175
Total Cost: 367.36
 11:136.01, 1:75 [1, -4, -1]
 12:153.31, 4:75 [1, -5, -1]
401:28.64, 1:10 [4, 15810, -4]
501:49.40, 4:10 [5, 10882, -5]
fe: 2, se: 2

Day: 1, Time: 175
Total Cost: 162.27
 11:94.59, 3:75 [3, -8, -3]
801:67.68, 3:10 [8, 13229, -8]
fe: 1, se: 1

Day: 1, Time: 280
Total Cost: 986.82
 11:136.01, 33:75 [1, -4, -1]
 12:153.31, 22:75 [1, -5, -1]
401:84.98, 10:10 [4, 16185, 14924, 12032, 14397, -4]
402:52.96, 7:10 [4, 15428, 11808, -4]
403:82.33, 10:10 [4, 11108, 15496, 13445, -4]
404:125.26, 6:10 [4, 9173, 11504, -4]
501:118.12, 6:10 [5, 10471, 16790, 10400, 10297, -5]
502:63.52, 9:10 [5, 13110, 11175, 14821, -5]
503:170.31, 7:10 [5, 15648, 14684, 16978, -5]
fe: 2, se: 7

Day: 1, Time: 285
Total Cost: 806.93
 12:66.27, 45:75 [2, -6, -2]
601:168.27, 9:10 [6, 10488, 9450, 10839, -6]
602:128.53, 9:10 [6, 15100, 9339, 10258, -6]
603:147.73, 8:10 [6, 16254, 10647, 17032, 11506, 15668, -6]
604:131.63, 9:10 [6, 9731, 16828, 12624, 12344, -6]
605:164.49, 10:10 [6, 15586, 12440, 13812, 16490, -6]
fe: 1, se: 5

Day: 1, Time: 285
Total Cost: 991.04
 12:90.24, 63:75 [3, -9, -3]
901:87.04, 8:10 [9, 15815, 9444, -9]
902:109.26, 9:10 [9, 9207, 14304, 13845, -9]
903:174.99, 10:10 [9, 11751, 15943, 9758, 15329, 12485, -9]
904:135.16, 10:10 [9, 13952, 14454, 10175, 11991, -9]
905:85.43, 9:10 [9, 12468, 15658, 12740, 13948, -9]
906:157.03, 7:10 [9, 12560, 10051, 10574, -9]
907:151.89, 10:10 [9, 12345, 12433, 10604, -9]
fe: 1, se: 7

Day: 1, Time: 310
Total Cost: 267.80
 11:113.51, 5:75 [3, -8, -9, -3]
801:83.45, 2:10 [8, 13052, -8]
901:70.83, 3:10 [9, 12955, 13931, -9]
fe: 1, se: 2

Day: 1, Time: 360
Total Cost: 1594.02
 11:136.01, 48:75 [1, 4, -4, -1]
 12:153.31, 25:75 [1, 5, -5, -1]
401:141.32, 10:10 [4, 267, 154, 259, 10, -4]
402:80.14, 10:10 [4, 15095, 58, 12983, 2348, 9282, -4]
403:123.89, 10:10 [4, 12290, 200, 12432, 2840, 106, -4]
406:158.81, 10:10 [4, 311, 27, 56, -4]
407:136.71, 10:10 [4, 4071, 317, 9974, 227, 43, -4]
409:138.25, 10:10 [4, 4634, 6845, 13804, 13248, 287, 67, -4]
501:139.25, 10:10 [5, 26, 3044, 9409, 236, 36, -5]
502:145.40, 9:10 [5, 15869, 223, 109, -5]
503:131.00, 7:10 [5, 246, 316, 333, 3224, 16649, 79, -5]
505:109.89, 4:10 [5, 288, 16885, 105, 10608, 182, -5]
fe: 2, se: 10

Day: 1, Time: 365
Total Cost: 883.76
 12:90.24, 15:75 [3, 9, -9, -3]
 13:94.59, 32:75 [3, 8, -8, -3]
801:75.97, 8:10 [8, 49, 4734, 5392, 12375, 16133, 16080, -8]
802:139.01, 10:10 [8, 155, 7675, 9747, 76, 10213, 15361, 168, -8]
803:135.77, 9:10 [8, 75, 17088, 14068, 14967, -8]
804:128.83, 8:10 [8, 13098, 16332, 960, 14983, 15343, 2831, -8]
901:103.13, 10:10 [9, 161, 160, 330, 16070, 8086, 14163, 11441, -9]
903:116.21, 8:10 [9, 212, 55, 16581, 10846, 14961, -9]
fe: 2, se: 6

Day: 1, Time: 370
Total Cost: 746.77
 11:66.27, 28:75 [2, 6, -6, -2]
601:141.95, 4:10 [6, 307, 215, 14632, 10208, 170, 30, -6]
602:172.30, 7:10 [6, 2951, 13039, 11908, 184, 15219, 145, -6]
603:97.48, 8:10 [6, 12743, 16398, 16298, 98, 16364, 15846, -6]
604:141.57, 5:10 [6, 150, 201, 14685, 21, 11234, 6326, -6]
605:127.19, 9:10 [6, 12206, 12143, 15679, 2457, 15255, 113, -6]
fe: 1, se: 5

Day: 1, Time: 405
Total Cost: 2052.95
 11:136.01, 68:75 [1, 4, -4, -1]
 12:179.78, 27:75 [1, 4, -5, -1]
 13:153.31, 62:75 [1, 5, -1]
401:103.44, 10:10 [4, 174, 11608, 162, 4348, 318, -4]
402:117.87, 10:10 [4, 193, 272, 319, 256, -4]
403:96.22, 10:10 [4, 14466, 33, 91, 52, -4]
404:69.41, 8:10 [4, 313, 12951, 80, 17, -4]
405:16.12, 3:10 [4, 298, -4]
406:130.43, 9:10 [4, 269, 165, 299, -4]
407:80.11, 9:10 [4, 204, 18, 296, -4]
408:46.88, 10:10 [4, 169, 143, 74, 37, -4]
409:127.39, 10:10 [4, 235, 126, 144, 90, -4]
410:108.53, 8:10 [4, 281, 16253, 836, -4]
411:99.03, 10:10 [4, 7587, 46, 148, -4]
501:59.27, 7:10 [5, 7404, 62, -5]
502:105.53, 9:10 [5, 10786, 190, 73, -5]
503:68.65, 9:10 [5, 343, 5753, 315, 140, -5]
504:58.34, 6:10 [5, 3339, 86, 325, -5]
505:147.51, 9:10 [5, 197, 194, 53, -5]
506:29.69, 6:10 [5, 119, 302, -5]
507:48.49, 9:10 [5, 131, 312, 120, 176, -5]
509:70.97, 8:10 [5, 304, 166, 180, -5]
fe: 3, se: 19

Day: 1, Time: 405
Total Cost: 2030.26
 11:66.27, 72:75 [2, 6, -6, -2]
 12:66.27, 62:75 [2, 6, -2]
 14:145.23, 47:75 [2, 7, -7, -2]
601:18.00, 4:10 [6, 7637, -6]
602:104.20, 10:10 [6, 89, 4374, 282, -6]
603:88.50, 9:10 [6, 8330, 7923, 332, 284, -6]
604:94.67, 10:10 [6, 142, 218, 222, 8016, 10737, -6]
605:87.75, 10:10 [6, 147, 232, 275, -6]
606:145.73, 10:10 [6, 29, 5685, 64, 249, -6]
607:107.78, 10:10 [6, 14, 207, 278, 88, -6]
608:136.38, 9:10 [6, 83, 139, 326, -6]
609:152.04, 7:10 [6, 14180, 163, 66, -6]
610:115.30, 10:10 [6, 297, 293, 4505, 210, -6]
611:60.17, 10:10 [6, 95, 81, 186, -6]
612:53.81, 9:10 [6, 301, 270, 7014, -6]
613:73.50, 10:10 [6, 5069, 243, 7096, -6]
615:53.53, 10:10 [6, 238, 16176, 104, 14482, 303, -6]
616:120.06, 9:10 [6, 23, 13736, 32, 87, -6]
701:32.90, 4:10 [7, 257, 291, -7]
702:60.14, 7:10 [7, 213, 6144, 101, -7]
703:42.10, 10:10 [7, 48, 94, 9616, 6712, -7]
704:69.30, 10:10 [7, 11050, 254, 39, 10741, 135, -7]
705:73.14, 9:10 [7, 306, 6932, 141, -7]
706:63.48, 10:10 [7, 266, 328, 1212, 208, -7]
fe: 3, se: 21

Day: 1, Time: 405
Total Cost: 1886.40
 11:94.59, 71:75 [3, 8, -8, -3]
 12:90.24, 72:75 [3, 9, -9, -3]
 13:90.24, 16:75 [3, 9, -3]
801:108.57, 10:10 [8, 28, 159, 156, 178, -8]
802:121.95, 10:10 [8, 6380, 183, 152, 70, 341, -8]
803:132.15, 10:10 [8, 63, 202, 133, -8]
804:120.70, 10:10 [8, 42, 289, 181, 108, -8]
805:100.07, 10:10 [8, 217, 44, 34, 285, -8]
806:73.48, 10:10 [8, 4297, 130, 157, 16783, 4819, -8]
807:99.97, 9:10 [8, 112, 84, 123, 228, -8]
808:11.31, 2:10 [8, 255, -8]
901:51.25, 7:10 [9, 117, 277, -9]
902:109.05, 10:10 [9, 264, 167, 153, 12339, 231, 309, -9]
903:91.84, 9:10 [9, 225, 118, 97, -9]
904:109.21, 10:10 [9, 96, 263, 54, 6545, -9]
905:13.79, 8:10 [9, 252, 216, -9]
906:68.03, 8:10 [9, 68, 138, -9]
907:142.88, 10:10 [9, 280, 2864, 2226, 13997, 137, 25, 115, -9]
909:60.22, 7:10 [9, 314, 221, -9]
910:90.12, 9:10 [9, 92, 12543, 124, 191, -9]
913:106.74, 10:10 [9, 111, 12735, 5813, 3494, -9]
fe: 3, se: 18

Day: 1, Time: 415
Total Cost: 218.38
 11:113.51, 4:75 [3, -8, -9, -3]
801:94.87, 3:10 [8, 10184, -8]
901:10.00, 1:10 [9, 13097, -9]
fe: 1, se: 2

Day: 1, Time: 420
Total Cost: 336.72
 11:179.78, 11:75 [1, -4, -5, -1]
401:50.00, 4:10 [4, 13167, -4]
501:106.94, 7:10 [5, 13955, 12151, -5]
fe: 1, se: 2

Day: 1, Time: 420
Total Cost: 300.53
 11:113.51, 3:75 [3, -8, -9, -3]
801:96.66, 1:10 [8, 11702, -8]
901:90.35, 2:10 [9, 16484, -9]
fe: 1, se: 2

Day: 1, Time: 430
Total Cost: 254.03
 11:151.76, 8:75 [2, -6, -7, -2]
601:44.96, 6:10 [6, 16052, 11824, -6]
701:57.31, 2:10 [7, 10219, 12269, -7]
fe: 1, se: 2

Day: 1, Time: 450
Total Cost: 259.82
 11:136.01, 7:75 [1, 4, -1]
401:107.31, 5:10 [4, 6761, 2621, -4]
402:16.49, 2:10 [4, 4653, -4]
fe: 1, se: 2

Day: 1, Time: 450
Total Cost: 577.52
 11:66.27, 15:75 [2, 6, -2]
 12:145.23, 7:75 [2, 7, -2]
601:114.17, 6:10 [6, 322, 107, 7395, -6]
602:130.19, 5:10 [6, 2885, 4530, -6]
603:66.18, 4:10 [6, 4240, 245, -6]
701:55.47, 7:10 [7, 8036, 334, 4539, -7]
fe: 2, se: 4

Day: 1, Time: 450
Total Cost: 183.21
 11:90.24, 10:75 [3, 9, -3]
901:22.36, 1:10 [9, 295, -9]
902:27.20, 1:10 [9, 7120, -9]
903:43.41, 8:10 [9, 258, 102, 5660, -9]
fe: 1, se: 3

Day: 1, Time: 460
Total Cost: 426.79
 11:66.27, 12:75 [2, 6, -2]
601:119.46, 3:10 [6, 247, 310, -6]
602:103.90, 4:10 [6, 187, 251, -6]
603:56.57, 1:10 [6, 276, -6]
604:38.83, 1:10 [6, 103, -6]
605:41.76, 3:10 [6, 237, -6]
fe: 1, se: 5

Day: 1, Time: 460
Total Cost: 429.00
 11:90.24, 14:75 [3, 9, -3]
901:124.98, 5:10 [9, 51, 339, -9]
902:142.31, 8:10 [9, 82, 149, -9]
903:71.47, 1:10 [9, 300, -9]
fe: 1, se: 3

Day: 1, Time: 525
Total Cost: 141.53
 11:66.27, 4:75 [2, 6, -2]
601:53.25, 1:10 [6, 308, -6]
602:22.00, 3:10 [6, 136, -6]
fe: 1, se: 2

Day: 1, Time: 525
Total Cost: 135.87
 11:90.24, 3:75 [3, 9, -3]
901:21.54, 1:10 [9, 336, -9]
902:24.08, 2:10 [9, 273, -9]
fe: 1, se: 2


Day	Area	ID	Time	Load	Utilization	NoOrders	AssignmentCost
1	1	 7	270	 20	0.22	 8	275.00
1	1	27	315	 73	0.81	27	805.00
1	1	 8	315	 89	0.99	38	965.00
1	1	28	360	 25	0.28	12	325.00
1	1	128	400	 26	0.14	12	670.00
1	1	11	450	 15	0.14	 6	180.00
1	1	32	540	 52	0.48	15	476.00
1	1	34	630	 75	0.83	26	825.00
1	1	38	810	 72	1.00	37	954.00
1	1	19	810	 69	0.96	23	918.00
1	2	45	270	 28	0.31	11	355.00
1	2	145	300	 19	0.11	11	530.00
1	2	46	315	 88	0.98	34	955.00
1	2	65	315	 67	0.74	22	745.00
1	2	66	360	  3	0.03	 1	105.00
1	2	72	630	 59	0.66	20	665.00
1	2	57	810	 72	1.00	31	954.00
1	2	76	810	 72	1.00	37	954.00
1	3	101	225	 12	0.13	 3	195.00
1	3	154	300	 48	0.27	31	1110.00
1	3	84	315	 90	1.00	33	975.00
1	3	103	315	 90	1.00	29	975.00
1	3	104	360	 11	0.12	 5	185.00
1	3	91	630	 84	0.93	27	915.00
1	3	112	720	 34	0.47	11	498.00
1	3	114	810	 72	1.00	33	954.00
1	3	95	810	 72	1.00	34	954.00


Day	Area	Time	Pickup	Delivery	Direct	FEVehicles	SEVehicles	ALNSTime	ALNSBestTime	RoutingCostArea
1	1	0	122	89	0	8	50	235.67	177.40	6581.78
1	1	20	5	0	0	2	3	0.81	0.00	693.16
1	1	35	2	0	0	1	2	0.52	0.00	403.81
1	1	40	3	0	0	2	2	0.53	0.00	487.58
1	1	65	5	0	1	2	3	0.48	0.00	1108.22
1	1	75	3	0	1	2	2	0.55	0.00	1043.07
1	1	95	6	0	0	3	4	0.90	0.00	807.19
1	1	100	1	0	0	1	1	0.28	0.00	219.20
1	1	105	2	0	0	1	2	0.41	0.00	215.10
1	1	115	2	0	0	2	2	0.46	0.00	352.06
1	1	160	6	0	1	1	2	0.52	0.00	921.03
1	1	175	2	0	0	2	2	0.57	0.00	367.36
1	1	280	21	0	0	2	7	1.95	0.00	986.82
1	1	360	13	34	0	2	10	5.04	0.00	1594.02
1	1	405	5	57	0	3	19	11.38	7.70	2052.95
1	1	420	3	0	0	1	2	0.42	0.00	336.72
1	1	450	0	3	0	1	2	0.32	0.00	259.82
1	2	0	95	84	0	6	37	147.03	116.05	4091.91
1	2	40	5	0	0	3	4	0.62	0.00	612.70
1	2	55	3	0	0	2	2	0.40	0.00	435.80
1	2	65	4	0	0	2	3	0.59	0.00	416.43
1	2	70	2	0	0	1	2	0.26	0.00	254.24
1	2	135	6	0	0	2	2	0.65	0.00	522.46
1	2	155	1	0	1	1	1	0.27	0.00	633.35
1	2	165	2	0	0	2	2	0.46	0.00	288.95
1	2	180	0	0	1	0	0	0.00	0.00	500.00
1	2	285	19	0	0	1	5	3.44	1.89	806.93
1	2	370	16	14	0	1	5	3.96	0.45	746.77
1	2	405	8	65	0	3	21	21.62	16.85	2030.26
1	2	430	4	0	0	1	2	0.57	0.00	254.03
1	2	450	0	10	0	2	4	0.65	0.00	577.52
1	2	460	0	7	0	1	5	0.43	0.00	426.79
1	2	525	0	2	0	1	2	0.28	0.00	141.53
1	3	0	119	107	0	9	47	242.38	183.43	5309.14
1	3	30	6	0	0	2	4	0.76	0.00	435.02
1	3	60	4	0	0	2	3	0.44	0.00	458.35
1	3	125	12	0	0	3	6	1.33	0.00	871.08
1	3	130	3	0	0	2	3	0.70	0.00	415.60
1	3	155	3	0	0	2	2	0.63	0.00	397.13
1	3	160	1	0	0	1	1	0.22	0.00	121.28
1	3	170	2	0	0	2	2	0.52	0.00	350.46
1	3	175	1	0	0	1	1	0.21	0.00	162.27
1	3	285	24	0	0	1	7	6.14	2.88	991.04
1	3	310	3	0	0	1	2	0.42	0.00	267.80
1	3	365	19	16	0	2	6	4.42	0.61	883.76
1	3	405	5	61	0	3	18	14.91	9.47	1886.40
1	3	415	2	0	0	1	2	0.29	0.00	218.38
1	3	420	2	0	0	1	2	0.29	0.00	300.53
1	3	450	0	5	0	1	3	0.45	0.00	183.21
1	3	460	0	5	0	1	3	0.59	0.00	429.00
1	3	525	0	2	1	1	2	0.35	0.00	635.87

Day	SL	Own	DispatchTimes	AssignmentCost	RoutingCost	TotalCost
1	24	3	33	18417.00	45485.87	63902.87

Total Cost: 63902.869915870135
Cost per Day: 63902.869915870135
Running time in Seconds: 23860.219
Running time in minutes: 397.6703166666667