INSTANCE: 3hubs_A_18_x.csv
PARAMETER: sp_balance_loose_20_120_3hubs.txt
POLICY: Stochastic Programming
ALPHA: 0.0240177634262549
BETA: 67
OMEGA: 586
EPSILON: 1.44934881724368

Day: 1, Time: 0
Total Cost: 6322.90
 11:136.01, 73:75 [1, 4, -4, -1]
 12:136.01, 47:75 [1, 4, -4, -1]
 14:153.31, 55:75 [1, 5, -5, -1]
 15:153.31, 63:75 [1, 5, -5, -1]
 16:136.01, 35:75 [1, 4, -4, -1]
 17:153.31, 16:75 [1, 5, -5, -1]
 25:136.01, 27:75 [1, 4, -4, -1]
 28:153.31, 39:75 [1, 5, -5, -1]
401:78.07, 8:10 [4, 8456, 8488, 8458, -4]
403:138.95, 6:10 [4, 8977, 8953, -4]
404:117.05, 9:10 [4, 8969, 8949, 8712, 8704, -4]
405:84.72, 10:10 [4, 8900, 8823, 8974, -4]
406:115.91, 9:10 [4, 8886, 8742, 8921, -4]
407:77.29, 10:10 [4, 9007, 8447, 8525, 8662, -4]
408:112.44, 9:10 [4, 8495, 8641, 8592, 8845, 8512, 8931, 8730, -4]
409:113.71, 10:10 [4, 8754, 8870, 8989, 8467, 8833, -4]
410:139.33, 10:10 [4, 8930, 8561, 8424, 8519, -4]
411:57.85, 9:10 [4, 8862, 8769, 8699, -4]
412:41.04, 4:10 [4, 8986, -4]
413:201.57, 10:10 [4, 8557, 8929, 8515, 9006, 8612, 8884, 8881, -4]
414:134.88, 10:10 [4, 9028, 8594, 8569, 8430, 8679, -4]
415:127.32, 10:10 [4, 8758, 8935, 8913, 9000, -4]
416:69.48, 10:10 [4, 8645, 9026, 8593, 8471, -4]
417:62.16, 10:10 [4, 8899, 8714, 8665, -4]
418:128.98, 9:10 [4, 8571, 8753, 8739, 8523, -4]
421:136.88, 9:10 [4, 8906, 8566, 8565, 8852, 8614, 8798, 8445, -4]
422:44.36, 6:10 [4, 8879, 8786, -4]
423:61.64, 10:10 [4, 8439, 8688, 8423, -4]
424:88.77, 9:10 [4, 8635, 8657, 8829, 9003, 8578, -4]
427:148.68, 10:10 [4, 8524, 8709, 8671, 8611, 8564, 8468, 8579, -4]
428:149.02, 10:10 [4, 8680, 8444, 8687, 8787, 8472, 8432, 8979, 9021, 8955, 8485, 8905, -4]
429:120.41, 10:10 [4, 8426, 8956, 8855, 8718, 8781, -4]
430:52.89, 10:10 [4, 8558, 8573, 8582, -4]
431:110.58, 9:10 [4, 8947, 8873, 8976, 8860, -4]
501:151.43, 9:10 [5, 8843, 8965, 8888, 8577, 8626, -5]
502:146.64, 10:10 [5, 8961, 8939, 8616, 8889, -5]
503:66.89, 10:10 [5, 8520, 8584, 8540, 8466, -5]
504:128.55, 10:10 [5, 8981, 8828, 8755, 8768, -5]
505:92.37, 10:10 [5, 8752, 8936, 9023, -5]
506:131.99, 10:10 [5, 9027, 8887, 8837, 8992, -5]
507:36.33, 7:10 [5, 8502, 8562, 8581, -5]
508:170.95, 9:10 [5, 8599, 8667, 8650, 8653, 8869, -5]
509:56.83, 9:10 [5, 8958, 9002, 8734, -5]
510:95.32, 10:10 [5, 8615, 8555, 8856, 8640, 8425, -5]
511:165.80, 10:10 [5, 8804, 8766, 8760, 8422, 9011, -5]
512:158.21, 10:10 [5, 8690, 8636, 8583, 8842, -5]
514:61.20, 7:10 [5, 8726, 8492, 8946, 8893, -5]
515:166.54, 10:10 [5, 8563, 8859, 8629, 8590, 8761, 8644, 8660, -5]
516:126.23, 10:10 [5, 8549, 8588, 8427, 8882, 8459, 8480, -5]
517:49.00, 10:10 [5, 8509, 8617, 8625, 8692, -5]
518:81.84, 10:10 [5, 8620, 8954, 8741, 8434, 8677, -5]
519:34.50, 8:10 [5, 8464, 8552, 8522, -5]
520:83.05, 10:10 [5, 8595, 8715, 8809, 8435, 8909, 8898, -5]
521:113.58, 10:10 [5, 8780, 8966, 8919, -5]
522:114.27, 10:10 [5, 8639, 8603, 8511, 8443, 8433, -5]
523:2.83, 3:10 [5, 8489, -5]
524:71.33, 9:10 [5, 8817, 8785, 8917, 8771, 8711, 8872, -5]
529:145.96, 10:10 [5, 8686, 8839, 8990, 9013, 8851, -5]
fe: 8, se: 50

Day: 1, Time: 0
Total Cost: 4773.53
 11:94.59, 67:75 [3, 8, -8, -3]
 12:90.24, 71:75 [3, 9, -9, -3]
 13:94.59, 75:75 [3, 8, -8, -3]
 14:90.24, 73:75 [3, 9, -9, -3]
 15:90.24, 66:75 [3, 9, -9, -3]
 16:94.59, 30:75 [3, 8, -8, -3]
801:92.70, 9:10 [8, 8606, 8499, 8846, 8782, 8451, 8848, 8591, -8]
802:121.80, 10:10 [8, 8792, 8773, 8487, 8863, -8]
803:87.44, 10:10 [8, 8437, 8560, 8438, 8513, 8988, 9022, 8697, -8]
804:155.93, 10:10 [8, 8442, 8676, 8541, 8749, 8580, 8943, 8601, -8]
805:102.46, 10:10 [8, 8634, 8473, 8576, 8619, 8544, -8]
806:50.27, 9:10 [8, 8832, 9010, 8675, -8]
807:120.49, 10:10 [8, 8441, 8789, 8449, 8696, 8724, 8539, 9033, -8]
808:71.74, 10:10 [8, 9018, 8952, 8597, 8746, -8]
809:123.20, 9:10 [8, 8491, 8910, 8756, 8701, 8836, 8840, -8]
810:45.98, 9:10 [8, 8885, 8883, 8959, -8]
811:2.00, 3:10 [8, 8628, -8]
812:46.79, 10:10 [8, 8982, 8854, 8978, -8]
813:128.43, 9:10 [8, 8744, 8598, 8646, 8632, 8668, -8]
814:34.54, 8:10 [8, 8811, 8902, 8778, -8]
815:63.93, 9:10 [8, 8822, 9004, 8783, -8]
816:69.82, 10:10 [8, 8810, 8907, 8674, 8994, 8807, -8]
818:89.81, 10:10 [8, 8610, 8732, 8801, 9020, 8975, -8]
819:109.93, 10:10 [8, 8727, 8702, 8997, 8514, 8866, 8868, -8]
822:76.99, 6:10 [8, 8428, 8531, 8605, -8]
823:104.38, 10:10 [8, 8763, 8857, 8912, 8820, 8927, -8]
901:105.33, 10:10 [9, 8623, 8693, 8453, 8533, 8895, 8609, 8450, -9]
902:87.30, 10:10 [9, 8575, 9005, 8550, 8529, 8482, -9]
903:69.79, 9:10 [9, 8505, 9029, 9014, 8934, 8738, -9]
904:103.17, 10:10 [9, 8914, 8767, 8951, -9]
906:121.60, 9:10 [9, 9008, 8876, 8874, 8925, -9]
907:126.56, 10:10 [9, 8648, 9034, 8805, 9009, 8649, 8808, 8847, -9]
908:132.60, 10:10 [9, 8825, 8567, 8622, 9030, 8924, 8526, 8664, -9]
909:114.60, 9:10 [9, 8932, 9015, 8700, 8948, -9]
910:126.35, 10:10 [9, 8776, 8942, 9017, 8918, 9031, -9]
911:130.25, 10:10 [9, 8536, 8698, 8775, 8964, 8745, -9]
912:125.85, 10:10 [9, 8465, 8518, 8607, 8985, -9]
913:97.59, 10:10 [9, 8633, 8476, 8446, -9]
914:69.18, 10:10 [9, 8784, 8802, 8916, -9]
915:101.08, 9:10 [9, 8504, 8551, 8448, 8797, -9]
916:96.98, 10:10 [9, 8483, 8682, 8534, -9]
917:77.71, 9:10 [9, 8967, 8624, 8708, 8858, 8772, -9]
918:86.05, 10:10 [9, 9016, 8968, 8891, 8933, -9]
919:80.48, 10:10 [9, 9001, 8908, 8493, 8963, -9]
920:120.02, 10:10 [9, 8460, 8731, 8721, 8960, 8469, -9]
921:45.31, 8:10 [9, 8821, 8548, 8454, -9]
922:87.92, 9:10 [9, 8462, 8638, 8621, 8796, -9]
923:86.44, 10:10 [9, 8720, 8743, 8875, 8991, -9]
925:43.63, 10:10 [9, 8613, 8867, 8904, 8477, 8915, 8853, -9]
928:138.07, 10:10 [9, 8871, 8691, 8554, 8826, 8779, 8684, 8762, -9]
929:91.67, 9:10 [9, 8815, 8993, 8830, 8474, -9]
931:54.86, 10:10 [9, 8547, 8479, 8537, -9]
fe: 6, se: 46

Day: 1, Time: 5
Total Cost: 4586.18
 11:66.27, 75:75 [2, 6, -6, -2]
 12:66.27, 70:75 [2, 6, -6, -2]
 13:66.27, 75:75 [2, 6, -6, -2]
 14:66.27, 29:75 [2, 6, -6, -2]
 15:145.23, 42:75 [2, -7, -2]
 17:145.23, 45:75 [2, 7, -7, -2]
601:79.91, 7:10 [6, 8816, 8841, -6]
602:114.82, 9:10 [6, 8652, 8486, 8608, 8500, 8812, 8716, 8737, -6]
603:112.73, 9:10 [6, 8543, 8481, 8642, 8572, -6]
604:84.41, 10:10 [6, 9012, 8788, 13406, -6]
605:142.02, 10:10 [6, 8722, 8794, 8834, -6]
606:43.94, 9:10 [6, 8971, 8890, 8725, -6]
607:72.75, 10:10 [6, 8542, 8470, 8484, -6]
608:94.88, 10:10 [6, 8764, 8568, 8774, 8729, -6]
609:28.84, 3:10 [6, 8719, -6]
610:65.09, 10:10 [6, 8750, 8926, 8838, -6]
611:62.85, 8:10 [6, 8587, 9025, 8478, 8945, 8436, -6]
612:16.17, 9:10 [6, 8923, 8793, 8928, -6]
613:131.66, 10:10 [6, 8654, 8507, 8944, 8553, 8457, 8970, 8669, -6]
614:80.67, 10:10 [6, 8703, 8643, 8740, 8950, -6]
615:14.31, 4:10 [6, 8689, 8678, -6]
616:138.22, 10:10 [6, 8705, 8574, 8911, 8995, 8799, -6]
617:102.66, 10:10 [6, 8759, 8827, 8920, 8803, -6]
618:144.42, 9:10 [6, 8757, 8844, 8463, 8421, 8710, -6]
619:87.63, 9:10 [6, 8877, 8996, 8980, 8497, -6]
620:102.84, 10:10 [6, 8498, 8850, 8984, 8922, 8800, -6]
621:41.15, 8:10 [6, 8765, 8835, -6]
622:127.94, 10:10 [6, 8896, 8747, 13581, -6]
623:62.30, 10:10 [6, 8618, 8602, 8694, -6]
624:21.94, 6:10 [6, 8748, 8983, -6]
625:174.41, 10:10 [6, 8431, 8651, 8658, 8600, 8501, 8818, -6]
626:112.08, 9:10 [6, 8849, 8546, 8420, 8897, 8673, 8589, 8506, -6]
627:100.75, 9:10 [6, 8452, 8532, 8880, 8604, 8892, 8517, -6]
628:128.16, 10:10 [6, 8987, 8814, 8655, -6]
629:180.28, 10:10 [6, 8535, 8733, 8496, 8637, 8455, 8570, 8751, 8559, -6]
630:134.33, 10:10 [6, 8999, 8706, 8735, 8790, 8937, -6]
631:14.81, 7:10 [6, 8941, 8713, -6]
632:61.15, 10:10 [6, 8627, 8545, 8683, 8440, -6]
633:37.79, 10:10 [6, 8672, 8659, 8494, -6]
635:123.34, 10:10 [6, 9024, 8972, 8861, -6]
636:91.77, 9:10 [6, 8819, 8556, 9019, 8596, 8630, 8516, -6]
701:56.24, 10:10 [7, 8962, 8717, 8795, 8894, -7]
702:41.36, 5:10 [7, 8777, 8973, -7]
703:156.78, 10:10 [7, 8530, 8510, 8864, 8538, 8528, 8736, 8585, 8490, -7]
704:48.92, 10:10 [7, 8831, 8957, 8770, -7]
705:106.51, 10:10 [7, 8685, 8631, 8508, 8521, 8475, 8503, -7]
706:64.06, 4:10 [7, 8938, 8878, -7]
707:142.06, 10:10 [7, 8661, 8656, 8461, 8695, 8723, 8647, 8586, 8728, -7]
708:67.82, 8:10 [7, 8903, 8998, 8824, 8791, -7]
709:32.02, 6:10 [7, 8940, 8666, -7]
710:54.95, 8:10 [7, 8707, 8527, 8681, 8865, -7]
713:82.92, 9:10 [7, 8670, 8429, 8663, -7]
715:43.95, 10:10 [7, 8901, 8806, 9032, 8813, -7]
fe: 6, se: 47

Day: 1, Time: 15
Total Cost: 517.04
 11:66.27, 14:75 [2, -6, -2]
 12:145.23, 4:75 [2, -7, -2]
601:116.45, 6:10 [6, 12812, 15679, 12750, -6]
602:147.04, 8:10 [6, 9726, 10756, -6]
701:42.05, 4:10 [7, 12622, -7]
fe: 2, se: 3

Day: 1, Time: 25
Total Cost: 805.67
 11:136.01, 2:75 [1, -4, -1]
 12:153.31, 7:75 [1, -5, -1]
 13:153.31, 4:75 [1, -5, -1]
401:54.92, 2:10 [4, 14713, -4]
501:193.35, 7:10 [5, 12745, 9507, 13234, -5]
502:114.77, 4:10 [5, 12252, -5]
fe: 3, se: 3

Day: 1, Time: 40
Total Cost: 717.24
 11:94.59, 7:75 [3, -8, -3]
 12:94.59, 8:75 [3, -8, -3]
 13:90.24, 6:75 [3, -9, -3]
801:63.91, 2:10 [8, 15665, -8]
802:77.36, 5:10 [8, 9517, 16668, -8]
803:157.64, 8:10 [8, 16355, 14622, 11393, -8]
902:138.90, 6:10 [9, 11202, 9721, 10823, -9]
fe: 3, se: 4

Day: 1, Time: 50
Total Cost: 261.63
 11:66.27, 11:75 [2, -6, -2]
601:96.63, 7:10 [6, 16126, 13246, -6]
602:98.73, 4:10 [6, 16246, -6]
fe: 1, se: 2

Day: 1, Time: 55
Total Cost: 408.72
 11:113.51, 7:75 [3, -8, -9, -3]
 12:94.59, 2:75 [3, -8, -3]
801:18.00, 1:10 [8, 9422, -8]
802:74.43, 2:10 [8, 16105, -8]
901:108.19, 6:10 [9, 12943, 9376, -9]
fe: 2, se: 3

Day: 1, Time: 65
Total Cost: 636.97
 11:136.01, 3:75 [1, -4, -1]
 12:136.01, 1:75 [1, -4, -1]
 13:153.31, 3:75 [1, -5, -1]
401:130.68, 3:10 [4, 10738, 16752, 10899, -4]
402:50.36, 1:10 [4, 13182, -4]
501:30.59, 3:10 [5, 14557, -5]
fe: 3, se: 3

Day: 1, Time: 65
Total Cost: 241.20
 11:66.27, 2:75 [2, -6, -2]
 12:66.27, 4:75 [2, -6, -2]
601:45.12, 2:10 [6, 11508, -6]
602:63.53, 4:10 [6, 11671, -6]
fe: 2, se: 2

Day: 1, Time: 70
Total Cost: 356.21
 11:90.24, 7:75 [3, -9, -3]
 13:94.59, 4:75 [3, -8, -3]
801:19.80, 4:10 [8, 12710, -8]
901:54.59, 3:10 [9, 10775, -9]
902:96.98, 4:10 [9, 9402, 13845, -9]
fe: 2, se: 3

Day: 1, Time: 80
Total Cost: 429.83
 11:136.01, 5:75 [1, -4, -1]
 12:153.31, 2:75 [1, -5, -1]
401:97.98, 5:10 [4, 14975, 15738, 12970, -4]
501:42.52, 2:10 [5, 10230, -5]
fe: 2, se: 2

Day: 1, Time: 100
Total Cost: 640.83
 11:66.27, 5:75 [2, -6, -2]
 12:66.27, 2:75 [2, -6, -2]
 13:66.27, 10:75 [2, -6, -2]
601:109.66, 5:10 [6, 16403, 12548, -6]
602:36.50, 2:10 [6, 10189, -6]
603:146.59, 6:10 [6, 12988, 16593, -6]
604:149.26, 4:10 [6, 16712, -6]
fe: 3, se: 4

Day: 1, Time: 105
Total Cost: 185.51
 11:66.27, 7:75 [2, -6, -2]
601:119.24, 7:10 [6, 12468, 15916, 16222, -6]
fe: 1, se: 1

Day: 1, Time: 115
Total Cost: 537.35
 11:136.01, 11:75 [1, -4, -1]
 12:153.31, 1:75 [1, -5, -1]
401:20.10, 4:10 [4, 10518, -4]
402:158.50, 7:10 [4, 17017, 9961, 15855, -4]
501:69.43, 1:10 [5, 15294, -5]
fe: 2, se: 3

Day: 1, Time: 115
Total Cost: 448.70
 11:66.27, 3:75 [2, -6, -2]
 12:66.27, 6:75 [2, -6, -2]
 13:66.27, 2:75 [2, -6, -2]
601:85.88, 3:10 [6, 10221, -6]
602:108.97, 6:10 [6, 12413, 15987, -6]
603:55.03, 2:10 [6, 11981, -6]
fe: 3, se: 3

Day: 1, Time: 120
Total Cost: 936.02
 11:90.24, 11:75 [3, -9, -3]
 13:90.24, 12:75 [3, -9, -3]
 14:94.59, 4:75 [3, -8, -3]
801:43.42, 4:10 [8, 12312, 15539, -8]
901:103.58, 4:10 [9, 14200, -9]
902:70.12, 4:10 [9, 13501, 12665, -9]
903:140.90, 8:10 [9, 9798, 15147, 16950, -9]
904:109.34, 3:10 [9, 14153, -9]
905:193.58, 4:10 [9, 12706, 14970, -9]
fe: 3, se: 6

Day: 1, Time: 125
Total Cost: 629.55
 11:136.01, 3:75 [1, -4, -1]
 13:153.31, 5:75 [1, -5, -1]
401:148.50, 3:10 [4, 13020, -4]
501:81.71, 4:10 [5, 11993, -5]
502:110.02, 1:10 [5, 14510, -5]
fe: 2, se: 3

Day: 1, Time: 125
Total Cost: 485.43
 11:66.27, 4:75 [2, -6, -2]
 12:66.27, 4:75 [2, -6, -2]
601:106.83, 1:10 [6, 10142, -6]
602:143.22, 4:10 [6, 13034, 12067, -6]
603:102.84, 3:10 [6, 14760, -6]
fe: 2, se: 3

Day: 1, Time: 130
Total Cost: 174.49
 11:136.01, 3:75 [1, -4, -1]
401:38.47, 3:10 [4, 16257, -4]
fe: 1, se: 1

Day: 1, Time: 145
Total Cost: 238.00
 11:136.01, 1:75 [1, -4, -1]
401:101.98, 1:10 [4, 13887, -4]
fe: 1, se: 1

Day: 1, Time: 145
Total Cost: 338.43
 11:90.24, 3:75 [3, -9, -3]
 12:90.24, 4:75 [3, -9, -3]
901:81.91, 3:10 [9, 13207, 13530, -9]
902:76.03, 4:10 [9, 16233, 11657, -9]
fe: 2, se: 2

Day: 1, Time: 155
Total Cost: 263.80
 11:136.01, 3:75 [1, -4, -1]
401:127.78, 3:10 [4, 12221, -4]
fe: 1, se: 1

Day: 1, Time: 160
Total Cost: 710.29
 11:136.01, 2:75 [1, -4, -1]
 12:136.01, 4:75 [1, -4, -1]
 13:153.31, 1:75 [1, -5, -1]
401:82.87, 2:10 [4, 16203, -4]
402:124.26, 4:10 [4, 15152, -4]
501:77.82, 1:10 [5, 15816, -5]
fe: 3, se: 3

Day: 1, Time: 160
Total Cost: 650.24
 11:66.27, 19:75 [2, -6, -2]
 12:66.27, 1:75 [2, -6, -2]
 13:66.27, 1:75 [2, -6, -2]
601:203.50, 10:10 [6, 11878, 16266, 15198, -6]
602:85.51, 1:10 [6, 12791, -6]
603:134.35, 9:10 [6, 16746, 9304, 10505, -6]
604:28.07, 1:10 [6, 12078, -6]
fe: 3, se: 4

Day: 1, Time: 160
Total Cost: 312.45
 11:94.59, 3:75 [3, -8, -3]
 12:90.24, 1:75 [3, -9, -3]
801:53.85, 3:10 [8, 9382, -8]
901:73.76, 1:10 [9, 15979, -9]
fe: 2, se: 2

Day: 1, Time: 170
Total Cost: 172.85
 11:66.27, 6:75 [2, -6, -2]
601:106.58, 6:10 [6, 10013, 11181, -6]
fe: 1, se: 1

Day: 1, Time: 180
Total Cost: 184.01
 11:136.01, 1:75 [1, -4, -1]
401:48.00, 1:10 [4, 11419, -4]
fe: 1, se: 1

Day: 1, Time: 180
Total Cost: 163.04
 11:66.27, 1:75 [2, -6, -2]
601:96.77, 1:10 [6, 15495, -6]
fe: 1, se: 1

Day: 1, Time: 180
Total Cost: 352.52
 11:94.59, 5:75 [3, -8, -3]
 12:90.24, 4:75 [3, -9, -3]
801:118.29, 5:10 [8, 13097, 13402, -8]
901:49.40, 4:10 [9, 16456, -9]
fe: 2, se: 2

Day: 1, Time: 280
Total Cost: 895.24
 11:90.24, 57:75 [3, -9, -3]
901:126.47, 10:10 [9, 9476, 9409, 9491, -9]
902:189.16, 10:10 [9, 13295, 15069, 12149, -9]
903:116.84, 9:10 [9, 13075, 13015, 13831, -9]
904:122.44, 10:10 [9, 10564, 16885, 11683, 15508, 15632, 17016, -9]
905:135.54, 8:10 [9, 10784, 15071, 15820, 11232, -9]
906:114.54, 10:10 [9, 13437, 11894, 9801, 13266, -9]
fe: 1, se: 6

Day: 1, Time: 295
Total Cost: 1014.32
 11:66.27, 29:75 [2, -6, -2]
 12:145.23, 52:75 [2, -7, -2]
601:110.60, 10:10 [6, 15307, 15273, 15153, 13842, -6]
602:80.54, 8:10 [6, 11452, 9914, 10716, -6]
603:110.19, 8:10 [6, 10647, 15378, 10033, -6]
604:19.70, 3:10 [6, 16901, -6]
701:41.15, 8:10 [7, 13734, 12932, -7]
702:156.74, 10:10 [7, 11034, 9555, 12920, 15967, -7]
703:83.55, 9:10 [7, 14530, 11952, 15204, 15848, 12990, -7]
704:74.98, 8:10 [7, 12514, 10208, -7]
705:65.77, 9:10 [7, 14350, 12233, 11949, 13583, -7]
706:59.59, 8:10 [7, 11745, 15484, 11325, -7]
fe: 2, se: 10

Day: 1, Time: 305
Total Cost: 996.69
 11:136.01, 24:75 [1, -4, -1]
 12:153.31, 36:75 [1, -5, -1]
401:63.12, 7:10 [4, 10850, 15938, 16944, -4]
402:108.76, 10:10 [4, 10006, 12565, 14640, 16428, -4]
403:99.63, 7:10 [4, 12929, 14945, 10367, -4]
501:68.92, 9:10 [5, 11360, 16999, 13864, -5]
502:120.23, 9:10 [5, 11555, 15320, 16850, -5]
503:154.36, 8:10 [5, 12541, 15344, -5]
504:92.33, 10:10 [5, 9399, 9959, 16972, -5]
fe: 2, se: 7

Day: 1, Time: 315
Total Cost: 683.60
 11:94.59, 33:75 [3, 8, -8, -3]
801:154.35, 10:10 [8, 5813, 15646, 13261, 27, 141, 16993, 16825, -8]
802:115.44, 8:10 [8, 7436, 12808, 2981, -8]
803:146.64, 9:10 [8, 308, 101, 12607, 272, 116, -8]
804:172.58, 9:10 [8, 248, 123, 188, 80, 11158, 10789, -8]
fe: 1, se: 4

Day: 1, Time: 330
Total Cost: 521.08
 11:136.01, 22:75 [1, 4, -4, -1]
401:119.75, 8:10 [4, 7556, 15937, 10338, -4]
402:156.98, 10:10 [4, 105, 16956, 13935, 134, 12954, 342, -4]
403:108.33, 9:10 [4, 10906, 204, 15610, 211, -4]
fe: 1, se: 3

Day: 1, Time: 355
Total Cost: 663.85
 11:66.27, 35:75 [2, 6, -6, -2]
601:166.35, 9:10 [6, 15841, 11675, 3977, 10001, -6]
602:149.07, 9:10 [6, 16318, 10560, 13856, -6]
603:101.06, 8:10 [6, 16905, 9183, 16996, 16268, 9997, -6]
604:181.10, 9:10 [6, 13377, 10204, 4492, 4694, 12488, -6]
fe: 1, se: 4

Day: 1, Time: 360
Total Cost: 1733.37
 11:136.01, 70:75 [1, 4, -4, -1]
 12:153.31, 49:75 [1, 5, -1]
401:138.58, 8:10 [4, 160, 16101, 305, 45, -4]
402:98.24, 10:10 [4, 151, 200, 118, 113, 10822, 7978, -4]
403:114.09, 10:10 [4, 82, 14072, 145, 233, 201, -4]
404:125.21, 10:10 [4, 327, 4122, 277, 69, 104, -4]
405:138.73, 10:10 [4, 103, 171, 6975, 285, -4]
406:14.42, 4:10 [4, 260, -4]
407:56.34, 8:10 [4, 75, 15, 206, -4]
408:131.90, 10:10 [4, 77, 686, 4253, -4]
501:154.68, 10:10 [5, 109, 110, 221, -5]
502:130.77, 9:10 [5, 243, 37, 94, 185, -5]
503:10.77, 4:10 [5, 50, -5]
504:169.20, 8:10 [5, 39, 35, -5]
505:68.38, 8:10 [5, 217, 23, 157, -5]
508:92.72, 10:10 [5, 242, 100, 13, 11, 232, 137, -5]
fe: 2, se: 14

Day: 1, Time: 360
Total Cost: 715.74
 22:66.27, 42:75 [2, 6, -2]
601:141.34, 10:10 [6, 111, 344, 146, 330, 88, 225, -6]
602:102.05, 10:10 [6, 167, 12, 55, 66, 220, 6849, 228, -6]
603:149.82, 10:10 [6, 235, 112, 176, 115, 732, 2512, -6]
604:24.33, 2:10 [6, 31, -6]
605:231.93, 10:10 [6, 339, 86, 130, 827, 173, -6]
fe: 1, se: 5

Day: 1, Time: 365
Total Cost: 1177.16
 12:90.24, 54:75 [3, 9, -9, -3]
 14:94.59, 39:75 [3, 8, -8, -3]
801:47.08, 10:10 [8, 4716, 98, 74, -8]
802:106.44, 9:10 [8, 335, 2818, 13452, 10157, 334, 144, -8]
803:94.15, 10:10 [8, 236, 58, 60, 11856, 11154, 12740, -8]
806:104.33, 10:10 [8, 1499, 290, 281, 187, -8]
901:102.79, 10:10 [9, 251, 282, 126, -9]
902:81.28, 9:10 [9, 4891, 148, 3388, -9]
903:104.31, 7:10 [9, 84, 29, 309, 15685, 16441, 9539, -9]
905:85.39, 10:10 [9, 322, 293, 32, 16173, -9]
906:134.04, 10:10 [9, 230, 2066, 238, 10009, 14900, -9]
907:132.49, 9:10 [9, 57, 11368, 255, 3291, 17067, -9]
fe: 2, se: 10

Day: 1, Time: 395
Total Cost: 716.52
 11:136.01, 13:75 [1, -4, -1]
 12:153.31, 17:75 [1, -5, -1]
401:135.92, 9:10 [4, 11533, 15693, 13210, -4]
403:63.33, 4:10 [4, 16517, 14089, -4]
501:84.31, 2:10 [5, 9315, -5]
502:58.69, 8:10 [5, 14104, 11729, 14598, -5]
503:84.94, 7:10 [5, 12299, 14439, -5]
fe: 2, se: 5

Day: 1, Time: 400
Total Cost: 505.33
 12:90.24, 14:75 [3, -9, -3]
901:106.74, 5:10 [9, 12625, 11230, -9]
902:119.69, 2:10 [9, 10812, 10786, -9]
903:110.76, 5:10 [9, 13236, 13946, -9]
904:77.90, 2:10 [9, 9360, -9]
fe: 1, se: 4

Day: 1, Time: 405
Total Cost: 1436.65
 11:136.01, 75:75 [1, 4, -4, -1]
 13:153.31, 51:75 [1, 5, -5, -1]
401:46.93, 10:10 [4, 278, 270, 14060, 244, -4]
402:125.41, 9:10 [4, 325, 7289, 186, 7543, -4]
403:34.06, 7:10 [4, 261, 18, -4]
404:86.32, 9:10 [4, 324, 7766, 3975, -4]
405:80.80, 8:10 [4, 328, 212, 195, -4]
406:62.17, 8:10 [4, 12655, 226, 341, -4]
407:92.57, 10:10 [4, 120, 3858, 1531, -4]
408:50.01, 6:10 [4, 10, 53, -4]
409:84.68, 10:10 [4, 93, 311, 274, -4]
501:6.32, 4:10 [5, 85, -5]
502:64.57, 9:10 [5, 2085, 252, 304, -5]
503:47.88, 6:10 [5, 16078, 1452, 125, -5]
504:28.72, 7:10 [5, 273, 5463, -5]
505:88.26, 8:10 [5, 1036, 164, -5]
506:74.12, 5:10 [5, 140, 301, -5]
507:53.99, 9:10 [5, 73, 307, 222, -5]
510:120.51, 7:10 [5, 16888, 3622, 224, -5]
fe: 2, se: 17

Day: 1, Time: 405
Total Cost: 1628.60
 11:66.27, 74:75 [2, 6, -6, -2]
 13:145.23, 50:75 [2, 7, -7, -2]
 16:66.27, 20:75 [2, 6, -2]
601:97.29, 10:10 [6, 163, 184, 262, -6]
602:105.00, 10:10 [6, 28, 16162, 189, 219, 6023, -6]
603:100.09, 9:10 [6, 7517, 299, 42, -6]
604:42.45, 8:10 [6, 210, 5510, -6]
605:41.11, 7:10 [6, 4811, 95, 30, -6]
606:101.72, 10:10 [6, 63, 132, 177, -6]
607:160.79, 10:10 [6, 263, 21, 231, 193, -6]
608:75.62, 10:10 [6, 333, 12024, 83, 284, -6]
609:110.28, 10:10 [6, 24, 292, 168, -6]
612:85.76, 10:10 [6, 268, 16689, 303, 150, -6]
701:56.30, 9:10 [7, 121, 91, 49, -7]
703:93.68, 7:10 [7, 256, 312, 127, 119, -7]
704:36.46, 6:10 [7, 165, 16659, 5155, -7]
705:59.10, 8:10 [7, 208, 692, 227, -7]
706:86.56, 10:10 [7, 314, 246, 209, -7]
709:98.61, 10:10 [7, 96, 326, 81, 62, -7]
fe: 3, se: 16

Day: 1, Time: 405
Total Cost: 964.15
 11:94.59, 35:75 [3, 8, -3]
 12:90.24, 35:75 [3, 9, -3]
801:80.29, 8:10 [8, 196, 223, 259, -8]
802:56.76, 7:10 [8, 133, 22, 64, -8]
803:98.39, 10:10 [8, 203, 4101, 3562, 180, -8]
804:105.26, 10:10 [8, 1540, 44, 276, -8]
901:91.31, 9:10 [9, 143, 7713, 36, -9]
902:125.75, 7:10 [9, 279, 266, 6070, -9]
903:113.51, 9:10 [9, 68, 25, 229, 5867, -9]
904:108.06, 10:10 [9, 310, 52, 3778, -9]
fe: 2, se: 8

Day: 1, Time: 410
Total Cost: 213.50
 11:66.27, 8:75 [2, -6, -2]
601:147.22, 8:10 [6, 12940, 11131, -6]
fe: 1, se: 1

Day: 1, Time: 415
Total Cost: 243.22
 11:136.01, 3:75 [1, -4, -1]
401:107.20, 3:10 [4, 13282, -4]
fe: 1, se: 1

Day: 1, Time: 420
Total Cost: 232.12
 11:136.01, 1:75 [1, -4, -1]
401:96.10, 1:10 [4, 13404, -4]
fe: 1, se: 1

Day: 1, Time: 420
Total Cost: 206.24
 11:90.24, 10:75 [3, -9, -3]
901:116.00, 10:10 [9, 16536, 9653, 12395, 10052, -9]
fe: 1, se: 1

Day: 1, Time: 445
Total Cost: 202.67
 11:151.76, 4:75 [2, -6, -7, -2]
601:31.11, 3:10 [6, 10136, -6]
701:19.80, 1:10 [7, 12161, -7]
fe: 1, se: 2

Day: 1, Time: 450
Total Cost: 584.23
 11:151.76, 17:75 [2, 6, 7, -2]
601:161.74, 2:10 [6, 817, 4280, -6]
604:90.53, 6:10 [6, 5197, 5820, 3303, -6]
605:116.71, 7:10 [6, 275, 65, 153, -6]
701:63.49, 2:10 [7, 2729, 198, -7]
fe: 1, se: 4

Day: 1, Time: 450
Total Cost: 329.05
 11:94.59, 11:75 [3, 8, -3]
801:45.18, 4:10 [8, 7513, 4055, -8]
802:115.41, 4:10 [8, 78, -8]
803:73.87, 3:10 [8, 6604, 291, -8]
fe: 1, se: 3

Day: 1, Time: 460
Total Cost: 139.19
 11:66.27, 8:75 [2, 6, -2]
601:16.00, 4:10 [6, 6462, -6]
602:56.92, 4:10 [6, 296, -6]
fe: 1, se: 2

Day: 1, Time: 460
Total Cost: 464.94
 11:94.59, 14:75 [3, 8, -3]
801:88.19, 4:10 [8, 337, 183, -8]
802:131.59, 4:10 [8, 79, -8]
803:119.33, 3:10 [8, 3531, -8]
804:31.24, 3:10 [8, 216, -8]
fe: 1, se: 4

Day: 1, Time: 495
Total Cost: 158.82
 11:136.01, 2:75 [1, 4, -1]
401:22.80, 2:10 [4, 4344, -4]
fe: 1, se: 1

Day: 1, Time: 495
Total Cost: 349.22
 11:66.27, 16:75 [2, 6, -2]
601:70.26, 4:10 [6, 271, -6]
602:68.99, 7:10 [6, 300, 172, -6]
603:39.29, 2:10 [6, 197, -6]
604:104.40, 3:10 [6, 114, -6]
fe: 1, se: 4

Day: 1, Time: 495
Total Cost: 393.90
 11:94.59, 14:75 [3, 8, -3]
801:60.39, 7:10 [8, 286, 149, 6805, -8]
802:55.32, 1:10 [8, 76, -8]
803:81.44, 1:10 [8, 257, -8]
804:21.54, 3:10 [8, 108, -8]
805:80.62, 2:10 [8, 1323, -8]
fe: 1, se: 5


Day	Area	ID	Time	Load	Utilization	NoOrders	AssignmentCost
1	1	 6	225	  5	0.06	 4	125.00
1	1	 8	315	 83	0.92	33	905.00
1	1	27	315	 57	0.63	19	645.00
1	1	28	360	 28	0.31	15	355.00
1	1	128	400	 22	0.12	 7	590.00
1	1	29	405	 27	0.30	10	345.00
1	1	13	540	 52	0.48	19	476.00
1	1	15	630	 72	0.80	25	795.00
1	1	38	810	 72	1.00	31	954.00
1	1	19	810	 72	1.00	29	954.00
1	2	44	225	 49	0.54	18	565.00
1	2	45	270	 90	1.00	30	975.00
1	2	64	270	 87	0.97	30	945.00
1	2	46	315	 20	0.22	 8	275.00
1	2	67	405	  5	0.06	 3	125.00
1	2	70	540	 36	0.33	10	348.00
1	2	72	630	 38	0.42	11	455.00
1	2	53	630	 67	0.74	22	745.00
1	2	76	810	 72	1.00	29	954.00
1	2	57	810	 72	1.00	34	954.00
1	3	83	270	 14	0.16	 6	215.00
1	3	154	300	 63	0.35	38	1410.00
1	3	103	315	 90	1.00	28	975.00
1	3	84	315	 90	1.00	30	975.00
1	3	91	630	 83	0.92	29	905.00
1	3	110	630	 46	0.51	14	535.00
1	3	114	810	 72	1.00	31	954.00
1	3	95	810	 72	1.00	39	954.00


Day	Area	Time	Pickup	Delivery	Direct	FEVehicles	SEVehicles	ALNSTime	ALNSBestTime	RoutingCostArea
1	1	0	111	106	0	8	50	230.78	175.11	6322.90
1	1	25	5	0	0	3	3	0.89	0.00	805.67
1	1	65	5	0	0	3	3	0.75	0.00	636.97
1	1	80	4	0	1	2	2	0.64	0.00	929.83
1	1	115	5	0	0	2	3	0.70	0.00	537.35
1	1	125	3	0	0	2	3	0.67	0.00	629.55
1	1	130	1	0	1	1	1	0.40	0.00	674.49
1	1	145	1	0	0	1	1	0.26	0.00	238.00
1	1	155	1	0	0	1	1	0.45	0.00	263.80
1	1	160	3	0	1	3	3	0.73	0.00	1210.29
1	1	175	0	0	1	0	0	0.00	0.00	500.00
1	1	180	1	0	0	1	1	0.32	0.00	184.01
1	1	305	21	0	0	2	7	2.24	1.17	996.69
1	1	330	7	6	0	1	3	1.30	0.00	521.08
1	1	360	3	47	0	2	14	6.04	3.75	1733.37
1	1	395	11	0	0	2	5	1.09	0.00	716.52
1	1	405	4	42	0	2	17	5.34	2.85	1436.65
1	1	415	1	0	0	1	1	0.19	0.00	243.22
1	1	420	1	0	0	1	1	0.23	0.00	232.12
1	1	495	0	1	0	1	1	0.19	0.00	158.82
1	2	5	103	87	0	6	47	216.05	109.30	4586.18
1	2	15	6	0	0	2	3	0.56	0.00	517.04
1	2	50	3	0	0	1	2	0.71	0.00	261.63
1	2	65	2	0	0	2	2	0.29	0.00	241.20
1	2	100	6	0	0	3	4	0.85	0.00	640.83
1	2	105	3	0	0	1	1	0.54	0.00	185.51
1	2	115	4	0	0	3	3	0.55	0.00	448.70
1	2	125	4	0	0	2	3	0.92	0.00	485.43
1	2	160	8	0	0	3	4	0.81	0.00	650.24
1	2	170	2	0	0	1	1	0.38	0.00	172.85
1	2	180	1	0	0	1	1	0.36	0.00	163.04
1	2	295	31	0	0	2	10	6.46	3.07	1014.32
1	2	355	14	3	0	1	4	2.18	0.75	663.85
1	2	360	0	25	0	1	5	3.59	1.73	715.74
1	2	405	4	50	0	3	16	11.65	2.69	1628.60
1	2	410	2	0	0	1	1	0.27	0.00	213.50
1	2	445	2	0	0	1	2	0.33	0.00	202.67
1	2	450	0	10	0	1	4	0.71	0.00	584.23
1	2	460	0	2	0	1	2	0.22	0.00	139.19
1	2	495	0	5	0	1	4	0.38	0.00	349.22
1	3	0	123	87	0	6	46	258.26	208.18	4773.53
1	3	40	9	0	0	3	4	0.99	0.00	717.24
1	3	55	4	0	0	2	3	0.88	0.00	408.72
1	3	70	4	0	0	2	3	0.98	0.00	356.21
1	3	120	11	0	0	3	6	1.84	0.85	936.02
1	3	145	4	0	0	2	2	0.65	0.00	338.43
1	3	160	2	0	0	2	2	0.33	0.00	312.45
1	3	180	3	0	0	2	2	0.69	0.00	352.52
1	3	280	23	0	0	1	6	3.49	0.73	895.24
1	3	315	8	13	0	1	4	2.29	0.00	683.60
1	3	365	13	32	0	2	10	8.33	5.20	1177.16
1	3	400	7	0	0	1	4	0.90	0.15	505.33
1	3	405	0	26	0	2	8	1.67	0.00	964.15
1	3	420	4	0	0	1	1	0.54	0.00	206.24
1	3	450	0	5	0	1	3	0.41	0.00	329.05
1	3	460	0	5	0	1	4	0.43	0.01	464.94
1	3	495	0	7	0	1	5	0.67	0.13	393.90

Day	SL	Own	DispatchTimes	AssignmentCost	RoutingCost	TotalCost
1	26	2	40	19408.00	46650.02	66058.02

Total Cost: 66058.02051413624
Cost per Day: 66058.02051413624
Running time in Seconds: 24787.718
Running time in minutes: 413.1286333333333