INSTANCE: 2hubs_MND_A_16_x.csv
PARAMETER: sp_mnd_tight_20_120_2hubs.txt
POLICY: Stochastic Programming
ALPHA: 0.347256951115979
BETA: 22
OMEGA: 586
EPSILON: 1.0967827884131

Day: 1, Time: 10
Total Cost: 4442.16
 11:136.01, 38:75 [1, 3, -3, -1]
 12:136.01, 64:75 [1, 3, -3, -1]
 13:153.31, 74:75 [1, 4, -4, -1]
 14:153.31, 10:75 [1, -4, -1]
 15:153.31, 29:75 [1, 4, -4, -1]
 16:153.31, 2:75 [1, -4, -1]
 17:136.01, 14:75 [1, 3, -3, -1]
301:132.82, 1:10 [3, 3275, -3]
302:28.58, 7:10 [3, 3142, 3094, -3]
304:118.99, 10:10 [3, 3305, 3244, 3187, -3]
305:101.41, 10:10 [3, 3136, 3304, 3251, 3207, 3050, 3059, -3]
306:176.35, 10:10 [3, 3052, 3259, 3182, 3273, 3074, 3176, 3067, -3]
307:129.89, 10:10 [3, 3098, 3149, 3308, 3134, 3166, 3056, 3091, -3]
308:146.28, 10:10 [3, 3073, 3193, 3169, 3107, 3266, -3]
309:132.05, 10:10 [3, 3165, 3159, 3219, 4468, 3053, -3]
310:71.32, 9:10 [3, 3278, 3260, 3183, 3212, -3]
311:138.23, 10:10 [3, 3224, 3252, 3086, 3241, -3]
312:69.21, 8:10 [3, 3081, 3307, 3144, -3]
313:60.90, 9:10 [3, 3238, 3265, 3314, 3283, -3]
314:121.49, 10:10 [3, 3095, 3233, 3185, 3145, 3112, 3287, 3254, -3]
317:99.74, 10:10 [3, 3188, 3079, 3299, 3247, 3096, 3246, -3]
318:155.44, 10:10 [3, 3072, 3236, 3047, 3119, 3167, -3]
324:92.83, 9:10 [3, 3168, 3249, 3117, 3192, 3297, 3284, 3248, -3]
401:138.58, 10:10 [4, 3226, 3069, 3062, -4]
402:139.01, 9:10 [4, 3088, 3054, 3143, -4]
403:181.46, 10:10 [4, 3106, 3156, 3257, 3235, 3090, 3302, 3313, -4]
404:79.67, 10:10 [4, 3237, 3294, 3057, -4]
405:50.78, 10:10 [4, 3150, 3137, 3139, -4]
406:162.21, 10:10 [4, 3222, 3130, 3133, 3271, -4]
407:123.25, 10:10 [4, 3082, 3116, 3197, 3068, 3174, -4]
408:58.63, 8:10 [4, 3199, 3200, 3070, 3172, -4]
409:145.07, 2:10 [4, 3279, -4]
410:60.15, 10:10 [4, 3258, 3268, 3225, 3274, -4]
411:87.67, 10:10 [4, 3138, 3217, 3100, 3234, 3128, 3135, 3311, -4]
412:161.61, 10:10 [4, 3089, 3205, 3099, 3101, 3255, 3210, -4]
413:99.83, 8:10 [4, 3118, 3114, 3158, 3223, -4]
414:77.86, 7:10 [4, 3104, 3102, 3216, 3195, -4]
416:79.55, 9:10 [4, 3152, 3194, 3286, 3282, 3049, -4]
fe: 7, se: 31

Day: 1, Time: 20
Total Cost: 3190.23
 11:66.27, 67:75 [2, 5, -5, -2]
 12:66.27, 26:75 [2, 5, -5, -2]
 13:66.27, 18:75 [2, 5, -5, -2]
 14:66.27, 3:75 [2, -5, -2]
 15:145.23, 68:75 [2, 6, -6, -2]
 16:145.23, 2:75 [2, -6, -2]
501:101.39, 3:10 [5, 3270, -5]
502:183.56, 10:10 [5, 3108, 3075, 3153, 3071, 3280, 3303, 3253, -5]
503:172.68, 10:10 [5, 3115, 3201, 3097, 3131, 3123, 3269, -5]
504:125.87, 3:10 [5, 3298, -5]
505:117.15, 8:10 [5, 3231, 3179, 3170, -5]
506:143.62, 10:10 [5, 3184, 3148, 3132, 3181, 3208, 3154, 3267, 3189, -5]
507:52.79, 9:10 [5, 3103, 3146, 3209, 3203, 3276, 3293, -5]
508:82.19, 10:10 [5, 3175, 3080, 3151, 3215, 3262, 3191, 3309, -5]
510:86.94, 6:10 [5, 3264, 3206, 3228, 3113, -5]
511:81.68, 9:10 [5, 3110, 3245, 3171, 3164, 3177, -5]
513:99.87, 8:10 [5, 3160, 3121, 3048, 3202, -5]
514:68.52, 9:10 [5, 3129, 3122, 3250, 3306, 3163, -5]
515:55.12, 10:10 [5, 3186, 3125, 3288, 3315, 3277, 3272, -5]
516:149.58, 10:10 [5, 3180, 3196, 3227, 3256, 3078, 3093, 3111, 3296, -5]
517:91.13, 10:10 [5, 3232, 3242, 3058, -5]
519:149.04, 8:10 [5, 3213, 3087, 3312, 3301, 3127, 3140, 3229, -5]
601:62.29, 2:10 [6, 3204, -6]
602:86.97, 10:10 [6, 3263, 3120, 3243, 3291, -6]
603:80.50, 9:10 [6, 3092, 5358, 3285, 3105, 3173, 3240, -6]
604:74.43, 9:10 [6, 3292, 3064, 3218, 3295, -6]
605:70.98, 10:10 [6, 3162, 3220, 3085, 3077, -6]
606:155.41, 10:10 [6, 3290, 3061, 3124, 3211, 3076, 3126, 3141, 3214, -6]
607:58.07, 9:10 [6, 3155, 3239, 3063, 3161, 3221, -6]
608:105.61, 10:10 [6, 3109, 3083, 3084, 3051, 3147, 3198, 3261, -6]
609:73.35, 8:10 [6, 3055, 3300, 3230, 3060, 3190, -6]
611:105.91, 10:10 [6, 3178, 3066, 3281, 3310, 3289, 3065, 3157, -6]
fe: 6, se: 26

Day: 1, Time: 70
Total Cost: 617.07
 11:66.27, 12:75 [2, -5, -2]
 12:66.27, 6:75 [2, -5, -2]
 13:66.27, 4:75 [2, -5, -2]
501:92.20, 4:10 [5, 5193, -5]
502:114.55, 6:10 [5, 5934, 3955, -5]
503:141.74, 8:10 [5, 5518, 4816, 4814, -5]
504:69.77, 4:10 [5, 6146, -5]
fe: 3, se: 4

Day: 1, Time: 110
Total Cost: 842.88
 11:136.01, 21:75 [1, -3, -1]
 12:136.01, 4:75 [1, -3, -1]
 13:153.31, 4:75 [1, -4, -1]
301:74.22, 6:10 [3, 5901, 5695, -3]
302:53.94, 6:10 [3, 5667, 3812, -3]
303:145.79, 9:10 [3, 3760, 4844, 6180, -3]
304:126.49, 4:10 [3, 4141, -3]
402:17.09, 4:10 [4, 5658, -4]
fe: 3, se: 5

Day: 1, Time: 120
Total Cost: 383.85
 11:136.01, 7:75 [1, -3, -1]
301:118.07, 4:10 [3, 4533, -3]
302:129.77, 3:10 [3, 4550, -3]
fe: 1, se: 2

Day: 1, Time: 145
Total Cost: 178.20
 11:136.01, 2:75 [1, -3, -1]
301:42.19, 2:10 [3, 5623, -3]
fe: 1, se: 1

Day: 1, Time: 150
Total Cost: 523.49
 11:66.27, 6:75 [2, -5, -2]
 12:66.27, 9:75 [2, -5, -2]
501:81.31, 2:10 [5, 5885, 5564, -5]
502:95.08, 4:10 [5, 4457, -5]
503:214.55, 9:10 [5, 5912, 5583, 5596, -5]
fe: 2, se: 3

Day: 1, Time: 160
Total Cost: 431.25
 11:136.01, 3:75 [1, -3, -1]
 12:136.01, 2:75 [1, -3, -1]
301:116.28, 3:10 [3, 4855, -3]
302:42.94, 2:10 [3, 5162, -3]
fe: 2, se: 2

Day: 1, Time: 170
Total Cost: 292.22
 11:136.01, 2:75 [1, -3, -1]
301:156.20, 2:10 [3, 5800, -3]
fe: 1, se: 1

Day: 1, Time: 225
Total Cost: 369.98
 11:66.27, 20:75 [2, -5, -2]
502:112.66, 10:10 [5, 4350, 6217, 5871, 3553, -5]
503:191.05, 10:10 [5, 5427, 5692, 5142, 5450, -5]
fe: 1, se: 2

Day: 1, Time: 340
Total Cost: 786.87
 11:66.27, 39:75 [2, 5, -5, -2]
501:137.71, 5:10 [5, 4028, 3908, 4954, -5]
502:109.67, 6:10 [5, 5614, 68, 5364, -5]
503:195.67, 9:10 [5, 4412, 3690, 3854, 5229, 3954, -5]
504:111.47, 9:10 [5, 5037, 5938, 3785, -5]
505:166.08, 10:10 [5, 84, 4600, 1290, 3552, 3599, 78, 3837, -5]
fe: 1, se: 5

Day: 1, Time: 360
Total Cost: 1142.35
 11:136.01, 23:75 [1, 3, -3, -1]
 12:153.31, 18:75 [1, 4, -4, -1]
301:140.62, 10:10 [3, 80, 52, 6086, 55, 4893, 4488, 4486, -3]
302:126.47, 9:10 [3, 4655, 5403, 4171, 5524, -3]
303:94.94, 4:10 [3, 2956, 5737, 6116, 5819, -3]
401:96.44, 5:10 [4, 98, 4889, 3745, 3591, -4]
402:78.85, 7:10 [4, 6206, 5842, 108, -4]
403:141.17, 10:10 [4, 5727, 4295, 5145, 74, -4]
404:174.56, 10:10 [4, 125, 38, 14, 82, -4]
fe: 2, se: 7

Day: 1, Time: 405
Total Cost: 566.25
 12:153.31, 16:75 [1, 4, -4, -1]
401:59.36, 4:10 [4, 765, -4]
402:134.61, 9:10 [4, 23, 1267, 122, 41, 103, -4]
403:114.49, 3:10 [4, 4322, 2695, -4]
405:104.47, 4:10 [4, 4753, 4251, 2374, 111, -4]
fe: 1, se: 4

Day: 1, Time: 405
Total Cost: 1001.74
 11:66.27, 31:75 [2, 5, -5, -2]
 12:145.23, 13:75 [2, 6, -6, -2]
501:110.60, 6:10 [5, 3944, 1972, 4569, 59, 748, -5]
502:54.67, 7:10 [5, 5077, 70, -5]
503:130.29, 4:10 [5, 89, 85, 61, -5]
504:174.89, 10:10 [5, 124, 2468, 94, 17, -5]
505:125.84, 9:10 [5, 93, 3917, 107, 54, -5]
507:117.78, 6:10 [5, 4586, 4612, 114, -5]
601:24.82, 7:10 [6, 58, 75, -6]
602:51.36, 6:10 [6, 115, 4588, 88, -6]
fe: 2, se: 8

Day: 1, Time: 425
Total Cost: 310.21
 11:153.31, 3:75 [1, -4, -1]
401:156.89, 3:10 [4, 5888, -4]
fe: 1, se: 1

Day: 1, Time: 450
Total Cost: 231.22
 11:66.27, 7:75 [2, 5, -5, -2]
501:111.09, 5:10 [5, 5536, 1360, -5]
502:53.85, 4:10 [5, 951, -5]
fe: 1, se: 2

Day: 1, Time: 495
Total Cost: 309.58
 11:66.27, 13:75 [2, 5, -2]
501:79.34, 6:10 [5, 15, 32, -5]
502:94.59, 1:10 [5, 92, -5]
503:69.37, 6:10 [5, 47, 104, -5]
fe: 1, se: 3

Day: 1, Time: 525
Total Cost: 118.44
 11:66.27, 5:75 [2, 5, -2]
501:40.00, 4:10 [5, 62, -5]
502:12.17, 1:10 [5, 69, -5]
fe: 1, se: 2


Day	Area	ID	Time	Load	Utilization	NoOrders	AssignmentCost
1	1	 6	225	  9	0.15	 4	165.00
1	1	 8	315	 44	0.73	19	515.00
1	1	 9	360	  7	0.12	 2	145.00
1	1	10	405	 13	0.22	 5	205.00
1	1	11	450	  5	0.07	 2	100.00
1	1	13	540	 31	0.43	10	308.00
1	1	15	630	 60	1.00	19	675.00
1	1	18	765	 35	0.73	13	510.00
1	1	19	810	 48	1.00	27	666.00
1	2	25	225	 28	0.47	11	355.00
1	2	27	315	 16	0.27	 9	235.00
1	2	33	585	 37	0.62	11	445.00
1	2	34	630	 48	0.80	16	555.00
1	2	36	720	 35	0.73	12	510.00
1	2	37	765	 48	1.00	14	666.00
1	2	38	810	 48	1.00	33	666.00


Day	Area	Time	Pickup	Delivery	Direct	FEVehicles	SEVehicles	ALNSTime	ALNSBestTime	RoutingCostArea
1	1	10	61	78	0	7	31	72.58	53.82	4442.16
1	1	110	9	0	0	3	5	0.87	0.00	842.88
1	1	120	2	0	0	1	2	0.32	0.00	383.85
1	1	145	1	0	1	1	1	0.22	0.00	678.20
1	1	160	2	0	0	2	2	0.32	0.00	431.25
1	1	170	1	0	1	1	1	0.22	0.00	792.22
1	1	360	19	11	0	2	7	3.90	1.07	1142.35
1	1	405	3	9	0	1	4	1.38	0.06	566.25
1	1	425	1	0	0	1	1	0.21	0.00	310.21
1	2	20	60	72	0	6	26	74.38	38.58	3190.23
1	2	70	7	0	0	3	4	0.72	0.00	617.07
1	2	150	6	0	0	2	3	0.52	0.00	523.49
1	2	225	8	0	0	1	2	0.69	0.03	369.98
1	2	340	17	4	0	1	5	2.13	0.00	786.87
1	2	405	7	19	0	2	8	1.89	0.02	1001.74
1	2	450	1	2	0	1	2	0.30	0.00	231.22
1	2	495	0	5	0	1	3	0.36	0.00	309.58
1	2	525	0	2	0	1	2	0.22	0.00	118.44

Day	SL	Own	DispatchTimes	AssignmentCost	RoutingCost	TotalCost
1	16	0	18	6721.00	16737.98	23458.98

Total Cost: 23458.98080394182
Cost per Day: 23458.98080394182
Running time in Seconds: 730.515
Running time in minutes: 12.17525