INSTANCE: 2hubs_MND_A_12_x.csv
PARAMETER: sp_mnd_tight_20_120_2hubs.txt
POLICY: Stochastic Programming
ALPHA: 0.347256951115979
BETA: 22
OMEGA: 586
EPSILON: 1.0967827884131

Day: 1, Time: 0
Total Cost: 3940.12
 11:136.01, 53:75 [1, 3, -3, -1]
 12:136.01, 47:75 [1, 3, -3, -1]
 13:153.31, 10:75 [1, 4, -4, -1]
 16:153.31, 67:75 [1, 4, -4, -1]
 20:136.01, 65:75 [1, 3, -3, -1]
301:67.54, 9:10 [3, 3123, 3195, 3160, -3]
302:209.24, 10:10 [3, 3174, 3178, 3250, 3048, 3125, 3096, 3238, -3]
303:97.57, 8:10 [3, 3279, 3242, 3298, -3]
304:136.57, 10:10 [3, 3104, 3064, 3109, 3229, 3290, -3]
305:98.77, 10:10 [3, 3187, 3287, 3189, 3215, 3231, 3234, -3]
306:44.44, 8:10 [3, 3222, 3127, -3]
307:58.74, 8:10 [3, 3256, 3274, 3214, 3078, -3]
308:100.97, 9:10 [3, 3059, 3219, 3254, 3121, 3186, 3188, 3192, -3]
309:127.44, 10:10 [3, 3138, 3076, 3132, 3092, 3292, -3]
310:140.09, 8:10 [3, 3202, 3050, 3197, 3260, 3149, 3233, -3]
311:61.25, 10:10 [3, 3100, 3224, 3211, 3209, -3]
312:119.62, 9:10 [3, 3285, 3286, 3122, 3270, -3]
313:167.20, 10:10 [3, 3208, 3108, 3232, 3168, 3103, 3262, -3]
314:88.94, 9:10 [3, 3148, 3164, 3180, -3]
315:21.31, 8:10 [3, 3068, 3063, -3]
316:87.35, 10:10 [3, 3161, 3239, 3203, 3182, 3141, -3]
317:119.71, 10:10 [3, 3066, 3151, 3051, 3276, 3157, -3]
318:152.17, 10:10 [3, 3080, 3083, 3097, -3]
319:94.31, 10:10 [3, 3134, 3277, 3067, 3283, 3094, 3255, -3]
321:201.34, 10:10 [3, 3082, 3230, 3069, 3280, 3084, 3315, 3206, -3]
401:157.87, 10:10 [4, 3205, 3236, 3145, 3241, 3163, 3183, -4]
402:41.09, 9:10 [4, 3252, 3118, 3089, -4]
403:101.43, 10:10 [4, 3062, 3305, 3105, 3248, 3139, 3077, 3291, -4]
404:98.50, 10:10 [4, 3135, 3213, 3049, 3153, 3314, 3253, 3193, -4]
405:67.50, 10:10 [4, 3299, 3181, 3294, 3072, 3175, 3216, -4]
406:138.82, 10:10 [4, 3119, 3235, 3177, 3185, -4]
407:175.43, 10:10 [4, 3085, 3107, 3124, 3300, 3313, 3071, -4]
408:93.35, 9:10 [4, 3247, 3237, 3106, 3243, 3101, 3196, -4]
409:48.65, 6:10 [4, 3226, 3166, -4]
413:108.26, 10:10 [4, 3146, 3154, 3070, -4]
fe: 5, se: 30

Day: 1, Time: 5
Total Cost: 3751.52
 11:66.27, 37:75 [2, 5, -5, -2]
 12:145.23, 4:75 [2, -6, -2]
 13:66.27, 2:75 [2, -5, -2]
 15:66.27, 25:75 [2, 5, -5, -2]
 18:66.27, 7:75 [2, -5, -2]
 19:66.27, 74:75 [2, 5, -5, -2]
 29:145.23, 55:75 [2, 6, -6, -2]
501:133.87, 10:10 [5, 3136, 3140, 3110, 3200, 3115, 3311, -5]
502:86.78, 9:10 [5, 3130, 3113, 3306, 3047, 3199, -5]
503:112.73, 3:10 [5, 3198, 3310, -5]
504:166.88, 10:10 [5, 3156, 3091, 3058, 3289, 3112, -5]
505:111.53, 8:10 [5, 3218, 3244, -5]
506:88.36, 7:10 [5, 3212, 3081, 3267, 3258, -5]
507:104.81, 3:10 [5, 3227, 3220, 3266, -5]
508:132.98, 10:10 [5, 3129, 3128, 3052, 3120, 3275, 3302, -5]
509:82.14, 8:10 [5, 3190, 3295, 5138, 3054, 3257, 3265, -5]
510:123.78, 10:10 [5, 3281, 3061, 3093, 3297, 3150, 3075, 3095, 3304, 3053, 3273, -5]
511:121.28, 1:10 [5, 3263, -5]
512:102.16, 8:10 [5, 3264, 3312, 3117, 3282, -5]
513:10.20, 4:10 [5, 3152, -5]
514:100.97, 10:10 [5, 3170, 3114, 3102, 3240, 3184, -5]
515:132.97, 2:10 [5, 3245, -5]
516:62.92, 6:10 [5, 3225, 3272, 3293, -5]
517:74.10, 9:10 [5, 3137, 3087, 3309, 3159, -5]
518:181.63, 10:10 [5, 3210, 3176, 3111, 3288, 3307, 3055, -5]
521:134.72, 10:10 [5, 3074, 3268, 3144, 3246, 3133, 3251, -5]
523:116.80, 10:10 [5, 3073, 3099, 3172, 3098, -5]
526:149.97, 10:10 [5, 3261, 3284, 3057, 3228, 3171, 3173, -5]
601:125.15, 10:10 [6, 3056, 3308, 3158, 3155, 3207, -6]
602:106.51, 10:10 [6, 3201, 3204, 3296, 3165, 3169, 3301, 3126, -6]
603:113.05, 10:10 [6, 3179, 3278, 3088, 3142, 3060, 3131, -6]
604:182.50, 10:10 [6, 3147, 3065, 3223, 3090, 3259, 3271, 3079, -6]
605:105.53, 10:10 [6, 3143, 3167, 3116, 3269, 3194, -6]
606:70.46, 4:10 [6, 3217, -6]
607:76.05, 9:10 [6, 3086, 3191, 3303, 3162, 3249, -6]
608:18.87, 4:10 [6, 3221, -6]
fe: 7, se: 29

Day: 1, Time: 40
Total Cost: 173.92
 11:66.27, 3:75 [2, -5, -2]
501:107.65, 3:10 [5, 5909, -5]
fe: 1, se: 1

Day: 1, Time: 75
Total Cost: 944.69
 11:136.01, 19:75 [1, -3, -1]
 12:179.78, 18:75 [1, -3, -4, -1]
301:120.50, 6:10 [3, 5313, 5877, -3]
302:192.64, 9:10 [3, 6211, 4749, 5323, -3]
304:107.87, 4:10 [3, 4624, -3]
305:64.05, 9:10 [3, 4220, 6132, 3989, 3394, -3]
402:143.84, 9:10 [4, 4378, 4990, 4154, 4823, -4]
fe: 2, se: 5

Day: 1, Time: 95
Total Cost: 372.82
 11:136.01, 2:75 [1, -3, -1]
 12:136.01, 3:75 [1, -3, -1]
301:28.07, 2:10 [3, 4130, -3]
302:72.72, 3:10 [3, 5547, -3]
fe: 2, se: 2

Day: 1, Time: 95
Total Cost: 600.65
 11:66.27, 10:75 [2, -5, -2]
 12:66.27, 7:75 [2, -5, -2]
501:322.51, 10:10 [5, 5246, 3715, 3744, 3578, 3711, 6222, -5]
503:145.59, 7:10 [5, 3524, 3391, -5]
fe: 2, se: 2

Day: 1, Time: 125
Total Cost: 281.36
 11:66.27, 8:75 [2, -5, -2]
502:215.09, 8:10 [5, 5249, 4360, 5016, -5]
fe: 1, se: 1

Day: 1, Time: 140
Total Cost: 387.05
 11:66.27, 4:75 [2, -5, -2]
 12:145.23, 1:75 [2, -6, -2]
501:130.60, 4:10 [5, 4303, -5]
601:44.94, 1:10 [6, 3356, -6]
fe: 2, se: 2

Day: 1, Time: 145
Total Cost: 341.17
 11:136.01, 7:75 [1, -3, -1]
 12:136.01, 3:75 [1, -3, -1]
301:46.78, 7:10 [3, 5245, 5667, -3]
302:22.36, 3:10 [3, 5677, -3]
fe: 2, se: 2

Day: 1, Time: 165
Total Cost: 170.25
 11:136.01, 1:75 [1, -3, -1]
301:34.23, 1:10 [3, 3621, -3]
fe: 1, se: 1

Day: 1, Time: 230
Total Cost: 492.02
 11:66.27, 29:75 [2, -5, -2]
501:160.02, 9:10 [5, 4477, 4780, 5869, 5087, -5]
502:132.87, 10:10 [5, 5990, 3631, 5829, -5]
503:132.86, 10:10 [5, 3526, 4830, 4999, 5203, -5]
fe: 1, se: 3

Day: 1, Time: 325
Total Cost: 1048.08
 11:136.01, 48:75 [1, 3, -3, -1]
301:141.18, 10:10 [3, 35, 74, 122, 73, 77, 105, -3]
302:119.57, 2:10 [3, 4179, 5562, -3]
303:137.05, 9:10 [3, 2719, 37, 5029, 82, 67, 4573, -3]
305:111.65, 8:10 [3, 1948, 30, 68, 6192, 5448, -3]
306:142.21, 10:10 [3, 55, 6235, 27, 75, 3648, 8, -3]
307:135.08, 10:10 [3, 5818, 28, 4540, 103, 4091, 120, 5696, -3]
308:125.33, 7:10 [3, 54, 22, 5065, 3410, -3]
fe: 1, se: 7

Day: 1, Time: 340
Total Cost: 664.75
 11:66.27, 27:75 [2, -5, -2]
 12:145.23, 4:75 [2, -6, -2]
503:138.49, 7:10 [5, 4259, 3948, 5548, 4956, -5]
504:138.43, 10:10 [5, 5747, 4635, 3452, 4865, -5]
505:99.87, 10:10 [5, 3816, 4068, 3448, -5]
601:76.47, 4:10 [6, 3950, 3785, -6]
fe: 2, se: 4

Day: 1, Time: 380
Total Cost: 572.44
 11:136.01, 11:75 [1, 3, -3, -1]
301:133.88, 3:10 [3, 5916, 3522, -3]
302:26.68, 2:10 [3, 3775, -3]
303:128.72, 6:10 [3, 5344, 1279, -3]
304:147.15, 4:10 [3, 3878, -3]
fe: 1, se: 4

Day: 1, Time: 405
Total Cost: 747.77
 11:136.01, 7:75 [1, 3, -1]
 12:153.31, 15:75 [1, 4, -1]
301:86.93, 1:10 [3, 99, -3]
303:181.92, 6:10 [3, 166, 20, 98, -3]
401:85.94, 7:10 [4, 38, 201, -4]
402:56.04, 3:10 [4, 334, -4]
403:47.62, 5:10 [4, 94, 117, -4]
fe: 2, se: 5

Day: 1, Time: 410
Total Cost: 968.86
 11:66.27, 39:75 [2, 5, -5, -2]
 12:145.23, 24:75 [2, 6, -6, -2]
501:70.39, 5:10 [5, 799, 5076, 2487, 6075, -5]
502:125.03, 10:10 [5, 6015, 2357, 95, 87, -5]
503:150.63, 10:10 [5, 25, 52, 96, 89, -5]
505:121.04, 9:10 [5, 991, 2329, 1434, -5]
508:115.12, 8:10 [5, 5481, 41, 6103, 2377, -5]
601:57.39, 6:10 [6, 19, 21, -6]
602:67.43, 8:10 [6, 2123, 2687, 97, -6]
603:5.66, 4:10 [6, 93, -6]
605:44.67, 6:10 [6, 108, 34, 4695, -6]
fe: 2, se: 9

Day: 1, Time: 440
Total Cost: 263.35
 11:136.01, 4:75 [1, -3, -1]
301:127.34, 4:10 [3, 5137, 6045, -3]
fe: 1, se: 1

Day: 1, Time: 490
Total Cost: 176.28
 11:145.23, 3:75 [2, -6, -2]
601:31.05, 3:10 [6, 5103, -6]
fe: 1, se: 1

Day: 1, Time: 495
Total Cost: 409.14
 11:66.27, 10:75 [2, 5, -2]
501:82.29, 3:10 [5, 66, -5]
502:106.30, 1:10 [5, 12, -5]
503:47.20, 2:10 [5, 7, -5]
504:107.07, 4:10 [5, 100, -5]
fe: 1, se: 4

Day: 1, Time: 525
Total Cost: 107.06
 11:66.27, 2:75 [2, 5, -2]
501:40.79, 2:10 [5, 47, -5]
fe: 1, se: 1


Day	Area	ID	Time	Load	Utilization	NoOrders	AssignmentCost
1	1	 7	270	  8	0.13	 3	155.00
1	1	 8	315	 55	0.92	19	625.00
1	1	10	405	 10	0.17	 4	175.00
1	1	11	450	 10	0.14	 3	140.00
1	1	13	540	 32	0.44	11	316.00
1	1	17	720	 48	1.00	19	666.00
1	1	18	765	 48	1.00	14	666.00
1	1	19	810	 48	1.00	32	666.00
1	2	25	225	 48	0.80	22	555.00
1	2	51	300	  4	0.03	 1	230.00
1	2	27	315	 22	0.37	 9	295.00
1	2	33	585	 60	1.00	19	675.00
1	2	34	630	 27	0.45	 8	345.00
1	2	37	765	 48	1.00	14	666.00
1	2	38	810	 48	1.00	32	666.00


Day	Area	Time	Pickup	Delivery	Direct	FEVehicles	SEVehicles	ALNSTime	ALNSBestTime	RoutingCostArea
1	1	0	61	82	0	5	30	91.47	73.42	3940.12
1	1	75	14	0	0	2	5	1.27	0.00	944.69
1	1	95	2	0	1	2	2	0.30	0.00	872.82
1	1	145	3	0	0	2	2	0.38	0.00	341.17
1	1	165	1	0	1	1	1	0.19	0.00	670.25
1	1	180	0	0	1	0	0	0.00	0.00	500.00
1	1	325	14	22	0	1	7	6.83	4.79	1048.08
1	1	380	5	1	0	1	4	0.44	0.00	572.44
1	1	405	0	9	0	2	5	0.58	0.00	747.77
1	1	440	2	0	0	1	1	0.29	0.00	263.35
1	2	5	59	68	0	7	29	92.86	75.60	3751.52
1	2	40	1	0	0	1	1	0.21	0.00	173.92
1	2	95	8	0	0	2	2	0.82	0.00	600.65
1	2	125	3	0	1	1	1	0.33	0.00	781.36
1	2	140	2	0	0	2	2	0.31	0.00	387.05
1	2	230	11	0	0	1	3	0.78	0.00	492.02
1	2	340	13	0	0	2	4	0.91	0.00	664.75
1	2	410	6	22	0	2	9	2.15	0.08	968.86
1	2	490	1	0	0	1	1	0.19	0.00	176.28
1	2	495	0	4	0	1	4	0.47	0.00	409.14
1	2	525	0	1	0	1	1	0.18	0.00	107.06

Day	SL	Own	DispatchTimes	AssignmentCost	RoutingCost	TotalCost
1	14	1	21	6841.00	18413.30	25254.30

Total Cost: 25254.29834052229
Cost per Day: 25254.29834052229
Running time in Seconds: 1171.208
Running time in minutes: 19.520133333333334