INSTANCE: 2hubs_MND_A_43_x.csv
PARAMETER: sp_mnd_tight_20_120_2hubs.txt
POLICY: Stochastic Programming
ALPHA: 0.347256951115979
BETA: 22
OMEGA: 586
EPSILON: 1.0967827884131

Day: 1, Time: 5
Total Cost: 3181.18
 11:136.01, 74:75 [1, 3, -3, -1]
 12:136.01, 27:75 [1, 3, -3, -1]
 14:153.31, 42:75 [1, 4, -4, -1]
 15:153.31, 34:75 [1, 4, -4, -1]
301:149.29, 10:10 [3, 3133, 3243, 3170, 3092, 3151, -3]
302:109.29, 10:10 [3, 3255, 3118, 3291, 3070, 3161, -3]
303:109.14, 9:10 [3, 3107, 3298, 3061, 3193, 3202, 3191, 3083, -3]
304:73.53, 9:10 [3, 3314, 3196, 3132, 3234, 3099, 3312, -3]
305:132.06, 10:10 [3, 3184, 3155, 3307, 3179, 3182, 3208, -3]
306:63.35, 6:10 [3, 3225, 3192, 3270, 3051, 3244, -3]
307:31.43, 7:10 [3, 3095, 3162, 3295, 3315, -3]
308:184.08, 10:10 [3, 3050, 3055, 3209, 3123, 3159, 3273, 3280, -3]
309:172.84, 10:10 [3, 3127, 3088, 3260, 3106, 3047, 3138, 3294, 3194, -3]
310:63.52, 7:10 [3, 3104, 3239, 3084, 3301, -3]
311:18.87, 4:10 [3, 3102, -3]
312:130.88, 7:10 [3, 3075, 3236, 3313, 3276, 3081, -3]
313:81.00, 10:10 [3, 3285, 3222, 3242, 3117, -3]
314:181.61, 10:10 [3, 3229, 3183, 3086, 3054, 3271, 3228, -3]
402:191.39, 9:10 [4, 3109, 3067, 3076, 3263, 3136, 3304, 3250, 3296, -4]
403:106.64, 10:10 [4, 3097, 3188, 3245, 3187, -4]
404:105.04, 9:10 [4, 3254, 3174, 3211, 3082, -4]
405:81.40, 10:10 [4, 3219, 3217, 3178, 3251, 3077, 3197, 3195, -4]
406:86.91, 10:10 [4, 3274, 3253, 3310, 3148, -4]
408:87.71, 10:10 [4, 3200, 3185, 3121, 3113, 3297, 3207, 3190, -4]
410:88.30, 10:10 [4, 3166, 3064, 3169, 3126, -4]
411:152.45, 10:10 [4, 3053, 3275, 3059, 3074, 3063, 3300, -4]
412:109.65, 10:10 [4, 3152, 3288, 3160, 3277, 3071, 3098, 3204, 3154, -4]
413:92.18, 8:10 [4, 3257, 3279, 3223, 3278, -4]
fe: 4, se: 24

Day: 1, Time: 10
Total Cost: 3375.74
 11:66.27, 66:75 [2, 5, -5, -2]
 12:66.27, 28:75 [2, 5, -5, -2]
 13:145.23, 72:75 [2, 6, -6, -2]
 14:66.27, 22:75 [2, 5, -5, -2]
 21:66.27, 8:75 [2, 5, -5, -2]
 25:66.27, 10:75 [2, 5, -5, -2]
 40:145.23, 33:75 [2, 6, -6, -2]
501:145.79, 9:10 [5, 3137, 3052, 3237, 3230, 3100, 3256, 3290, -5]
502:83.87, 8:10 [5, 3111, 3226, 3299, 3233, -5]
503:126.07, 10:10 [5, 3265, 3119, 3287, 3283, 3309, 3073, 3305, 3308, -5]
504:118.06, 10:10 [5, 3163, 3129, 3128, 3140, 3134, 3198, 3266, -5]
505:98.45, 10:10 [5, 3122, 3143, 3240, 3108, -5]
506:118.70, 10:10 [5, 3232, 3259, 3065, 3221, 3168, 3224, 3210, -5]
507:85.60, 9:10 [5, 3139, 3130, 3181, -5]
508:126.13, 2:10 [5, 3252, -5]
509:51.75, 10:10 [5, 3089, 3177, 3282, 3264, 3180, -5]
510:77.23, 8:10 [5, 3090, 3068, 3062, -5]
511:73.09, 9:10 [5, 3206, 3216, 3165, 3085, -5]
512:75.37, 10:10 [5, 3231, 3103, 3091, 3269, 3096, 3311, -5]
513:101.17, 10:10 [5, 3120, 5487, 3114, 3248, 3048, 3115, 3268, 3125, -5]
514:54.56, 7:10 [5, 3218, 3247, -5]
515:97.95, 8:10 [5, 3267, 3281, 3262, 3205, -5]
519:136.56, 10:10 [5, 3292, 3220, 3049, 3094, 3058, 3131, 3116, 3213, 3057, -5]
520:92.79, 6:10 [5, 3238, 3080, 3303, 3261, 3289, -5]
521:53.88, 8:10 [5, 3135, 3199, 3212, -5]
601:7.21, 1:10 [6, 3149, -6]
602:171.29, 9:10 [6, 3079, 3214, 3150, 3227, 3176, -6]
603:66.90, 10:10 [6, 3078, 3286, 3087, 3186, -6]
604:18.56, 7:10 [6, 3173, 3066, 3306, 3241, -6]
605:86.38, 10:10 [6, 3101, 3147, 3105, 3142, -6]
606:31.71, 9:10 [6, 3158, 3201, 3215, 3156, -6]
607:50.31, 8:10 [6, 3060, 3249, 3164, -6]
608:61.29, 9:10 [6, 3171, 3093, 3145, -6]
609:101.00, 10:10 [6, 3203, 3284, 3175, 3189, -6]
611:67.91, 8:10 [6, 3110, 3258, 3069, -6]
612:40.30, 5:10 [6, 3246, 3302, -6]
613:60.47, 10:10 [6, 3235, 3272, 3056, 3141, -6]
615:40.08, 9:10 [6, 3172, 3124, 3072, -6]
616:123.05, 9:10 [6, 3167, 3157, 3112, -6]
617:110.46, 10:10 [6, 3153, 3293, 3144, 3146, -6]
fe: 7, se: 33

Day: 1, Time: 55
Total Cost: 897.76
 11:136.01, 2:75 [1, -3, -1]
 12:153.31, 5:75 [1, -4, -1]
 14:136.01, 9:75 [1, -3, -1]
301:142.93, 2:10 [3, 4599, 4577, -3]
302:75.07, 2:10 [3, 4540, -3]
303:75.95, 7:10 [3, 3485, 4999, -3]
401:178.46, 5:10 [4, 6207, 5936, -4]
fe: 3, se: 4

Day: 1, Time: 60
Total Cost: 618.57
 11:66.27, 16:75 [2, -5, -2]
 12:66.27, 5:75 [2, -5, -2]
 13:66.27, 3:75 [2, -5, -2]
501:159.49, 10:10 [5, 6015, 4505, 6135, -5]
502:53.66, 6:10 [5, 5001, 4948, -5]
503:79.62, 3:10 [5, 3673, -5]
505:126.98, 5:10 [5, 4106, 4957, -5]
fe: 3, se: 4

Day: 1, Time: 80
Total Cost: 252.26
 11:66.27, 1:75 [2, -5, -2]
 12:66.27, 1:75 [2, -5, -2]
501:98.08, 1:10 [5, 5748, -5]
502:21.63, 1:10 [5, 6218, -5]
fe: 2, se: 2

Day: 1, Time: 90
Total Cost: 204.04
 11:66.27, 1:75 [2, -5, -2]
501:137.77, 1:10 [5, 6159, -5]
fe: 1, se: 1

Day: 1, Time: 130
Total Cost: 709.35
 11:66.27, 8:75 [2, -5, -2]
 12:66.27, 2:75 [2, -5, -2]
 13:145.23, 2:75 [2, -6, -2]
501:128.83, 6:10 [5, 3400, 5808, 4691, -5]
502:96.83, 2:10 [5, 5218, -5]
503:151.33, 2:10 [5, 4016, -5]
601:54.59, 2:10 [6, 6221, -6]
fe: 3, se: 4

Day: 1, Time: 145
Total Cost: 484.34
 11:136.01, 3:75 [1, -3, -1]
 12:136.01, 12:75 [1, -3, -1]
301:27.20, 3:10 [3, 6136, -3]
302:32.56, 2:10 [3, 5656, -3]
303:152.55, 10:10 [3, 6215, 5758, 5623, -3]
fe: 2, se: 3

Day: 1, Time: 145
Total Cost: 478.62
 11:66.27, 6:75 [2, -5, -2]
 12:66.27, 5:75 [2, -5, -2]
501:69.86, 2:10 [5, 6210, -5]
502:193.54, 5:10 [5, 6066, 4544, -5]
503:82.68, 4:10 [5, 3762, -5]
fe: 2, se: 3

Day: 1, Time: 150
Total Cost: 239.12
 11:66.27, 7:75 [2, -5, -2]
501:91.21, 4:10 [5, 5471, -5]
502:81.63, 3:10 [5, 5636, -5]
fe: 1, se: 2

Day: 1, Time: 340
Total Cost: 878.91
 11:66.27, 54:75 [2, -5, -2]
501:169.05, 10:10 [5, 4292, 3867, 5786, 5629, -5]
502:100.05, 7:10 [5, 4157, 4973, -5]
503:150.90, 8:10 [5, 4666, 4789, 5997, -5]
504:147.58, 10:10 [5, 3573, 4075, 3951, 4863, 4206, -5]
505:95.27, 10:10 [5, 5062, 4357, 3768, 4564, -5]
507:149.79, 9:10 [5, 5052, 4702, 6115, 3964, 5536, -5]
fe: 1, se: 6

Day: 1, Time: 355
Total Cost: 1054.87
 11:136.01, 17:75 [1, 3, -3, -1]
 12:153.31, 23:75 [1, 4, -4, -1]
301:135.38, 7:10 [3, 6113, 3814, 113, 48, -3]
302:29.12, 4:10 [3, 3836, -3]
303:47.20, 3:10 [3, 43, -3]
304:101.83, 8:10 [3, 5238, 4193, 3849, -3]
401:50.12, 4:10 [4, 22, -4]
402:104.46, 8:10 [4, 72, 3461, 3671, 3991, 36, 5501, 4170, -4]
405:170.67, 10:10 [4, 109, 483, 5185, 62, 91, -4]
406:73.09, 10:10 [4, 5743, 15, 71, 4099, 99, 4968, -4]
407:53.67, 2:10 [4, 3538, -4]
fe: 2, se: 9

Day: 1, Time: 365
Total Cost: 601.47
 11:136.01, 14:75 [1, 3, -3, -1]
301:86.81, 4:10 [3, 3031, 2028, -3]
302:159.13, 6:10 [3, 119, 5849, 829, 3020, -3]
303:70.94, 1:10 [3, 4732, -3]
305:148.58, 4:10 [3, 3028, 56, 47, -3]
fe: 1, se: 4

Day: 1, Time: 405
Total Cost: 789.38
 11:136.01, 6:75 [1, 3, -3, -1]
 12:153.31, 19:75 [1, 4, -4, -1]
301:44.18, 1:10 [3, 5612, -3]
302:92.47, 6:10 [3, 112, 2446, -3]
401:110.83, 10:10 [4, 75, 572, 58, -4]
402:115.65, 9:10 [4, 2969, 78, 1767, -4]
404:136.92, 8:10 [4, 5982, 4605, -4]
fe: 2, se: 5

Day: 1, Time: 420
Total Cost: 909.58
 11:66.27, 39:75 [2, 5, -5, -2]
501:121.56, 10:10 [5, 4519, 3968, 5209, -5]
503:135.40, 10:10 [5, 84, 4372, 61, 1350, 1387, -5]
504:108.45, 8:10 [5, 4387, 5595, 4784, -5]
505:110.48, 8:10 [5, 4750, 7, 29, 107, -5]
506:138.05, 10:10 [5, 2946, 5222, 295, 63, -5]
508:146.46, 8:10 [5, 3635, 27, 4279, 5386, 1409, -5]
509:82.91, 8:10 [5, 4188, 4937, 33, 120, 3658, 89, -5]
fe: 1, se: 7

Day: 1, Time: 445
Total Cost: 254.98
 11:136.01, 3:75 [1, -3, -1]
301:118.96, 3:10 [3, 5340, -3]
fe: 1, se: 1

Day: 1, Time: 450
Total Cost: 271.74
 11:66.27, 19:75 [2, 5, -2]
501:102.53, 9:10 [5, 44, 95, 105, -5]
502:102.94, 10:10 [5, 124, 123, 52, 86, -5]
fe: 1, se: 2


Day	Area	ID	Time	Load	Utilization	NoOrders	AssignmentCost
1	1	 8	315	 32	0.53	15	395.00
1	1	 9	360	 19	0.32	 7	265.00
1	1	13	540	 21	0.29	 7	228.00
1	1	15	630	 59	0.98	20	665.00
1	1	18	765	 41	0.85	13	582.00
1	1	19	810	 48	1.00	29	666.00
1	2	25	225	 28	0.47	13	355.00
1	2	51	300	 14	0.12	 8	430.00
1	2	27	315	 25	0.42	 8	325.00
1	2	33	585	 37	0.62	12	445.00
1	2	34	630	 60	1.00	19	675.00
1	2	36	720	 44	0.92	14	618.00
1	2	37	765	 48	1.00	14	666.00
1	2	38	810	 48	1.00	37	666.00


Day	Area	Time	Pickup	Delivery	Direct	FEVehicles	SEVehicles	ALNSTime	ALNSBestTime	RoutingCostArea
1	1	5	57	72	0	4	24	48.71	18.90	3181.18
1	1	55	7	0	0	3	4	1.18	0.37	897.76
1	1	145	5	0	0	2	3	0.47	0.00	484.34
1	1	355	16	13	0	2	9	2.96	0.00	1054.87
1	1	365	2	8	0	1	4	0.86	0.00	601.47
1	1	405	3	8	0	2	5	1.05	0.00	789.38
1	1	445	1	0	0	1	1	0.20	0.00	254.98
1	2	10	63	78	0	7	33	76.63	37.30	3375.74
1	2	60	8	0	0	3	4	0.77	0.00	618.57
1	2	80	2	0	1	2	2	0.33	0.00	752.26
1	2	90	1	0	0	1	1	0.20	0.00	204.04
1	2	130	6	0	0	3	4	0.55	0.00	709.35
1	2	145	4	0	0	2	3	0.57	0.00	478.62
1	2	150	2	0	0	1	2	0.29	0.00	239.12
1	2	340	23	0	0	1	6	1.84	1.03	878.91
1	2	420	15	15	0	1	7	3.14	0.26	909.58
1	2	450	0	7	0	1	2	0.41	0.00	271.74

Day	SL	Own	DispatchTimes	AssignmentCost	RoutingCost	TotalCost
1	13	1	17	6981.00	15701.90	22682.90

Total Cost: 22682.904139289112
Cost per Day: 22682.904139289112
Running time in Seconds: 764.685
Running time in minutes: 12.74475