INSTANCE: 2hubs_MND_A_7_x.csv
PARAMETER: sp_mnd_tight_20_120_2hubs.txt
POLICY: Stochastic Programming
ALPHA: 0.347256951115979
BETA: 22
OMEGA: 586
EPSILON: 1.0967827884131

Day: 1, Time: 0
Total Cost: 4415.77
 11:136.01, 74:75 [1, 3, -3, -1]
 12:136.01, 58:75 [1, 3, -3, -1]
 14:153.31, 63:75 [1, 4, -4, -1]
 15:153.31, 27:75 [1, 4, -4, -1]
 19:153.31, 8:75 [1, 4, -4, -1]
 23:136.01, 14:75 [1, 3, -3, -1]
301:54.68, 9:10 [3, 3132, 3238, 3234, 3170, 3118, -3]
302:147.15, 4:10 [3, 3207, -3]
303:192.20, 10:10 [3, 3113, 3073, 3265, 3247, 3194, 3089, 3285, 3239, -3]
304:169.02, 10:10 [3, 3078, 3128, 3308, 3180, 3119, 3104, -3]
305:84.25, 7:10 [3, 3192, 3190, 3100, 3291, -3]
306:86.58, 10:10 [3, 3282, 3130, 3216, 3185, -3]
307:114.19, 9:10 [3, 3074, 3133, 3315, 3152, 3277, -3]
308:50.73, 7:10 [3, 3126, 3215, 3127, 3314, -3]
309:108.14, 10:10 [3, 3300, 3202, 3083, 3293, 3114, -3]
310:153.59, 10:10 [3, 3097, 3261, 3262, 3290, 3177, 3055, 3221, -3]
311:187.93, 9:10 [3, 3084, 3088, 3235, 3096, -3]
312:75.48, 10:10 [3, 3049, 3187, 3099, -3]
313:196.12, 10:10 [3, 3054, 3292, 3075, 3183, 3251, 3307, -3]
314:116.29, 10:10 [3, 3124, 3135, 3142, 3109, 3281, 3249, -3]
315:14.56, 3:10 [3, 3069, -3]
316:153.20, 10:10 [3, 3189, 3106, 3139, 3219, 3134, -3]
317:109.63, 10:10 [3, 3264, 3120, 3246, 3210, 3287, -3]
318:108.71, 8:10 [3, 3079, 3153, 3072, 3184, 3267, 3294, -3]
319:116.13, 10:10 [3, 3102, 3131, 3048, -3]
401:124.79, 3:10 [4, 3275, -4]
402:158.70, 10:10 [4, 3172, 3258, 3167, 3086, -4]
403:8.94, 4:10 [4, 3071, -4]
404:44.61, 8:10 [4, 3255, 3205, -4]
405:190.72, 10:10 [4, 3094, 3279, 3157, 3095, 3116, 3203, -4]
406:53.90, 7:10 [4, 3155, 3229, 3286, -4]
408:32.98, 9:10 [4, 3232, 3064, 3173, -4]
409:101.34, 9:10 [4, 3259, 3123, 3252, 3145, 3206, -4]
412:68.43, 9:10 [4, 3107, 3280, 3303, 3299, -4]
413:100.13, 10:10 [4, 3115, 3289, 3197, 3151, 3175, 3129, -4]
414:168.97, 10:10 [4, 3105, 3051, 3150, -4]
416:88.75, 10:10 [4, 3060, 3143, 3081, 3186, 3245, 3306, -4]
417:166.98, 10:10 [4, 3198, 3161, 3254, 3164, 3140, -4]
fe: 6, se: 32

Day: 1, Time: 5
Total Cost: 3257.08
 11:66.27, 75:75 [2, 5, -5, -2]
 12:66.27, 43:75 [2, 5, -5, -2]
 13:145.23, 72:75 [2, 6, -6, -2]
 15:145.23, 10:75 [2, -6, -2]
 18:66.27, 11:75 [2, 5, -5, -2]
501:132.38, 4:10 [5, 3223, -5]
502:35.59, 10:10 [5, 3243, 3085, 3296, 3266, -5]
503:97.52, 6:10 [5, 3103, 3313, 3070, 3199, -5]
504:95.35, 8:10 [5, 3269, 3227, 3274, -5]
505:91.78, 10:10 [5, 3201, 3093, 3080, 3256, 3188, -5]
506:96.00, 9:10 [5, 3233, 3110, 3171, 3196, -5]
507:130.13, 10:10 [5, 3176, 3179, 3191, 3208, 3311, 3211, 3230, -5]
508:58.42, 7:10 [5, 3108, 3059, -5]
509:87.80, 10:10 [5, 3082, 3297, 3244, 3248, -5]
510:115.13, 1:10 [5, 3218, -5]
511:101.36, 4:10 [5, 3159, 3250, 3231, -5]
512:172.07, 10:10 [5, 3236, 3272, 3053, 3122, 3222, 3178, 3253, -5]
513:160.15, 10:10 [5, 3288, 3125, 3076, 3117, 3156, 3302, 3214, 3271, -5]
514:68.74, 10:10 [5, 3066, 3226, 3050, 3165, 3087, -5]
515:65.28, 7:10 [5, 3241, 3061, 3228, -5]
516:72.94, 10:10 [5, 3056, 3090, 3163, -5]
517:82.87, 8:10 [5, 3137, 3111, 3062, 3263, -5]
518:105.91, 6:10 [5, 3309, 3169, 3304, -5]
520:142.87, 10:10 [5, 3166, 3209, 3092, 3112, 3224, 3181, 3298, 3213, -5]
601:38.83, 10:10 [6, 3098, 3047, 3149, 3136, 3273, 3204, -6]
602:33.14, 3:10 [6, 3257, 3295, -6]
603:63.67, 10:10 [6, 3154, 3147, 3162, 3148, 3067, -6]
604:65.52, 9:10 [6, 3174, 3270, 3312, 3217, -6]
605:81.18, 10:10 [6, 3144, 3237, 3242, 3168, -6]
606:123.75, 10:10 [6, 3146, 3121, 3212, 3138, 3057, 3200, -6]
607:132.58, 10:10 [6, 3077, 3278, 3195, 3220, 3182, 3305, 3091, -6]
608:91.01, 9:10 [6, 3158, 3058, 3240, 3052, 3193, -6]
609:64.37, 10:10 [6, 3310, 3065, 3268, 3160, 3063, -6]
610:103.54, 10:10 [6, 3068, 3225, 3284, 3141, 3101, 3276, 3301, -6]
611:57.93, 7:10 [6, 3283, 3260, -6]
fe: 5, se: 30

Day: 1, Time: 80
Total Cost: 486.17
 11:66.27, 13:75 [2, -5, -2]
 12:66.27, 1:75 [2, -5, -2]
501:83.00, 4:10 [5, 5075, 5582, -5]
502:215.31, 9:10 [5, 5695, 5664, 5662, -5]
503:55.32, 1:10 [5, 5281, -5]
fe: 2, se: 3

Day: 1, Time: 85
Total Cost: 906.27
 11:136.01, 12:75 [1, -3, -1]
 12:136.01, 18:75 [1, -3, -1]
301:108.41, 3:10 [3, 3723, -3]
302:89.41, 5:10 [3, 4741, 3775, -3]
304:138.49, 10:10 [3, 4572, 5120, 4765, -3]
305:74.89, 4:10 [3, 4514, -3]
306:223.04, 8:10 [3, 5669, 5175, 5172, 5931, -3]
fe: 2, se: 5

Day: 1, Time: 110
Total Cost: 229.47
 11:153.31, 2:75 [1, -4, -1]
401:76.16, 2:10 [4, 4921, -4]
fe: 1, se: 1

Day: 1, Time: 115
Total Cost: 226.74
 11:153.31, 3:75 [1, -4, -1]
401:73.43, 3:10 [4, 4676, -4]
fe: 1, se: 1

Day: 1, Time: 145
Total Cost: 483.80
 11:66.27, 18:75 [2, -5, -2]
 12:66.27, 3:75 [2, -5, -2]
501:138.59, 9:10 [5, 3667, 5038, 5166, -5]
502:130.59, 9:10 [5, 3618, 3368, 3580, -5]
503:82.07, 3:10 [5, 3526, -5]
fe: 2, se: 3

Day: 1, Time: 190
Total Cost: 767.15
 11:136.01, 38:75 [1, -3, -1]
301:143.25, 8:10 [3, 3957, 4791, -3]
302:153.13, 10:10 [3, 3671, 5580, 4636, 4840, -3]
303:207.52, 10:10 [3, 4815, 5329, 5233, 3909, -3]
304:127.24, 10:10 [3, 3934, 4470, 3647, -3]
fe: 1, se: 4

Day: 1, Time: 225
Total Cost: 212.84
 11:66.27, 7:75 [2, -5, -2]
501:57.58, 3:10 [5, 5748, -5]
502:88.98, 4:10 [5, 4280, 5130, -5]
fe: 1, se: 2

Day: 1, Time: 350
Total Cost: 1299.46
 11:136.01, 36:75 [1, 3, -3, -1]
 12:153.31, 24:75 [1, 4, -4, -1]
301:130.66, 10:10 [3, 53, 5644, 67, 119, 51, 4134, -3]
302:129.06, 10:10 [3, 54, 79, 4934, 5509, 60, 3433, -3]
303:127.32, 7:10 [3, 123, 3546, 3938, -3]
305:157.08, 10:10 [3, 107, 4577, 93, 3825, 4285, 4899, 28, -3]
306:41.76, 6:10 [3, 5804, 4190, -3]
401:134.62, 10:10 [4, 3553, 84, 2091, 4960, 41, 105, -4]
403:103.60, 10:10 [4, 5318, 5355, 3803, 4687, -4]
404:92.93, 8:10 [4, 58, 3990, 33, 5268, -4]
405:93.10, 9:10 [4, 37, 76, 106, 3985, -4]
fe: 2, se: 9

Day: 1, Time: 350
Total Cost: 615.80
 11:66.27, 15:75 [2, -5, -2]
 12:145.23, 10:75 [2, -6, -2]
502:136.38, 8:10 [5, 3384, 4533, 5729, 5752, 5831, -5]
505:141.54, 7:10 [5, 5520, 3794, 4415, -5]
602:126.38, 10:10 [6, 3377, 4361, 5209, 3352, -6]
fe: 2, se: 3

Day: 1, Time: 405
Total Cost: 1052.63
 12:145.23, 28:75 [2, 6, -6, -2]
 13:66.27, 25:75 [2, 5, -5, -2]
501:58.14, 3:10 [5, 5031, -5]
502:150.62, 8:10 [5, 69, 17, -5]
503:135.41, 10:10 [5, 1731, 1324, 20, -5]
504:81.91, 8:10 [5, 3912, 39, -5]
505:103.34, 3:10 [5, 16, 6019, -5]
601:73.21, 10:10 [6, 90, 15, 1551, -6]
602:60.04, 5:10 [6, 5269, 585, -6]
603:85.86, 9:10 [6, 533, 4487, 65, 74, -6]
605:92.61, 7:10 [6, 62, 85, 1486, -6]
fe: 2, se: 9

Day: 1, Time: 455
Total Cost: 866.56
 11:136.01, 7:75 [1, -3, -1]
 12:153.31, 20:75 [1, 4, -4, -1]
301:78.09, 5:10 [3, 5182, 3471, -3]
302:104.31, 1:10 [3, 4001, -3]
303:83.55, 1:10 [3, 5389, -3]
401:66.12, 10:10 [4, 4702, 3853, 5982, -4]
402:89.63, 4:10 [4, 6196, 5114, -4]
403:53.25, 3:10 [4, 336, -4]
404:102.30, 6:10 [4, 4645, 4350, -4]
fe: 2, se: 7

Day: 1, Time: 495
Total Cost: 288.65
 11:66.27, 9:75 [2, 5, -2]
501:50.16, 2:10 [5, 57, -5]
502:96.02, 4:10 [5, 26, -5]
503:76.20, 3:10 [5, 72, 102, -5]
fe: 1, se: 3


Day	Area	ID	Time	Load	Utilization	NoOrders	AssignmentCost
1	1	 8	315	 53	0.88	17	605.00
1	1	10	405	  9	0.15	 4	165.00
1	1	12	495	  7	0.10	 2	116.00
1	1	15	630	 60	1.00	20	675.00
1	1	16	675	 38	0.79	14	546.00
1	1	17	720	 42	0.88	13	594.00
1	1	18	765	 47	0.98	15	654.00
1	1	19	810	 48	1.00	30	666.00
1	2	25	225	 53	0.88	20	605.00
1	2	27	315	  3	0.05	 1	105.00
1	2	33	585	 29	0.48	 9	365.00
1	2	34	630	 60	1.00	17	675.00
1	2	37	765	 47	0.98	15	654.00
1	2	38	810	 48	1.00	34	666.00


Day	Area	Time	Pickup	Delivery	Direct	FEVehicles	SEVehicles	ALNSTime	ALNSBestTime	RoutingCostArea
1	1	0	56	81	0	6	32	100.95	82.70	4415.77
1	1	85	11	0	0	2	5	1.02	0.00	906.27
1	1	110	1	0	0	1	1	0.25	0.00	229.47
1	1	115	1	0	0	1	1	0.20	0.00	226.74
1	1	190	13	0	0	1	4	1.10	0.00	767.15
1	1	350	22	20	0	2	9	5.54	3.06	1299.46
1	1	455	11	1	0	2	7	1.54	0.00	866.56
1	2	5	63	69	0	5	30	138.74	112.86	3257.08
1	2	80	6	0	0	2	3	0.51	0.00	486.17
1	2	145	7	0	0	2	3	0.54	0.00	483.80
1	2	225	3	0	0	1	2	0.42	0.00	212.84
1	2	350	12	0	0	2	3	0.99	0.00	615.80
1	2	405	5	17	0	2	9	2.58	0.73	1052.63
1	2	495	0	4	0	1	3	0.32	0.00	288.65

Day	SL	Own	DispatchTimes	AssignmentCost	RoutingCost	TotalCost
1	14	0	14	7091.00	15108.38	22199.38

Total Cost: 22199.384757860204
Cost per Day: 22199.384757860204
Running time in Seconds: 877.856
Running time in minutes: 14.630933333333333