INSTANCE: 4hubs_MND_A_25_x.csv
PARAMETER: ldp_loose.txt
POLICY: LATEST DEPARTURE
ALPHA: 0.0
BETA: 66
OMEGA: 586
EPSILON: 1.0

Day: 1, Time: 0
Total Cost: 10022.28
 11:136.01, 75:75 [1, 5, -5, -1]
 12:136.01, 73:75 [1, 5, -5, -1]
 13:136.01, 75:75 [1, 5, -5, -1]
 14:136.01, 75:75 [1, 5, -5, -1]
 15:136.01, 30:75 [1, 5, -5, -1]
 16:153.31, 63:75 [1, 6, -6, -1]
 17:153.31, 22:75 [1, 6, -6, -1]
 18:153.31, 75:75 [1, 6, -6, -1]
 19:153.31, 21:75 [1, 6, -6, -1]
 27:153.31, 10:75 [1, 6, -1]
 30:136.01, 9:75 [1, 5, -1]
 41:136.01, 14:75 [1, 5, -5, -1]
 43:153.31, 28:75 [1, 6, -6, -1]
 46:136.01, 10:75 [1, 5, -1]
 48:136.01, 10:75 [1, 5, -5, -1]
501:59.80, 9:10 [5, 17788, 16902, 16885, 16581, 16914, 17706, -5]
503:75.10, 10:10 [5, 16807, 17404, 17525, 17037, 16796, -5]
504:118.25, 10:10 [5, 17825, 17634, 16866, 17826, 16729, 17360, -5]
505:194.85, 10:10 [5, 16465, 17412, 16672, 17108, 17627, 17660, 17293, 17396, -5]
506:36.56, 7:10 [5, 17633, 17682, 16687, -5]
507:138.08, 10:10 [5, 16642, 17673, 16744, 16560, 17049, 17479, 17733, -5]
508:110.00, 10:10 [5, 17233, 17181, 17234, 17708, 17403, -5]
509:116.05, 10:10 [5, 17224, 16455, 17278, 16524, -5]
510:86.88, 9:10 [5, 16782, 16900, 17050, 17686, 16406, 17440, -5]
511:148.89, 10:10 [5, 17816, 16979, 16882, 17155, 16810, 17808, -5]
512:86.77, 9:10 [5, 17756, 17461, 16702, 17433, -5]
513:183.90, 2:10 [5, 16446, 17614, -5]
514:151.89, 10:10 [5, 16408, 17737, 17182, 16938, 16484, 17544, 17549, -5]
515:140.09, 7:10 [5, 17167, 17842, 17809, 16622, 17506, 17546, -5]
516:60.62, 9:10 [5, 17281, 16437, 17092, 17743, -5]
517:65.73, 10:10 [5, 16925, 17241, 17487, 17526, 17172, -5]
518:74.01, 10:10 [5, 16850, 17523, 16867, 16746, 17625, 17813, 16722, -5]
519:79.12, 10:10 [5, 16812, 17376, 17025, 16587, 17369, -5]
520:41.42, 7:10 [5, 16905, 17426, 17097, -5]
521:50.42, 10:10 [5, 16611, 16394, 16983, 16679, -5]
522:167.28, 10:10 [5, 17557, 17389, 16505, 17468, 17193, -5]
523:89.89, 10:10 [5, 16650, 17084, 17226, 17784, 17804, 17334, 16441, -5]
524:67.47, 8:10 [5, 17446, 17072, 17187, -5]
525:106.60, 10:10 [5, 16727, 17471, 16962, 16947, 16609, -5]
526:134.44, 10:10 [5, 16598, 16511, 17648, 16763, 17036, 17346, 16564, -5]
527:156.16, 10:10 [5, 16517, 16659, 16678, 17791, 17073, 17586, 17395, -5]
528:72.23, 9:10 [5, 17312, 17261, 17766, 17454, -5]
529:136.23, 10:10 [5, 16779, 17691, 17075, 17042, -5]
530:19.79, 8:10 [5, 17294, 16466, -5]
531:106.45, 9:10 [5, 16402, 16607, 17726, 17467, 16804, 17474, 17169, -5]
532:57.35, 10:10 [5, 17763, 17363, 17319, 16653, 17783, -5]
533:77.61, 9:10 [5, 16594, 16761, 17711, 17697, 17112, 16649, -5]
534:145.60, 10:10 [5, 16817, 17558, 16961, 16381, 16907, -5]
535:102.42, 10:10 [5, 17541, 16918, 17736, 17503, 16899, 17302, -5]
537:104.58, 10:10 [5, 16845, 17752, 16693, 17177, -5]
538:108.49, 10:10 [5, 17707, 16651, 16401, 16830, -5]
539:155.77, 10:10 [5, 16771, 16561, 17789, 17230, 17001, 17645, -5]
540:99.21, 10:10 [5, 16785, 17436, 17131, 17547, 16376, 17289, -5]
541:66.22, 10:10 [5, 16929, 17145, 16926, 16580, -5]
542:109.07, 10:10 [5, 16654, 17149, 16784, 17604, -5]
543:76.71, 10:10 [5, 17383, 16769, 17484, 17038, -5]
544:138.74, 10:10 [5, 17427, 17350, 17136, 17218, 17587, 16382, 16691, -5]
546:115.77, 10:10 [5, 17034, 17292, 17074, 16641, 16870, 17821, 16604, -5]
548:77.30, 9:10 [5, 17015, 17263, 17046, 17822, 16574, 16841, -5]
552:59.42, 10:10 [5, 16756, 16585, 17452, 17663, 17652, 16624, 17589, -5]
554:158.88, 10:10 [5, 16671, 16711, 16695, 17417, 17142, 16768, -5]
555:137.76, 10:10 [5, 16724, 17058, 17303, 16755, 17575, 17096, 17536, 16811, -5]
558:99.47, 10:10 [5, 16855, 17162, 17252, 16915, 16908, -5]
601:201.90, 10:10 [6, 17366, 17729, 16661, 16648, -6]
602:60.60, 6:10 [6, 17491, 16425, -6]
603:134.78, 10:10 [6, 17499, 16509, 17405, 17150, 17088, 17844, 17473, -6]
604:41.84, 5:10 [6, 17548, 17676, -6]
605:12.65, 4:10 [6, 16937, -6]
606:55.74, 8:10 [6, 16412, 17539, 17779, 17680, -6]
607:152.13, 10:10 [6, 17215, 16512, 16569, 16419, -6]
608:32.75, 10:10 [6, 17738, 17236, 16393, 17581, -6]
609:77.44, 10:10 [6, 16714, 17799, 17505, 16973, 17340, 17357, -6]
610:170.95, 10:10 [6, 16442, 16752, 17444, 17039, 16860, 16933, 16826, -6]
611:71.59, 10:10 [6, 17250, 16686, 16781, -6]
612:113.89, 5:10 [6, 17815, 16528, 17209, -6]
613:92.61, 10:10 [6, 17626, 17005, 17582, 17251, 17090, 16704, 17320, -6]
614:71.97, 9:10 [6, 17295, 17599, 17542, -6]
615:159.25, 10:10 [6, 16468, 16495, 17268, 16676, 17753, -6]
616:113.38, 10:10 [6, 16832, 16432, 17203, 17520, 17014, 16423, 17282, -6]
617:79.49, 10:10 [6, 16636, 16375, 17006, 17748, 17422, 17595, -6]
618:98.10, 10:10 [6, 17165, 17552, 17318, 16525, 17255, -6]
619:106.56, 10:10 [6, 17447, 16436, 17388, 16787, -6]
620:71.84, 9:10 [6, 17681, 17300, 16526, 17600, -6]
621:47.03, 10:10 [6, 17228, 17531, 17761, -6]
622:32.88, 9:10 [6, 17793, 17009, 17004, -6]
623:46.72, 9:10 [6, 17333, 17742, 16944, 17718, -6]
625:160.10, 10:10 [6, 16429, 17055, 16541, 16954, 16456, -6]
626:136.99, 9:10 [6, 17188, 17115, 16921, 17667, 17276, 17798, -6]
628:78.23, 9:10 [6, 16534, 17137, 16378, 16849, 17305, 17522, -6]
630:64.96, 10:10 [6, 17528, 16577, 17585, 17685, -6]
631:155.33, 2:10 [6, 17208, -6]
636:106.25, 9:10 [6, 17146, 17416, 16502, 16591, -6]
639:164.98, 10:10 [6, 16978, 17712, 17029, 17118, 17430, 16482, 17777, 16743, -6]
fe: 15, se: 78

Day: 1, Time: 0
Total Cost: 7073.87
 11:66.27, 73:75 [2, 7, -7, -2]
 12:66.27, 71:75 [2, 7, -7, -2]
 13:66.27, 62:75 [2, 7, -7, -2]
 14:66.27, 26:75 [2, 7, -7, -2]
 16:66.27, 28:75 [2, 7, -7, -2]
 17:66.27, 34:75 [2, 7, -7, -2]
 19:145.23, 75:75 [2, 8, -8, -2]
 20:145.23, 66:75 [2, 8, -8, -2]
 21:66.27, 10:75 [2, 7, -2]
 22:145.23, 15:75 [2, 8, -8, -2]
 23:66.27, 10:75 [2, 7, -7, -2]
 25:145.23, 28:75 [2, 8, -8, -2]
 26:66.27, 10:75 [2, 7, -2]
 37:66.27, 10:75 [2, 7, -2]
701:59.80, 8:10 [7, 17550, 16522, -7]
702:62.40, 9:10 [7, 17689, 17693, 16431, -7]
703:122.17, 10:10 [7, 17642, 17147, 17246, 16985, 17606, -7]
704:120.18, 10:10 [7, 16550, 17372, 17774, 17513, 16449, -7]
705:82.49, 9:10 [7, 16809, 17568, 16738, 16463, -7]
706:163.78, 9:10 [7, 16670, 17285, 16474, 17386, 16762, 17244, 17745, -7]
707:65.71, 10:10 [7, 17751, 16988, 16400, 17007, -7]
708:173.61, 10:10 [7, 16972, 16599, 17284, 17339, 16815, 16823, 17607, 16824, -7]
709:143.20, 10:10 [7, 16688, 17324, 16836, 17306, 17128, 17466, 17517, -7]
710:151.73, 10:10 [7, 16493, 17056, 17448, 16657, 16427, 16957, 17563, 16927, -7]
711:57.87, 9:10 [7, 16665, 17173, 16750, 16730, -7]
712:27.84, 9:10 [7, 16801, 16713, 16996, 16639, -7]
713:62.26, 10:10 [7, 17347, 17196, 17493, 17602, -7]
714:48.66, 8:10 [7, 16872, 16588, -7]
715:101.90, 10:10 [7, 17044, 16630, 16829, 17744, 17679, 17792, 17834, -7]
716:49.33, 9:10 [7, 16530, 16537, 16398, -7]
717:145.97, 10:10 [7, 16772, 17622, 17317, 16647, 17674, -7]
718:122.19, 10:10 [7, 16976, 17111, 17274, 17286, 17189, 17331, -7]
719:118.33, 10:10 [7, 17122, 16986, 17079, 16684, 17481, 17459, 17702, -7]
720:49.78, 10:10 [7, 17431, 17022, 16488, -7]
721:135.46, 10:10 [7, 17100, 16507, 16868, 17008, 17675, 17644, 17839, 17569, -7]
722:124.87, 10:10 [7, 16600, 17054, 17747, 17593, 16888, 17831, -7]
723:72.46, 9:10 [7, 17094, 16935, 16757, -7]
725:108.49, 10:10 [7, 16941, 17830, 16889, 16529, 16880, 17787, 17524, -7]
726:63.65, 10:10 [7, 17418, 16995, 17728, 17618, 17465, -7]
729:132.28, 10:10 [7, 16895, 16774, 17628, 17603, 17724, 17666, 17705, -7]
732:83.33, 8:10 [7, 17551, 16893, 17272, 17530, -7]
735:100.35, 10:10 [7, 16476, 17494, 16808, 16547, 17802, -7]
736:125.92, 10:10 [7, 16644, 16834, 17197, 17429, 17321, 17043, 17345, 17057, -7]
738:86.61, 10:10 [7, 16723, 16712, 17498, 16635, 17710, 16958, 17402, 17545, 17668, -7]
739:134.20, 10:10 [7, 16697, 17671, 17120, 17013, 17764, 17739, -7]
740:106.19, 10:10 [7, 16454, 17567, 16413, 16942, -7]
741:129.74, 9:10 [7, 16404, 17621, 16681, 17264, 17030, 17518, 17171, -7]
743:103.00, 10:10 [7, 16501, 17741, 17731, 16610, 17391, -7]
749:160.36, 10:10 [7, 17329, 16791, 17553, 16503, 17578, 17384, 16497, -7]
750:71.85, 6:10 [7, 16637, 17527, 16623, 17656, -7]
751:93.79, 10:10 [7, 16540, 16415, 17148, 16913, 17786, 16992, -7]
753:89.57, 10:10 [7, 17141, 16508, 17048, 16816, 17279, 17438, 16471, -7]
755:32.56, 3:10 [7, 17002, 17035, -7]
756:114.98, 10:10 [7, 16592, 17093, 16745, 17490, 17767, 16570, 16715, 17249, -7]
757:106.43, 10:10 [7, 17127, 16945, 17535, 16572, 17727, 16775, 17123, 16544, 17616, -7]
758:73.35, 10:10 [7, 17139, 17310, 17377, 16568, 17330, -7]
766:85.71, 10:10 [7, 16858, 17782, 16759, 16952, 17260, 16683, -7]
801:110.85, 10:10 [8, 16873, 16621, 17277, 16754, 16716, 17701, 17489, -8]
802:50.24, 10:10 [8, 17410, 16991, 17521, 17159, 17570, 17516, -8]
803:27.14, 7:10 [8, 16491, 16728, 16483, -8]
805:71.13, 10:10 [8, 16554, 16821, 17690, 16490, 17651, -8]
806:76.84, 10:10 [8, 16576, 16480, 17398, 17485, 17352, 17207, -8]
807:45.80, 10:10 [8, 17843, 17488, 17740, -8]
808:106.25, 9:10 [8, 16879, 16970, 17011, 17343, 17725, 16906, 17720, 17222, -8]
809:50.53, 9:10 [8, 17832, 17291, 16516, -8]
810:71.61, 9:10 [8, 17694, 16477, 16669, 17367, -8]
811:91.38, 10:10 [8, 16975, 17198, 16923, 17470, 16444, 17205, -8]
812:29.88, 9:10 [8, 17554, 17514, 17590, -8]
813:54.97, 10:10 [8, 16859, 16846, 17017, -8]
814:84.04, 10:10 [8, 16439, 16546, 17033, 17184, 17827, 17104, 17805, 17238, -8]
815:69.68, 10:10 [8, 16410, 17067, 17609, 16475, 17063, 17768, 17290, 17532, 16380, -8]
816:79.58, 10:10 [8, 16773, 17810, 16892, 17223, 16620, 17773, -8]
817:60.78, 10:10 [8, 17253, 17450, 17254, 17143, -8]
818:8.49, 6:10 [8, 17695, 17271, -8]
819:49.30, 10:10 [8, 17678, 16951, 17211, 16949, 16414, -8]
820:52.52, 10:10 [8, 17265, 16959, 17400, 17064, -8]
821:87.83, 10:10 [8, 17026, 17840, 16793, 17638, 16780, 17262, 16675, -8]
822:64.05, 9:10 [8, 17164, 17573, 16479, 17713, 16448, -8]
823:70.55, 9:10 [8, 17362, 17555, 17421, -8]
824:39.03, 7:10 [8, 16452, 17152, 16674, -8]
826:113.41, 10:10 [8, 17332, 16725, 17475, 17368, 17180, 17657, -8]
fe: 14, se: 67

Day: 1, Time: 0
Total Cost: 6927.31
 11:94.59, 75:75 [3, 9, -9, -3]
 12:94.59, 75:75 [3, 9, -9, -3]
 13:94.59, 74:75 [3, 9, -9, -3]
 14:94.59, 53:75 [3, 9, -9, -3]
 15:90.24, 75:75 [3, 10, -10, -3]
 16:90.24, 74:75 [3, 10, -10, -3]
 17:90.24, 36:75 [3, 10, -10, -3]
 23:90.24, 73:75 [3, 10, -10, -3]
901:78.90, 10:10 [9, 17469, 17308, 16788, -9]
902:78.84, 9:10 [9, 16504, 17375, 17105, 16389, -9]
903:51.57, 9:10 [9, 16813, 16717, 17316, 17087, -9]
904:115.56, 10:10 [9, 17053, 16898, 16626, 17361, 17580, 17619, 17407, -9]
905:129.36, 10:10 [9, 17579, 16736, 16767, 17757, -9]
906:130.79, 10:10 [9, 17068, 17106, 17109, 16703, 16440, 16387, 17717, 17313, -9]
907:101.65, 9:10 [9, 17390, 17365, 17824, 16638, -9]
908:124.64, 10:10 [9, 16473, 17194, 16469, 17425, 17441, 17110, 17577, -9]
909:112.33, 10:10 [9, 16700, 17304, 17704, 16912, 16865, 16589, 17496, 17225, -9]
910:57.51, 8:10 [9, 17807, 17631, 17297, -9]
911:94.87, 10:10 [9, 16467, 17658, 16631, 16852, 17342, 16932, -9]
912:151.05, 10:10 [9, 17170, 16521, 17052, 16764, 17270, 16862, 16837, 17288, 17335, 16894, 17662, -9]
913:123.73, 10:10 [9, 16877, 17153, 17273, 16405, 16718, 17065, 17796, 16721, -9]
914:63.40, 10:10 [9, 17519, 17220, 16384, -9]
915:79.43, 10:10 [9, 16498, 16515, 17151, -9]
916:120.63, 9:10 [9, 16977, 17266, 17437, 17179, 17624, 17646, -9]
917:92.35, 10:10 [9, 16518, 16878, 16803, 17451, 16399, 17560, 17351, 17649, -9]
918:88.07, 9:10 [9, 17125, 16633, 17800, 16766, 16377, 17460, -9]
919:58.61, 8:10 [9, 17338, 17378, -9]
920:84.86, 10:10 [9, 17032, 16531, 16383, 16737, -9]
921:43.88, 9:10 [9, 17635, 17661, 16663, 16578, 17640, -9]
922:137.72, 10:10 [9, 17016, 17723, 17455, 17221, 17045, 17620, -9]
923:124.77, 10:10 [9, 16612, 17379, 17212, 17161, 17818, 17457, 17337, -9]
924:116.43, 10:10 [9, 16434, 17829, 17027, 17199, 17175, 17307, -9]
925:77.59, 10:10 [9, 16875, 17091, 17683, 17755, 16828, 17564, -9]
926:59.75, 9:10 [9, 16946, 16542, 16847, -9]
927:71.05, 10:10 [9, 16869, 16790, 17283, 16617, -9]
928:29.48, 8:10 [9, 17010, 16825, 17828, -9]
929:43.20, 8:10 [9, 17780, 16911, -9]
930:80.38, 8:10 [9, 16876, 17135, 16760, 16514, -9]
931:53.79, 10:10 [9, 16934, 16783, 16776, 16851, -9]
932:136.86, 10:10 [9, 16559, 16593, 16643, 17735, 17325, 16603, 17811, -9]
933:62.65, 9:10 [9, 17374, 16566, 16881, -9]
934:24.03, 8:10 [9, 16496, 16984, -9]
935:24.83, 7:10 [9, 17256, 16839, 17746, -9]
936:41.19, 7:10 [9, 16797, 16967, -9]
937:132.44, 9:10 [9, 16987, 17598, 16416, 16818, 17687, 17641, -9]
938:130.77, 10:10 [9, 17464, 17322, 16666, 16966, 17095, -9]
939:28.91, 7:10 [9, 17502, 16608, -9]
1001:134.55, 9:10 [10, 17140, 17371, 16422, 17497, 17538, 16965, 16956, 17348, -10]
1002:37.90, 9:10 [10, 16418, 17408, 17424, 17654, -10]
1003:122.57, 10:10 [10, 17191, 17245, 16883, 16450, -10]
1004:68.86, 10:10 [10, 16853, 17730, 17588, 16789, 17772, -10]
1005:121.92, 10:10 [10, 16842, 16805, 17381, 17439, 16735, 17716, 17803, 17759, -10]
1006:106.11, 10:10 [10, 17081, 17397, 16417, 17639, 16800, 17669, 17423, -10]
1007:124.50, 9:10 [10, 17102, 17794, 17214, 17157, 17248, 16499, 17420, 17387, -10]
1008:85.50, 9:10 [10, 16835, 16910, 17134, 17754, -10]
1009:111.66, 10:10 [10, 17174, 17478, 16819, 17623, 16690, 17472, -10]
1011:74.28, 10:10 [10, 16492, 17080, 17186, 16707, 16556, -10]
1012:139.50, 10:10 [10, 17059, 17698, 16705, 16989, 16758, 17576, 16838, -10]
1013:108.07, 9:10 [10, 16916, 17086, 16740, 17684, 17456, 16887, -10]
1014:100.49, 10:10 [10, 16742, 17085, 17596, 16652, 16459, 16994, 17591, -10]
1015:50.30, 8:10 [10, 16645, 16506, 16939, -10]
1016:134.72, 10:10 [10, 17269, 16699, 17301, 16739, 17178, 17323, 16698, 16613, 17364, -10]
1017:107.67, 10:10 [10, 16814, 17820, 16590, 16701, 17232, 17370, 17819, -10]
1018:93.84, 9:10 [10, 16390, 17083, 17647, 16734, 17715, -10]
1019:89.90, 10:10 [10, 16533, 16685, 16539, 16974, 17435, -10]
1020:104.83, 10:10 [10, 17078, 17168, 17795, 16871, 17309, 16391, 16424, 17231, -10]
1021:87.61, 10:10 [10, 17714, 16646, 17359, 17358, 16579, -10]
1022:116.31, 10:10 [10, 16694, 17124, 16896, 17801, 16999, 17670, -10]
1023:76.70, 10:10 [10, 17434, 16453, 16964, 16998, -10]
1024:110.04, 9:10 [10, 16748, 17047, 17442, 16532, -10]
1025:41.71, 9:10 [10, 16489, 17237, 17101, 17445, 17257, 16854, -10]
1026:81.04, 10:10 [10, 17061, 17664, 16901, 17380, 16487, 16388, 16386, -10]
1027:53.97, 8:10 [10, 17024, 17629, 16930, 17483, -10]
1029:73.04, 6:10 [10, 16595, 16981, 17449, -10]
1030:56.55, 9:10 [10, 17156, 17643, 16513, 17508, 16601, 17571, -10]
1032:43.96, 8:10 [10, 17204, 17722, 17382, -10]
1035:110.08, 10:10 [10, 16443, 17219, 17021, 16720, 17356, 17703, -10]
1036:61.89, 10:10 [10, 16628, 17482, 16445, 16428, -10]
fe: 8, se: 70

Day: 1, Time: 0
Total Cost: 7376.46
 11:120.02, 74:75 [4, 11, -11, -4]
 12:120.02, 68:75 [4, 11, -11, -4]
 13:120.02, 58:75 [4, 11, -11, -4]
 14:64.00, 75:75 [4, 12, -12, -4]
 15:64.00, 70:75 [4, 12, -12, -4]
 16:64.00, 70:75 [4, 12, -12, -4]
 17:64.00, 74:75 [4, 12, -12, -4]
 19:64.00, 45:75 [4, 12, -12, -4]
 26:64.00, 9:75 [4, 12, -4]
 27:64.00, 10:75 [4, 12, -4]
1101:89.60, 10:10 [11, 17778, 16625, 17583, 17413, 17287, -11]
1102:46.03, 9:10 [11, 17210, 17769, 16632, -11]
1103:57.56, 9:10 [11, 16478, 16953, 16950, -11]
1104:66.31, 8:10 [11, 17770, 17734, 17227, 17762, -11]
1105:55.28, 10:10 [11, 16500, 17327, 16421, 16555, -11]
1106:149.20, 10:10 [11, 16943, 17031, 16558, 17699, 17833, 17275, -11]
1107:122.01, 10:10 [11, 17103, 17515, 16904, 16798, 16451, 17572, -11]
1108:104.19, 9:10 [11, 16472, 16955, 17601, 16615, 16861, -11]
1109:100.43, 10:10 [11, 16917, 16664, 16552, 17806, 17392, 17213, 17775, -11]
1110:74.22, 10:10 [11, 16583, 17018, 16731, 17166, -11]
1111:58.76, 10:10 [11, 16747, 17732, 16733, 17107, -11]
1113:119.69, 10:10 [11, 16922, 17659, 16407, 17692, 17477, 17817, 16749, 17597, -11]
1114:50.82, 9:10 [11, 16575, 16795, 16903, 16680, -11]
1115:178.80, 10:10 [11, 17158, 17823, 16831, 16656, 17486, 16392, 17353, 17202, -11]
1116:95.03, 10:10 [11, 16993, 17401, 17709, 16573, 17258, -11]
1117:127.32, 10:10 [11, 17154, 16527, 17098, 17841, 16430, 16557, 16597, 17217, -11]
1118:117.79, 10:10 [11, 17355, 16494, 16706, 16433, 17636, -11]
1119:122.35, 10:10 [11, 16710, 17814, 16655, 17574, 17117, 17696, -11]
1120:65.71, 10:10 [11, 17790, 17328, 17836, -11]
1121:114.81, 10:10 [11, 17529, 16605, 17023, 17239, 17409, 17411, -11]
1123:122.15, 10:10 [11, 17066, 16667, 17399, 17051, 17463, 16519, -11]
1124:130.18, 10:10 [11, 16874, 16777, 17299, 16890, 16619, 16673, 16396, 17630, -11]
1128:94.43, 9:10 [11, 17267, 17315, 16960, 16397, 16827, 17771, 17507, 17584, -11]
1129:89.47, 10:10 [11, 16708, 17163, 16863, -11]
1131:66.63, 10:10 [11, 16677, 16461, 17504, 16634, 17076, 17373, 16618, -11]
1133:78.75, 10:10 [11, 16770, 16857, 16709, 16856, -11]
1201:161.68, 10:10 [12, 16732, 16553, 16884, 17765, 16582, 16919, 17259, -12]
1202:112.11, 10:10 [12, 16794, 16886, 17534, 17612, 16481, 17512, 17480, -12]
1203:65.08, 8:10 [12, 17611, 17665, 17336, 17000, -12]
1204:84.18, 8:10 [12, 16696, 17613, 17838, 16562, 17243, -12]
1205:101.59, 10:10 [12, 17113, 17060, 17326, 16726, 16778, 17781, -12]
1206:86.95, 10:10 [12, 16536, 16543, 17637, 17556, 17835, -12]
1207:68.91, 10:10 [12, 16822, 16462, 17183, 16411, 16602, -12]
1208:86.96, 10:10 [12, 16833, 17672, 16891, 17192, 16936, -12]
1209:72.01, 10:10 [12, 16765, 17089, 17314, 16971, 17040, -12]
1210:36.48, 7:10 [12, 16586, 17240, 16523, -12]
1211:136.84, 10:10 [12, 16486, 17311, 17138, 17608, 17206, 16753, 17632, -12]
1212:137.25, 10:10 [12, 16741, 17750, 17130, 16409, 17195, 17837, -12]
1213:122.71, 10:10 [12, 17116, 16520, 16464, 17758, 17003, 17533, 17077, 16931, 16438, -12]
1214:44.03, 10:10 [12, 16897, 16751, 17019, -12]
1215:42.31, 10:10 [12, 17069, 16447, 16969, 16792, -12]
1216:96.76, 10:10 [12, 17592, 17354, 17041, 16658, 17406, -12]
1217:78.94, 10:10 [12, 17012, 17453, 17190, 17201, 16571, 17594, 17797, -12]
1218:82.56, 10:10 [12, 17132, 16689, 16420, -12]
1219:82.66, 10:10 [12, 17721, 17414, 17028, -12]
1221:120.49, 10:10 [12, 16940, 17133, 17700, 17653, 16510, 17540, 16584, -12]
1223:50.49, 10:10 [12, 17119, 17344, 17126, 17615, 16549, -12]
1224:76.43, 10:10 [12, 17394, 16980, 17760, 17432, 17216, -12]
1225:147.62, 8:10 [12, 17020, 17495, 16982, 17247, 17566, -12]
1226:96.83, 9:10 [12, 16844, 16426, 17121, 17114, 16820, -12]
1227:128.01, 10:10 [12, 16840, 17749, 16848, 16806, 16963, 17501, 16458, -12]
1228:98.66, 10:10 [12, 16435, 17070, 16802, -12]
1229:105.96, 10:10 [12, 16786, 16928, 17605, 16719, 17415, 17776, -12]
1231:23.55, 5:10 [12, 17298, 17082, -12]
1232:51.65, 10:10 [12, 17650, 17458, 17176, -12]
1233:77.19, 9:10 [12, 17492, 16606, 17185, 17610, 16567, -12]
1234:109.88, 10:10 [12, 17144, 16470, 17160, 17443, 17296, 17719, -12]
1236:58.65, 8:10 [12, 16627, 17655, 16563, -12]
1237:65.99, 9:10 [12, 16997, 16379, 16924, 16403, -12]
1238:57.41, 9:10 [12, 17500, 17280, 17428, -12]
1239:79.54, 9:10 [12, 16990, 17229, 16668, 16460, 16948, 17617, -12]
1240:120.95, 10:10 [12, 17200, 16538, 16565, 17688, 17462, 17385, 17099, 17510, -12]
1241:175.49, 10:10 [12, 16545, 16799, 17543, 16920, 16616, 17419, 17562, 17242, 17559, -12]
1242:49.42, 8:10 [12, 16485, 17812, 16662, -12]
1243:11.66, 7:10 [12, 17071, 16535, -12]
1244:126.15, 10:10 [12, 17349, 16864, 17062, 17509, 17677, -12]
1245:50.50, 8:10 [12, 16395, 17129, -12]
1246:152.22, 8:10 [12, 17235, 16968, -12]
1247:87.96, 10:10 [12, 16596, 17565, 16843, 16614, 17393, 16692, -12]
1248:108.29, 10:10 [12, 16660, 16548, 16629, 17785, 17476, 17561, 16457, -12]
1249:139.90, 10:10 [12, 16551, 17511, 16682, 16909, 17341, 16385, 16640, 17537, -12]
fe: 10, se: 71

Day: 1, Time: 30
Total Cost: 875.59
 11:179.78, 7:75 [1, -5, -6, -1]
 13:153.31, 6:75 [1, -6, -1]
501:106.02, 1:10 [5, 32715, -5]
502:188.15, 4:10 [5, 32296, 23969, -5]
601:76.03, 3:10 [6, 27458, -6]
602:142.05, 2:10 [6, 29422, 24534, -6]
603:30.27, 3:10 [6, 19693, -6]
fe: 2, se: 5

Day: 1, Time: 40
Total Cost: 776.79
 11:120.02, 10:75 [4, -11, -4]
 12:64.00, 35:75 [4, -12, -4]
1101:100.24, 9:10 [11, 19807, 19858, 24550, 19626, -11]
1102:16.00, 1:10 [11, 23744, -11]
1201:120.06, 10:10 [12, 29086, 28174, 21402, -12]
1202:167.94, 10:10 [12, 24839, 18940, 32361, 29354, -12]
1203:105.55, 6:10 [12, 29709, 26595, -12]
1205:82.98, 9:10 [12, 32257, 30783, 29221, -12]
fe: 2, se: 6

Day: 1, Time: 45
Total Cost: 508.73
 11:136.01, 10:75 [1, -5, -1]
 12:153.31, 1:75 [1, -6, -1]
501:172.33, 10:10 [5, 21769, 26112, 23451, -5]
601:47.07, 1:10 [6, 27647, -6]
fe: 2, se: 2

Day: 1, Time: 55
Total Cost: 740.22
 11:136.01, 3:75 [1, -5, -1]
 12:136.01, 5:75 [1, -5, -1]
 13:153.31, 2:75 [1, -6, -1]
501:34.93, 3:10 [5, 30149, -5]
502:134.83, 3:10 [5, 26266, -5]
503:50.36, 2:10 [5, 33167, -5]
601:94.76, 2:10 [6, 21784, -6]
fe: 3, se: 4

Day: 1, Time: 55
Total Cost: 838.41
 11:94.59, 29:75 [3, -9, -3]
 13:90.24, 12:75 [3, -10, -3]
901:167.16, 10:10 [9, 22485, 22319, 28863, 27100, -9]
903:102.16, 10:10 [9, 26382, 31237, 21444, -9]
904:148.23, 9:10 [9, 31785, 28015, 24661, 20735, -9]
1001:22.36, 2:10 [10, 24003, -10]
1002:98.24, 7:10 [10, 27443, 25487, 23454, -10]
1003:115.41, 3:10 [10, 21615, -10]
fe: 2, se: 6

Day: 1, Time: 60
Total Cost: 447.30
 11:66.27, 22:75 [2, -7, -2]
701:94.18, 6:10 [7, 24093, 24655, 28975, -7]
702:148.49, 8:10 [7, 32947, 32453, 21381, 20950, -7]
703:138.37, 8:10 [7, 26451, 18534, 22474, -7]
fe: 1, se: 3

Day: 1, Time: 60
Total Cost: 781.13
 11:120.02, 7:75 [4, -11, -4]
 12:125.25, 14:75 [4, -12, -11, -4]
 13:64.00, 4:75 [4, -12, -4]
1101:179.04, 7:10 [11, 21655, 28039, 30463, -11]
1102:69.43, 4:10 [11, 25873, -11]
1201:110.79, 10:10 [12, 30097, 25745, 23018, -12]
1203:112.61, 4:10 [12, 31132, -12]
fe: 3, se: 4

Day: 1, Time: 70
Total Cost: 595.18
 11:136.01, 14:75 [1, -5, -1]
 12:153.31, 7:75 [1, -6, -1]
501:111.39, 10:10 [5, 27338, 30742, 21747, -5]
503:78.10, 4:10 [5, 32107, -5]
601:116.36, 7:10 [6, 30016, 19515, -6]
fe: 2, se: 3

Day: 1, Time: 85
Total Cost: 574.18
 11:136.01, 9:75 [1, -5, -1]
 12:136.01, 1:75 [1, -5, -1]
501:209.37, 9:10 [5, 32065, 26603, 25917, -5]
502:92.78, 1:10 [5, 24719, -5]
fe: 2, se: 2

Day: 1, Time: 90
Total Cost: 454.47
 11:136.01, 1:75 [1, -5, -1]
 12:153.31, 2:75 [1, -6, -1]
501:136.03, 1:10 [5, 32805, -5]
601:29.12, 2:10 [6, 22482, -6]
fe: 2, se: 2

Day: 1, Time: 110
Total Cost: 924.25
 11:66.27, 15:75 [2, -7, -2]
 12:66.27, 17:75 [2, -7, -2]
 13:66.27, 4:75 [2, -7, -2]
701:169.47, 6:10 [7, 18206, 18581, -7]
702:154.72, 8:10 [7, 26061, 18289, 26338, 31705, -7]
703:96.17, 4:10 [7, 28869, -7]
704:133.92, 9:10 [7, 20465, 21027, 24503, 18185, -7]
706:171.16, 9:10 [7, 21389, 22179, 20777, 25325, -7]
fe: 3, se: 5

Day: 1, Time: 125
Total Cost: 414.04
 11:66.27, 13:75 [2, -7, -2]
 12:66.27, 1:75 [2, -7, -2]
701:110.40, 10:10 [7, 25957, 32988, 33188, -7]
702:135.48, 1:10 [7, 32445, -7]
703:35.61, 3:10 [7, 29615, -7]
fe: 2, se: 3

Day: 1, Time: 140
Total Cost: 775.21
 11:153.31, 18:75 [1, -6, -1]
 12:136.01, 10:75 [1, -5, -1]
502:121.71, 4:10 [5, 23348, 26207, -5]
503:48.28, 6:10 [5, 27990, 21442, -5]
601:138.12, 8:10 [6, 18806, 32277, 23368, 30555, -6]
602:177.77, 10:10 [6, 27442, 22229, 20388, 19918, -6]
fe: 2, se: 4

Day: 1, Time: 150
Total Cost: 1300.64
 11:90.24, 63:75 [3, -10, -3]
 12:94.59, 17:75 [3, -9, -3]
 14:90.24, 4:75 [3, -10, -3]
901:100.70, 8:10 [9, 27424, 28898, 32509, -9]
902:97.01, 9:10 [9, 32344, 23664, 30636, -9]
1001:186.73, 8:10 [10, 27655, 27119, 23527, 27673, -10]
1002:75.42, 4:10 [10, 29208, 19731, -10]
1003:32.19, 9:10 [10, 29326, 23587, 28786, -10]
1004:78.04, 8:10 [10, 19447, 26218, -10]
1005:84.40, 10:10 [10, 32168, 28983, 32306, -10]
1006:66.95, 10:10 [10, 33406, 30172, 19984, -10]
1007:121.53, 9:10 [10, 27675, 22778, 22763, -10]
1009:182.60, 9:10 [10, 28317, 20675, 25377, -10]
fe: 3, se: 10

Day: 1, Time: 155
Total Cost: 1292.15
 11:64.00, 53:75 [4, -12, -4]
 12:64.00, 4:75 [4, -12, -4]
 13:64.00, 2:75 [4, -12, -4]
 14:64.00, 17:75 [4, -12, -4]
1201:132.91, 10:10 [12, 19955, 26292, 28253, 25466, -12]
1202:152.63, 10:10 [12, 30131, 29300, 19428, 26480, -12]
1203:141.47, 9:10 [12, 31851, 21243, 22332, -12]
1204:89.34, 9:10 [12, 31576, 25252, 25816, -12]
1205:84.15, 7:10 [12, 26643, 18836, -12]
1206:94.83, 8:10 [12, 20733, 25577, -12]
1207:7.21, 4:10 [12, 32102, -12]
1208:83.26, 2:10 [12, 22905, -12]
1209:128.43, 9:10 [12, 31666, 24246, 22992, -12]
1210:121.93, 8:10 [12, 26967, 18059, 28238, -12]
fe: 4, se: 10

Day: 1, Time: 160
Total Cost: 581.94
 11:136.01, 17:75 [1, -5, -1]
 12:153.31, 3:75 [1, -6, -1]
501:119.23, 10:10 [5, 31351, 19663, 22811, -5]
502:111.33, 5:10 [5, 23115, 19397, -5]
503:34.06, 2:10 [5, 27747, -5]
601:28.00, 3:10 [6, 26777, -6]
fe: 2, se: 4

Day: 1, Time: 165
Total Cost: 285.65
 11:120.02, 4:75 [4, -11, -4]
 12:64.00, 3:75 [4, -12, -4]
1101:40.45, 4:10 [11, 18150, -11]
1201:61.19, 3:10 [12, 25708, -12]
fe: 2, se: 2

Day: 1, Time: 175
Total Cost: 513.00
 11:136.01, 3:75 [1, -5, -1]
 12:136.01, 2:75 [1, -5, -1]
501:152.20, 3:10 [5, 24114, 23809, -5]
502:88.77, 2:10 [5, 30219, -5]
fe: 2, se: 2

Day: 1, Time: 175
Total Cost: 580.44
 11:66.27, 19:75 [2, -7, -2]
 12:66.27, 16:75 [2, -7, -2]
701:104.38, 10:10 [7, 30793, 18252, 28782, -7]
702:118.98, 4:10 [7, 25457, 22101, -7]
703:8.00, 3:10 [7, 22142, -7]
704:117.12, 9:10 [7, 24669, 26023, 24758, -7]
705:99.41, 9:10 [7, 19163, 28387, 26170, 19829, -7]
fe: 2, se: 5

Day: 1, Time: 175
Total Cost: 474.15
 11:94.59, 2:75 [3, -9, -3]
 12:90.24, 13:75 [3, -10, -3]
901:90.55, 2:10 [9, 25853, -9]
1001:87.35, 8:10 [10, 30240, 24936, 19534, -10]
1002:111.40, 5:10 [10, 28885, 22481, -10]
fe: 2, se: 3

Day: 1, Time: 200
Total Cost: 322.64
 11:64.00, 15:75 [4, -12, -4]
1201:134.12, 6:10 [12, 24192, 20567, 26639, -12]
1202:124.51, 9:10 [12, 28628, 21914, 32426, 19263, -12]
fe: 1, se: 2

Day: 1, Time: 215
Total Cost: 476.72
 11:66.27, 31:75 [2, -7, -2]
701:45.69, 2:10 [7, 20557, -7]
702:104.95, 10:10 [7, 19131, 20986, 19256, 28654, -7]
703:129.74, 9:10 [7, 18279, 18245, 30180, -7]
704:130.06, 10:10 [7, 28518, 33143, 28204, 33234, 29084, -7]
fe: 1, se: 4

Day: 1, Time: 280
Total Cost: 1179.40
 11:90.24, 30:75 [3, -10, -3]
 12:94.59, 46:75 [3, -9, -3]
901:129.71, 10:10 [9, 20036, 28497, 25534, 19488, -9]
902:105.59, 8:10 [9, 18395, 27453, 23009, -9]
903:97.47, 9:10 [9, 30716, 24247, 20782, -9]
904:131.28, 10:10 [9, 25030, 26386, 30159, -9]
905:139.60, 9:10 [9, 30324, 20859, 27440, 29150, -9]
1001:121.53, 10:10 [10, 32709, 22934, 29855, -10]
1002:117.12, 9:10 [10, 24287, 22689, 18689, -10]
1003:115.50, 7:10 [10, 25554, 20882, 19727, -10]
1004:36.77, 4:10 [10, 23710, -10]
fe: 2, se: 9

Day: 1, Time: 290
Total Cost: 922.00
 11:64.00, 70:75 [4, -12, -4]
1201:155.55, 10:10 [12, 27251, 21727, 27158, 23166, 19288, 30968, -12]
1202:115.46, 10:10 [12, 19616, 23020, 23747, 30100, 33027, -12]
1203:120.08, 10:10 [12, 28721, 27923, 33441, -12]
1204:145.57, 10:10 [12, 18236, 31438, 18608, 20428, -12]
1205:89.57, 10:10 [12, 32290, 18490, 20021, -12]
1206:175.83, 10:10 [12, 25701, 29046, 18681, 31250, -12]
1207:55.95, 10:10 [12, 25412, 31249, 32156, -12]
fe: 1, se: 7

Day: 1, Time: 295
Total Cost: 928.00
 11:66.27, 41:75 [2, -7, -2]
 12:145.23, 36:75 [2, -8, -2]
701:61.42, 8:10 [7, 29238, 19933, 23672, -7]
702:117.84, 10:10 [7, 27507, 22941, 33009, 29729, -7]
703:12.00, 4:10 [7, 29342, -7]
704:59.49, 10:10 [7, 22979, 26998, 26750, -7]
707:88.41, 9:10 [7, 18639, 32762, 19372, -7]
801:67.08, 8:10 [8, 19772, 26098, 19563, -8]
802:164.24, 10:10 [8, 23976, 27205, 31308, 32446, 32378, -8]
803:18.70, 8:10 [8, 19474, 20362, -8]
804:127.32, 10:10 [8, 21854, 24166, 26534, 22358, -8]
fe: 2, se: 9

Day: 1, Time: 300
Total Cost: 258.87
 11:145.23, 7:75 [2, -8, -2]
801:59.36, 2:10 [8, 33251, -8]
802:54.27, 5:10 [8, 19257, 33116, -8]
fe: 1, se: 2

Day: 1, Time: 305
Total Cost: 1217.99
 11:136.01, 48:75 [1, -5, -1]
 12:153.31, 35:75 [1, -6, -1]
501:95.66, 10:10 [5, 30028, 30118, 25257, 27602, -5]
502:62.33, 8:10 [5, 24542, 23990, -5]
504:136.89, 10:10 [5, 33087, 31802, 18796, 20560, 33239, -5]
505:142.43, 10:10 [5, 25737, 22812, 31521, 20755, -5]
506:106.18, 10:10 [5, 18575, 19906, 23307, 21723, -5]
601:73.78, 10:10 [6, 25838, 19878, 20829, 23079, 28262, -6]
602:71.90, 8:10 [6, 26289, 27286, 24038, 18421, -6]
603:179.65, 10:10 [6, 29391, 23636, 32830, 28520, 22608, 29032, -6]
604:59.86, 7:10 [6, 31693, 23644, -6]
fe: 2, se: 9

Day: 1, Time: 360
Total Cost: 1366.17
 11:136.01, 31:75 [1, 5, -5, -1]
 12:153.31, 16:75 [1, 6, -6, -1]
501:132.50, 10:10 [5, 313, 430, 14920, 18926, 172, -5]
502:148.70, 7:10 [5, 28798, 421, 28769, -5]
503:140.94, 9:10 [5, 33382, 20878, 6821, 25025, -5]
506:40.01, 3:10 [5, 32606, 19176, -5]
507:161.95, 7:10 [5, 345, 257, 43, -5]
508:60.66, 8:10 [5, 25458, 23257, -5]
601:95.06, 6:10 [6, 31712, 22401, -6]
602:135.44, 8:10 [6, 19800, 29137, 220, 483, -6]
603:118.09, 8:10 [6, 621, 232, 142, -6]
604:43.49, 5:10 [6, 24386, 26072, -6]
fe: 2, se: 10

Day: 1, Time: 395
Total Cost: 786.54
 11:136.01, 18:75 [1, -5, -1]
 12:153.31, 3:75 [1, -6, -1]
501:132.46, 7:10 [5, 21971, 22023, 21345, -5]
502:177.73, 7:10 [5, 21100, 31036, 18052, 19376, -5]
503:133.16, 4:10 [5, 22016, 30838, -5]
601:53.85, 3:10 [6, 32362, -6]
fe: 2, se: 4

Day: 1, Time: 400
Total Cost: 1080.69
 11:66.27, 43:75 [2, -7, -2]
 12:145.23, 26:75 [2, -8, -2]
701:133.00, 5:10 [7, 21106, 18081, -7]
702:95.66, 6:10 [7, 20249, 20743, 28407, 29826, -7]
703:114.14, 8:10 [7, 33442, 29174, 22993, -7]
704:99.55, 8:10 [7, 18961, 27321, 30910, -7]
705:127.49, 8:10 [7, 27344, 18685, 32854, -7]
706:122.01, 8:10 [7, 25773, 33308, 28024, 31388, 31176, -7]
801:56.35, 10:10 [8, 30144, 19067, 27101, -8]
802:57.64, 9:10 [8, 18649, 19510, 19959, -8]
803:63.34, 7:10 [8, 24730, 22117, 27537, -8]
fe: 2, se: 9

Day: 1, Time: 400
Total Cost: 1022.40
 11:120.02, 26:75 [4, -11, -4]
 12:64.00, 40:75 [4, -12, -4]
1101:101.62, 6:10 [11, 22705, 30701, 23354, -11]
1102:72.14, 4:10 [11, 25674, -11]
1104:57.53, 10:10 [11, 22419, 24935, 26686, 28743, 27630, -11]
1105:77.97, 6:10 [11, 28984, 21472, 30652, 18550, -11]
1201:97.02, 4:10 [12, 24040, 31749, -12]
1202:127.95, 10:10 [12, 20592, 21192, 21294, 18347, -12]
1203:115.38, 10:10 [12, 29960, 31392, 32504, 28487, -12]
1204:78.13, 9:10 [12, 30273, 28368, 23778, 32819, -12]
1205:110.64, 7:10 [12, 23102, 26216, 22853, -12]
fe: 2, se: 9

Day: 1, Time: 405
Total Cost: 1479.62
 11:136.01, 37:75 [1, 5, -5, -1]
 12:153.31, 25:75 [1, 6, -6, -1]
501:93.21, 6:10 [5, 25, 10261, -5]
503:162.89, 7:10 [5, 437, 197, 446, -5]
504:80.00, 5:10 [5, 624, 439, -5]
505:56.89, 5:10 [5, 588, 423, -5]
506:70.83, 7:10 [5, 412, 596, -5]
507:130.60, 5:10 [5, 30004, 21563, -5]
508:70.71, 3:10 [5, 625, -5]
510:54.92, 4:10 [5, 224, -5]
601:168.97, 8:10 [6, 8305, 7780, 102, 5723, -6]
602:67.16, 7:10 [6, 440, 339, -6]
603:61.29, 1:10 [6, 372, 27833, -6]
604:57.50, 3:10 [6, 522, 460, -6]
605:71.03, 4:10 [6, 26714, 255, -6]
606:44.30, 5:10 [6, 635, 436, -6]
fe: 2, se: 14

Day: 1, Time: 405
Total Cost: 685.89
 11:66.27, 12:75 [2, 7, -2]
 12:145.23, 18:75 [2, 8, -8, -2]
701:118.83, 2:10 [7, 593, -7]
704:109.86, 10:10 [7, 556, 8526, 410, -7]
801:41.85, 4:10 [8, 233, 30993, -8]
802:63.08, 3:10 [8, 7537, 458, -8]
803:73.34, 6:10 [8, 441, 76, -8]
804:67.43, 5:10 [8, 26, 539, -8]
fe: 2, se: 6

Day: 1, Time: 405
Total Cost: 1880.70
 11:94.59, 55:75 [3, 9, -9, -3]
 12:90.24, 52:75 [3, 10, -10, -3]
901:106.94, 5:10 [9, 18799, 305, 270, -9]
902:99.05, 6:10 [9, 5300, 506, 25971, 25738, -9]
903:107.56, 10:10 [9, 29452, 27842, 628, -9]
904:57.19, 3:10 [9, 25559, 359, 20815, -9]
905:93.85, 6:10 [9, 25808, 61, 30965, 21570, -9]
906:114.29, 10:10 [9, 22113, 19788, 27276, -9]
907:78.24, 9:10 [9, 113, 493, 28728, 13224, 20833, -9]
908:107.30, 7:10 [9, 18868, 221, 31444, 26662, -9]
909:101.17, 10:10 [9, 25138, 59, 227, 2625, -9]
911:99.76, 8:10 [9, 26339, 28365, 6813, 29015, -9]
1001:99.76, 8:10 [10, 20558, 283, 44, 20750, -10]
1002:102.01, 10:10 [10, 31245, 28666, 28551, 27029, -10]
1003:15.23, 6:10 [10, 18762, 26700, -10]
1004:100.99, 7:10 [10, 13950, 33183, 31, 24382, -10]
1005:127.88, 6:10 [10, 222, 41, -10]
1006:116.07, 10:10 [10, 32068, 28908, 968, 566, -10]
1007:81.00, 9:10 [10, 26400, 21925, 26876, 29488, -10]
1009:87.57, 10:10 [10, 22173, 9084, 33163, 27734, 21156, -10]
fe: 2, se: 18

Day: 1, Time: 405
Total Cost: 1002.39
 11:120.02, 14:75 [4, 11, -4]
 12:64.00, 24:75 [4, 12, -12, -4]
1101:79.31, 4:10 [11, 464, 14465, -11]
1102:82.50, 5:10 [11, 11687, 602, -11]
1103:99.85, 5:10 [11, 449, 32, -11]
1201:105.19, 7:10 [12, 334, 497, -12]
1202:153.86, 6:10 [12, 8775, 15985, -12]
1203:56.46, 4:10 [12, 31776, -12]
1204:135.74, 7:10 [12, 27, 84, 10276, -12]
1205:105.46, 5:10 [12, 33080, 573, -12]
fe: 2, se: 8

Day: 1, Time: 410
Total Cost: 211.19
 11:66.27, 2:75 [2, -7, -2]
701:144.92, 2:10 [7, 20893, 25848, -7]
fe: 1, se: 1

Day: 1, Time: 415
Total Cost: 234.37
 11:113.51, 6:75 [3, -9, -10, -3]
901:26.83, 3:10 [9, 19537, -9]
1001:94.02, 3:10 [10, 18862, -10]
fe: 1, se: 2

Day: 1, Time: 420
Total Cost: 338.94
 11:136.01, 14:75 [1, -5, -1]
501:108.13, 9:10 [5, 33075, 24564, 27226, -5]
502:94.79, 5:10 [5, 25490, 26637, -5]
fe: 1, se: 2

Day: 1, Time: 420
Total Cost: 218.60
 11:66.27, 7:75 [2, -7, -2]
701:65.01, 6:10 [7, 32049, 29759, -7]
702:87.32, 1:10 [7, 32451, -7]
fe: 1, se: 2

Day: 1, Time: 420
Total Cost: 234.50
 11:94.59, 6:75 [3, -9, -3]
901:139.91, 6:10 [9, 27959, 33363, -9]
fe: 1, se: 1

Day: 1, Time: 420
Total Cost: 197.81
 11:64.00, 7:75 [4, -12, -4]
1201:133.81, 7:10 [12, 29382, 25242, 18064, -12]
fe: 1, se: 1

Day: 1, Time: 450
Total Cost: 459.55
 11:153.31, 11:75 [1, 6, -1]
601:104.02, 4:10 [6, 196, -6]
602:98.49, 4:10 [6, 190, -6]
603:103.73, 3:10 [6, 216, -6]
fe: 1, se: 3

Day: 1, Time: 450
Total Cost: 663.97
 11:66.27, 20:75 [2, 7, -2]
701:65.12, 4:10 [7, 4565, -7]
702:67.47, 4:10 [7, 555, -7]
703:79.85, 3:10 [7, 54, -7]
704:72.47, 1:10 [7, 295, -7]
705:79.62, 3:10 [7, 321, -7]
706:72.72, 1:10 [7, 432, -7]
707:82.22, 3:10 [7, 4433, -7]
708:78.23, 1:10 [7, 12026, -7]
fe: 1, se: 8

Day: 1, Time: 450
Total Cost: 455.46
 11:94.59, 11:75 [3, 9, -3]
 12:90.24, 4:75 [3, 10, -3]
901:37.20, 2:10 [9, 420, -9]
902:46.04, 1:10 [9, 231, -9]
903:52.84, 2:10 [9, 371, -9]
904:38.83, 3:10 [9, 526, -9]
905:48.17, 3:10 [9, 9595, -9]
1001:47.54, 4:10 [10, 468, -10]
fe: 2, se: 6

Day: 1, Time: 450
Total Cost: 798.79
 11:120.02, 9:75 [4, 11, -4]
 12:64.00, 21:75 [4, 12, -4]
1101:16.49, 3:10 [11, 346, -11]
1102:18.97, 2:10 [11, 245, -11]
1103:28.28, 4:10 [11, 109, -11]
1201:84.12, 3:10 [12, 2549, -12]
1202:83.57, 2:10 [12, 236, -12]
1203:82.80, 3:10 [12, 16006, -12]
1204:82.00, 3:10 [12, 413, -12]
1206:82.97, 4:10 [12, 417, -12]
1207:66.60, 3:10 [12, 48, -12]
1208:68.96, 3:10 [12, 2511, -12]
fe: 2, se: 10

Day: 1, Time: 460
Total Cost: 1400.64
 11:136.01, 24:75 [1, 5, -1]
 12:153.31, 34:75 [1, 6, -1]
501:112.16, 4:10 [5, 406, -5]
502:105.55, 4:10 [5, 528, -5]
503:91.07, 6:10 [5, 273, 495, -5]
504:68.41, 2:10 [5, 210, -5]
507:94.51, 3:10 [5, 532, 215, -5]
508:111.32, 2:10 [5, 396, -5]
509:57.20, 3:10 [5, 331, -5]
601:56.31, 8:10 [6, 369, 315, 15806, -6]
602:71.20, 5:10 [6, 12433, 170, -6]
603:88.20, 1:10 [6, 638, -6]
604:38.21, 2:10 [6, 241, -6]
605:82.95, 7:10 [6, 326, 552, -6]
606:54.83, 7:10 [6, 276, 548, -6]
608:79.39, 4:10 [6, 189, 228, -6]
fe: 2, se: 14

Day: 1, Time: 460
Total Cost: 692.72
 11:66.27, 41:75 [2, 7, -2]
701:146.49, 9:10 [7, 601, 22, 612, -7]
702:132.80, 5:10 [7, 6166, 15327, -7]
703:56.64, 3:10 [7, 122, -7]
704:53.85, 2:10 [7, 118, -7]
705:44.63, 5:10 [7, 243, 10465, -7]
706:58.24, 4:10 [7, 633, -7]
707:62.80, 3:10 [7, 10156, -7]
708:34.77, 8:10 [7, 567, 319, -7]
709:36.22, 2:10 [7, 275, -7]
fe: 1, se: 9

Day: 1, Time: 460
Total Cost: 714.78
 11:94.59, 21:75 [3, 9, -3]
 12:90.24, 14:75 [3, 10, -3]
902:120.62, 10:10 [9, 96, 349, 373, 344, -9]
903:116.74, 8:10 [9, 4207, 46, -9]
904:24.41, 3:10 [9, 10857, -9]
1001:21.26, 1:10 [10, 8143, -10]
1002:117.05, 4:10 [10, 15271, 610, -10]
1003:22.00, 3:10 [10, 130, -10]
1005:107.86, 6:10 [10, 28, 510, 8879, -10]
fe: 2, se: 7

Day: 1, Time: 460
Total Cost: 843.58
 12:64.00, 47:75 [4, 12, -4]
1201:163.24, 8:10 [12, 484, 607, 179, -12]
1202:147.41, 10:10 [12, 579, 64, 238, -12]
1203:60.03, 2:10 [12, 644, -12]
1204:40.60, 5:10 [12, 30, 239, -12]
1205:45.98, 7:10 [12, 323, 312, -12]
1206:55.32, 3:10 [12, 15, -12]
1207:52.63, 5:10 [12, 249, 303, -12]
1208:151.12, 3:10 [12, 188, 168, -12]
1211:63.25, 4:10 [12, 284, -12]
fe: 1, se: 9

Day: 1, Time: 495
Total Cost: 482.33
 11:136.01, 14:75 [1, 5, -1]
 12:153.31, 4:75 [1, 6, -1]
501:42.43, 2:10 [5, 4473, -5]
502:36.06, 2:10 [5, 594, -5]
503:35.44, 1:10 [5, 877, -5]
505:27.48, 7:10 [5, 176, 501, -5]
506:30.07, 2:10 [5, 14394, -5]
601:21.54, 4:10 [6, 129, -6]
fe: 2, se: 6

Day: 1, Time: 495
Total Cost: 1279.78
 11:66.27, 44:75 [2, 7, -2]
 12:145.23, 8:75 [2, 8, -2]
701:96.19, 2:10 [7, 45, -7]
702:91.12, 3:10 [7, 580, 152, -7]
703:88.71, 6:10 [7, 314, 617, -7]
704:88.39, 9:10 [7, 259, 370, 79, -7]
705:99.36, 4:10 [7, 375, -7]
706:111.61, 2:10 [7, 636, -7]
707:63.81, 4:10 [7, 158, -7]
708:77.21, 5:10 [7, 13037, 452, -7]
709:99.30, 3:10 [7, 115, 230, -7]
710:105.55, 1:10 [7, 401, -7]
713:94.88, 5:10 [7, 19, 8671, -7]
801:30.53, 4:10 [8, 65, -8]
802:21.63, 4:10 [8, 50, -8]
fe: 2, se: 13

Day: 1, Time: 495
Total Cost: 927.01
 11:94.59, 19:75 [3, 9, -3]
 12:90.24, 25:75 [3, 10, -3]
901:44.41, 4:10 [9, 507, -9]
902:64.62, 4:10 [9, 630, -9]
904:56.36, 4:10 [9, 4602, 592, -9]
905:67.29, 7:10 [9, 429, 474, -9]
1001:52.95, 4:10 [10, 544, -10]
1002:84.10, 3:10 [10, 622, -10]
1003:48.66, 1:10 [10, 481, -10]
1004:79.85, 4:10 [10, 470, -10]
1005:87.73, 4:10 [10, 527, -10]
1006:84.02, 3:10 [10, 546, -10]
1007:72.18, 6:10 [10, 13560, 4919, -10]
fe: 2, se: 11

Day: 1, Time: 495
Total Cost: 1072.89
 11:120.02, 11:75 [4, 11, -4]
 12:64.00, 37:75 [4, 12, -4]
1101:48.37, 3:10 [11, 7487, -11]
1102:48.25, 7:10 [11, 156, 360, -11]
1103:27.78, 1:10 [11, 542, -11]
1201:94.03, 8:10 [12, 296, 306, -12]
1202:101.57, 5:10 [12, 398, 11716, -12]
1203:103.02, 5:10 [12, 139, 343, -12]
1204:93.51, 1:10 [12, 207, -12]
1205:99.01, 5:10 [12, 10808, 252, -12]
1206:73.78, 3:10 [12, 584, -12]
1211:92.87, 6:10 [12, 515, 244, 14523, -12]
1213:106.68, 4:10 [12, 332, -12]
fe: 2, se: 11

Day: 1, Time: 525
Total Cost: 236.30
 11:66.27, 14:75 [2, 7, -2]
701:36.84, 3:10 [7, 453, 184, -7]
703:48.37, 3:10 [7, 287, -7]
704:48.04, 4:10 [7, 322, -7]
705:36.77, 4:10 [7, 499, -7]
fe: 1, se: 4

Day: 1, Time: 525
Total Cost: 286.45
 11:94.59, 4:75 [3, 9, -3]
 12:90.24, 6:75 [3, 10, -3]
901:10.00, 2:10 [9, 4997, -9]
902:20.59, 2:10 [9, 9269, -9]
1001:27.86, 1:10 [10, 165, -10]
1002:17.09, 2:10 [10, 426, -10]
1003:26.08, 3:10 [10, 431, -10]
fe: 2, se: 5

Day: 1, Time: 525
Total Cost: 560.34
 11:64.00, 37:75 [4, 12, -4]
1201:32.79, 5:10 [12, 388, 457, -12]
1202:42.38, 2:10 [12, 577, -12]
1203:40.20, 3:10 [12, 240, -12]
1204:55.79, 1:10 [12, 316, -12]
1205:41.76, 5:10 [12, 511, 285, -12]
1206:30.80, 6:10 [12, 155, 357, -12]
1207:40.05, 4:10 [12, 293, -12]
1208:48.08, 1:10 [12, 292, -12]
1209:29.73, 3:10 [12, 395, -12]
1210:49.48, 2:10 [12, 247, -12]
1211:37.74, 3:10 [12, 14, -12]
1212:47.54, 2:10 [12, 581, -12]
fe: 1, se: 12


Day	Area	ID	Time	Load	Utilization	NoOrders	AssignmentCost
1	1	 8	315	 35	0.39	19	425.00
1	1	 9	360	 39	0.43	13	465.00
1	1	233	400	 43	0.24	16	1010.00
1	1	10	405	 59	0.66	22	665.00
1	1	11	450	 28	0.26	11	284.00
1	1	237	800	144	1.00	57	3636.00
1	1	246	800	144	1.00	58	3636.00
1	1	255	800	 51	0.35	21	1404.00
1	1	19	810	 72	1.00	27	954.00
1	1	38	810	 72	1.00	28	954.00
1	1	57	810	 72	1.00	28	954.00
1	2	259	300	 10	0.06	 4	350.00
1	2	65	315	 55	0.61	19	625.00
1	2	66	360	 20	0.22	 7	275.00
1	2	260	400	 66	0.37	22	1470.00
1	2	67	405	 30	0.33	11	375.00
1	2	68	450	 23	0.21	11	244.00
1	2	264	800	144	1.00	62	3636.00
1	2	273	800	144	1.00	56	3636.00
1	2	282	800	 25	0.17	11	780.00
1	2	76	810	 72	1.00	29	954.00
1	2	95	810	 72	1.00	30	954.00
1	2	114	810	 72	1.00	28	954.00
1	3	286	300	  7	0.04	 4	290.00
1	3	122	315	 35	0.39	14	425.00
1	3	123	360	 11	0.12	 4	185.00
1	3	287	400	 45	0.25	20	1050.00
1	3	124	405	 39	0.43	13	465.00
1	3	125	450	 17	0.16	 6	196.00
1	3	291	800	144	1.00	49	3636.00
1	3	300	800	144	1.00	52	3636.00
1	3	309	800	104	0.72	39	2676.00
1	3	133	810	 72	1.00	26	954.00
1	3	152	810	 72	1.00	24	954.00
1	3	171	810	 72	1.00	27	954.00
1	4	313	300	 14	0.08	 6	430.00
1	4	179	315	 70	0.78	22	775.00
1	4	180	360	  6	0.07	 3	135.00
1	4	314	400	 27	0.15	 9	690.00
1	4	181	405	 34	0.38	13	415.00
1	4	182	450	  9	0.08	 3	132.00
1	4	318	800	144	1.00	51	3636.00
1	4	327	800	144	1.00	59	3636.00
1	4	336	800	 51	0.35	22	1404.00
1	4	190	810	 72	1.00	29	954.00
1	4	209	810	 72	1.00	25	954.00
1	4	228	810	 72	1.00	33	954.00


Day	Area	Time	Pickup	Delivery	Direct	FEVehicles	SEVehicles	ALNSTime	ALNSBestTime	RoutingCostArea
1	1	0	179	207	0	15	78	1008.33	777.00	10022.28
1	1	30	7	0	0	2	5	0.51	0.00	875.59
1	1	45	4	0	0	2	2	0.45	0.00	508.73
1	1	55	4	0	0	3	4	0.76	0.00	740.22
1	1	70	6	0	0	2	3	0.57	0.00	595.18
1	1	85	4	0	0	2	2	0.60	0.00	574.18
1	1	90	2	0	0	2	2	0.30	0.00	454.47
1	1	140	12	0	1	2	4	1.03	0.00	1275.21
1	1	160	7	0	0	2	4	0.54	0.00	581.94
1	1	175	3	0	0	2	2	0.38	0.00	513.00
1	1	305	36	0	0	2	9	3.91	2.19	1217.99
1	1	360	16	14	0	2	10	2.88	0.00	1366.17
1	1	395	10	0	0	2	4	1.07	0.00	786.54
1	1	405	4	25	0	2	14	2.93	0.00	1479.62
1	1	420	5	0	0	1	2	0.69	0.00	338.94
1	1	450	0	3	0	1	3	0.36	0.00	459.55
1	1	460	0	22	0	2	14	1.55	0.00	1400.64
1	1	495	0	7	0	2	6	0.40	0.00	482.33
1	2	0	166	189	0	14	67	609.52	457.05	7073.87
1	2	60	10	0	0	1	3	0.78	0.02	447.30
1	2	110	15	0	0	3	5	1.11	0.00	924.25
1	2	125	5	0	2	2	3	0.47	0.00	1414.04
1	2	175	13	0	0	2	5	1.29	0.26	580.44
1	2	215	13	0	0	1	4	0.89	0.00	476.72
1	2	295	28	0	0	2	9	3.33	2.16	928.00
1	2	300	3	0	0	1	2	0.33	0.00	258.87
1	2	400	29	0	0	2	9	3.72	1.02	1080.69
1	2	405	1	11	0	2	6	0.86	0.00	685.89
1	2	410	2	0	0	1	1	0.26	0.00	211.19
1	2	420	3	0	0	1	2	0.29	0.00	218.60
1	2	450	0	8	0	1	8	0.68	0.00	663.97
1	2	460	0	14	0	1	9	1.48	0.46	692.72
1	2	495	0	20	0	2	13	1.52	0.85	1279.78
1	2	525	0	5	0	1	4	0.37	0.00	236.30
1	3	0	154	209	0	8	70	1235.31	1057.59	6927.31
1	3	55	16	0	0	2	6	1.67	0.36	838.41
1	3	150	29	0	0	3	10	5.78	3.06	1300.64
1	3	175	6	0	0	2	3	0.64	0.00	474.15
1	3	280	27	0	0	2	9	3.79	1.75	1179.40
1	3	405	42	24	0	2	18	40.82	34.04	1880.70
1	3	415	2	0	0	1	2	0.26	0.00	234.37
1	3	420	2	0	0	1	1	0.26	0.00	234.50
1	3	450	0	6	0	2	6	0.54	0.00	455.46
1	3	460	0	14	0	2	7	0.83	0.00	714.78
1	3	495	0	14	0	2	11	0.95	0.00	927.01
1	3	525	0	5	2	2	5	0.56	0.00	1286.45
1	4	0	151	215	0	10	71	1046.66	649.44	7376.46
1	4	40	17	0	0	2	6	1.22	0.00	776.79
1	4	60	8	0	0	3	4	0.89	0.00	781.13
1	4	155	26	0	0	4	10	3.13	1.95	1292.15
1	4	160	0	0	1	0	0	0.00	0.00	500.00
1	4	165	2	0	0	2	2	0.30	0.00	285.65
1	4	200	7	0	0	1	2	0.65	0.00	322.64
1	4	290	28	0	0	1	7	4.76	3.31	922.00
1	4	400	30	0	0	2	9	5.00	2.11	1022.40
1	4	405	2	14	0	2	8	1.33	0.00	1002.39
1	4	420	3	0	0	1	1	0.34	0.00	197.81
1	4	450	0	10	0	2	10	0.74	0.00	798.79
1	4	460	0	17	0	1	9	2.23	0.00	843.58
1	4	495	0	18	0	2	11	1.31	0.00	1072.89
1	4	525	0	15	4	1	12	1.16	0.00	2560.34

Day	SL	Own	DispatchTimes	AssignmentCost	RoutingCost	TotalCost
1	28	19	34	58176.00	77053.41	135229.41

Total Cost: 135229.4095412757
Cost per Day: 135229.4095412757
Running time in Seconds: 4332.13
Running time in minutes: 72.20216666666667