INSTANCE: 2hubs_A_19_x.csv
PARAMETER: sp_balance_standard_20_120_2hubs.txt
POLICY: Stochastic Programming
ALPHA: 0.0255690637502731
BETA: 51
OMEGA: 586
EPSILON: 1.47637635321414

Day: 1, Time: 0
Total Cost: 3686.47
 11:136.01, 41:75 [1, 3, -3, -1]
 12:136.01, 42:75 [1, 3, -3, -1]
 13:136.01, 19:75 [1, 3, -3, -1]
 14:153.31, 37:75 [1, 4, -4, -1]
 15:153.31, 32:75 [1, 4, -4, -1]
 16:153.31, 24:75 [1, 4, -4, -1]
301:72.57, 10:10 [3, 3175, 3148, 3178, 3284, 3183, -3]
302:109.19, 10:10 [3, 3301, 3286, 3295, 3308, 3121, -3]
303:82.71, 9:10 [3, 3089, 3102, 3139, -3]
304:42.28, 9:10 [3, 3224, 3299, 3289, -3]
305:80.54, 9:10 [3, 3133, 3250, 3123, 3216, 3166, 3231, -3]
306:15.62, 4:10 [3, 3225, -3]
307:187.85, 9:10 [3, 3146, 3278, 3134, 3093, 3230, 3111, -3]
308:82.25, 10:10 [3, 3287, 3215, 3162, 3263, -3]
309:56.44, 6:10 [3, 3095, 3112, 3159, 3091, -3]
310:30.07, 4:10 [3, 3194, -3]
311:133.07, 7:10 [3, 3223, 3213, 3167, -3]
312:166.02, 5:10 [3, 3277, 3227, -3]
313:104.65, 10:10 [3, 3283, 3237, 3184, 3103, 3221, 3281, -3]
314:113.01, 10:10 [3, 3177, 3261, 3200, 3147, 3274, 3157, -3]
317:61.26, 9:10 [3, 3217, 3218, 3296, 3310, 3193, -3]
401:106.95, 10:10 [4, 3127, 3232, 3172, 3236, 3307, 3245, -4]
402:147.56, 10:10 [4, 3109, 3125, 3099, 3254, 3272, 3142, 3208, 3220, -4]
403:51.14, 9:10 [4, 3260, 3246, 3129, 3253, -4]
404:110.22, 7:10 [4, 3251, 3138, 3152, -4]
405:172.45, 10:10 [4, 3154, 3116, 3192, 3313, 3269, 3143, 3241, -4]
406:107.17, 7:10 [4, 3195, 3268, 3304, 3204, -4]
408:83.98, 10:10 [4, 3235, 3149, 3262, 3198, 3273, 3300, -4]
409:62.01, 8:10 [4, 3119, 3168, 3120, 3238, 3219, -4]
410:104.04, 10:10 [4, 3302, 3207, 3096, -4]
411:83.01, 9:10 [4, 3097, 3140, 3126, 3233, 3087, -4]
412:171.27, 10:10 [4, 3113, 3267, 3280, 3258, -4]
414:135.40, 10:10 [4, 3203, 3305, 3257, 3189, -4]
415:145.80, 10:10 [4, 3288, 3228, 3222, -4]
fe: 6, se: 28

Day: 1, Time: 30
Total Cost: 4149.53
 11:66.27, 62:75 [2, 5, -5, -2]
 12:66.27, 24:75 [2, 5, -5, -2]
 13:66.27, 9:75 [2, 5, -5, -2]
 14:66.27, 35:75 [2, 5, -5, -2]
 15:145.23, 36:75 [2, 6, -6, -2]
 16:66.27, 4:75 [2, -5, -2]
 17:145.23, 18:75 [2, 6, -6, -2]
 18:66.27, 2:75 [2, -5, -2]
 19:66.27, 3:75 [2, -5, -2]
 20:145.23, 2:75 [2, -6, -2]
 21:66.27, 20:75 [2, -5, -2]
501:123.76, 10:10 [5, 3174, 3131, 3173, 3252, 3101, 3176, -5]
502:102.00, 4:10 [5, 3240, -5]
503:48.52, 8:10 [5, 3185, 3114, -5]
504:83.50, 5:10 [5, 3255, 3303, -5]
505:111.40, 9:10 [5, 3136, 3092, 3209, 3256, 3202, -5]
506:78.98, 9:10 [5, 3298, 3271, 3297, -5]
507:68.79, 9:10 [5, 3311, 3135, 3191, 3132, -5]
508:154.77, 10:10 [5, 3259, 3161, 3105, 3090, -5]
509:133.15, 10:10 [5, 3314, 3165, 3122, 3150, 3153, -5]
510:58.95, 7:10 [5, 3276, 4441, -5]
511:94.06, 9:10 [5, 3264, 3197, 5119, 3188, 3234, 3211, -5]
512:115.73, 5:10 [5, 3312, 3290, -5]
513:97.56, 10:10 [5, 3094, 3239, 3214, 3137, 3210, -5]
514:96.75, 3:10 [5, 3244, -5]
515:107.48, 10:10 [5, 3181, 3145, 3141, -5]
516:109.84, 2:10 [5, 4066, -5]
518:151.05, 10:10 [5, 3406, 5719, 3118, 3265, 3179, 3306, -5]
519:150.86, 10:10 [5, 3156, 5213, 3124, 3098, 3144, 3226, 3163, 3206, -5]
520:80.42, 6:10 [5, 3291, 4690, 3248, -5]
524:118.07, 1:10 [5, 6160, -5]
525:80.67, 10:10 [5, 3212, 3243, 3190, 6177, -5]
526:45.78, 8:10 [5, 3247, 3242, 3229, 3249, -5]
527:83.60, 10:10 [5, 3196, 3106, 3160, 3151, -5]
528:94.76, 3:10 [5, 3309, -5]
530:109.14, 9:10 [5, 3104, 3107, 3187, -5]
601:78.96, 9:10 [6, 3282, 3155, 3199, 3128, -6]
602:47.11, 6:10 [6, 3169, 3117, -6]
603:125.31, 9:10 [6, 3088, 3279, 3110, 3170, 3182, -6]
604:81.52, 10:10 [6, 3275, 3201, 3293, 3108, -6]
605:29.12, 2:10 [6, 3292, -6]
606:89.37, 8:10 [6, 3270, 3285, 3100, -6]
607:122.66, 10:10 [6, 3171, 3294, 3115, 3315, 3180, 3158, -6]
608:56.37, 8:10 [6, 3266, 3205, -6]
609:53.65, 8:10 [6, 3164, 3186, 3130, -6]
fe: 11, se: 34

Day: 1, Time: 65
Total Cost: 321.02
 11:136.01, 8:75 [1, -3, -1]
301:82.98, 3:10 [3, 3702, 4137, 4485, -3]
302:102.03, 5:10 [3, 5843, 3785, -3]
fe: 1, se: 2

Day: 1, Time: 70
Total Cost: 316.59
 11:66.27, 6:75 [2, -5, -2]
 12:66.27, 3:75 [2, -5, -2]
501:114.19, 6:10 [5, 3968, 3399, 3586, -5]
503:69.86, 3:10 [5, 3461, -5]
fe: 2, se: 2

Day: 1, Time: 95
Total Cost: 593.69
 11:66.27, 11:75 [2, -5, -2]
 12:145.23, 3:75 [2, -6, -2]
501:96.02, 4:10 [5, 3883, -5]
502:125.16, 6:10 [5, 5138, 4623, -5]
503:105.22, 1:10 [5, 6064, -5]
601:55.79, 3:10 [6, 3719, -6]
fe: 2, se: 4

Day: 1, Time: 100
Total Cost: 591.92
 11:136.01, 4:75 [1, -3, -1]
 12:136.01, 2:75 [1, -3, -1]
301:129.07, 2:10 [3, 4358, -3]
302:62.80, 2:10 [3, 5883, -3]
303:128.02, 2:10 [3, 4260, -3]
fe: 2, se: 3

Day: 1, Time: 125
Total Cost: 285.70
 11:66.27, 1:75 [2, -5, -2]
 12:66.27, 2:75 [2, -5, -2]
501:82.39, 1:10 [5, 4006, -5]
502:70.77, 2:10 [5, 4589, -5]
fe: 2, se: 2

Day: 1, Time: 130
Total Cost: 700.30
 11:136.01, 10:75 [1, -3, -1]
 13:136.01, 8:75 [1, -3, -1]
301:133.50, 6:10 [3, 5595, 4961, -3]
302:49.40, 1:10 [3, 4422, -3]
303:55.32, 4:10 [3, 5666, -3]
304:50.50, 4:10 [3, 6023, 4135, -3]
305:139.56, 3:10 [3, 3636, -3]
fe: 2, se: 5

Day: 1, Time: 135
Total Cost: 254.94
 11:136.01, 4:75 [1, -3, -1]
301:118.93, 4:10 [3, 3959, -3]
fe: 1, se: 1

Day: 1, Time: 165
Total Cost: 336.52
 11:66.27, 2:75 [2, -5, -2]
 12:145.23, 3:75 [2, -6, -2]
501:58.41, 2:10 [5, 4334, -5]
601:66.60, 3:10 [6, 4393, -6]
fe: 2, se: 2

Day: 1, Time: 200
Total Cost: 708.88
 11:153.31, 12:75 [1, -4, -1]
 12:136.01, 3:75 [1, -3, -1]
 13:153.31, 2:75 [1, -4, -1]
301:33.11, 3:10 [3, 4416, -3]
401:180.85, 10:10 [4, 4117, 6047, 3375, 5480, 5992, 5460, -4]
402:37.74, 2:10 [4, 4581, -4]
403:14.56, 2:10 [4, 5305, -4]
fe: 3, se: 4

Day: 1, Time: 310
Total Cost: 788.78
 11:66.27, 36:75 [2, -5, -2]
 12:145.23, 16:75 [2, -6, -2]
501:148.95, 9:10 [5, 4100, 4888, 3977, -5]
502:48.76, 7:10 [5, 4071, 4655, -5]
503:117.21, 10:10 [5, 4292, 3854, 4131, 4468, 5336, -5]
504:127.35, 10:10 [5, 3657, 4772, 3452, 3724, 4720, -5]
601:66.97, 9:10 [6, 5673, 6080, 4578, 4624, -6]
602:68.03, 7:10 [6, 5166, 5278, 4923, -6]
fe: 2, se: 6

Day: 1, Time: 330
Total Cost: 1058.61
 11:136.01, 29:75 [1, 3, -3, -1]
 12:153.31, 25:75 [1, 4, -4, -1]
301:145.12, 10:10 [3, 1500, 58, 81, 52, 107, -3]
302:164.18, 10:10 [3, 119, 876, 3361, 4208, 50, 3720, 3631, -3]
303:4.47, 3:10 [3, 54, -3]
305:59.34, 6:10 [3, 4942, 5923, -3]
306:98.72, 9:10 [3, 39, 57, 122, 4846, 4984, 5658, -3]
401:83.32, 10:10 [4, 86, 100, 108, 4342, 113, 4598, -4]
402:123.01, 8:10 [4, 4603, 1251, 65, -4]
404:91.13, 10:10 [4, 2970, 3547, 101, 271, 102, -4]
fe: 2, se: 8

Day: 1, Time: 360
Total Cost: 653.64
 11:136.01, 15:75 [1, 3, -3, -1]
301:117.07, 9:10 [3, 5792, 5973, 4086, -3]
302:89.25, 4:10 [3, 19, 6228, 5584, -3]
303:212.92, 9:10 [3, 1399, 66, 12, -3]
304:98.39, 2:10 [3, 3741, -3]
fe: 1, se: 4

Day: 1, Time: 395
Total Cost: 583.19
 11:66.27, 16:75 [2, -5, -2]
 12:145.23, 4:75 [2, -6, -2]
502:165.19, 6:10 [5, 4668, 4213, 5920, -5]
503:133.86, 10:10 [5, 4341, 3611, 4561, -5]
601:72.64, 4:10 [6, 5301, 4784, 3617, -6]
fe: 2, se: 3

Day: 1, Time: 405
Total Cost: 1125.23
 11:136.01, 15:75 [1, 3, -3, -1]
 12:153.31, 27:75 [1, 4, -4, -1]
301:152.50, 6:10 [3, 2529, 2874, 1948, 816, -3]
302:72.45, 9:10 [3, 80, 53, 103, 76, -3]
303:117.18, 4:10 [3, 5677, -3]
401:171.59, 3:10 [4, 4861, 4504, -4]
402:84.89, 10:10 [4, 778, 11, 1433, 529, -4]
403:49.10, 3:10 [4, 74, 7, -4]
404:66.03, 2:10 [4, 396, -4]
405:92.15, 8:10 [4, 15, 693, -4]
406:30.00, 4:10 [4, 75, -4]
fe: 2, se: 9

Day: 1, Time: 405
Total Cost: 1146.85
 11:66.27, 54:75 [2, 5, -5, -2]
 12:145.23, 21:75 [2, 6, -2]
501:111.20, 9:10 [5, 27, 2693, 56, 97, -5]
502:135.29, 10:10 [5, 99, 60, 26, 512, 111, 120, 96, -5]
503:153.32, 9:10 [5, 110, 4030, 33, 118, 945, -5]
506:110.77, 10:10 [5, 947, 2653, 35, 78, 2833, -5]
508:96.95, 8:10 [5, 1295, 47, 595, 70, -5]
510:163.52, 9:10 [5, 87, 1405, 8, 25, -5]
601:57.94, 10:10 [6, 93, 114, 45, -6]
602:14.14, 1:10 [6, 23, -6]
603:92.21, 10:10 [6, 31, 72, 37, 83, -6]
fe: 2, se: 9

Day: 1, Time: 415
Total Cost: 288.57
 11:136.01, 2:75 [1, -3, -1]
301:152.55, 2:10 [3, 4219, -3]
fe: 1, se: 1

Day: 1, Time: 450
Total Cost: 201.39
 11:153.31, 3:75 [1, 4, -1]
401:48.08, 3:10 [4, 1203, -4]
fe: 1, se: 1

Day: 1, Time: 450
Total Cost: 478.10
 11:66.27, 29:75 [2, 5, -5, -2]
501:151.36, 7:10 [5, 769, 1226, -5]
502:50.64, 4:10 [5, 73, -5]
504:76.28, 8:10 [5, 2476, 34, -5]
505:133.54, 10:10 [5, 28, 4533, 109, 1070, -5]
fe: 1, se: 4

Day: 1, Time: 460
Total Cost: 272.42
 11:151.76, 9:75 [2, 5, 6, -2]
501:107.24, 5:10 [5, 42, 98, -5]
601:13.42, 4:10 [6, 32, -6]
fe: 1, se: 2

Day: 1, Time: 525
Total Cost: 264.35
 11:66.27, 15:75 [2, 5, -2]
501:50.12, 3:10 [5, 77, -5]
502:38.63, 3:10 [5, 446, -5]
503:18.44, 4:10 [5, 38, -5]
504:42.19, 2:10 [5, 2115, -5]
505:48.70, 3:10 [5, 2405, -5]
fe: 1, se: 5


Day	Area	ID	Time	Load	Utilization	NoOrders	AssignmentCost
1	1	 8	315	 75	1.00	36	825.00
1	1	 9	360	 29	0.39	 8	365.00
1	1	43	400	  9	0.06	 3	330.00
1	1	11	450	 30	0.33	10	300.00
1	1	15	630	 52	0.69	23	595.00
1	1	17	720	 22	0.37	 9	354.00
1	1	19	810	 60	1.00	29	810.00
1	2	25	225	 54	0.72	22	615.00
1	2	26	270	 11	0.15	 4	185.00
1	2	27	315	 42	0.56	18	495.00
1	2	28	360	  3	0.04	 1	105.00
1	2	32	540	 20	0.22	 6	220.00
1	2	34	630	 58	0.77	22	655.00
1	2	38	810	 60	1.00	32	810.00


Day	Area	Time	Pickup	Delivery	Direct	FEVehicles	SEVehicles	ALNSTime	ALNSBestTime	RoutingCostArea
1	1	0	69	53	0	6	28	47.87	0.00	3686.47
1	1	65	5	0	0	1	2	0.68	0.00	321.02
1	1	100	3	0	1	2	3	0.45	0.00	1091.92
1	1	130	7	0	0	2	5	0.91	0.17	700.30
1	1	135	1	0	0	1	1	0.20	0.00	254.94
1	1	200	9	0	0	3	4	0.80	0.00	708.88
1	1	330	13	22	0	2	8	4.51	2.95	1058.61
1	1	360	6	4	0	1	4	0.75	0.00	653.64
1	1	405	3	18	0	2	9	1.96	0.00	1125.23
1	1	415	1	0	0	1	1	0.20	0.00	288.57
1	1	450	0	1	0	1	1	0.21	0.00	201.39
1	2	30	59	57	0	11	34	43.53	30.15	4149.53
1	2	70	4	0	0	2	2	0.48	0.00	316.59
1	2	95	5	0	0	2	4	0.53	0.00	593.69
1	2	125	2	0	0	2	2	0.30	0.00	285.70
1	2	165	2	0	0	2	2	0.33	0.00	336.52
1	2	310	22	0	0	2	6	1.63	0.00	788.78
1	2	395	9	0	0	2	3	0.74	0.00	583.19
1	2	405	1	36	0	2	9	2.84	0.00	1146.85
1	2	450	1	8	0	1	4	0.86	0.16	478.10
1	2	460	0	3	0	1	2	0.32	0.00	272.42
1	2	525	0	5	2	1	5	0.48	0.00	1264.35

Day	SL	Own	DispatchTimes	AssignmentCost	RoutingCost	TotalCost
1	13	1	22	6664.00	20306.70	26970.70

Total Cost: 26970.69701632155
Cost per Day: 26970.69701632155
Running time in Seconds: 8907.981
Running time in minutes: 148.46635