INSTANCE: 2hubs_A_1_x.csv
PARAMETER: sp_balance_standard_20_120_2hubs.txt
POLICY: Stochastic Programming
ALPHA: 0.0255690637502731
BETA: 51
OMEGA: 586
EPSILON: 1.47637635321414

Day: 1, Time: 0
Total Cost: 3897.86
 11:136.01, 67:75 [1, 3, -3, -1]
 12:136.01, 27:75 [1, 3, -3, -1]
 13:153.31, 57:75 [1, 4, -4, -1]
 14:153.31, 2:75 [1, -4, -1]
 21:136.01, 49:75 [1, 3, -3, -1]
301:127.71, 10:10 [3, 3307, 3283, 3294, 3132, -3]
302:128.79, 10:10 [3, 3244, 3314, 3253, -3]
303:80.08, 10:10 [3, 3249, 3201, 3282, 3289, -3]
304:156.20, 10:10 [3, 3216, 3184, 3107, -3]
305:96.28, 7:10 [3, 3209, 3145, 3252, 3203, 3213, -3]
306:144.60, 9:10 [3, 3246, 3161, 3287, 3263, 3217, 3146, -3]
307:163.92, 10:10 [3, 3143, 3144, 3207, 3152, 3210, -3]
308:138.89, 8:10 [3, 3128, 3251, 3186, -3]
309:92.99, 10:10 [3, 3089, 3175, 3234, 3206, 3090, 3193, -3]
310:158.44, 10:10 [3, 3242, 3273, 3239, 3311, 3155, 3103, -3]
311:78.29, 7:10 [3, 3236, 3250, -3]
312:50.21, 8:10 [3, 3308, 3306, 3141, -3]
314:117.65, 10:10 [3, 3094, 3255, 3248, 3192, 3295, 3139, -3]
315:48.93, 10:10 [3, 3230, 3238, 3279, 3291, -3]
317:67.65, 9:10 [3, 3149, 3182, 3122, 3172, -3]
318:56.91, 9:10 [3, 3221, 3256, 3165, -3]
319:61.41, 9:10 [3, 3274, 3151, 3095, -3]
323:125.15, 10:10 [3, 3269, 3099, 3112, 3284, 3218, 3170, -3]
331:137.15, 10:10 [3, 3088, 3154, 3117, 3195, 3188, -3]
401:122.54, 3:10 [4, 3277, -4]
402:88.17, 10:10 [4, 3174, 3119, 3142, -4]
403:111.68, 8:10 [4, 3265, 3299, 3227, 3241, -4]
404:173.44, 10:10 [4, 3111, 3125, 3106, 3162, -4]
405:96.95, 9:10 [4, 3164, 3183, 3150, 3191, -4]
406:74.28, 10:10 [4, 3305, 3293, 3208, 3288, -4]
407:94.50, 9:10 [4, 3292, 3297, 3187, 3247, 3135, -4]
408:33.94, 8:10 [4, 3121, 3101, -4]
409:79.32, 10:10 [4, 3181, 3159, 3148, -4]
410:134.46, 2:10 [4, 3231, -4]
411:28.69, 8:10 [4, 3160, 3212, 3300, -4]
413:50.31, 9:10 [4, 3272, 3268, 3157, -4]
415:63.68, 8:10 [4, 3215, 3257, 3096, -4]
fe: 5, se: 32

Day: 1, Time: 20
Total Cost: 2484.05
 11:66.27, 57:75 [2, 5, -5, -2]
 12:66.27, 39:75 [2, 5, -5, -2]
 13:66.27, 27:75 [2, 5, -5, -2]
 14:145.23, 55:75 [2, 6, -6, -2]
501:50.37, 10:10 [5, 3224, 3194, 3226, 3087, 3204, -5]
502:51.71, 10:10 [5, 3266, 3298, 3228, 3286, 3313, 3267, -5]
503:148.61, 10:10 [5, 3214, 3235, 3278, 3136, 3225, -5]
504:132.22, 9:10 [5, 3309, 3205, 3108, 3233, 3260, -5]
505:131.17, 9:10 [5, 3168, 3270, 3271, 3303, -5]
506:28.84, 3:10 [5, 3158, -5]
507:82.88, 10:10 [5, 3275, 3264, 3176, 3219, 3312, -5]
508:116.61, 9:10 [5, 3196, 3134, 3259, 3304, 3261, 3310, 3133, -5]
511:144.01, 10:10 [5, 4449, 3104, 3262, 3129, 3315, -5]
513:140.78, 10:10 [5, 3100, 3190, 3120, 3180, 3140, 3199, 3185, 3281, -5]
515:118.44, 10:10 [5, 3091, 3092, 3116, 3177, -5]
516:165.62, 10:10 [5, 3202, 3171, 3166, 3169, 3237, 3245, -5]
517:93.59, 10:10 [5, 3290, 3302, 3223, 3220, 3243, 3211, 3109, 3198, -5]
519:122.70, 10:10 [5, 3137, 3163, 3123, 3156, 3115, -5]
601:98.55, 10:10 [6, 3178, 3258, 3200, 3124, -6]
602:91.02, 10:10 [6, 3105, 3153, 3114, 3131, 3098, -6]
603:83.81, 10:10 [6, 3296, 3222, 3276, 3254, -6]
605:55.98, 10:10 [6, 3126, 3102, 3189, -6]
606:87.90, 10:10 [6, 3118, 3173, 3130, 3097, -6]
607:74.86, 10:10 [6, 3167, 3127, 3138, 3093, 3113, -6]
608:44.82, 8:10 [6, 3110, 3280, 3240, 3147, 3179, -6]
609:75.49, 9:10 [6, 3285, 3229, 3301, 3232, -6]
fe: 4, se: 22

Day: 1, Time: 65
Total Cost: 473.87
 11:136.01, 9:75 [1, -3, -1]
 12:153.31, 7:75 [1, -4, -1]
301:95.37, 9:10 [3, 4357, 4134, 3571, -3]
401:89.17, 7:10 [4, 4311, 3693, 4305, -4]
fe: 2, se: 2

Day: 1, Time: 85
Total Cost: 319.66
 11:66.27, 12:75 [2, -5, -2]
501:107.80, 6:10 [5, 5467, 5249, -5]
502:145.59, 6:10 [5, 5540, 3594, -5]
fe: 1, se: 2

Day: 1, Time: 100
Total Cost: 692.36
 11:136.01, 8:75 [1, -3, -1]
 12:136.01, 1:75 [1, -3, -1]
 13:153.31, 3:75 [1, -4, -1]
301:197.43, 8:10 [3, 5735, 3789, 6229, -3]
302:24.17, 1:10 [3, 5070, -3]
402:45.42, 3:10 [4, 5451, 4860, -4]
fe: 3, se: 3

Day: 1, Time: 100
Total Cost: 246.04
 11:66.27, 8:75 [2, -5, -2]
501:82.10, 4:10 [5, 4852, -5]
502:97.67, 4:10 [5, 5146, -5]
fe: 1, se: 2

Day: 1, Time: 110
Total Cost: 133.50
 11:66.27, 1:75 [2, -5, -2]
501:67.23, 1:10 [5, 4711, -5]
fe: 1, se: 1

Day: 1, Time: 115
Total Cost: 176.81
 11:136.01, 1:75 [1, -3, -1]
301:40.79, 1:10 [3, 4559, -3]
fe: 1, se: 1

Day: 1, Time: 115
Total Cost: 329.11
 11:66.27, 6:75 [2, -5, -2]
 12:66.27, 4:75 [2, -5, -2]
502:108.27, 6:10 [5, 4041, 3835, -5]
503:88.29, 4:10 [5, 5873, -5]
fe: 2, se: 2

Day: 1, Time: 120
Total Cost: 185.48
 11:66.27, 4:75 [2, -5, -2]
501:119.21, 4:10 [5, 4653, 5594, -5]
fe: 1, se: 1

Day: 1, Time: 140
Total Cost: 173.41
 11:153.31, 4:75 [1, -4, -1]
401:20.10, 4:10 [4, 4416, -4]
fe: 1, se: 1

Day: 1, Time: 140
Total Cost: 342.89
 11:66.27, 7:75 [2, -5, -2]
 12:66.27, 3:75 [2, -5, -2]
501:120.90, 7:10 [5, 3396, 4812, -5]
502:89.44, 3:10 [5, 5783, -5]
fe: 2, se: 2

Day: 1, Time: 150
Total Cost: 176.85
 11:145.23, 4:75 [2, -6, -2]
601:31.62, 4:10 [6, 4499, -6]
fe: 1, se: 1

Day: 1, Time: 230
Total Cost: 290.36
 11:66.27, 8:75 [2, -5, -2]
501:224.09, 8:10 [5, 5122, 3818, 3639, 4028, -5]
fe: 1, se: 1

Day: 1, Time: 300
Total Cost: 747.58
 11:136.01, 23:75 [1, -3, -1]
 12:153.31, 15:75 [1, -4, -1]
301:93.50, 7:10 [3, 4927, 4545, 5685, -3]
302:126.11, 7:10 [3, 4271, 4608, 3699, -3]
303:85.56, 9:10 [3, 3609, 4034, 5558, -3]
401:68.45, 7:10 [4, 3543, 6056, -4]
402:84.63, 8:10 [4, 4942, 3432, 5917, -4]
fe: 2, se: 5

Day: 1, Time: 310
Total Cost: 323.88
 11:66.27, 13:75 [2, -5, -2]
501:190.43, 9:10 [5, 3591, 4802, 3627, -5]
502:67.18, 4:10 [5, 4795, 4219, -5]
fe: 1, se: 2

Day: 1, Time: 360
Total Cost: 1120.46
 11:136.01, 17:75 [1, 3, -3, -1]
 12:153.31, 16:75 [1, 4, -4, -1]
301:158.96, 9:10 [3, 4533, 5751, 80, 77, -3]
302:61.25, 6:10 [3, 4223, 5909, -3]
305:165.78, 9:10 [3, 1521, 5942, 5250, 5054, 81, -3]
401:159.81, 7:10 [4, 3865, 71, -4]
402:121.28, 10:10 [4, 3579, 6241, 38, 6049, 114, -4]
404:164.05, 10:10 [4, 123, 96, 69, 76, 120, -4]
fe: 2, se: 6

Day: 1, Time: 405
Total Cost: 1449.00
 11:136.01, 44:75 [1, 3, -3, -1]
 12:153.31, 31:75 [1, 4, -4, -1]
302:102.44, 10:10 [3, 100, 3715, 90, 125, 32, -3]
303:112.16, 4:10 [3, 5710, -3]
304:124.37, 7:10 [3, 43, 95, 30, 53, -3]
305:116.13, 9:10 [3, 5099, 2059, 70, -3]
306:61.64, 6:10 [3, 2350, 36, 3941, 2277, -3]
310:84.52, 10:10 [3, 112, 5599, 14, 85, 21, -3]
311:60.37, 9:10 [3, 593, 74, 45, 15, -3]
401:62.15, 10:10 [4, 72, 122, 24, -4]
402:105.45, 9:10 [4, 86, 8, 10, -4]
403:76.92, 3:10 [4, 1463, 119, 33, -4]
404:76.03, 5:10 [4, 1259, 29, -4]
405:55.34, 9:10 [4, 6192, 4019, 1956, -4]
406:122.15, 3:10 [4, 5221, -4]
fe: 2, se: 13

Day: 1, Time: 405
Total Cost: 1235.16
 11:66.27, 51:75 [2, 5, -5, -2]
 12:145.23, 24:75 [2, 6, -6, -2]
501:107.24, 9:10 [5, 3492, 23, 4709, 124, -5]
502:117.74, 10:10 [5, 75, 2394, 13, 5656, 63, -5]
503:161.12, 10:10 [5, 5797, 57, 3977, 109, 117, 82, -5]
504:118.24, 10:10 [5, 89, 103, 46, 16, -5]
505:95.34, 7:10 [5, 18, 4588, 1670, 99, -5]
506:124.48, 10:10 [5, 44, 5231, 19, 87, 59, -5]
601:89.66, 7:10 [6, 41, 93, 1757, 1369, 2261, -6]
602:46.54, 10:10 [6, 3896, 1121, 104, -6]
603:69.60, 3:10 [6, 37, 503, 1880, -6]
604:43.44, 6:10 [6, 118, 4723, 3648, 101, -6]
605:50.26, 5:10 [6, 11, 62, 25, -6]
fe: 2, se: 11

Day: 1, Time: 450
Total Cost: 865.78
 11:136.01, 13:75 [1, 3, -1]
 12:153.31, 26:75 [1, 4, -1]
301:123.32, 2:10 [3, 50, -3]
302:99.19, 8:10 [3, 2683, 1622, -3]
304:92.02, 3:10 [3, 2404, -3]
401:39.60, 4:10 [4, 34, -4]
402:59.19, 8:10 [4, 1309, 88, -4]
403:70.81, 7:10 [4, 206, 68, -4]
404:92.33, 7:10 [4, 106, 39, -4]
fe: 2, se: 7

Day: 1, Time: 450
Total Cost: 1125.02
 11:66.27, 72:75 [2, 5, -5, -2]
501:118.20, 10:10 [5, 26, 73, 102, -5]
502:86.58, 9:10 [5, 22, 52, 67, -5]
503:108.88, 8:10 [5, 107, 381, 83, -5]
504:84.52, 6:10 [5, 121, 48, -5]
505:104.97, 7:10 [5, 110, 27, -5]
506:83.55, 3:10 [5, 58, -5]
507:151.79, 9:10 [5, 92, 60, 97, -5]
508:75.18, 4:10 [5, 1167, -5]
511:127.33, 5:10 [5, 78, 65, -5]
512:51.01, 7:10 [5, 5492, 31, 56, -5]
515:66.75, 7:10 [5, 116, 115, -5]
fe: 1, se: 11


Day	Area	ID	Time	Load	Utilization	NoOrders	AssignmentCost
1	1	 8	315	 75	1.00	36	825.00
1	1	 9	360	 72	0.96	24	795.00
1	1	15	630	 65	0.87	20	725.00
1	1	18	765	 18	0.30	 5	306.00
1	1	19	810	 60	1.00	28	810.00
1	2	26	270	 24	0.32	12	315.00
1	2	27	315	 75	1.00	33	825.00
1	2	28	360	 39	0.52	11	465.00
1	2	34	630	 26	0.35	 8	335.00
1	2	38	810	 60	1.00	28	810.00


Day	Area	Time	Pickup	Delivery	Direct	FEVehicles	SEVehicles	ALNSTime	ALNSBestTime	RoutingCostArea
1	1	0	64	57	0	5	32	98.59	64.72	3897.86
1	1	65	6	0	1	2	2	0.73	0.00	973.87
1	1	100	6	0	0	3	3	0.57	0.00	692.36
1	1	115	1	0	0	1	1	0.19	0.00	176.81
1	1	140	1	0	1	1	1	0.20	0.00	673.41
1	1	300	14	0	0	2	5	1.12	0.00	747.58
1	1	360	11	12	0	2	6	2.36	0.30	1120.46
1	1	405	8	33	0	2	13	4.43	0.00	1449.00
1	1	450	0	11	0	2	7	0.72	0.00	865.78
1	2	20	55	53	0	4	22	54.32	18.58	2484.05
1	2	85	4	0	0	1	2	0.44	0.00	319.66
1	2	100	2	0	0	1	2	0.26	0.00	246.04
1	2	110	1	0	0	1	1	0.19	0.00	133.50
1	2	115	3	0	0	2	2	0.35	0.00	329.11
1	2	120	2	0	0	1	1	0.29	0.00	185.48
1	2	140	3	0	1	2	2	0.41	0.00	842.89
1	2	150	1	0	0	1	1	0.20	0.00	176.85
1	2	230	4	0	0	1	1	0.41	0.00	290.36
1	2	310	5	0	0	1	2	0.48	0.00	323.88
1	2	405	10	36	0	2	11	5.13	1.01	1235.16
1	2	450	1	24	0	1	11	1.74	0.00	1125.02

Day	SL	Own	DispatchTimes	AssignmentCost	RoutingCost	TotalCost
1	10	0	21	6211.00	18289.13	24500.13

Total Cost: 24500.134497786712
Cost per Day: 24500.134497786712
Running time in Seconds: 966.108
Running time in minutes: 16.1018