INSTANCE: 3hubs_MSD_A_28_x.csv
PARAMETER: sp_msd_standard_20_120_3hubs.txt
POLICY: Stochastic Programming
ALPHA: 0.120066886123027
BETA: 45
OMEGA: 586
EPSILON: 1.18873192208298

Day: 1, Time: 0
Total Cost: 5798.02
 11:136.01, 74:75 [1, 4, -4, -1]
 12:136.01, 31:75 [1, 4, -4, -1]
 13:136.01, 33:75 [1, -4, -1]
 14:153.31, 64:75 [1, 5, -5, -1]
 15:153.31, 10:75 [1, 5, -5, -1]
 16:153.31, 18:75 [1, 5, -5, -1]
 17:153.31, 24:75 [1, -5, -1]
 18:136.01, 7:75 [1, 4, -4, -1]
401:73.65, 10:10 [4, 8897, 8769, 8900, 8917, 8871, -4]
402:130.92, 10:10 [4, 8569, 8602, 8633, -4]
403:74.26, 8:10 [4, 8903, 9005, 8878, -4]
404:118.08, 8:10 [4, 8701, 8963, 8795, 8668, 8786, -4]
405:132.46, 7:10 [4, 8775, 8694, 8780, -4]
406:78.48, 10:10 [4, 8909, 8734, 8802, 8697, -4]
407:157.86, 9:10 [4, 8727, 8733, 8765, 8916, -4]
408:32.31, 10:10 [4, 8800, 8876, 8958, -4]
409:171.25, 10:10 [4, 8587, 8529, 8606, -4]
410:77.75, 10:10 [4, 8944, 9002, 8791, -4]
411:81.02, 9:10 [4, 8591, 8537, 8695, 8658, -4]
412:101.30, 10:10 [4, 8739, 8834, 8836, 8709, -4]
413:20.67, 8:10 [4, 8797, 8968, -4]
414:129.11, 8:10 [4, 8865, 8777, 8768, -4]
415:138.23, 10:10 [4, 8659, 8550, 8603, -4]
416:35.63, 9:10 [4, 8880, 8839, 8883, -4]
417:166.25, 10:10 [4, 8531, 8687, 8540, 8557, -4]
418:59.66, 8:10 [4, 8813, 8891, 8870, -4]
419:160.13, 10:10 [4, 8983, 8875, 8854, 8921, -4]
420:143.39, 4:10 [4, 8953, -4]
421:68.07, 10:10 [4, 8627, 8686, 8534, -4]
422:112.34, 10:10 [4, 8568, 8521, 8584, 8663, -4]
423:131.61, 8:10 [4, 8549, 8528, 8551, -4]
424:121.95, 8:10 [4, 8928, 8926, 8857, 8822, -4]
425:109.57, 9:10 [4, 8610, 8693, 8654, -4]
426:159.02, 3:10 [4, 8793, -4]
427:112.65, 9:10 [4, 8747, 8703, 8860, -4]
501:112.28, 7:10 [5, 8863, 8924, 8831, -5]
502:82.44, 10:10 [5, 8580, 8593, 8637, 8608, -5]
503:51.41, 9:10 [5, 8811, 8941, 8725, -5]
504:106.95, 8:10 [5, 8904, 8773, 9001, 8716, -5]
505:89.83, 10:10 [5, 8896, 8840, 8721, 8908, 8838, 8914, -5]
506:126.02, 2:10 [5, 8731, -5]
507:74.18, 10:10 [5, 8681, 8586, 8527, -5]
508:187.56, 10:10 [5, 8666, 8575, 8665, 8640, 8867, 8609, 8910, -5]
509:63.98, 9:10 [5, 8901, 8943, 8535, 8884, 9003, 8751, -5]
510:115.32, 9:10 [5, 8946, 9006, 8991, -5]
511:110.71, 8:10 [5, 8752, 8905, 8555, 8938, 8824, -5]
512:52.81, 10:10 [5, 8874, 8955, 8712, 8949, -5]
513:52.50, 8:10 [5, 8617, 8520, -5]
515:91.26, 8:10 [5, 8565, 8570, 8675, -5]
516:52.01, 6:10 [5, 8873, 8700, 8809, -5]
518:88.40, 10:10 [5, 8583, 8536, 8579, -5]
520:82.73, 10:10 [5, 8852, 8705, 8814, 8969, -5]
522:41.39, 8:10 [5, 8740, 8844, 8948, -5]
523:76.14, 9:10 [5, 8578, 8653, 8559, -5]
524:85.18, 10:10 [5, 8971, 8711, 8912, 8708, 8741, -5]
fe: 8, se: 47

Day: 1, Time: 5
Total Cost: 4973.85
 11:66.27, 75:75 [2, 6, -6, -2]
 12:66.27, 62:75 [2, 6, -6, -2]
 13:66.27, 20:75 [2, -6, -2]
 14:66.27, 37:75 [2, 6, -6, -2]
 15:66.27, 4:75 [2, -6, -2]
 16:66.27, 20:75 [2, -6, -2]
 17:66.27, 2:75 [2, -6, -2]
 18:145.23, 61:75 [2, 7, -7, -2]
601:74.61, 8:10 [6, 14711, 8825, 8710, -6]
602:106.64, 10:10 [6, 8952, 8879, 8729, -6]
603:155.38, 10:10 [6, 8717, 8649, 8715, 8940, 8821, 8776, -6]
604:84.69, 10:10 [6, 8864, 8728, 8899, 8872, 8781, -6]
605:113.84, 2:10 [6, 8853, -6]
606:76.29, 10:10 [6, 8763, 8975, 8807, 8707, 8770, -6]
607:107.80, 10:10 [6, 8724, 8823, 8845, 9000, -6]
608:121.11, 10:10 [6, 8750, 8723, 8726, 8855, -6]
609:109.27, 10:10 [6, 8576, 8827, 8932, 8962, -6]
610:21.27, 6:10 [6, 8657, 8554, -6]
611:94.55, 10:10 [6, 8758, 8888, 8906, 8784, -6]
612:90.71, 10:10 [6, 8995, 8951, 8757, 8843, 8599, -6]
613:111.92, 9:10 [6, 8556, 8539, 8644, -6]
614:144.18, 4:10 [6, 8810, -6]
615:84.26, 9:10 [6, 8620, 8630, 8532, -6]
616:162.74, 10:10 [6, 8851, 8887, 8881, 8974, -6]
617:129.32, 2:10 [6, 8755, -6]
618:110.57, 9:10 [6, 8702, 8820, 8667, 8837, -6]
619:58.60, 10:10 [6, 8992, 8994, 8915, 8732, -6]
621:115.62, 10:10 [6, 8607, 8947, 8945, 12777, 8886, -6]
622:129.52, 10:10 [6, 8538, 8634, 8611, 8618, -6]
623:120.61, 10:10 [6, 8927, 8812, 9009, -6]
624:94.05, 10:10 [6, 8859, 8774, 8989, -6]
625:42.56, 10:10 [6, 8749, 8961, 8754, -6]
627:108.52, 9:10 [6, 8826, 8846, 8738, -6]
628:115.49, 10:10 [6, 8562, 8652, 8601, 8619, -6]
629:100.38, 10:10 [6, 8730, 8999, 8985, 8704, -6]
631:137.24, 9:10 [6, 8977, 8890, 8760, 8736, -6]
633:28.40, 8:10 [6, 8677, 8650, 8523, -6]
639:83.57, 10:10 [6, 8861, 8868, 8756, 8850, 8964, 8798, -6]
640:157.45, 10:10 [6, 8830, 8841, 8976, 8894, -6]
641:117.68, 10:10 [6, 8696, 8589, 8623, -6]
701:73.05, 7:10 [7, 8804, 9007, 8828, -7]
702:86.87, 10:10 [7, 8698, 8621, 8571, -7]
703:73.44, 9:10 [7, 8918, 8847, 8858, 8713, -7]
704:33.64, 7:10 [7, 8722, 8930, -7]
705:62.79, 10:10 [7, 8862, 8950, 8966, -7]
706:61.76, 10:10 [7, 8764, 8942, 8902, -7]
707:68.35, 3:10 [7, 8782, -7]
708:96.40, 10:10 [7, 8656, 8626, 8552, 8596, -7]
709:71.43, 10:10 [7, 8574, 8577, 8631, -7]
710:45.03, 5:10 [7, 8762, 8893, 16623, -7]
711:91.83, 10:10 [7, 8581, 8542, 8638, 8567, 8530, -7]
712:83.12, 10:10 [7, 8746, 8935, 8967, 8913, -7]
713:166.97, 10:10 [7, 8613, 8629, 8573, 8564, -7]
715:41.19, 5:10 [7, 8604, 8524, -7]
fe: 8, se: 46

Day: 1, Time: 10
Total Cost: 5936.20
 11:94.59, 72:75 [3, 8, -8, -3]
 12:94.59, 61:75 [3, 8, -8, -3]
 13:94.59, 16:75 [3, -8, -3]
 14:94.59, 25:75 [3, 8, -8, -3]
 15:90.24, 62:75 [3, 9, -9, -3]
 16:90.24, 38:75 [3, 9, -9, -3]
 17:90.24, 1:75 [3, -9, -3]
 18:90.24, 2:75 [3, -9, -3]
 19:90.24, 4:75 [3, -9, -3]
 20:94.59, 2:75 [3, -8, -3]
 21:90.24, 14:75 [3, -9, -3]
801:84.52, 10:10 [8, 8801, 8771, 8735, 8766, -8]
802:41.81, 10:10 [8, 8761, 8937, 8882, -8]
803:120.93, 2:10 [8, 8783, -8]
804:10.00, 4:10 [8, 8856, -8]
805:86.75, 7:10 [8, 8714, 8745, -8]
806:120.68, 10:10 [8, 8829, 8806, 8742, 8818, 8615, -8]
807:90.04, 10:10 [8, 8558, 8632, 8597, 8643, -8]
808:136.33, 10:10 [8, 8526, 8790, 8849, 8582, 8788, -8]
809:93.80, 10:10 [8, 8676, 8835, 8743, 8993, 8933, -8]
810:110.58, 9:10 [8, 8920, 8600, 8662, 8996, 8642, 8545, 8636, -8]
811:60.83, 10:10 [8, 8832, 8803, 8973, 8923, 8869, -8]
812:110.72, 2:10 [8, 8931, -8]
813:129.10, 10:10 [8, 8957, 8815, 8664, 8848, 8866, -8]
814:53.67, 8:10 [8, 12015, 8889, -8]
815:125.96, 10:10 [8, 8624, 8799, 8553, 8588, 8965, -8]
816:110.22, 4:10 [8, 8960, -8]
817:103.59, 10:10 [8, 8816, 8819, 8789, -8]
818:60.73, 9:10 [8, 8614, 8533, 8647, 8646, -8]
819:120.50, 10:10 [8, 8934, 8972, 8635, 8987, 8939, -8]
820:86.29, 8:10 [8, 8744, 8720, 8981, -8]
821:110.74, 10:10 [8, 8892, 8718, 8590, 8980, 8990, -8]
822:27.86, 7:10 [8, 8616, 8547, -8]
823:134.93, 10:10 [8, 8622, 8612, 8669, 8525, 8691, -8]
824:10.77, 4:10 [8, 8808, -8]
825:82.20, 9:10 [8, 8674, 8639, 8671, -8]
826:104.27, 10:10 [8, 8779, 8988, 8978, 8785, -8]
829:98.97, 9:10 [8, 8673, 8625, 8688, -8]
830:127.87, 7:10 [8, 8998, 8911, 8936, -8]
901:46.44, 9:10 [9, 8737, 8759, 8922, 8929, 8956, -9]
902:150.13, 10:10 [9, 8585, 8572, 8648, 8522, -9]
903:93.04, 3:10 [9, 8984, -9]
904:72.97, 8:10 [9, 8655, 8670, 8598, -9]
905:97.22, 9:10 [9, 9004, 8907, 8833, 8778, 9917, -9]
906:100.00, 2:10 [9, 8970, -9]
907:81.27, 7:10 [9, 9397, 8898, -9]
908:120.44, 10:10 [9, 8679, 8563, 8685, 8544, 8682, -9]
909:110.22, 2:10 [9, 8997, -9]
910:125.16, 4:10 [9, 8986, 8753, -9]
911:47.54, 7:10 [9, 8680, 8594, 8690, -9]
912:83.46, 8:10 [9, 8954, 8885, 8805, 8842, -9]
913:61.96, 7:10 [9, 8561, 8660, 8543, -9]
914:115.49, 10:10 [9, 8678, 8699, 8592, 8628, -9]
915:104.01, 10:10 [9, 8661, 8595, 8546, 8645, -9]
916:145.17, 9:10 [9, 8548, 8672, 8689, 8692, 8684, -9]
917:84.23, 7:10 [9, 8719, 8925, -9]
918:123.93, 10:10 [9, 8767, 8772, 8919, 8959, 8787, 8979, -9]
919:75.60, 10:10 [9, 13503, 8792, 8796, -9]
920:102.00, 1:10 [9, 8706, -9]
921:100.20, 10:10 [9, 8641, 8651, 8605, 8541, -9]
923:101.31, 9:10 [9, 8982, 8877, 8895, 8817, 9008, -9]
924:115.45, 4:10 [9, 8748, -9]
925:60.33, 10:10 [9, 8683, 8560, 8566, -9]
926:49.52, 2:10 [9, 8794, -9]
fe: 11, se: 53

Day: 1, Time: 20
Total Cost: 323.85
 11:113.51, 7:75 [3, -8, -9, -3]
801:32.98, 4:10 [8, 11721, -8]
901:76.16, 2:10 [9, 11003, -9]
902:101.19, 1:10 [9, 15832, -9]
fe: 1, se: 3

Day: 1, Time: 25
Total Cost: 175.07
 11:94.59, 4:75 [3, -8, -3]
801:80.47, 4:10 [8, 11267, 17144, -8]
fe: 1, se: 1

Day: 1, Time: 30
Total Cost: 452.29
 13:66.27, 20:75 [2, -6, -2]
601:104.40, 3:10 [6, 12839, -6]
602:112.02, 2:10 [6, 9612, -6]
603:117.99, 8:10 [6, 13286, 14542, -6]
604:51.61, 7:10 [6, 16107, 17082, -6]
fe: 1, se: 4

Day: 1, Time: 30
Total Cost: 331.94
 11:94.59, 5:75 [3, -8, -3]
 12:90.24, 1:75 [3, -9, -3]
801:45.89, 5:10 [8, 16380, 9636, -8]
901:101.21, 1:10 [9, 10324, -9]
fe: 2, se: 2

Day: 1, Time: 45
Total Cost: 857.44
 11:94.59, 11:75 [3, -8, -3]
 12:94.59, 6:75 [3, -8, -3]
 13:90.24, 2:75 [3, -9, -3]
801:94.02, 1:10 [8, 14883, -8]
802:111.53, 6:10 [8, 14595, 12564, -8]
803:83.45, 4:10 [8, 16475, -8]
804:86.02, 3:10 [8, 14768, -8]
805:96.17, 3:10 [8, 16972, -8]
901:106.82, 2:10 [9, 13021, 12443, -9]
fe: 3, se: 6

Day: 1, Time: 50
Total Cost: 344.38
 11:94.59, 4:75 [3, -8, -3]
 12:90.24, 3:75 [3, -9, -3]
801:58.41, 4:10 [8, 16607, -8]
901:101.13, 3:10 [9, 12431, -9]
fe: 2, se: 2

Day: 1, Time: 55
Total Cost: 343.19
 11:153.31, 1:75 [1, -5, -1]
 12:136.01, 1:75 [1, -4, -1]
401:4.47, 1:10 [4, 15981, -4]
501:49.40, 1:10 [5, 10857, -5]
fe: 2, se: 2

Day: 1, Time: 60
Total Cost: 291.19
 11:66.27, 11:75 [2, -6, -2]
601:71.39, 3:10 [6, 15243, -6]
602:92.65, 2:10 [6, 12742, -6]
603:60.88, 6:10 [6, 13777, 13820, 14941, -6]
fe: 1, se: 3

Day: 1, Time: 75
Total Cost: 451.79
 11:94.59, 4:75 [3, -8, -3]
 12:90.24, 7:75 [3, -9, -3]
801:98.08, 3:10 [8, 14562, 14088, -8]
802:70.03, 1:10 [8, 15230, -8]
901:98.85, 7:10 [9, 16025, 12722, -9]
fe: 2, se: 3

Day: 1, Time: 85
Total Cost: 415.08
 11:136.01, 9:75 [1, -4, -1]
 12:153.31, 2:75 [1, -5, -1]
401:65.94, 7:10 [4, 9868, 11196, -4]
402:13.42, 2:10 [4, 13397, -4]
501:46.39, 2:10 [5, 11286, -5]
fe: 2, se: 3

Day: 1, Time: 95
Total Cost: 506.86
 11:136.01, 3:75 [1, -4, -1]
 12:153.31, 1:75 [1, -5, -1]
401:155.24, 3:10 [4, 16761, -4]
501:62.29, 1:10 [5, 16669, -5]
fe: 2, se: 2

Day: 1, Time: 95
Total Cost: 713.22
 11:66.27, 13:75 [2, -6, -2]
 12:145.23, 4:75 [2, -7, -2]
601:110.71, 5:10 [6, 9475, 16163, -6]
602:110.66, 4:10 [6, 16554, 12175, -6]
603:130.00, 2:10 [6, 9318, -6]
604:111.52, 2:10 [6, 15819, -6]
701:38.83, 4:10 [7, 17195, -7]
fe: 2, se: 5

Day: 1, Time: 95
Total Cost: 200.92
 11:90.24, 8:75 [3, -9, -3]
901:110.67, 8:10 [9, 13413, 15557, -9]
fe: 1, se: 1

Day: 1, Time: 100
Total Cost: 290.84
 11:153.31, 5:75 [1, -5, -1]
501:137.53, 5:10 [5, 13341, 12714, -5]
fe: 1, se: 1

Day: 1, Time: 100
Total Cost: 435.97
 11:66.27, 3:75 [2, -6, -2]
 12:66.27, 4:75 [2, -6, -2]
601:108.68, 2:10 [6, 16414, -6]
602:62.80, 4:10 [6, 11542, -6]
603:131.94, 1:10 [6, 16462, -6]
fe: 2, se: 3

Day: 1, Time: 105
Total Cost: 263.66
 11:153.31, 2:75 [1, -5, -1]
501:110.34, 2:10 [5, 9379, -5]
fe: 1, se: 1

Day: 1, Time: 110
Total Cost: 351.69
 11:66.27, 8:75 [2, -6, -2]
 12:66.27, 2:75 [2, -6, -2]
601:63.56, 4:10 [6, 11841, -6]
602:65.15, 4:10 [6, 9593, -6]
603:90.44, 2:10 [6, 15842, -6]
fe: 2, se: 3

Day: 1, Time: 110
Total Cost: 398.64
 11:94.59, 4:75 [3, -8, -3]
 12:94.59, 3:75 [3, -8, -3]
801:24.17, 1:10 [8, 14782, -8]
802:28.07, 1:10 [8, 10512, -8]
803:77.18, 2:10 [8, 14676, -8]
804:34.00, 2:10 [8, 15102, -8]
805:46.04, 1:10 [8, 12926, -8]
fe: 2, se: 5

Day: 1, Time: 115
Total Cost: 916.41
 11:136.01, 5:75 [1, -4, -1]
 12:136.01, 10:75 [1, -4, -1]
 13:153.31, 2:75 [1, -5, -1]
401:140.79, 4:10 [4, 16328, 10237, -4]
402:62.80, 6:10 [4, 16756, 14114, -4]
403:48.41, 4:10 [4, 16612, -4]
404:154.31, 1:10 [4, 13845, -4]
501:84.76, 2:10 [5, 14882, -5]
fe: 3, se: 5

Day: 1, Time: 115
Total Cost: 304.52
 11:90.24, 1:75 [3, -9, -3]
 12:90.24, 4:75 [3, -9, -3]
901:89.11, 1:10 [9, 13676, -9]
902:34.93, 4:10 [9, 12740, -9]
fe: 2, se: 2

Day: 1, Time: 120
Total Cost: 267.08
 11:153.31, 2:75 [1, -5, -1]
501:113.77, 2:10 [5, 15096, -5]
fe: 1, se: 1

Day: 1, Time: 125
Total Cost: 209.71
 11:90.24, 5:75 [3, -9, -3]
901:119.47, 5:10 [9, 9287, 14578, -9]
fe: 1, se: 1

Day: 1, Time: 130
Total Cost: 284.74
 11:66.27, 3:75 [2, -6, -2]
 12:66.27, 4:75 [2, -6, -2]
601:64.03, 1:10 [6, 16345, -6]
602:74.03, 4:10 [6, 15907, -6]
603:14.14, 2:10 [6, 14572, -6]
fe: 2, se: 3

Day: 1, Time: 130
Total Cost: 113.57
 11:94.59, 3:75 [3, -8, -3]
801:18.97, 3:10 [8, 12586, -8]
fe: 1, se: 1

Day: 1, Time: 135
Total Cost: 126.30
 11:90.24, 3:75 [3, -9, -3]
901:36.06, 3:10 [9, 14378, -9]
fe: 1, se: 1

Day: 1, Time: 140
Total Cost: 419.86
 11:153.31, 1:75 [1, -5, -1]
 12:136.01, 3:75 [1, -4, -1]
401:88.77, 3:10 [4, 15377, -4]
501:41.76, 1:10 [5, 10953, -5]
fe: 2, se: 2

Day: 1, Time: 140
Total Cost: 208.48
 11:145.23, 2:75 [2, -7, -2]
701:63.25, 2:10 [7, 14197, -7]
fe: 1, se: 1

Day: 1, Time: 145
Total Cost: 201.33
 11:94.59, 3:75 [3, -8, -3]
801:106.73, 3:10 [8, 16152, -8]
fe: 1, se: 1

Day: 1, Time: 155
Total Cost: 429.61
 11:136.01, 6:75 [1, -4, -1]
 12:136.01, 4:75 [1, -4, -1]
401:80.22, 4:10 [4, 13889, -4]
402:59.46, 2:10 [4, 15580, -4]
403:17.89, 4:10 [4, 12415, -4]
fe: 2, se: 3

Day: 1, Time: 160
Total Cost: 246.65
 11:136.01, 2:75 [1, -4, -1]
401:110.63, 2:10 [4, 15356, -4]
fe: 1, se: 1

Day: 1, Time: 160
Total Cost: 92.35
 11:66.27, 4:75 [2, -6, -2]
601:26.08, 4:10 [6, 14140, -6]
fe: 1, se: 1

Day: 1, Time: 165
Total Cost: 176.52
 11:90.24, 3:75 [3, -9, -3]
901:86.28, 3:10 [9, 14759, -9]
fe: 1, se: 1

Day: 1, Time: 175
Total Cost: 345.49
 11:66.27, 3:75 [2, -6, -2]
 12:145.23, 4:75 [2, -7, -2]
601:112.45, 3:10 [6, 13053, -6]
701:21.54, 4:10 [7, 9930, -7]
fe: 2, se: 2

Day: 1, Time: 175
Total Cost: 220.67
 11:90.24, 4:75 [3, -9, -3]
901:130.43, 4:10 [9, 15850, -9]
fe: 1, se: 1

Day: 1, Time: 305
Total Cost: 929.71
 11:136.01, 31:75 [1, -4, -1]
 12:153.31, 26:75 [1, -5, -1]
401:45.28, 7:10 [4, 14104, 12901, -4]
403:114.17, 9:10 [4, 12613, 9596, 13253, 16587, -4]
404:168.94, 10:10 [4, 11880, 15620, 10616, 10657, 16837, 15900, -4]
405:60.72, 5:10 [4, 16909, 16784, -4]
501:29.13, 7:10 [5, 14384, 15693, -5]
502:102.84, 10:10 [5, 13427, 17032, 14027, 9902, -5]
503:119.30, 9:10 [5, 14702, 16501, 11658, 15770, 10551, -5]
fe: 2, se: 7

Day: 1, Time: 305
Total Cost: 1080.65
 11:66.27, 62:75 [2, -6, -2]
 12:145.23, 19:75 [2, -7, -2]
601:63.46, 10:10 [6, 15173, 11202, 10894, -6]
602:21.71, 6:10 [6, 14548, 15070, -6]
603:162.93, 10:10 [6, 13862, 12341, 15864, 12398, -6]
604:67.67, 9:10 [6, 9146, 16969, 9398, -6]
605:133.31, 9:10 [6, 16716, 16401, 14873, 13917, -6]
606:63.89, 8:10 [6, 16499, 14392, 14049, -6]
608:140.88, 10:10 [6, 16564, 16170, 14626, 14270, -6]
701:88.38, 9:10 [7, 12364, 11773, 14972, 12453, 10915, -7]
702:126.92, 10:10 [7, 13135, 9725, 15702, 13583, -7]
fe: 2, se: 9

Day: 1, Time: 305
Total Cost: 930.18
 11:90.24, 51:75 [3, -9, -3]
 12:90.24, 10:75 [3, -9, -3]
901:124.67, 10:10 [9, 16421, 16613, 12069, 15808, 17093, -9]
902:88.54, 10:10 [9, 13025, 11583, 13798, 13387, -9]
903:104.06, 9:10 [9, 16476, 13105, 10080, -9]
904:125.19, 10:10 [9, 9675, 9995, 13709, -9]
905:151.28, 10:10 [9, 13735, 11431, 12054, 9619, 13785, -9]
906:30.07, 2:10 [9, 16024, -9]
907:125.88, 10:10 [9, 12966, 9182, 9870, -9]
fe: 2, se: 7

Day: 1, Time: 325
Total Cost: 1651.11
 11:136.01, 65:75 [1, 4, -1]
 13:153.31, 61:75 [1, 5, -5, -1]
401:82.02, 10:10 [4, 142, 64, 8392, -4]
402:128.63, 10:10 [4, 93, 208, 80, 138, -4]
403:88.00, 9:10 [4, 160, 91, 7690, 5130, -4]
404:34.39, 7:10 [4, 266, 5852, 117, -4]
405:70.35, 10:10 [4, 7917, 296, 73, -4]
406:64.50, 9:10 [4, 5087, 178, 7785, 233, -4]
407:130.15, 10:10 [4, 17, 84, 68, 2577, -4]
501:113.22, 9:10 [5, 106, 276, 94, 16087, 307, -5]
502:25.55, 6:10 [5, 277, 169, -5]
503:159.50, 10:10 [5, 163, 182, 14820, 241, 63, 11641, 102, -5]
504:201.11, 10:10 [5, 285, 40, 294, 11255, 280, 239, 38, -5]
505:96.55, 8:10 [5, 8454, 203, 235, 16059, -5]
506:67.82, 8:10 [5, 274, 14, 7142, 228, -5]
508:100.00, 10:10 [5, 69, 56, 707, 16030, 3031, -5]
fe: 2, se: 14

Day: 1, Time: 360
Total Cost: 1270.18
 11:136.01, 36:75 [1, 4, -4, -1]
 12:153.31, 46:75 [1, 5, -5, -1]
401:88.68, 8:10 [4, 156, 8165, 5882, 14845, -4]
402:131.24, 10:10 [4, 7335, 153, 189, 12509, 88, -4]
404:101.39, 9:10 [4, 1227, 67, 10577, 6412, 16364, 261, -4]
405:142.10, 10:10 [4, 6092, 271, 10077, 3874, 127, -4]
501:70.43, 9:10 [5, 3896, 17099, 4050, 8440, -5]
502:173.29, 9:10 [5, 318, 11337, 299, 217, 97, -5]
503:96.65, 10:10 [5, 229, 143, 289, 46, 4331, -5]
504:124.94, 10:10 [5, 187, 1822, 287, 136, 195, -5]
505:52.14, 8:10 [5, 5688, 304, 4032, -5]
fe: 2, se: 9

Day: 1, Time: 370
Total Cost: 1514.79
 11:66.27, 67:75 [2, 6, -6, -2]
 13:151.76, 54:75 [2, 6, 7, -7, -2]
601:134.23, 10:10 [6, 3753, 2167, 10069, 236, 1634, 115, 9732, 314, 293, 292, -6]
602:68.19, 10:10 [6, 82, 50, 10928, 281, 26, -6]
604:174.97, 10:10 [6, 22, 170, 173, 58, 6193, -6]
606:76.06, 9:10 [6, 175, 104, 1055, 283, 2313, -6]
607:109.57, 10:10 [6, 119, 4813, 265, 13, 9953, -6]
610:113.90, 10:10 [6, 193, 21, 13614, 232, 12313, 47, -6]
613:123.01, 10:10 [6, 113, 5905, 29, 10331, 31, -6]
614:103.68, 9:10 [6, 179, 183, 6078, 226, 9370, 154, -6]
701:52.64, 10:10 [7, 2596, 238, 218, 77, 224, -7]
702:60.95, 7:10 [7, 2717, 41, 16, -7]
703:88.94, 10:10 [7, 234, 264, 205, 269, 152, -7]
704:114.00, 9:10 [7, 150, 10646, 206, 3741, 61, -7]
705:76.61, 10:10 [7, 946, 270, 123, 301, -7]
fe: 2, se: 13

Day: 1, Time: 375
Total Cost: 1874.32
 11:94.59, 75:75 [3, 8, -8, -3]
 12:90.24, 71:75 [3, 9, -9, -3]
 13:90.24, 9:75 [3, 9, -3]
801:79.67, 10:10 [8, 11109, 313, 168, 148, 216, -8]
802:93.96, 10:10 [8, 222, 7291, 23, 17209, 157, 48, 12721, 4052, -8]
804:63.46, 10:10 [8, 7933, 32, 13392, 18, 10254, 59, -8]
805:82.53, 8:10 [8, 4149, 171, 240, 11311, -8]
806:119.63, 9:10 [8, 3151, 4596, 13896, 11057, 13952, 43, -8]
808:131.03, 10:10 [8, 262, 7655, 17163, 14332, 70, 6251, -8]
809:66.39, 9:10 [8, 223, 225, 251, -8]
810:123.41, 10:10 [8, 302, 66, 51, 7417, 200, -8]
901:110.57, 10:10 [9, 311, 317, 3453, 15977, 92, 12225, -9]
902:21.54, 4:10 [9, 209, -9]
903:98.64, 10:10 [9, 108, 305, 172, 39, -9]
904:112.08, 10:10 [9, 258, 72, 309, 245, 65, -9]
905:97.09, 10:10 [9, 253, 164, 12549, 2852, 5450, -9]
906:107.71, 9:10 [9, 6553, 132, 114, 120, -9]
907:137.34, 10:10 [9, 6509, 211, 260, 14557, 174, -9]
908:32.75, 8:10 [9, 10, 212, -9]
912:121.44, 9:10 [9, 922, 11374, 602, 16080, 295, 198, 16995, -9]
fe: 3, se: 17

Day: 1, Time: 405
Total Cost: 2372.10
 11:136.01, 74:75 [1, 4, -4, -1]
 12:153.31, 67:75 [1, 5, -5, -1]
 13:153.31, 4:75 [1, -5, -1]
401:53.09, 9:10 [4, 196, 12825, 9277, 60, -4]
403:146.72, 10:10 [4, 7772, 122, 244, 197, 628, -4]
404:104.51, 10:10 [4, 74, 12, 257, -4]
405:88.18, 10:10 [4, 249, 89, 243, 308, -4]
406:95.06, 8:10 [4, 204, 4986, 272, 6540, -4]
407:75.17, 10:10 [4, 12845, 15646, 30, 135, -4]
408:80.18, 7:10 [4, 310, 14300, 25, 202, 151, -4]
409:130.27, 10:10 [4, 15213, 250, 129, -4]
410:43.86, 2:10 [4, 5507, -4]
411:100.35, 9:10 [4, 300, 297, 99, -4]
501:119.58, 10:10 [5, 42, 7864, 5986, 785, -5]
502:145.56, 10:10 [5, 53, 55, 298, 4399, -5]
503:132.80, 4:10 [5, 13270, -5]
504:59.37, 7:10 [5, 191, 282, 4236, -5]
505:70.05, 9:10 [5, 13030, 36, 237, -5]
506:101.83, 9:10 [5, 192, 145, 247, -5]
507:54.17, 5:10 [5, 8505, 11440, 130, -5]
508:84.42, 7:10 [5, 16062, 199, -5]
510:162.41, 10:10 [5, 24, 221, 303, 139, -5]
511:81.88, 9:10 [5, 13585, 284, 27, -5]
fe: 3, se: 20

Day: 1, Time: 405
Total Cost: 1921.44
 11:66.27, 75:75 [2, 6, -6, -2]
 12:66.27, 40:75 [2, 6, -2]
 13:145.23, 44:75 [2, 7, -7, -2]
601:118.34, 10:10 [6, 291, 2506, 116, 7979, 95, 71, -6]
602:52.39, 10:10 [6, 76, 166, 100, -6]
603:102.33, 10:10 [6, 219, 5398, 6867, 5872, -6]
604:135.54, 10:10 [6, 213, 144, 5424, 13591, 181, 52, -6]
605:155.68, 9:10 [6, 126, 9622, 278, 125, -6]
606:72.42, 7:10 [6, 267, 290, -6]
607:129.88, 8:10 [6, 149, 14029, 45, -6]
608:77.72, 8:10 [6, 3325, 194, -6]
609:41.91, 7:10 [6, 54, 118, -6]
610:146.88, 7:10 [6, 79, 4723, 13094, -6]
612:92.60, 10:10 [6, 128, 159, 201, 11395, -6]
613:68.40, 10:10 [6, 75, 28, 312, 11775, 111, -6]
617:118.54, 10:10 [6, 210, 7922, 11970, 90, -6]
701:41.77, 9:10 [7, 176, 110, 81, 10665, 207, -7]
702:71.37, 8:10 [7, 263, 15914, 158, -7]
703:31.80, 7:10 [7, 315, 180, 10507, -7]
704:72.43, 2:10 [7, 16441, 44, -7]
705:74.10, 9:10 [7, 98, 246, 2263, 35, -7]
706:39.57, 10:10 [7, 78, 5947, 259, -7]
fe: 3, se: 19

Day: 1, Time: 405
Total Cost: 1529.74
 11:94.59, 56:75 [3, 8, -8, -3]
 12:90.24, 67:75 [3, 9, -9, -3]
801:48.76, 9:10 [8, 101, 33, 15145, 319, -8]
802:128.32, 7:10 [8, 214, 184, -8]
803:125.25, 9:10 [8, 161, 7129, 12792, 7217, 112, -8]
804:88.94, 9:10 [8, 188, 242, 4087, -8]
805:102.11, 8:10 [8, 4707, 227, 316, 105, -8]
806:5.66, 4:10 [8, 286, -8]
807:99.26, 10:10 [8, 165, 103, 133, 3485, -8]
901:101.44, 10:10 [9, 141, 6021, 131, 273, -9]
902:107.85, 9:10 [9, 34, 7152, 49, 37, -9]
903:110.59, 10:10 [9, 155, 190, 167, 16203, -9]
904:102.10, 10:10 [9, 137, 7724, 146, 13904, 85, -9]
905:92.76, 10:10 [9, 15553, 140, 107, 186, 7473, -9]
906:100.01, 9:10 [9, 3725, 20, 256, -9]
907:131.86, 10:10 [9, 255, 15506, 83, 8066, 96, -9]
fe: 2, se: 14

Day: 1, Time: 420
Total Cost: 390.28
 11:113.51, 13:75 [3, -8, -9, -3]
801:100.96, 3:10 [8, 15357, -8]
901:125.10, 6:10 [9, 12091, 14528, -9]
902:50.71, 4:10 [9, 15534, 11316, -9]
fe: 1, se: 3

Day: 1, Time: 450
Total Cost: 790.47
 11:66.27, 51:75 [2, 6, -6, -2]
601:147.00, 10:10 [6, 57, 7462, 6069, -6]
602:87.58, 8:10 [6, 185, 87, -6]
603:135.09, 10:10 [6, 6890, 4024, 5199, 248, -6]
604:112.71, 10:10 [6, 6406, 597, 19, -6]
605:140.56, 9:10 [6, 6687, 15, 268, -6]
606:54.18, 4:10 [6, 215, 4651, -6]
608:47.07, 2:10 [6, 13996, -6]
fe: 1, se: 7

Day: 1, Time: 450
Total Cost: 618.44
 12:113.51, 36:75 [3, 9, 8, -3]
801:48.66, 1:10 [8, 124, -8]
901:85.04, 7:10 [9, 162, 279, -9]
902:106.80, 9:10 [9, 689, 254, 8071, -9]
903:139.80, 9:10 [9, 62, 121, 11, -9]
904:124.63, 10:10 [9, 6192, 1240, 1178, -9]
fe: 1, se: 5

Day: 1, Time: 460
Total Cost: 147.03
 11:66.27, 5:75 [2, 6, -2]
602:80.76, 5:10 [6, 7160, 7638, -6]
fe: 1, se: 1

Day: 1, Time: 460
Total Cost: 222.67
 12:90.24, 6:75 [3, 9, -3]
901:32.56, 2:10 [9, 6666, -9]
902:99.87, 4:10 [9, 1547, 5155, -9]
fe: 1, se: 2


Day	Area	ID	Time	Load	Utilization	NoOrders	AssignmentCost
1	1	 6	225	 16	0.21	 6	235.00
1	1	 7	270	 25	0.33	12	325.00
1	1	127	300	 50	0.33	32	1150.00
1	1	27	315	 75	1.00	25	825.00
1	1	 8	315	 75	1.00	28	825.00
1	1	 9	360	 73	0.97	25	805.00
1	1	119	400	  7	0.05	 4	290.00
1	1	34	630	 29	0.39	13	365.00
1	1	38	810	 42	0.70	14	594.00
1	1	19	810	 60	1.00	26	810.00
1	2	63	225	 75	1.00	35	825.00
1	2	44	225	 75	1.00	27	825.00
1	2	64	270	 75	1.00	26	825.00
1	2	46	315	 75	1.00	32	825.00
1	2	65	315	 51	0.68	18	585.00
1	2	47	360	  4	0.05	 1	115.00
1	2	72	630	 27	0.36	 8	345.00
1	2	57	810	 60	1.00	26	810.00
1	2	76	810	 60	1.00	24	810.00
1	3	101	225	 23	0.31	 7	305.00
1	3	82	225	 73	0.97	32	805.00
1	3	102	270	 72	0.96	35	795.00
1	3	103	315	 73	0.97	25	805.00
1	3	84	315	 74	0.99	31	815.00
1	3	85	360	 10	0.13	 3	175.00
1	3	164	400	  4	0.03	 1	230.00
1	3	91	630	 21	0.28	 6	285.00
1	3	114	810	 60	1.00	30	810.00
1	3	95	810	 60	1.00	24	810.00


Day	Area	Time	Pickup	Delivery	Direct	FEVehicles	SEVehicles	ALNSTime	ALNSBestTime	RoutingCostArea
1	1	0	105	58	0	8	47	112.45	38.88	5798.02
1	1	55	2	0	0	2	2	0.42	0.00	343.19
1	1	85	4	0	2	2	3	0.51	0.00	1415.08
1	1	95	2	0	0	2	2	0.42	0.00	506.86
1	1	100	2	0	0	1	1	0.31	0.00	290.84
1	1	105	1	0	0	1	1	0.20	0.00	263.66
1	1	115	7	0	0	3	5	1.01	0.00	916.41
1	1	120	1	0	0	1	1	0.24	0.00	267.08
1	1	135	0	0	1	0	0	0.00	0.00	500.00
1	1	140	2	0	0	2	2	0.33	0.00	419.86
1	1	155	3	0	0	2	3	0.45	0.00	429.61
1	1	160	1	0	0	1	1	0.24	0.00	246.65
1	1	165	0	0	1	0	0	0.00	0.00	500.00
1	1	170	0	0	2	0	0	0.00	0.00	1000.00
1	1	305	25	0	0	2	7	2.22	0.18	929.71
1	1	325	6	53	0	2	14	24.24	20.71	1651.11
1	1	360	7	35	0	2	9	9.56	5.64	1270.18
1	1	405	11	55	0	3	20	16.79	7.87	2372.10
1	2	5	111	48	0	8	46	95.11	64.10	4973.85
1	2	30	6	0	0	1	4	1.04	0.53	452.29
1	2	60	5	0	0	1	3	0.64	0.00	291.19
1	2	95	7	0	0	2	5	0.51	0.00	713.22
1	2	100	3	0	0	2	3	0.64	0.00	435.97
1	2	110	3	0	0	2	3	0.53	0.00	351.69
1	2	130	3	0	0	2	3	0.45	0.00	284.74
1	2	135	0	0	1	0	0	0.00	0.00	500.00
1	2	140	1	0	0	1	1	0.40	0.00	208.48
1	2	160	1	0	0	1	1	0.21	0.00	92.35
1	2	170	0	0	1	0	0	0.00	0.00	500.00
1	2	175	2	0	0	2	2	0.41	0.00	345.49
1	2	305	32	0	0	2	9	4.28	1.25	1080.65
1	2	370	9	60	0	2	13	16.37	7.47	1514.79
1	2	405	11	57	0	3	19	15.64	11.43	1921.44
1	2	450	1	17	0	1	7	1.22	0.03	790.47
1	2	460	0	2	0	1	1	0.24	0.00	147.03
1	3	10	101	74	0	11	53	125.37	84.01	5936.20
1	3	20	3	0	0	1	3	0.31	0.00	323.85
1	3	25	2	0	0	1	1	0.28	0.00	175.07
1	3	30	3	0	0	2	2	0.38	0.00	331.94
1	3	45	8	0	0	3	6	1.08	0.00	857.44
1	3	50	2	0	0	2	2	0.32	0.00	344.38
1	3	75	5	0	0	2	3	0.63	0.00	451.79
1	3	95	2	0	0	1	1	0.32	0.00	200.92
1	3	110	5	0	0	2	5	0.81	0.00	398.64
1	3	115	2	0	0	2	2	0.29	0.00	304.52
1	3	125	2	0	0	1	1	0.36	0.00	209.71
1	3	130	1	0	0	1	1	0.36	0.00	113.57
1	3	135	1	0	0	1	1	0.35	0.00	126.30
1	3	145	1	0	0	1	1	0.20	0.00	201.33
1	3	165	1	0	1	1	1	0.26	0.00	676.52
1	3	175	1	0	0	1	1	0.26	0.00	220.67
1	3	305	24	0	0	2	7	5.66	0.71	930.18
1	3	375	18	64	0	3	17	24.04	17.98	1874.32
1	3	405	6	47	0	2	14	18.23	12.23	1529.74
1	3	420	5	0	0	1	3	1.00	0.00	390.28
1	3	450	0	12	0	1	5	1.01	0.00	618.44
1	3	460	0	3	0	1	2	0.30	0.00	222.67

Day	SL	Own	DispatchTimes	AssignmentCost	RoutingCost	TotalCost
1	26	3	35	18024.00	50162.50	68186.50

Total Cost: 68186.49946277999
Cost per Day: 68186.49946277999
Running time in Seconds: 17717.755
Running time in minutes: 295.29591666666664