INSTANCE: 3hubs_MSD_A_15_x.csv
PARAMETER: sp_msd_standard_20_120_3hubs.txt
POLICY: Stochastic Programming
ALPHA: 0.120066886123027
BETA: 45
OMEGA: 586
EPSILON: 1.18873192208298

Day: 1, Time: 0
Total Cost: 7201.53
 11:136.01, 47:75 [1, 4, -4, -1]
 12:136.01, 47:75 [1, 4, -4, -1]
 13:136.01, 43:75 [1, 4, -4, -1]
 14:136.01, 19:75 [1, 4, -4, -1]
 15:136.01, 45:75 [1, -4, -1]
 16:153.31, 37:75 [1, 5, -5, -1]
 17:153.31, 61:75 [1, 5, -5, -1]
 18:153.31, 38:75 [1, -5, -1]
 20:153.31, 13:75 [1, -5, -1]
 21:136.01, 16:75 [1, -4, -1]
402:137.57, 10:10 [4, 8986, 8743, 8971, 8963, -4]
403:70.69, 10:10 [4, 8588, 8534, 8561, 8641, -4]
405:132.58, 4:10 [4, 8783, 8902, 8738, -4]
406:58.97, 9:10 [4, 8966, 8847, 8719, -4]
407:85.77, 10:10 [4, 8684, 8842, 8525, 8617, -4]
408:134.35, 3:10 [4, 8788, 8955, -4]
409:46.33, 9:10 [4, 8598, 8584, 8689, -4]
410:184.11, 9:10 [4, 8638, 8642, 8662, -4]
411:123.87, 9:10 [4, 8606, 8716, 8850, 8922, -4]
412:55.40, 5:10 [4, 8749, 8908, 8791, -4]
413:197.40, 10:10 [4, 8521, 8535, 8695, 8565, -4]
414:87.12, 10:10 [4, 8946, 8921, 8753, 8796, 8816, -4]
415:161.02, 6:10 [4, 8950, 8937, -4]
416:111.72, 9:10 [4, 8522, 8690, 8615, -4]
417:141.21, 2:10 [4, 8954, -4]
418:106.13, 10:10 [4, 8570, 8692, 8619, 8563, -4]
419:69.32, 7:10 [4, 8827, 8795, 8648, -4]
420:131.69, 10:10 [4, 8760, 8711, 8943, -4]
421:181.24, 10:10 [4, 8657, 8575, 8596, 8524, 8591, 8572, -4]
422:116.60, 9:10 [4, 8793, 8702, 8794, 8668, -4]
423:141.36, 10:10 [4, 8845, 8741, 8750, 8808, -4]
424:138.92, 8:10 [4, 8888, 8975, 8976, 8537, 8742, 8960, -4]
425:59.90, 10:10 [4, 8938, 8775, 8885, 9005, -4]
426:160.16, 5:10 [4, 8798, 8973, -4]
427:57.40, 10:10 [4, 8869, 8751, 8804, -4]
428:110.76, 7:10 [4, 8671, 8601, 8660, -4]
430:124.17, 10:10 [4, 8928, 8774, 8807, 8727, -4]
431:84.39, 10:10 [4, 8852, 8883, 9006, 8781, 8729, -4]
432:125.05, 8:10 [4, 8784, 8880, 8891, 8840, -4]
433:149.48, 10:10 [4, 8866, 8970, 8823, 8670, 8916, -4]
434:119.04, 8:10 [4, 8773, 8978, 8910, 8849, -4]
435:37.63, 10:10 [4, 9009, 8917, 8856, -4]
501:37.06, 10:10 [5, 8942, 8778, 8768, -5]
502:153.65, 10:10 [5, 9001, 8757, 8706, 8579, -5]
503:162.97, 9:10 [5, 8674, 8622, 8651, -5]
504:131.83, 10:10 [5, 8594, 8612, 8544, -5]
505:75.66, 9:10 [5, 8841, 8797, 8740, -5]
506:160.88, 4:10 [5, 8554, 8877, -5]
507:103.86, 10:10 [5, 8712, 8999, 8595, 8873, 8780, -5]
508:36.06, 4:10 [5, 8576, -5]
509:112.63, 9:10 [5, 8776, 8708, 8734, -5]
510:67.44, 10:10 [5, 8964, 8865, 8763, 8728, -5]
511:48.09, 9:10 [5, 8701, 8890, 8932, -5]
512:109.93, 8:10 [5, 8710, 8897, 8903, -5]
513:128.14, 3:10 [5, 8839, -5]
514:92.83, 6:10 [5, 8967, 8931, 8703, 8936, -5]
515:85.30, 10:10 [5, 8926, 8941, 8764, 8756, -5]
516:87.64, 8:10 [5, 8862, 8851, 8745, -5]
517:56.82, 8:10 [5, 9007, 8874, 8924, -5]
518:85.82, 9:10 [5, 8605, 8661, 8649, -5]
519:97.52, 8:10 [5, 8930, 8912, 8704, -5]
520:90.19, 10:10 [5, 8758, 8733, 8935, -5]
521:94.58, 10:10 [5, 8944, 8770, 8700, 8899, -5]
523:111.93, 10:10 [5, 8736, 8909, 8972, -5]
fe: 10, se: 54

Day: 1, Time: 5
Total Cost: 5005.11
 11:66.27, 70:75 [2, 6, -6, -2]
 12:66.27, 20:75 [2, 6, -6, -2]
 13:66.27, 46:75 [2, 6, -6, -2]
 14:66.27, 3:75 [2, -6, -2]
 15:145.23, 68:75 [2, 7, -7, -2]
 17:66.27, 2:75 [2, -6, -2]
 18:151.76, 13:75 [2, -7, 6, -2]
 19:66.27, 14:75 [2, -6, -2]
 20:66.27, 14:75 [2, 6, -6, -2]
 21:151.76, 14:75 [2, -7, 6, -2]
601:118.83, 2:10 [6, 8886, -6]
602:120.83, 4:10 [6, 8825, -6]
603:164.13, 10:10 [6, 8562, 8538, 8672, 8658, 8539, 8654, -6]
604:120.15, 1:10 [6, 8801, -6]
605:87.40, 9:10 [6, 8826, 8752, 8777, -6]
606:120.93, 4:10 [6, 8904, -6]
607:85.34, 9:10 [6, 8721, 8933, 8913, 8813, 8985, -6]
608:148.04, 10:10 [6, 8618, 8533, 8643, 8571, -6]
609:133.07, 9:10 [6, 8848, 8979, 8889, 8893, 8555, 8867, -6]
610:110.42, 10:10 [6, 8553, 8666, 8610, -6]
611:65.81, 7:10 [6, 8732, 8769, -6]
612:164.50, 9:10 [6, 8895, 8992, 8754, 8787, -6]
614:68.43, 9:10 [6, 8948, 8731, 8987, 8532, 8761, -6]
615:117.78, 10:10 [6, 8790, 8925, 8876, -6]
616:150.53, 8:10 [6, 8974, 8593, 8581, 8652, 8833, -6]
617:120.14, 10:10 [6, 8586, 8663, 8650, 8616, 8673, -6]
618:137.77, 10:10 [6, 8623, 8635, 8656, 8602, 8536, -6]
619:51.22, 10:10 [6, 8541, 8613, 8587, -6]
620:118.88, 10:10 [6, 8918, 8547, 8724, 8828, 9002, -6]
621:82.28, 10:10 [6, 8945, 8969, 8747, 8844, -6]
623:77.86, 10:10 [6, 8962, 8726, 8765, 8683, -6]
624:79.07, 10:10 [6, 8857, 8540, 8810, 8871, 8994, -6]
625:87.59, 10:10 [6, 8568, 8542, 8629, 8520, 8699, -6]
626:65.07, 9:10 [6, 8611, 8627, 8597, -6]
627:101.43, 10:10 [6, 8958, 8915, 8718, 8855, -6]
628:61.71, 10:10 [6, 8531, 8680, 8693, 8664, -6]
629:74.41, 10:10 [6, 8853, 16896, 8984, -6]
630:144.84, 3:10 [6, 8998, -6]
632:79.53, 10:10 [6, 8730, 8919, 8779, 8705, 8809, 8837, -6]
633:67.97, 8:10 [6, 8812, 8820, 9000, 8977, -6]
701:89.45, 10:10 [7, 8604, 8677, 8582, 8636, -7]
702:46.69, 3:10 [7, 8818, -7]
703:63.02, 10:10 [7, 8989, 8814, 8782, -7]
704:36.94, 4:10 [7, 8896, 8755, -7]
705:156.17, 10:10 [7, 8696, 8686, 8549, 8631, 8632, 8687, -7]
706:55.17, 4:10 [7, 8870, -7]
707:73.71, 10:10 [7, 8552, 8884, 8907, 8624, 8914, 8815, -7]
708:61.67, 9:10 [7, 8789, 8709, 8959, -7]
709:94.41, 9:10 [7, 8550, 8878, 8746, 8824, -7]
710:29.76, 9:10 [7, 8529, 8637, 8625, -7]
711:55.86, 7:10 [7, 8714, 8881, 8720, -7]
712:59.65, 9:10 [7, 8965, 8803, 8927, -7]
713:59.27, 10:10 [7, 8988, 8811, 8879, -7]
715:84.72, 9:10 [7, 8688, 8667, 8577, 8698, -7]
fe: 10, se: 44

Day: 1, Time: 5
Total Cost: 5022.54
 11:94.59, 69:75 [3, 8, -8, -3]
 12:94.59, 33:75 [3, 8, -8, -3]
 13:94.59, 17:75 [3, -8, -3]
 14:90.24, 51:75 [3, 9, -9, -3]
 15:90.24, 29:75 [3, 9, -9, -3]
 16:90.24, 13:75 [3, 9, -9, -3]
 17:90.24, 25:75 [3, -9, -3]
 18:94.59, 14:75 [3, 8, -8, -3]
 19:90.24, 11:75 [3, -9, -3]
801:78.78, 7:10 [8, 8956, 8762, -8]
802:111.25, 10:10 [8, 8614, 8694, 8659, 8590, 8647, 8675, -8]
803:110.21, 10:10 [8, 8864, 8802, 8739, 8860, -8]
804:112.71, 3:10 [8, 8996, -8]
806:4.47, 4:10 [8, 8905, -8]
807:118.48, 10:10 [8, 9003, 8923, 8980, 8678, 8836, -8]
808:87.53, 9:10 [8, 8589, 8557, 8599, 8530, -8]
809:124.65, 8:10 [8, 8843, 8819, 8887, -8]
810:75.48, 9:10 [8, 8939, 8900, 8961, -8]
811:80.35, 8:10 [8, 8859, 8882, 8556, -8]
812:116.52, 5:10 [8, 8786, 8717, -8]
813:138.52, 10:10 [8, 8715, 8831, 8990, 8792, 8868, 8548, -8]
814:130.39, 10:10 [8, 8523, 8560, 8573, 8609, 8603, -8]
815:98.06, 3:10 [8, 8898, -8]
816:145.01, 9:10 [8, 8947, 8543, 8858, 8653, 8854, -8]
817:72.98, 9:10 [8, 8681, 8592, 8545, -8]
818:120.38, 10:10 [8, 8805, 8766, 8759, 8737, -8]
819:52.80, 10:10 [8, 8551, 8676, 8583, 8644, -8]
820:114.35, 4:10 [8, 8821, 8872, -8]
821:91.24, 2:10 [8, 8829, -8]
822:130.00, 7:10 [8, 8982, 8830, -8]
823:50.55, 9:10 [8, 8951, 8817, 8800, -8]
824:83.94, 10:10 [8, 8723, 8968, 9008, 8835, 8940, 8920, -8]
825:168.51, 10:10 [8, 8580, 8527, 8628, 8645, 8665, -8]
826:51.51, 10:10 [8, 8846, 8735, 8983, 8526, -8]
902:102.24, 9:10 [9, 8767, 8707, 8993, -9]
903:83.79, 10:10 [9, 8957, 8725, 8901, -9]
904:115.45, 1:10 [9, 8892, -9]
905:120.06, 10:10 [9, 8600, 8564, 8697, 8634, -9]
906:113.46, 10:10 [9, 8566, 8569, 8567, 8546, -9]
907:114.65, 10:10 [9, 8640, 8607, 8559, 8679, -9]
908:110.98, 10:10 [9, 8911, 8997, 8646, 8785, 8639, -9]
909:80.36, 10:10 [9, 8748, 8722, 8834, -9]
910:100.46, 6:10 [9, 8620, 9004, 8655, -9]
911:108.31, 10:10 [9, 8633, 8528, 8630, 8608, -9]
914:97.63, 10:10 [9, 8863, 8744, 8806, 8991, -9]
915:93.48, 10:10 [9, 8995, 8574, 8578, 8585, -9]
916:66.89, 10:10 [9, 8952, 8772, 8929, 8934, 8799, -9]
917:127.61, 10:10 [9, 8685, 8669, 8691, 8682, -9]
919:123.45, 10:10 [9, 8906, 8838, 8621, 8953, 8861, 8832, -9]
920:80.37, 5:10 [9, 8981, 8822, 8713, -9]
921:85.09, 10:10 [9, 8771, 8875, 8949, 8894, 8558, 8626, -9]
fe: 9, se: 42

Day: 1, Time: 10
Total Cost: 189.25
 11:90.24, 4:75 [3, -9, -3]
901:99.01, 4:10 [9, 13306, 14807, -9]
fe: 1, se: 1

Day: 1, Time: 20
Total Cost: 563.31
 11:136.01, 11:75 [1, -4, -1]
 12:153.31, 6:75 [1, -5, -1]
401:82.31, 7:10 [4, 12529, 11549, 13079, -4]
402:41.07, 4:10 [4, 11625, 11624, -4]
501:66.48, 4:10 [5, 12201, -5]
502:84.12, 2:10 [5, 17031, -5]
fe: 2, se: 4

Day: 1, Time: 35
Total Cost: 460.71
 11:136.01, 5:75 [1, -4, -1]
 12:153.31, 2:75 [1, -5, -1]
401:62.23, 4:10 [4, 14046, -4]
402:57.27, 1:10 [4, 9244, -4]
501:51.88, 2:10 [5, 13930, -5]
fe: 2, se: 3

Day: 1, Time: 35
Total Cost: 262.85
 11:66.27, 8:75 [2, -6, -2]
601:98.67, 2:10 [6, 11686, -6]
602:97.90, 6:10 [6, 16961, 11407, -6]
fe: 1, se: 2

Day: 1, Time: 45
Total Cost: 530.31
 11:136.01, 3:75 [1, -4, -1]
 12:153.31, 2:75 [1, -5, -1]
401:116.60, 3:10 [4, 13750, 14563, -4]
501:63.56, 1:10 [5, 13846, -5]
502:60.83, 1:10 [5, 15243, -5]
fe: 2, se: 3

Day: 1, Time: 50
Total Cost: 247.00
 11:136.01, 5:75 [1, -4, -1]
401:60.00, 2:10 [4, 13217, -4]
402:50.99, 3:10 [4, 12066, -4]
fe: 1, se: 2

Day: 1, Time: 50
Total Cost: 131.57
 11:66.27, 1:75 [2, -6, -2]
601:65.30, 1:10 [6, 11148, -6]
fe: 1, se: 1

Day: 1, Time: 55
Total Cost: 421.40
 11:136.01, 1:75 [1, -4, -1]
 12:153.31, 3:75 [1, -5, -1]
401:114.07, 1:10 [4, 12544, -4]
501:18.00, 3:10 [5, 15705, -5]
fe: 2, se: 2

Day: 1, Time: 55
Total Cost: 386.01
 11:66.27, 7:75 [2, -6, -2]
 12:145.23, 3:75 [2, -7, -2]
601:95.60, 3:10 [6, 11751, -6]
602:50.48, 4:10 [6, 11700, -6]
701:28.43, 3:10 [7, 11189, -7]
fe: 2, se: 3

Day: 1, Time: 60
Total Cost: 292.14
 11:113.51, 10:75 [3, -8, -9, -3]
801:38.63, 2:10 [8, 15941, -8]
901:60.00, 4:10 [9, 15655, -9]
902:80.00, 4:10 [9, 10013, -9]
fe: 1, se: 3

Day: 1, Time: 70
Total Cost: 820.54
 11:136.01, 6:75 [1, -4, -1]
 12:136.01, 2:75 [1, -4, -1]
 13:153.31, 2:75 [1, -5, -1]
401:82.00, 2:10 [4, 15946, -4]
402:54.47, 4:10 [4, 12657, 15388, -4]
403:151.21, 2:10 [4, 15863, -4]
501:107.52, 2:10 [5, 14672, -5]
fe: 3, se: 4

Day: 1, Time: 80
Total Cost: 521.87
 11:66.27, 21:75 [2, -6, -2]
601:100.14, 6:10 [6, 13623, 12919, -6]
602:92.62, 5:10 [6, 13971, 15918, -6]
603:140.71, 5:10 [6, 17168, 9910, -6]
604:122.13, 5:10 [6, 12102, 15887, -6]
fe: 1, se: 4

Day: 1, Time: 80
Total Cost: 560.54
 11:94.59, 15:75 [3, -8, -3]
 12:90.24, 5:75 [3, -9, -3]
801:62.87, 7:10 [8, 15922, 15579, -8]
802:68.88, 4:10 [8, 9299, -8]
803:61.35, 4:10 [8, 16178, -8]
901:84.85, 4:10 [9, 14386, -9]
902:97.75, 1:10 [9, 9546, -9]
fe: 2, se: 5

Day: 1, Time: 90
Total Cost: 1141.01
 11:136.01, 7:75 [1, -4, -1]
 12:136.01, 13:75 [1, -4, -1]
 13:153.31, 2:75 [1, -5, -1]
 14:153.31, 4:75 [1, -5, -1]
401:97.32, 7:10 [4, 17160, 16941, -4]
403:72.35, 6:10 [4, 12496, 12396, -4]
404:79.40, 3:10 [4, 10749, -4]
405:36.06, 4:10 [4, 13767, -4]
501:39.70, 2:10 [5, 12984, -5]
502:142.94, 1:10 [5, 11197, -5]
503:94.59, 3:10 [5, 9589, -5]
fe: 4, se: 7

Day: 1, Time: 95
Total Cost: 216.27
 11:136.01, 7:75 [1, -4, -1]
401:80.26, 7:10 [4, 13948, 10786, -4]
fe: 1, se: 1

Day: 1, Time: 95
Total Cost: 534.71
 11:66.27, 21:75 [2, -6, -2]
601:113.84, 1:10 [6, 16635, -6]
602:111.31, 6:10 [6, 13276, 16689, -6]
603:63.91, 4:10 [6, 13213, -6]
604:99.30, 4:10 [6, 9944, -6]
605:80.08, 6:10 [6, 12931, 12840, -6]
fe: 1, se: 5

Day: 1, Time: 100
Total Cost: 533.35
 11:94.59, 8:75 [3, -8, -3]
 12:94.59, 1:75 [3, -8, -3]
 13:90.24, 1:75 [3, -9, -3]
801:95.29, 8:10 [8, 10619, 10556, -8]
802:73.35, 1:10 [8, 14681, -8]
901:85.28, 1:10 [9, 10520, -9]
fe: 3, se: 3

Day: 1, Time: 105
Total Cost: 286.35
 11:136.01, 1:75 [1, -4, -1]
401:150.33, 1:10 [4, 9615, -4]
fe: 1, se: 1

Day: 1, Time: 110
Total Cost: 179.31
 11:153.31, 2:75 [1, -5, -1]
501:26.00, 2:10 [5, 16525, -5]
fe: 1, se: 1

Day: 1, Time: 120
Total Cost: 248.45
 11:66.27, 7:75 [2, -6, -2]
601:80.02, 3:10 [6, 12015, -6]
602:102.16, 4:10 [6, 13718, -6]
fe: 1, se: 2

Day: 1, Time: 120
Total Cost: 273.87
 11:90.24, 7:75 [3, -9, -3]
901:100.44, 4:10 [9, 10146, -9]
902:83.19, 3:10 [9, 15233, -9]
fe: 1, se: 2

Day: 1, Time: 125
Total Cost: 211.08
 11:66.27, 2:75 [2, -6, -2]
601:92.65, 1:10 [6, 15595, -6]
602:52.15, 1:10 [6, 10720, -6]
fe: 1, se: 2

Day: 1, Time: 125
Total Cost: 322.45
 11:90.24, 10:75 [3, -9, -3]
901:20.00, 3:10 [9, 11250, -9]
902:104.79, 3:10 [9, 13909, -9]
903:107.42, 4:10 [9, 17066, -9]
fe: 1, se: 3

Day: 1, Time: 130
Total Cost: 156.00
 11:145.23, 1:75 [2, -7, -2]
701:10.77, 1:10 [7, 9804, -7]
fe: 1, se: 1

Day: 1, Time: 135
Total Cost: 449.15
 11:136.01, 3:75 [1, -4, -1]
 12:153.31, 5:75 [1, -5, -1]
401:43.86, 3:10 [4, 15928, -4]
501:115.96, 5:10 [5, 10571, 13642, -5]
fe: 2, se: 2

Day: 1, Time: 140
Total Cost: 247.17
 11:136.01, 3:75 [1, -4, -1]
401:111.16, 3:10 [4, 9839, -4]
fe: 1, se: 1

Day: 1, Time: 145
Total Cost: 422.31
 11:136.01, 4:75 [1, -4, -1]
 12:153.31, 4:75 [1, -5, -1]
401:92.20, 4:10 [4, 16046, -4]
501:40.79, 4:10 [5, 12720, -5]
fe: 2, se: 2

Day: 1, Time: 145
Total Cost: 156.52
 11:66.27, 1:75 [2, -6, -2]
601:90.24, 1:10 [6, 16189, -6]
fe: 1, se: 1

Day: 1, Time: 150
Total Cost: 119.77
 11:90.24, 1:75 [3, -9, -3]
901:29.53, 1:10 [9, 16316, -9]
fe: 1, se: 1

Day: 1, Time: 155
Total Cost: 396.69
 11:136.01, 7:75 [1, -4, -1]
401:127.26, 3:10 [4, 9766, -4]
402:133.42, 4:10 [4, 11664, -4]
fe: 1, se: 2

Day: 1, Time: 155
Total Cost: 127.62
 11:66.27, 1:75 [2, -6, -2]
601:61.35, 1:10 [6, 9215, -6]
fe: 1, se: 1

Day: 1, Time: 160
Total Cost: 169.12
 11:136.01, 1:75 [1, -4, -1]
401:33.11, 1:10 [4, 12399, -4]
fe: 1, se: 1

Day: 1, Time: 160
Total Cost: 158.51
 11:90.24, 1:75 [3, -9, -3]
901:68.26, 1:10 [9, 11813, -9]
fe: 1, se: 1

Day: 1, Time: 165
Total Cost: 213.84
 11:153.31, 4:75 [1, -5, -1]
501:60.53, 4:10 [5, 14947, -5]
fe: 1, se: 1

Day: 1, Time: 165
Total Cost: 176.42
 11:66.27, 8:75 [2, -6, -2]
601:80.62, 4:10 [6, 15253, -6]
602:29.53, 4:10 [6, 9156, -6]
fe: 1, se: 2

Day: 1, Time: 170
Total Cost: 199.23
 11:145.23, 2:75 [2, -7, -2]
701:54.00, 2:10 [7, 17189, -7]
fe: 1, se: 1

Day: 1, Time: 170
Total Cost: 327.81
 11:94.59, 4:75 [3, -8, -3]
 12:90.24, 3:75 [3, -9, -3]
801:74.24, 4:10 [8, 16717, -8]
901:68.73, 3:10 [9, 16626, -9]
fe: 2, se: 2

Day: 1, Time: 175
Total Cost: 238.50
 11:136.01, 1:75 [1, -4, -1]
401:102.49, 1:10 [4, 10135, -4]
fe: 1, se: 1

Day: 1, Time: 295
Total Cost: 1022.25
 11:136.01, 20:75 [1, -4, -1]
 12:153.31, 26:75 [1, -5, -1]
401:62.80, 4:10 [4, 15315, -4]
402:158.21, 9:10 [4, 15586, 11095, 12808, 12290, -4]
403:61.22, 3:10 [4, 16004, -4]
404:46.52, 4:10 [4, 17194, -4]
501:176.76, 10:10 [5, 9987, 9446, 12861, -5]
502:66.46, 6:10 [5, 9657, 16815, -5]
503:160.96, 10:10 [5, 16978, 16266, 14377, -5]
fe: 2, se: 7

Day: 1, Time: 310
Total Cost: 759.46
 11:66.27, 53:75 [2, -6, -2]
601:86.10, 9:10 [6, 12920, 17114, 17142, 9296, -6]
602:176.35, 10:10 [6, 16562, 13363, 15131, 16155, 14062, 12711, -6]
603:77.16, 7:10 [6, 15256, 9162, -6]
604:90.41, 7:10 [6, 13099, 13006, 11286, -6]
605:110.71, 7:10 [6, 12099, 14981, 12882, -6]
606:142.46, 9:10 [6, 10680, 12889, 11365, 13402, -6]
607:10.00, 4:10 [6, 11823, -6]
fe: 1, se: 7

Day: 1, Time: 320
Total Cost: 1459.52
 11:94.59, 35:75 [3, 8, -8, -3]
 12:90.24, 63:75 [3, 9, -9, -3]
801:125.19, 10:10 [8, 167, 14537, 120, 14309, 147, 4527, 15642, 14580, -8]
802:157.51, 10:10 [8, 135, 7015, 12155, 16526, 28, 17183, -8]
805:97.37, 6:10 [8, 13597, 268, 71, 14338, 554, -8]
807:85.00, 10:10 [8, 258, 12347, 255, 15316, 13545, -8]
901:27.31, 9:10 [9, 10355, 57, 5240, 13967, -9]
902:120.84, 10:10 [9, 16967, 12351, 17070, 12477, 14573, 8271, 9937, -9]
903:142.81, 10:10 [9, 16747, 304, 154, 295, 13769, 2842, 9467, -9]
905:87.67, 9:10 [9, 9999, 13058, 310, 15232, -9]
906:82.55, 10:10 [9, 128, 3376, 3010, 14031, -9]
907:113.44, 10:10 [9, 9969, 180, 79, 16963, 15638, 14418, 15, -9]
908:110.75, 10:10 [9, 5356, 297, 308, 16607, 11424, 10656, 287, -9]
909:124.23, 8:10 [9, 10156, 9501, 15239, -9]
fe: 2, se: 12

Day: 1, Time: 335
Total Cost: 1541.85
 11:136.01, 67:75 [1, 4, -4, -1]
 12:153.31, 52:75 [1, 5, -5, -1]
401:57.98, 9:10 [4, 182, 181, 214, 11320, -4]
402:85.46, 8:10 [4, 196, 3061, 89, 9880, 10535, -4]
403:56.69, 10:10 [4, 32, 267, 202, 2499, -4]
405:58.45, 10:10 [4, 266, 131, 279, -4]
406:169.77, 10:10 [4, 293, 2717, 239, 109, 9705, 31, -4]
407:189.38, 10:10 [4, 123, 208, 223, 1323, -4]
408:144.55, 10:10 [4, 129, 192, 2458, 42, 139, 130, -4]
501:88.68, 10:10 [5, 7251, 229, 156, 2996, -5]
502:152.74, 10:10 [5, 23, 111, 225, 45, 132, -5]
503:127.03, 9:10 [5, 165, 119, 291, 16606, 262, 15324, 82, -5]
504:11.66, 4:10 [5, 6965, -5]
505:47.29, 9:10 [5, 72, 261, 122, -5]
506:62.84, 10:10 [5, 40, 243, 306, 41, -5]
fe: 2, se: 13

Day: 1, Time: 360
Total Cost: 1003.25
 11:136.01, 15:75 [1, 4, -4, -1]
 12:153.31, 17:75 [1, 5, -5, -1]
401:166.22, 10:10 [4, 16250, 194, 7626, 5969, 228, -4]
402:99.81, 6:10 [4, 10532, 5991, 284, 64, -4]
403:91.76, 4:10 [4, 142, 75, 2030, -4]
502:60.64, 5:10 [5, 30, 14410, 188, -5]
503:161.67, 9:10 [5, 3749, 4150, 177, 24, -5]
504:133.83, 9:10 [5, 10274, 16124, 609, 206, 6905, -5]
fe: 2, se: 6

Day: 1, Time: 375
Total Cost: 1311.73
 11:94.59, 52:75 [3, 8, -8, -3]
 12:90.24, 38:75 [3, 9, -9, -3]
801:89.64, 10:10 [8, 238, 203, 97, 2934, 80, -8]
802:140.11, 10:10 [8, 113, 12549, 68, 66, 195, -8]
803:23.94, 8:10 [8, 234, 319, -8]
805:130.53, 9:10 [8, 317, 12368, 12224, 114, 15462, 11892, 34, -8]
808:106.69, 10:10 [8, 10640, 193, 15153, 16231, 312, 98, 316, -8]
811:78.32, 10:10 [8, 158, 209, 62, 9179, 16113, 525, 7945, -8]
901:102.41, 8:10 [9, 315, 282, 16484, -9]
902:120.88, 10:10 [9, 11712, 5060, 12191, 13437, 2935, -9]
903:121.38, 10:10 [9, 289, 227, 99, 251, -9]
905:127.67, 10:10 [9, 166, 184, 11452, 1114, 10, -9]
906:85.34, 8:10 [9, 74, 2859, 254, 61, 13651, -9]
fe: 2, se: 11

Day: 1, Time: 385
Total Cost: 1444.18
 11:66.27, 73:75 [2, 6, -6, -2]
 14:145.23, 36:75 [2, 7, -7, -2]
602:80.77, 10:10 [6, 248, 211, 3511, 5873, -6]
603:90.98, 8:10 [6, 15263, 245, 39, 10486, 84, -6]
604:160.58, 9:10 [6, 215, 10750, 5156, 3839, 856, 117, -6]
605:111.68, 10:10 [6, 185, 15633, 43, 149, 4616, 12829, -6]
606:127.26, 10:10 [6, 85, 11402, 173, 127, 13462, 162, -6]
607:115.44, 10:10 [6, 4389, 169, 91, 221, -6]
608:79.96, 10:10 [6, 46, 292, 219, -6]
609:81.08, 9:10 [6, 144, 9832, 197, 283, -6]
701:78.11, 9:10 [7, 37, 8341, 153, -7]
702:68.29, 8:10 [7, 140, 96, 14368, 15436, -7]
703:70.68, 6:10 [7, 204, 265, 108, 11150, 244, -7]
704:64.45, 8:10 [7, 236, 179, 12370, -7]
706:103.40, 8:10 [7, 110, 58, 16589, 6117, 6553, -7]
fe: 2, se: 13

Day: 1, Time: 405
Total Cost: 1983.23
 11:136.01, 67:75 [1, 4, -4, -1]
 12:179.78, 9:75 [1, 4, -5, -1]
 13:153.31, 46:75 [1, 5, -1]
401:64.32, 10:10 [4, 116, 298, 259, 4229, -4]
402:51.09, 9:10 [4, 14017, 12868, 4586, -4]
403:53.71, 5:10 [4, 168, 146, 13592, -4]
404:112.07, 8:10 [4, 9183, 278, 124, -4]
405:118.26, 10:10 [4, 3412, 4523, 7499, 17, -4]
406:96.16, 8:10 [4, 186, 15493, 100, -4]
407:74.78, 10:10 [4, 216, 249, 121, -4]
410:130.56, 10:10 [4, 271, 145, 300, 77, 294, -4]
411:120.17, 10:10 [4, 235, 15540, 134, 7197, -4]
413:143.45, 10:10 [4, 13136, 102, 125, 92, 95, -4]
501:73.89, 10:10 [5, 6563, 56, 81, -5]
502:73.71, 10:10 [5, 8376, 6198, 237, -5]
503:107.72, 7:10 [5, 13666, 11168, -5]
504:34.59, 6:10 [5, 230, 5028, -5]
506:89.66, 10:10 [5, 233, 5219, 217, -5]
507:169.99, 10:10 [5, 19, 2560, 199, -5]
fe: 3, se: 16

Day: 1, Time: 405
Total Cost: 1773.63
 11:66.27, 75:75 [2, 6, -6, -2]
 12:66.27, 31:75 [2, 6, -2]
 13:145.23, 37:75 [2, 7, -7, -2]
601:69.14, 8:10 [6, 1456, 9655, 170, 9369, -6]
602:17.09, 4:10 [6, 210, -6]
603:130.47, 10:10 [6, 313, 141, 13, 86, 5696, -6]
604:129.11, 9:10 [6, 94, 13169, 277, 2059, 12, -6]
605:125.47, 10:10 [6, 112, 220, 26, 260, -6]
606:128.22, 10:10 [6, 232, 47, 11388, 25, 93, 171, -6]
607:35.66, 8:10 [6, 76, 7232, -6]
608:114.58, 8:10 [6, 49, 44, 307, 15414, -6]
609:159.62, 10:10 [6, 178, 303, 318, 59, -6]
611:94.91, 10:10 [6, 150, 11862, 5258, 159, -6]
612:73.72, 9:10 [6, 3854, 107, 263, 33, -6]
613:81.08, 10:10 [6, 250, 13530, 115, 7488, -6]
701:93.61, 10:10 [7, 2096, 126, 3806, 148, 3709, -7]
702:69.33, 10:10 [7, 73, 301, 6543, 257, -7]
703:57.05, 7:10 [7, 3123, 290, 54, 190, -7]
704:62.75, 2:10 [7, 90, 9883, -7]
705:54.03, 9:10 [7, 174, 7238, 183, 78, -7]
fe: 3, se: 17

Day: 1, Time: 405
Total Cost: 1955.16
 11:94.59, 70:75 [3, 8, -8, -3]
 12:90.24, 74:75 [3, 9, -3]
 13:90.24, 19:75 [3, 9, -3]
801:88.32, 7:10 [8, 5077, 175, 13827, -8]
802:124.59, 10:10 [8, 4294, 11, 256, 3967, -8]
803:98.19, 10:10 [8, 13206, 4030, 309, -8]
804:6.32, 4:10 [8, 9528, -8]
805:81.68, 6:10 [8, 48, 1220, 63, 15289, -8]
807:101.27, 10:10 [8, 65, 201, 7256, 191, -8]
808:84.59, 10:10 [8, 241, 50, 252, 302, -8]
809:93.77, 10:10 [8, 3706, 5281, 163, 218, -8]
810:108.74, 9:10 [8, 7835, 3325, 18, -8]
901:57.27, 9:10 [9, 36, 160, 231, -9]
902:24.64, 6:10 [9, 8206, 299, -9]
903:109.80, 10:10 [9, 264, 136, 4933, -9]
904:69.07, 10:10 [9, 4241, 274, 272, -9]
905:114.62, 10:10 [9, 288, 103, 200, 143, 242, -9]
906:101.75, 9:10 [9, 247, 88, 212, 6698, -9]
907:94.47, 10:10 [9, 38, 1254, 269, 101, -9]
908:141.04, 10:10 [9, 5982, 151, 138, -9]
909:92.91, 10:10 [9, 7228, 466, 22, -9]
910:87.03, 9:10 [9, 275, 189, 246, -9]
fe: 3, se: 19

Day: 1, Time: 420
Total Cost: 315.87
 11:90.24, 7:75 [3, -9, -3]
901:99.09, 5:10 [9, 16111, 15974, -9]
902:126.53, 2:10 [9, 12348, 16633, -9]
fe: 1, se: 2

Day: 1, Time: 450
Total Cost: 742.34
 11:179.78, 9:75 [1, 4, -4, -5, -1]
 12:153.31, 4:75 [1, 5, -1]
401:68.88, 4:10 [4, 8027, -4]
402:20.00, 2:10 [4, 15175, -4]
403:126.06, 4:10 [4, 1929, -4]
501:115.17, 4:10 [5, 205, -5]
502:79.15, 7:10 [5, 10614, 15736, 13431, -5]
fe: 2, se: 5

Day: 1, Time: 450
Total Cost: 880.66
 11:66.27, 53:75 [2, 6, -6, -2]
601:132.19, 9:10 [6, 55, 161, 276, 286, 925, -6]
602:137.18, 9:10 [6, 2507, 7936, 7356, 198, -6]
603:117.57, 8:10 [6, 9649, 1866, 285, -6]
604:108.85, 10:10 [6, 7173, 253, 53, 21, -6]
605:107.75, 10:10 [6, 67, 14, 20, -6]
606:152.84, 5:10 [6, 207, 311, 60, -6]
607:58.00, 4:10 [6, 187, -6]
fe: 1, se: 7

Day: 1, Time: 450
Total Cost: 806.19
 11:94.59, 30:75 [3, 8, -3]
 12:90.24, 36:75 [3, 9, -3]
801:29.42, 7:10 [8, 899, 6257, -8]
802:93.48, 6:10 [8, 273, 222, -8]
804:125.59, 7:10 [8, 155, 52, 8499, -8]
805:38.63, 2:10 [8, 281, -8]
806:43.56, 8:10 [8, 157, 70, -8]
901:59.72, 7:10 [9, 7999, 213, -9]
902:71.49, 8:10 [9, 106, 172, -9]
903:52.73, 10:10 [9, 8470, 118, 1149, -9]
905:75.62, 7:10 [9, 8251, 296, -9]
907:31.11, 4:10 [9, 51, 16, -9]
fe: 2, se: 10

Day: 1, Time: 460
Total Cost: 222.64
 11:66.27, 8:75 [2, 6, -2]
601:62.13, 3:10 [6, 4952, -6]
602:94.23, 5:10 [6, 2974, 1445, -6]
fe: 1, se: 2

Day: 1, Time: 525
Total Cost: 246.14
 11:66.27, 12:75 [2, 6, -2]
601:50.99, 2:10 [6, 1881, -6]
602:42.05, 4:10 [6, 305, -6]
603:39.29, 3:10 [6, 105, -6]
604:47.54, 3:10 [6, 176, -6]
fe: 1, se: 4


Day	Area	ID	Time	Load	Utilization	NoOrders	AssignmentCost
1	1	 6	225	 24	0.32	11	315.00
1	1	 7	270	 74	0.99	28	815.00
1	1	26	270	 49	0.65	20	565.00
1	1	27	315	 75	1.00	26	825.00
1	1	 8	315	 75	1.00	39	825.00
1	1	28	360	 71	0.95	26	785.00
1	1	 9	360	 35	0.47	13	425.00
1	1	128	400	  8	0.05	 3	310.00
1	1	11	450	 14	0.16	 6	172.00
1	1	32	540	 14	0.16	 4	172.00
1	1	38	810	 60	1.00	21	810.00
1	1	19	810	 60	1.00	22	810.00
1	2	63	225	 51	0.68	29	585.00
1	2	44	225	 62	0.83	18	695.00
1	2	145	300	 39	0.26	26	930.00
1	2	46	315	 75	1.00	24	825.00
1	2	65	315	 75	1.00	22	825.00
1	2	66	360	 10	0.13	 3	175.00
1	2	57	810	 59	0.98	27	798.00
1	2	76	810	 54	0.90	21	738.00
1	3	82	225	 73	0.97	31	805.00
1	3	101	225	 34	0.45	10	415.00
1	3	154	300	 15	0.10	10	450.00
1	3	103	315	 59	0.79	21	665.00
1	3	84	315	 69	0.92	29	765.00
1	3	104	360	 15	0.20	 4	225.00
1	3	106	450	  4	0.04	 1	92.00
1	3	91	630	 52	0.69	16	595.00
1	3	114	810	 60	1.00	30	810.00
1	3	95	810	 60	1.00	22	810.00


Day	Area	Time	Pickup	Delivery	Direct	FEVehicles	SEVehicles	ALNSTime	ALNSBestTime	RoutingCostArea
1	1	0	132	51	0	10	54	138.42	0.00	7201.53
1	1	20	7	0	0	2	4	0.83	0.00	563.31
1	1	35	3	0	0	2	3	0.47	0.00	460.71
1	1	45	4	0	0	2	3	0.37	0.00	530.31
1	1	50	2	0	0	1	2	0.27	0.00	247.00
1	1	55	2	0	0	2	2	0.31	0.00	421.40
1	1	70	5	0	0	3	4	0.60	0.00	820.54
1	1	90	9	0	0	4	7	1.14	0.00	1141.01
1	1	95	2	0	0	1	1	0.35	0.00	216.27
1	1	105	1	0	0	1	1	0.21	0.00	286.35
1	1	110	1	0	0	1	1	0.38	0.00	179.31
1	1	120	0	0	1	0	0	0.00	0.00	500.00
1	1	135	3	0	0	2	2	0.51	0.00	449.15
1	1	140	1	0	0	1	1	0.33	0.00	247.17
1	1	145	2	0	0	2	2	0.46	0.00	422.31
1	1	155	2	0	0	1	2	0.50	0.00	396.69
1	1	160	1	0	0	1	1	0.24	0.00	169.12
1	1	165	1	0	0	1	1	0.24	0.00	213.84
1	1	175	1	0	0	1	1	0.25	0.00	238.50
1	1	295	15	0	0	2	7	1.47	0.33	1022.25
1	1	335	6	50	0	2	13	15.52	9.20	1541.85
1	1	360	5	19	0	2	6	2.18	0.00	1003.25
1	1	405	9	44	0	3	16	11.63	8.09	1983.23
1	1	450	4	3	0	2	5	1.15	0.00	742.34
1	2	5	91	66	0	10	44	124.27	94.91	5005.11
1	2	35	3	0	0	1	2	0.30	0.00	262.85
1	2	50	1	0	0	1	1	0.19	0.00	131.57
1	2	55	3	0	0	2	3	0.32	0.00	386.01
1	2	80	8	0	0	1	4	0.74	0.00	521.87
1	2	95	7	0	0	1	5	0.47	0.00	534.71
1	2	120	2	0	0	1	2	0.56	0.00	248.45
1	2	125	2	0	0	1	2	0.34	0.00	211.08
1	2	130	1	0	0	1	1	0.25	0.00	156.00
1	2	140	0	0	1	0	0	0.00	0.00	500.00
1	2	145	1	0	0	1	1	0.19	0.00	156.52
1	2	155	1	0	0	1	1	0.24	0.00	127.62
1	2	165	2	0	0	1	2	0.35	0.00	176.42
1	2	170	1	0	0	1	1	0.24	0.00	199.23
1	2	175	0	0	1	0	0	0.00	0.00	500.00
1	2	310	23	0	0	1	7	1.97	0.17	759.46
1	2	385	13	45	0	2	13	21.56	14.47	1444.18
1	2	405	8	58	0	3	17	23.86	15.28	1773.63
1	2	450	1	22	0	1	7	2.10	1.40	880.66
1	2	460	0	3	0	1	2	0.34	0.00	222.64
1	2	525	0	4	2	1	4	0.46	0.00	1246.14
1	3	5	88	63	0	9	42	90.26	0.01	5022.54
1	3	10	2	0	0	1	1	0.30	0.00	189.25
1	3	60	3	0	0	1	3	0.36	0.00	292.14
1	3	80	6	0	0	2	5	0.65	0.00	560.54
1	3	100	4	0	0	3	3	0.66	0.00	533.35
1	3	120	2	0	0	1	2	0.48	0.00	273.87
1	3	125	3	0	0	1	3	0.49	0.00	322.45
1	3	150	1	0	0	1	1	0.26	0.00	119.77
1	3	160	1	0	0	1	1	0.36	0.00	158.51
1	3	165	0	0	1	0	0	0.00	0.00	500.00
1	3	170	2	0	0	2	2	0.39	0.00	327.81
1	3	320	37	30	0	2	12	19.01	4.63	1459.52
1	3	375	16	39	0	2	11	11.23	8.37	1311.73
1	3	405	4	59	0	3	19	13.94	9.73	1955.16
1	3	420	4	0	0	1	2	0.59	0.00	315.87
1	3	450	0	21	0	2	10	1.69	0.00	806.19
1	3	525	0	0	1	0	0	0.00	0.00	500.00

Day	SL	Own	DispatchTimes	AssignmentCost	RoutingCost	TotalCost
1	27	3	45	18032.00	51090.32	69122.32

Total Cost: 69122.32415791135
Cost per Day: 69122.32415791135
Running time in Seconds: 15895.094
Running time in minutes: 264.9182333333333