INSTANCE: 2hubs_MSD_A_20_x.csv
PARAMETER: tuning_tight.txt
POLICY: MIP
ALPHA: 0.387023956898126
BETA: 78
OMEGA: 586
EPSILON: 1.00597325044486

Day: 1, Time: 0
Total Cost: 3733.51
 11:136.01, 74:75 [1, 3, -3, -1]
 12:136.01, 11:75 [1, 3, -3, -1]
 14:153.31, 61:75 [1, 4, -4, -1]
 28:153.31, 24:75 [1, 4, -4, -1]
301:143.36, 10:10 [3, 3133, 3159, 3134, 3129, -3]
302:129.04, 6:10 [3, 3264, 3267, 3219, -3]
303:127.55, 10:10 [3, 3222, 3257, 3202, 3268, -3]
304:70.19, 9:10 [3, 3226, 3299, 3274, -3]
305:38.08, 8:10 [3, 3155, 3166, -3]
306:153.36, 10:10 [3, 3167, 3181, 3152, 3172, -3]
307:7.21, 2:10 [3, 3239, -3]
308:98.73, 8:10 [3, 3208, 3286, 3218, 3276, -3]
309:111.82, 9:10 [3, 3212, 3259, 3312, -3]
310:135.44, 8:10 [3, 3270, 3287, -3]
311:96.79, 9:10 [3, 3200, 3238, 3285, -3]
312:31.93, 8:10 [3, 3178, 3145, -3]
313:73.92, 10:10 [3, 3256, 3295, 3304, 3161, -3]
314:120.55, 10:10 [3, 3170, 3193, 3169, 3148, 3164, -3]
315:121.76, 10:10 [3, 3179, 3162, 3146, 3176, -3]
317:66.06, 10:10 [3, 3174, 3185, 3194, 3157, -3]
318:138.62, 6:10 [3, 3237, 3245, -3]
321:93.12, 9:10 [3, 3199, 3234, 3203, 3236, -3]
401:89.54, 10:10 [4, 3266, 3273, 3249, -4]
402:119.70, 9:10 [4, 3158, 3127, 3171, 3136, 3147, -4]
404:62.16, 9:10 [4, 3255, 3305, 3195, -4]
405:57.58, 10:10 [4, 3243, 3233, 3242, 3205, -4]
406:56.73, 8:10 [4, 3282, 3198, -4]
407:34.20, 7:10 [4, 3289, 3262, -4]
408:70.38, 10:10 [4, 3209, 3298, 3215, 3250, -4]
409:93.49, 8:10 [4, 3165, 3135, -4]
410:168.73, 10:10 [4, 3128, 3190, 3130, 3192, -4]
411:101.31, 9:10 [4, 3150, 3154, 3182, -4]
413:102.72, 10:10 [4, 3303, 3248, 3244, 3240, -4]
414:143.10, 10:10 [4, 3272, 3279, 3231, -4]
415:185.50, 10:10 [4, 3188, 3151, 3175, 3139, -4]
416:59.50, 10:10 [4, 3260, 3290, 3247, 3308, -4]
421:52.67, 8:10 [4, 3296, 3142, -4]
fe: 4, se: 33

Day: 1, Time: 5
Total Cost: 2360.38
 11:66.27, 50:75 [2, 5, -5, -2]
 12:66.27, 53:75 [2, -5, -2]
 13:145.23, 36:75 [2, 6, -6, -2]
501:143.59, 10:10 [5, 3291, 3216, 3269, 3292, 3221, -5]
502:123.20, 10:10 [5, 3144, 3184, 3183, 3186, 3191, -5]
503:136.00, 10:10 [5, 3207, 3211, 3293, 3281, 3294, 3278, -5]
504:85.11, 10:10 [5, 3224, 3227, 3297, 3263, -5]
505:138.47, 10:10 [5, 3168, 3141, 3180, 3177, 3137, 3160, -5]
506:120.03, 10:10 [5, 3251, 3210, 3314, -5]
507:115.86, 10:10 [5, 3189, 3143, 3163, -5]
508:155.53, 10:10 [5, 3132, 3187, 3149, -5]
509:119.18, 10:10 [5, 3313, 3201, 3301, 3217, 3204, 3225, -5]
510:173.19, 10:10 [5, 3153, 3196, 3156, 3131, -5]
511:51.75, 10:10 [5, 3283, 3206, 3241, -5]
512:7.21, 3:10 [5, 3253, -5]
513:158.24, 4:10 [5, 3311, 3284, -5]
514:130.67, 10:10 [5, 3232, 3310, 3220, 3306, -5]
515:42.66, 10:10 [5, 3265, 3309, 3223, 3214, 3261, 3315, -5]
518:133.01, 10:10 [5, 3254, 3277, 3258, 3280, -5]
601:61.06, 10:10 [6, 3230, 3229, 3300, -6]
602:25.21, 8:10 [6, 3271, 3302, 3246, -6]
603:65.16, 8:10 [6, 3307, 3252, 3235, 3213, -6]
604:60.50, 6:10 [6, 3173, 3138, 3140, -6]
605:36.97, 10:10 [6, 3275, 3288, 3228, -6]
fe: 3, se: 21

Day: 1, Time: 10
Total Cost: 536.54
 11:153.31, 15:75 [1, -4, -1]
401:79.32, 4:10 [4, 3415, -4]
402:54.04, 4:10 [4, 4553, -4]
403:119.36, 3:10 [4, 5124, -4]
404:130.51, 4:10 [4, 4835, -4]
fe: 1, se: 4

Day: 1, Time: 15
Total Cost: 381.88
 11:179.78, 5:75 [1, -3, -4, -1]
301:40.20, 1:10 [3, 6276, -3]
401:161.90, 4:10 [4, 5163, -4]
fe: 1, se: 2

Day: 1, Time: 35
Total Cost: 274.58
 11:66.27, 7:75 [2, -5, -2]
501:106.92, 1:10 [5, 5670, -5]
502:101.39, 6:10 [5, 5174, 5881, -5]
fe: 1, se: 2

Day: 1, Time: 50
Total Cost: 140.70
 11:66.27, 4:75 [2, -5, -2]
501:74.43, 4:10 [5, 5393, -5]
fe: 1, se: 1

Day: 1, Time: 65
Total Cost: 426.55
 11:136.01, 5:75 [1, -3, -1]
 12:153.31, 2:75 [1, -4, -1]
301:93.18, 5:10 [3, 5730, 4887, -3]
401:44.05, 2:10 [4, 3958, -4]
fe: 2, se: 2

Day: 1, Time: 70
Total Cost: 163.22
 11:66.27, 4:75 [2, -5, -2]
501:96.95, 4:10 [5, 4215, 5608, -5]
fe: 1, se: 1

Day: 1, Time: 75
Total Cost: 268.59
 11:66.27, 4:75 [2, -5, -2]
 12:66.27, 1:75 [2, -5, -2]
501:86.37, 4:10 [5, 3763, -5]
502:49.68, 1:10 [5, 6020, -5]
fe: 2, se: 2

Day: 1, Time: 85
Total Cost: 308.13
 11:136.01, 3:75 [1, -3, -1]
301:138.59, 2:10 [3, 5870, -3]
302:33.53, 1:10 [3, 6232, -3]
fe: 1, se: 2

Day: 1, Time: 90
Total Cost: 111.39
 11:66.27, 3:75 [2, -5, -2]
501:45.12, 3:10 [5, 6147, -5]
fe: 1, se: 1

Day: 1, Time: 95
Total Cost: 288.75
 11:153.31, 4:75 [1, -4, -1]
401:135.44, 4:10 [4, 6165, -4]
fe: 1, se: 1

Day: 1, Time: 95
Total Cost: 182.89
 11:66.27, 1:75 [2, -5, -2]
501:116.62, 1:10 [5, 4767, -5]
fe: 1, se: 1

Day: 1, Time: 100
Total Cost: 238.97
 11:66.27, 3:75 [2, -5, -2]
501:34.93, 2:10 [5, 5848, -5]
502:137.77, 1:10 [5, 4270, -5]
fe: 1, se: 2

Day: 1, Time: 105
Total Cost: 162.31
 11:66.27, 4:75 [2, -5, -2]
501:96.04, 4:10 [5, 5236, -5]
fe: 1, se: 1

Day: 1, Time: 115
Total Cost: 372.16
 11:153.31, 2:75 [1, -4, -1]
401:90.44, 1:10 [4, 5756, -4]
402:128.41, 1:10 [4, 4418, -4]
fe: 1, se: 2

Day: 1, Time: 125
Total Cost: 266.61
 11:136.01, 3:75 [1, -3, -1]
301:130.60, 3:10 [3, 4618, -3]
fe: 1, se: 1

Day: 1, Time: 125
Total Cost: 165.43
 11:66.27, 1:75 [2, -5, -2]
501:99.16, 1:10 [5, 3923, -5]
fe: 1, se: 1

Day: 1, Time: 145
Total Cost: 355.71
 11:66.27, 3:75 [2, -5, -2]
 12:66.27, 2:75 [2, -5, -2]
501:127.31, 3:10 [5, 4074, -5]
502:95.85, 2:10 [5, 6042, -5]
fe: 2, se: 2

Day: 1, Time: 155
Total Cost: 219.36
 11:66.27, 5:75 [2, -5, -2]
501:89.84, 2:10 [5, 4201, -5]
502:63.25, 3:10 [5, 5095, -5]
fe: 1, se: 2

Day: 1, Time: 160
Total Cost: 147.88
 11:66.27, 2:75 [2, -5, -2]
501:81.61, 2:10 [5, 4142, -5]
fe: 1, se: 1

Day: 1, Time: 180
Total Cost: 139.07
 11:66.27, 4:75 [2, -5, -2]
501:72.80, 4:10 [5, 4906, -5]
fe: 1, se: 1

Day: 1, Time: 280
Total Cost: 453.61
 11:66.27, 25:75 [2, -5, -2]
501:118.85, 8:10 [5, 3414, 3613, -5]
502:140.32, 10:10 [5, 5382, 3812, 5983, -5]
503:128.16, 7:10 [5, 4468, 3816, -5]
fe: 1, se: 3

Day: 1, Time: 290
Total Cost: 759.53
 11:136.01, 23:75 [1, -3, -1]
 12:153.31, 9:75 [1, -4, -1]
301:155.72, 10:10 [3, 3359, 5740, 4542, 3668, 6177, -3]
303:60.43, 7:10 [3, 4148, 5699, -3]
304:47.59, 6:10 [3, 4750, 5675, -3]
401:206.47, 9:10 [4, 6199, 4740, 4108, 4157, 5888, -4]
fe: 2, se: 4

Day: 1, Time: 360
Total Cost: 1390.65
 11:136.01, 43:75 [1, 3, -3, -1]
 12:153.31, 28:75 [1, 4, -4, -1]
301:61.07, 9:10 [3, 56, 2957, 34, 93, -3]
302:154.00, 10:10 [3, 68, 2830, 125, 21, 39, 103, 2480, -3]
303:192.06, 9:10 [3, 1984, 3597, 30, 73, 117, 17, 91, -3]
304:87.19, 10:10 [3, 119, 2691, 6087, 16, 484, -3]
305:134.87, 6:10 [3, 3775, 11, 4772, 45, 42, 102, 88, -3]
401:131.15, 7:10 [4, 61, 20, 3622, -4]
403:95.10, 10:10 [4, 121, 27, 71, 64, 4320, 4838, 2203, -4]
404:136.44, 5:10 [4, 6031, 101, 111, 5461, 31, -4]
405:109.44, 8:10 [4, 90, 123, 24, 62, 75, 35, -4]
fe: 2, se: 9

Day: 1, Time: 360
Total Cost: 1311.27
 11:66.27, 65:75 [2, 5, -5, -2]
 12:145.23, 44:75 [2, 6, -6, -2]
501:153.40, 10:10 [5, 118, 10, 1934, 15, 3832, -5]
502:94.13, 9:10 [5, 2540, 4127, 96, 65, 83, 66, 6094, 100, -5]
503:92.95, 8:10 [5, 53, 48, 122, 9, -5]
504:61.38, 10:10 [5, 99, 78, 225, -5]
505:112.77, 10:10 [5, 70, 44, 3086, 60, -5]
506:44.80, 8:10 [5, 1363, 1645, -5]
507:124.85, 10:10 [5, 36, 84, 5180, 74, 52, 4027, -5]
601:81.38, 10:10 [6, 3063, 4010, 768, 3565, 108, 5311, 58, -6]
602:121.11, 10:10 [6, 49, 12, 55, 6307, 25, 113, -6]
603:71.74, 10:10 [6, 29, 57, 2376, 13, -6]
604:95.44, 10:10 [6, 18, 67, 82, 54, 69, -6]
605:45.81, 8:10 [6, 86, 77, 28, 46, -6]
fe: 2, se: 12

Day: 1, Time: 385
Total Cost: 223.16
 11:66.27, 5:75 [2, -5, -2]
502:156.89, 5:10 [5, 5940, 3686, -5]
fe: 1, se: 1

Day: 1, Time: 395
Total Cost: 487.91
 11:179.78, 24:75 [1, -3, -4, -1]
301:72.50, 10:10 [3, 4771, 4994, 3717, -3]
302:93.68, 4:10 [3, 3375, -3]
401:135.95, 7:10 [4, 4118, 6216, 5818, -4]
402:6.00, 3:10 [4, 4573, -4]
fe: 1, se: 4

Day: 1, Time: 400
Total Cost: 163.97
 11:66.27, 3:75 [2, -5, -2]
501:97.69, 3:10 [5, 4540, -5]
fe: 1, se: 1

Day: 1, Time: 405
Total Cost: 1229.31
 11:136.01, 51:75 [1, 3, -3, -1]
 12:153.31, 9:75 [1, 4, -1]
301:166.83, 10:10 [3, 23, 1577, 2852, 112, -3]
302:71.78, 5:10 [3, 40, 4335, 1080, -3]
303:27.86, 4:10 [3, 51, -3]
304:148.59, 6:10 [3, 85, 1025, -3]
305:78.78, 5:10 [3, 81, 2418, -3]
306:74.09, 7:10 [3, 79, 14, -3]
308:127.39, 1:10 [3, 5205, -3]
309:59.73, 7:10 [3, 2046, 33, -3]
310:56.83, 7:10 [3, 63, 573, -3]
401:66.63, 6:10 [4, 104, 94, -4]
402:61.49, 3:10 [4, 1011, 733, -4]
fe: 2, se: 11

Day: 1, Time: 405
Total Cost: 907.30
 11:151.76, 60:75 [2, 5, 6, -2]
501:167.00, 8:10 [5, 115, 89, -5]
502:71.52, 8:10 [5, 1973, 114, -5]
503:97.68, 8:10 [5, 47, 19, -5]
504:154.61, 8:10 [5, 92, 80, -5]
505:94.64, 8:10 [5, 59, 105, -5]
506:93.71, 8:10 [5, 22, 97, -5]
601:29.12, 4:10 [6, 8, -6]
602:47.26, 8:10 [6, 106, 72, -6]
fe: 1, se: 8

Day: 1, Time: 410
Total Cost: 217.56
 11:66.27, 6:75 [2, -5, -2]
501:151.28, 6:10 [5, 4809, 5274, -5]
fe: 1, se: 1

Day: 1, Time: 415
Total Cost: 260.42
 11:136.01, 2:75 [1, -3, -1]
301:124.40, 2:10 [3, 5664, -3]
fe: 1, se: 1

Day: 1, Time: 450
Total Cost: 870.66
 11:136.01, 25:75 [1, 3, -1]
 12:153.31, 10:75 [1, 4, -1]
301:121.92, 3:10 [3, 124, -3]
302:34.36, 8:10 [3, 87, 120, -3]
303:89.53, 6:10 [3, 952, 26, -3]
304:122.41, 4:10 [3, 98, -3]
305:127.06, 4:10 [3, 110, -3]
401:86.06, 10:10 [4, 116, 107, 2658, -4]
fe: 2, se: 6

Day: 1, Time: 450
Total Cost: 762.74
 11:66.27, 44:75 [2, 5, -2]
501:40.45, 4:10 [5, 2975, -5]
502:37.20, 4:10 [5, 32, -5]
503:161.58, 6:10 [5, 1228, 3042, 76, -5]
504:103.04, 7:10 [5, 50, 1428, -5]
505:132.43, 8:10 [5, 95, 109, -5]
506:104.68, 5:10 [5, 43, 2566, -5]
507:117.09, 10:10 [5, 2680, 41, 1697, -5]
fe: 1, se: 7


Day	Area	ID	Time	Load	Utilization	NoOrders	AssignmentCost
1	1	 6	225	 15	0.25	 7	225.00
1	1	 7	270	 17	0.28	 5	245.00
1	1	42	300	 77	0.64	37	1690.00
1	1	 8	315	 60	1.00	15	675.00
1	1	 9	360	 44	0.73	14	515.00
1	1	18	765	 32	0.67	13	474.00
1	1	19	810	 48	1.00	21	666.00
1	2	25	225	 11	0.18	 4	185.00
1	2	26	270	 60	1.00	38	675.00
1	2	27	315	 60	1.00	21	675.00
1	2	28	360	 35	0.58	10	425.00
1	2	34	630	 27	0.45	 8	345.00
1	2	38	810	 48	1.00	18	666.00


Day	Area	Time	Pickup	Delivery	Direct	FEVehicles	SEVehicles	ALNSTime	ALNSBestTime	RoutingCostArea
1	1	0	61	46	0	4	33	57.80	45.08	3733.51
1	1	10	4	0	0	1	4	0.90	0.00	536.54
1	1	15	2	0	0	1	2	0.33	0.00	381.88
1	1	65	3	0	0	2	2	0.42	0.00	426.55
1	1	70	0	0	1	0	0	0.00	0.00	500.00
1	1	85	2	0	0	1	2	0.26	0.00	308.13
1	1	95	1	0	0	1	1	0.19	0.00	288.75
1	1	115	2	0	0	1	2	0.26	0.00	372.16
1	1	125	1	0	0	1	1	0.19	0.00	266.61
1	1	140	0	0	1	0	0	0.00	0.00	500.00
1	1	290	14	0	0	2	4	1.16	0.00	759.53
1	1	360	9	42	0	2	9	13.30	8.52	1390.65
1	1	395	8	0	0	1	4	0.71	0.00	487.91
1	1	405	2	21	0	2	11	1.83	0.00	1229.31
1	1	415	1	0	0	1	1	0.19	0.00	260.42
1	1	450	0	10	0	2	6	0.63	0.00	870.66
1	2	5	57	24	0	3	21	24.19	16.79	2360.38
1	2	35	3	0	0	1	2	0.36	0.00	274.58
1	2	50	1	0	0	1	1	0.19	0.00	140.70
1	2	70	2	0	0	1	1	0.24	0.00	163.22
1	2	75	2	0	0	2	2	0.34	0.00	268.59
1	2	90	1	0	0	1	1	0.20	0.00	111.39
1	2	95	1	0	0	1	1	0.19	0.00	182.89
1	2	100	2	0	0	1	2	0.27	0.00	238.97
1	2	105	1	0	0	1	1	0.20	0.00	162.31
1	2	125	1	0	0	1	1	0.19	0.00	165.43
1	2	145	2	0	0	2	2	0.30	0.00	355.71
1	2	155	2	0	0	1	2	0.30	0.00	219.36
1	2	160	1	0	0	1	1	0.19	0.00	147.88
1	2	180	1	0	1	1	1	0.19	0.00	639.07
1	2	280	7	0	0	1	3	0.62	0.01	453.61
1	2	360	9	49	0	2	12	13.71	7.94	1311.27
1	2	385	2	0	0	1	1	0.24	0.00	223.16
1	2	400	1	0	0	1	1	0.19	0.00	163.97
1	2	405	0	15	0	1	8	0.86	0.00	907.30
1	2	410	2	0	0	1	1	0.26	0.00	217.56
1	2	450	0	14	0	1	7	1.10	0.17	762.74

Day	SL	Own	DispatchTimes	AssignmentCost	RoutingCost	TotalCost
1	12	1	37	7461.00	21782.72	29243.72

Total Cost: 29243.719636546903
Cost per Day: 29243.719636546903
Running time in Seconds: 158.528
Running time in minutes: 2.6421333333333332