INSTANCE: 2hubs_MSD_A_37_x.csv
PARAMETER: tuning_tight.txt
POLICY: MIP
ALPHA: 0.387023956898126
BETA: 78
OMEGA: 586
EPSILON: 1.00597325044486

Day: 1, Time: 0
Total Cost: 3354.91
 11:136.01, 61:75 [1, 3, -3, -1]
 12:136.01, 18:75 [1, -3, -1]
 14:153.31, 42:75 [1, 4, -4, -1]
 17:136.01, 36:75 [1, 3, -3, -1]
 22:153.31, 25:75 [1, 4, -4, -1]
301:54.84, 10:10 [3, 3237, 3225, 3306, -3]
302:137.47, 8:10 [3, 3261, 3227, -3]
303:129.68, 9:10 [3, 3284, 3209, 3220, -3]
304:46.32, 8:10 [3, 3141, 3170, -3]
305:18.11, 6:10 [3, 3224, 3232, -3]
306:115.30, 10:10 [3, 3193, 3183, 3155, 3176, -3]
307:103.11, 10:10 [3, 3144, 3195, 3177, -3]
308:92.91, 10:10 [3, 3235, 3127, 3223, 3166, 3314, -3]
309:87.04, 10:10 [3, 3307, 3150, 3229, 3258, 3203, -3]
310:79.67, 10:10 [3, 3217, 3184, 3162, 3186, -3]
312:108.13, 9:10 [3, 3164, 3137, 3134, 3139, 3167, -3]
313:115.43, 10:10 [3, 3286, 3242, 3244, 3280, 3202, 3182, -3]
315:148.52, 10:10 [3, 3151, 3130, 3128, 3165, 3290, -3]
316:44.82, 9:10 [3, 3250, 3276, 3301, -3]
317:49.34, 9:10 [3, 3271, 3309, 3241, -3]
401:110.32, 9:10 [4, 3138, 3179, 3133, -4]
402:108.63, 8:10 [4, 3302, 3310, 3214, 3273, -4]
403:158.91, 8:10 [4, 3283, 3298, 3192, -4]
404:158.11, 6:10 [4, 3243, 3213, -4]
405:50.26, 10:10 [4, 3291, 3279, 3300, 3257, -4]
406:93.43, 9:10 [4, 3216, 3282, 3135, -4]
407:155.05, 2:10 [4, 3199, 3312, -4]
409:154.53, 10:10 [4, 3260, 3264, 3212, 3313, -4]
412:46.36, 9:10 [4, 3275, 3296, 3263, -4]
413:166.38, 10:10 [4, 3160, 3180, 3148, 3175, 3163, -4]
414:107.55, 10:10 [4, 3255, 3266, 3204, 3234, -4]
fe: 5, se: 26

Day: 1, Time: 5
Total Cost: 3577.91
 11:66.27, 52:75 [2, 5, -5, -2]
 12:66.27, 63:75 [2, 5, -5, -2]
 13:145.23, 32:75 [2, 6, -6, -2]
 14:66.27, 4:75 [2, -5, -2]
 15:66.27, 18:75 [2, -5, -2]
 16:66.27, 1:75 [2, -5, -2]
 17:66.27, 4:75 [2, -5, -2]
501:136.62, 4:10 [5, 3268, -5]
502:103.82, 4:10 [5, 3187, 3168, 3169, -5]
503:105.74, 8:10 [5, 3222, 3292, 3197, -5]
504:164.47, 10:10 [5, 3295, 3311, 3218, 3294, 3768, 3178, -5]
505:130.61, 4:10 [5, 3200, -5]
506:122.49, 10:10 [5, 3196, 3152, 3131, 3171, 3145, -5]
507:157.53, 10:10 [5, 3185, 3147, 3129, 3156, 3140, -5]
508:132.74, 1:10 [5, 3205, -5]
509:131.74, 8:10 [5, 3288, 3219, 3191, 3278, 3262, 3265, -5]
510:125.49, 10:10 [5, 3198, 3248, 3172, 3228, -5]
511:103.64, 10:10 [5, 3308, 3269, 3226, -5]
512:124.02, 4:10 [5, 3245, -5]
513:53.28, 9:10 [5, 3305, 3256, 3215, -5]
514:41.84, 8:10 [5, 3146, 3143, -5]
515:112.29, 8:10 [5, 3259, 3287, 3270, -5]
517:115.87, 10:10 [5, 3210, 3272, 3253, 3299, 3285, -5]
518:150.44, 10:10 [5, 3158, 3189, 3142, 3136, -5]
519:66.88, 10:10 [5, 3206, 3221, 3303, -5]
521:116.55, 9:10 [5, 3238, 3293, 3231, 3236, -5]
522:96.15, 10:10 [5, 3267, 3274, 3247, 3239, 3254, -5]
523:77.60, 10:10 [5, 3315, 3277, 3207, -5]
524:105.92, 8:10 [5, 3201, 3281, 3289, -5]
525:129.11, 10:10 [5, 3174, 3159, 3181, 3190, -5]
601:68.34, 8:10 [6, 3211, 3297, 3252, 3230, -6]
602:80.06, 10:10 [6, 3173, 3149, 3157, 3194, 3188, -6]
603:81.89, 9:10 [6, 3304, 3246, 3233, -6]
604:79.96, 7:10 [6, 3249, 3208, -6]
605:28.80, 8:10 [6, 3240, 3251, -6]
607:91.16, 8:10 [6, 3154, 3161, 3153, 3132, -6]
fe: 7, se: 29

Day: 1, Time: 15
Total Cost: 230.55
 11:66.27, 6:75 [2, -5, -2]
501:48.00, 3:10 [5, 6268, -5]
502:116.28, 3:10 [5, 4214, -5]
fe: 1, se: 2

Day: 1, Time: 30
Total Cost: 229.49
 11:66.27, 7:75 [2, -5, -2]
501:97.22, 3:10 [5, 4898, 4242, -5]
502:66.00, 4:10 [5, 6076, -5]
fe: 1, se: 2

Day: 1, Time: 50
Total Cost: 485.75
 11:136.01, 10:75 [1, -3, -1]
 12:153.31, 4:75 [1, -4, -1]
301:125.40, 10:10 [3, 5792, 5686, 4739, -3]
401:71.02, 4:10 [4, 3909, -4]
fe: 2, se: 2

Day: 1, Time: 50
Total Cost: 138.38
 11:66.27, 3:75 [2, -5, -2]
501:72.11, 3:10 [5, 3967, -5]
fe: 1, se: 1

Day: 1, Time: 55
Total Cost: 136.39
 11:66.27, 2:75 [2, -5, -2]
501:70.11, 2:10 [5, 5395, -5]
fe: 1, se: 1

Day: 1, Time: 65
Total Cost: 450.74
 11:136.01, 3:75 [1, -3, -1]
 12:153.31, 5:75 [1, -4, -1]
301:43.86, 3:10 [3, 5708, -3]
401:117.55, 5:10 [4, 4616, 4643, -4]
fe: 2, se: 2

Day: 1, Time: 80
Total Cost: 254.46
 11:66.27, 7:75 [2, -5, -2]
501:112.16, 3:10 [5, 3448, -5]
502:76.03, 4:10 [5, 3481, -5]
fe: 1, se: 2

Day: 1, Time: 85
Total Cost: 217.09
 11:153.31, 3:75 [1, -4, -1]
401:63.78, 3:10 [4, 4912, -4]
fe: 1, se: 1

Day: 1, Time: 90
Total Cost: 164.54
 11:66.27, 7:75 [2, -5, -2]
501:67.68, 4:10 [5, 3913, -5]
502:30.59, 3:10 [5, 3512, -5]
fe: 1, se: 2

Day: 1, Time: 95
Total Cost: 243.31
 11:153.31, 4:75 [1, -4, -1]
401:90.00, 4:10 [4, 3434, -4]
fe: 1, se: 1

Day: 1, Time: 100
Total Cost: 114.65
 11:66.27, 2:75 [2, -5, -2]
501:48.37, 2:10 [5, 4528, -5]
fe: 1, se: 1

Day: 1, Time: 115
Total Cost: 110.68
 11:66.27, 3:75 [2, -5, -2]
501:44.41, 3:10 [5, 4886, -5]
fe: 1, se: 1

Day: 1, Time: 120
Total Cost: 265.99
 11:136.01, 9:75 [1, -3, -1]
301:47.88, 5:10 [3, 4191, 5128, -3]
302:82.10, 4:10 [3, 3718, -3]
fe: 1, se: 2

Day: 1, Time: 125
Total Cost: 178.06
 11:136.01, 2:75 [1, -3, -1]
301:42.05, 2:10 [3, 3526, -3]
fe: 1, se: 1

Day: 1, Time: 140
Total Cost: 133.42
 11:66.27, 3:75 [2, -5, -2]
501:6.32, 2:10 [5, 4900, -5]
502:60.83, 1:10 [5, 6162, -5]
fe: 1, se: 2

Day: 1, Time: 145
Total Cost: 228.21
 11:66.27, 5:75 [2, -5, -2]
501:94.02, 4:10 [5, 3885, -5]
502:67.91, 1:10 [5, 5145, -5]
fe: 1, se: 2

Day: 1, Time: 150
Total Cost: 275.16
 12:153.31, 5:75 [1, -4, -1]
401:60.93, 2:10 [4, 6005, -4]
402:60.93, 3:10 [4, 3532, -4]
fe: 1, se: 2

Day: 1, Time: 150
Total Cost: 116.27
 11:66.27, 2:75 [2, -5, -2]
501:50.00, 2:10 [5, 4999, -5]
fe: 1, se: 1

Day: 1, Time: 175
Total Cost: 419.92
 11:136.01, 2:75 [1, -3, -1]
 12:153.31, 4:75 [1, -4, -1]
301:37.95, 2:10 [3, 5416, -3]
401:92.65, 4:10 [4, 3748, -4]
fe: 2, se: 2

Day: 1, Time: 180
Total Cost: 164.30
 11:136.01, 4:75 [1, -3, -1]
301:28.28, 4:10 [3, 3538, -3]
fe: 1, se: 1

Day: 1, Time: 265
Total Cost: 1140.13
 11:136.01, 29:75 [1, 3, -3, -1]
 13:153.31, 26:75 [1, 4, -4, -1]
301:43.65, 5:10 [3, 5033, 4605, -3]
302:103.63, 9:10 [3, 1024, 4868, 3943, 3078, 5488, -3]
303:139.12, 9:10 [3, 6064, 36, 777, 4383, -3]
304:170.02, 8:10 [3, 2205, 6250, 118, 7, 3577, 4136, -3]
401:170.17, 10:10 [4, 3664, 32, 6274, 102, 5257, -4]
402:142.04, 9:10 [4, 4170, 3849, 5719, -4]
403:82.18, 7:10 [4, 5929, 5753, -4]
fe: 2, se: 7

Day: 1, Time: 290
Total Cost: 444.97
 11:66.27, 27:75 [2, -5, -2]
501:102.04, 9:10 [5, 6037, 6306, 6004, 3644, -5]
502:111.44, 9:10 [5, 5956, 5582, 6220, -5]
503:165.22, 9:10 [5, 3374, 4248, 4308, 4612, -5]
fe: 1, se: 3

Day: 1, Time: 300
Total Cost: 294.33
 11:136.01, 4:75 [1, -3, -1]
301:158.32, 4:10 [3, 4563, 3666, -3]
fe: 1, se: 1

Day: 1, Time: 315
Total Cost: 918.58
 11:179.78, 60:75 [1, 3, 4, -4, -1]
301:170.48, 10:10 [3, 17, 15, 59, 21, 99, 114, -3]
302:186.70, 10:10 [3, 1708, 11, 79, 1052, 66, -3]
303:68.05, 10:10 [3, 115, 84, 125, -3]
304:91.14, 7:10 [3, 77, 49, 25, -3]
305:50.17, 9:10 [3, 91, 62, 55, -3]
401:53.99, 4:10 [4, 56, 5119, -4]
402:118.26, 10:10 [4, 64, 50, 5889, 107, 57, -4]
fe: 1, se: 7

Day: 1, Time: 360
Total Cost: 1078.23
 11:136.01, 38:75 [1, 3, -3, -1]
 12:153.31, 30:75 [1, 4, -4, -1]
302:145.14, 10:10 [3, 723, 3506, 2660, 2972, 109, -3]
305:62.77, 10:10 [3, 121, 322, 38, 103, 75, -3]
306:57.92, 10:10 [3, 82, 43, 46, 4116, 2886, -3]
307:162.45, 9:10 [3, 1809, 3642, 5811, 40, 578, 28, -3]
401:86.58, 8:10 [4, 78, 29, 4267, 5456, 1710, -4]
402:146.32, 9:10 [4, 1338, 10, 1696, -4]
403:117.73, 10:10 [4, 18, 61, 95, 5105, -4]
404:10.00, 4:10 [4, 87, -4]
fe: 2, se: 8

Day: 1, Time: 360
Total Cost: 1131.07
 11:66.27, 49:75 [2, 5, -5, -2]
 12:145.23, 33:75 [2, 6, -6, -2]
501:111.05, 10:10 [5, 1549, 460, 2602, 83, -5]
502:99.66, 10:10 [5, 112, 24, 106, 5214, 4167, -5]
504:105.52, 10:10 [5, 73, 328, 3359, 119, 44, -5]
505:127.41, 9:10 [5, 101, 81, 2496, 65, -5]
507:175.26, 10:10 [5, 86, 5999, 92, 4329, 719, -5]
601:89.37, 10:10 [6, 67, 85, 76, 26, 5127, -6]
602:100.26, 10:10 [6, 60, 51, 336, -6]
603:60.07, 5:10 [6, 2518, 120, 111, -6]
604:50.97, 8:10 [6, 89, 14, 3745, -6]
fe: 2, se: 9

Day: 1, Time: 400
Total Cost: 202.47
 11:66.27, 3:75 [2, -5, -2]
501:136.20, 3:10 [5, 4262, 4027, -5]
fe: 1, se: 1

Day: 1, Time: 405
Total Cost: 1205.72
 11:136.01, 28:75 [1, 3, -3, -1]
 12:153.31, 32:75 [1, 4, -4, -1]
301:62.75, 8:10 [3, 5333, 80, 97, -3]
302:133.00, 10:10 [3, 6256, 113, 104, 291, 1955, -3]
303:69.89, 2:10 [3, 69, 5645, -3]
304:79.29, 9:10 [3, 105, 16, 48, -3]
306:66.03, 2:10 [3, 72, 3813, -3]
401:87.45, 5:10 [4, 5172, 3514, -4]
402:66.12, 2:10 [4, 20, -4]
403:116.83, 5:10 [4, 98, 41, -4]
404:46.69, 4:10 [4, 8, -4]
405:75.45, 8:10 [4, 58, 31, -4]
406:42.52, 4:10 [4, 63, -4]
407:70.37, 9:10 [4, 88, 695, 258, -4]
fe: 2, se: 12

Day: 1, Time: 405
Total Cost: 1000.79
 11:66.27, 29:75 [2, 5, -5, -2]
 12:145.23, 31:75 [2, 6, -6, -2]
501:173.02, 7:10 [5, 90, 5199, 52, 1001, -5]
502:151.78, 4:10 [5, 96, 42, -5]
503:123.93, 9:10 [5, 30, 94, 13, -5]
504:125.40, 9:10 [5, 117, 34, 39, -5]
601:58.61, 9:10 [6, 116, 37, 54, 124, -6]
602:63.97, 9:10 [6, 47, 12, 110, -6]
603:44.80, 5:10 [6, 71, 68, 3436, -6]
604:47.79, 8:10 [6, 1722, 1938, 19, -6]
fe: 2, se: 8

Day: 1, Time: 425
Total Cost: 203.67
 11:153.31, 4:75 [1, -4, -1]
401:50.36, 4:10 [4, 5023, -4]
fe: 1, se: 1

Day: 1, Time: 450
Total Cost: 741.75
 11:66.27, 60:75 [2, 5, -2]
502:85.17, 6:10 [5, 528, 2226, -5]
503:65.47, 8:10 [5, 348, 108, -5]
504:99.12, 8:10 [5, 53, 23, 2815, -5]
505:80.18, 7:10 [5, 122, 74, 33, -5]
506:77.42, 8:10 [5, 35, 45, -5]
507:49.09, 7:10 [5, 22, 1426, 9, -5]
509:66.37, 7:10 [5, 93, 70, -5]
510:152.66, 9:10 [5, 244, 1453, 342, -5]
fe: 1, se: 8

Day: 1, Time: 495
Total Cost: 148.37
 11:66.27, 4:75 [2, 5, -2]
501:82.10, 4:10 [5, 558, -5]
fe: 1, se: 1


Day	Area	ID	Time	Load	Utilization	NoOrders	AssignmentCost
1	1	 6	225	 24	0.40	 8	315.00
1	1	42	300	 58	0.48	22	1310.00
1	1	 8	315	 60	1.00	23	675.00
1	1	 9	360	 60	1.00	20	675.00
1	1	10	405	  4	0.07	 1	115.00
1	1	15	630	 13	0.22	 5	205.00
1	1	17	720	 37	0.77	14	534.00
1	1	19	810	 48	1.00	20	666.00
1	2	50	200	 26	0.22	 9	670.00
1	2	25	225	 60	1.00	25	675.00
1	2	26	270	 53	0.88	16	605.00
1	2	51	300	 15	0.13	11	450.00
1	2	27	315	 60	1.00	21	675.00
1	2	37	765	  6	0.13	 2	162.00
1	2	38	810	 48	1.00	20	666.00


Day	Area	Time	Pickup	Delivery	Direct	FEVehicles	SEVehicles	ALNSTime	ALNSBestTime	RoutingCostArea
1	1	0	57	35	0	5	26	45.10	32.71	3354.91
1	1	50	4	0	0	2	2	0.55	0.00	485.75
1	1	65	3	0	0	2	2	0.36	0.00	450.74
1	1	85	1	0	0	1	1	0.22	0.00	217.09
1	1	95	1	0	0	1	1	0.22	0.00	243.31
1	1	120	3	0	0	1	2	0.41	0.00	265.99
1	1	125	1	0	0	1	1	0.22	0.00	178.06
1	1	150	2	0	1	1	2	0.32	0.00	775.16
1	1	155	0	0	1	0	0	0.00	0.00	500.00
1	1	175	2	0	0	2	2	0.34	0.00	419.92
1	1	180	1	0	0	1	1	0.21	0.00	164.30
1	1	265	18	9	0	2	7	4.20	3.05	1140.13
1	1	300	2	0	0	1	1	0.32	0.00	294.33
1	1	315	2	25	0	1	7	2.35	1.43	918.58
1	1	360	7	27	0	2	8	2.92	0.00	1078.23
1	1	405	6	21	0	2	12	2.91	0.26	1205.72
1	1	425	1	0	0	1	1	0.21	0.00	203.67
1	2	5	63	35	0	7	29	34.43	0.01	3577.91
1	2	15	2	0	0	1	2	0.30	0.00	230.55
1	2	30	3	0	0	1	2	0.33	0.00	229.49
1	2	50	1	0	0	1	1	0.20	0.00	138.38
1	2	55	1	0	0	1	1	0.28	0.00	136.39
1	2	80	2	0	0	1	2	0.32	0.00	254.46
1	2	90	2	0	0	1	2	0.33	0.00	164.54
1	2	100	1	0	0	1	1	0.22	0.00	114.65
1	2	115	1	0	0	1	1	0.22	0.00	110.68
1	2	140	2	0	0	1	2	0.27	0.00	133.42
1	2	145	2	0	0	1	2	0.30	0.00	228.21
1	2	150	1	0	0	1	1	0.21	0.00	116.27
1	2	170	0	0	1	0	0	0.00	0.00	500.00
1	2	290	11	0	0	1	3	0.90	0.00	444.97
1	2	360	7	30	0	2	9	5.46	3.93	1131.07
1	2	400	2	0	0	1	1	0.28	0.00	202.47
1	2	405	2	23	0	2	8	2.50	0.51	1000.79
1	2	450	0	20	0	1	8	1.14	0.00	741.75
1	2	495	0	1	0	1	1	0.21	0.00	148.37

Day	SL	Own	DispatchTimes	AssignmentCost	RoutingCost	TotalCost
1	12	3	36	8398.00	21500.26	29898.26

Total Cost: 29898.261807208684
Cost per Day: 29898.261807208684
Running time in Seconds: 146.592
Running time in minutes: 2.4432