INSTANCE: 2hubs_A_3_x.csv
PARAMETER: ldp_standard.txt
POLICY: LATEST DEPARTURE
ALPHA: 0.0
BETA: 51
OMEGA: 586
EPSILON: 1.0

Day: 1, Time: 0
Total Cost: 3364.95
 11:136.01, 60:75 [1, 3, -3, -1]
 12:136.01, 39:75 [1, 3, -3, -1]
 13:136.01, 20:75 [1, 3, -3, -1]
 15:153.31, 52:75 [1, 4, -4, -1]
301:238.39, 10:10 [3, 3120, 3291, 3161, 3237, 3125, 3225, 3217, -3]
302:134.24, 6:10 [3, 3274, 3296, -3]
303:178.96, 10:10 [3, 3305, 3246, 3115, 3311, 3185, 3163, 3124, 3302, -3]
304:71.82, 9:10 [3, 3284, 3141, 3093, -3]
305:39.55, 10:10 [3, 3201, 3158, 3290, 3149, -3]
306:40.28, 7:10 [3, 3195, 3147, -3]
307:59.72, 7:10 [3, 3172, 3191, 3166, -3]
308:49.86, 6:10 [3, 3175, 3214, 3287, -3]
309:91.49, 10:10 [3, 3136, 3207, 3128, 3252, 3139, 3254, 3170, -3]
310:199.66, 10:10 [3, 3200, 3164, 3222, 3094, 3140, 3259, -3]
311:81.58, 8:10 [3, 3272, 3169, 3229, 3151, 3233, -3]
312:145.05, 10:10 [3, 3107, 3303, 3315, 3101, 3297, 3090, 3224, -3]
314:125.57, 10:10 [3, 3138, 3314, 3248, 3114, -3]
315:126.03, 10:10 [3, 3266, 3299, 3218, -3]
316:143.22, 10:10 [3, 3280, 3300, 3104, 3203, 3301, 3122, 3267, -3]
320:80.21, 10:10 [3, 3307, 3232, 3278, -3]
401:88.19, 10:10 [4, 3310, 3269, 3228, 3308, 3186, -4]
402:30.61, 9:10 [4, 3118, 3095, 3088, -4]
403:54.02, 7:10 [4, 3150, 3102, -4]
404:112.99, 7:10 [4, 3235, 3234, 3210, -4]
405:46.63, 6:10 [4, 3087, 3106, 3202, -4]
406:103.75, 10:10 [4, 3216, 3192, 3242, 3261, 3219, -4]
407:100.75, 9:10 [4, 3263, 3265, 3205, 3243, -4]
408:120.88, 3:10 [4, 3227, 3289, -4]
409:115.68, 10:10 [4, 3135, 3162, 3179, 3123, -4]
410:103.76, 10:10 [4, 3213, 3130, 3286, 3268, 3193, -4]
411:120.73, 10:10 [4, 3144, 3180, 3167, 3168, -4]
fe: 4, se: 27

Day: 1, Time: 30
Total Cost: 2916.42
 11:66.27, 69:75 [2, 5, -5, -2]
 12:66.27, 72:75 [2, 5, -5, -2]
 14:66.27, 9:75 [2, 5, -5, -2]
 15:145.23, 52:75 [2, 6, -6, -2]
501:177.62, 10:10 [5, 3281, 3244, 3112, 3282, -5]
502:127.45, 10:10 [5, 3194, 3288, 3157, 3283, 3258, 3137, -5]
503:109.72, 10:10 [5, 3277, 3276, 3153, 3097, -5]
504:141.98, 10:10 [5, 3152, 3117, 3133, 3249, 3250, 3189, -5]
505:72.70, 8:10 [5, 3129, 3119, 3165, -5]
506:108.83, 9:10 [5, 3126, 3273, 3231, 3293, -5]
507:132.61, 10:10 [5, 3257, 3184, 3221, 3223, 3178, -5]
508:85.94, 10:10 [5, 3108, 3188, 3113, -5]
509:27.40, 8:10 [5, 3239, 3174, -5]
510:38.63, 10:10 [5, 3209, 3211, 4155, -5]
511:126.74, 10:10 [5, 3116, 3292, 3183, 3251, 3199, 3110, 3099, -5]
512:72.63, 10:10 [5, 3295, 3255, 3298, -5]
513:108.75, 8:10 [5, 3226, 3190, 3109, 3182, 3220, 3313, -5]
514:84.27, 10:10 [5, 3159, 3306, 3127, 3181, 3155, -5]
515:85.01, 8:10 [5, 3196, 3262, 3091, -5]
517:141.51, 9:10 [5, 3294, 3275, 3206, 3309, -5]
518:104.66, 10:10 [5, 3204, 3264, 3240, 3103, -5]
519:97.87, 10:10 [5, 3285, 3312, 3236, 3241, 3256, -5]
523:118.80, 10:10 [5, 3154, 3253, 3247, 3131, 3270, 3173, 3105, -5]
602:72.02, 10:10 [6, 3143, 3160, 3111, 3156, -6]
603:60.37, 10:10 [6, 3089, 3171, 3146, -6]
604:42.57, 10:10 [6, 3304, 3238, 5502, 3187, -6]
605:53.50, 10:10 [6, 3230, 5103, 5655, 3198, -6]
606:153.64, 10:10 [6, 3098, 3177, 3100, 3176, 3145, 3142, -6]
608:57.97, 8:10 [6, 3092, 3148, -6]
609:49.63, 9:10 [6, 3096, 3271, 3121, 3134, -6]
610:69.06, 10:10 [6, 3212, 3245, 3132, -6]
611:50.45, 9:10 [6, 3215, 3279, 3260, 3208, -6]
fe: 4, se: 28

Day: 1, Time: 50
Total Cost: 601.84
 11:136.01, 10:75 [1, -3, -1]
 12:136.01, 9:75 [1, -3, -1]
302:174.53, 10:10 [3, 5426, 5785, 4525, 5268, -3]
303:133.69, 6:10 [3, 4944, 3777, -3]
304:21.60, 3:10 [3, 4607, 5315, -3]
fe: 2, se: 3

Day: 1, Time: 85
Total Cost: 389.65
 11:66.27, 9:75 [2, -5, -2]
501:63.56, 1:10 [5, 6200, -5]
502:99.50, 7:10 [5, 6223, 3652, 4529, -5]
503:160.31, 1:10 [5, 5640, -5]
fe: 1, se: 3

Day: 1, Time: 90
Total Cost: 426.72
 11:179.78, 7:75 [1, -3, -4, -1]
301:57.27, 3:10 [3, 4609, -3]
401:69.66, 3:10 [4, 6219, -4]
402:120.02, 1:10 [4, 4975, -4]
fe: 1, se: 3

Day: 1, Time: 125
Total Cost: 465.31
 11:153.31, 6:75 [1, -4, -1]
 12:136.01, 4:75 [1, -3, -1]
302:40.79, 4:10 [3, 5712, -3]
401:135.19, 6:10 [4, 5788, 5549, -4]
fe: 2, se: 2

Day: 1, Time: 135
Total Cost: 309.83
 11:153.31, 3:75 [1, -4, -1]
401:156.52, 3:10 [4, 3380, -4]
fe: 1, se: 1

Day: 1, Time: 140
Total Cost: 620.23
 11:66.27, 6:75 [2, -5, -2]
 12:66.27, 8:75 [2, -5, -2]
 13:145.23, 2:75 [2, -6, -2]
502:143.15, 8:10 [5, 3864, 5680, 3413, -5]
503:175.89, 6:10 [5, 5211, 3962, -5]
601:23.41, 2:10 [6, 3916, -6]
fe: 3, se: 3

Day: 1, Time: 155
Total Cost: 155.31
 11:153.31, 3:75 [1, -4, -1]
401:2.00, 3:10 [4, 5150, -4]
fe: 1, se: 1

Day: 1, Time: 175
Total Cost: 392.16
 11:66.27, 7:75 [2, -5, -2]
 12:66.27, 4:75 [2, -5, -2]
501:159.71, 7:10 [5, 5149, 4026, 5528, -5]
502:42.19, 1:10 [5, 4811, -5]
503:57.72, 3:10 [5, 5196, -5]
fe: 2, se: 3

Day: 1, Time: 200
Total Cost: 492.64
 11:136.01, 4:75 [1, -3, -1]
 12:153.31, 9:75 [1, -4, -1]
301:41.23, 4:10 [3, 4848, -3]
401:162.09, 9:10 [4, 6248, 3448, 3393, 3744, -4]
fe: 2, se: 2

Day: 1, Time: 320
Total Cost: 773.74
 11:136.01, 10:75 [1, -3, -1]
 12:153.31, 20:75 [1, -4, -1]
302:194.18, 10:10 [3, 4082, 4012, 5307, 4260, 4387, -3]
402:167.83, 10:10 [4, 5810, 5804, 4596, 5644, 3676, -4]
403:122.40, 10:10 [4, 4139, 5019, 3391, 5812, -4]
fe: 2, se: 3

Day: 1, Time: 325
Total Cost: 683.33
 11:145.23, 15:75 [2, -6, -2]
 12:66.27, 30:75 [2, -5, -2]
501:106.60, 9:10 [5, 5442, 4417, 5975, -5]
502:76.54, 9:10 [5, 5286, 4359, 3611, -5]
503:159.01, 10:10 [5, 5912, 3667, 6166, 4157, -5]
504:14.14, 2:10 [5, 5397, -5]
601:44.14, 10:10 [6, 4198, 4015, 6162, -6]
602:71.39, 5:10 [6, 3537, 3631, -6]
fe: 2, se: 6

Day: 1, Time: 360
Total Cost: 807.91
 11:136.01, 14:75 [1, 3, -3, -1]
301:171.13, 1:10 [3, 66, -3]
302:147.86, 8:10 [3, 8, 65, 33, -3]
303:96.52, 3:10 [3, 3685, -3]
304:103.41, 4:10 [3, 3680, 5359, 3425, -3]
305:152.98, 7:10 [3, 4908, 70, 74, -3]
fe: 1, se: 5

Day: 1, Time: 400
Total Cost: 571.24
 11:179.78, 17:75 [1, -3, -4, -1]
301:119.04, 8:10 [3, 4283, 3895, -3]
302:119.55, 5:10 [3, 4853, 4447, -3]
401:152.87, 4:10 [4, 3518, 4228, -4]
fe: 1, se: 3

Day: 1, Time: 405
Total Cost: 862.27
 11:136.01, 25:75 [1, 3, -1]
 12:153.31, 16:75 [1, 4, -1]
301:72.88, 4:10 [3, 46, 67, -3]
302:46.47, 3:10 [3, 2312, 61, -3]
303:49.50, 8:10 [3, 108, 726, 40, -3]
304:51.90, 5:10 [3, 1913, 49, -3]
306:89.04, 5:10 [3, 55, 102, -3]
401:77.67, 1:10 [4, 119, -4]
402:81.58, 1:10 [4, 1621, -4]
403:56.95, 9:10 [4, 104, 103, 965, -4]
404:46.96, 5:10 [4, 2450, 9, 48, -4]
fe: 2, se: 9

Day: 1, Time: 405
Total Cost: 1012.88
 11:66.27, 30:75 [2, 5, -5, -2]
 12:145.23, 12:75 [2, 6, -6, -2]
501:104.55, 9:10 [5, 28, 23, 42, 4491, 3364, -5]
502:94.30, 4:10 [5, 45, 44, -5]
503:136.40, 6:10 [5, 62, 1754, -5]
504:107.62, 4:10 [5, 2522, 4111, -5]
505:146.83, 7:10 [5, 88, 39, -5]
601:60.77, 5:10 [6, 2125, 120, 99, -6]
602:32.25, 4:10 [6, 5093, -6]
603:42.63, 4:10 [6, 118, 84, 4728, -6]
604:76.03, 6:10 [6, 5967, 43, -6]
fe: 2, se: 9

Day: 1, Time: 450
Total Cost: 510.76
 11:66.27, 17:75 [2, 5, -2]
501:83.52, 1:10 [5, 15, -5]
502:78.89, 3:10 [5, 11, -5]
503:75.07, 3:10 [5, 124, -5]
504:70.26, 4:10 [5, 52, -5]
505:70.71, 3:10 [5, 12, -5]
506:66.03, 3:10 [5, 1960, -5]
fe: 1, se: 6

Day: 1, Time: 460
Total Cost: 1179.50
 11:136.01, 27:75 [1, 3, -3, -1]
 12:153.31, 22:75 [1, 4, -1]
301:112.29, 2:10 [3, 81, -3]
302:77.83, 4:10 [3, 83, 25, -3]
303:68.97, 7:10 [3, 2006, 51, -3]
304:59.93, 4:10 [3, 21, -3]
305:112.16, 3:10 [3, 31, -3]
306:68.95, 7:10 [3, 50, 114, -3]
307:34.53, 4:10 [3, 3944, -3]
401:68.42, 6:10 [4, 36, 16, -4]
402:42.22, 6:10 [4, 30, 105, -4]
403:80.89, 3:10 [4, 123, -4]
404:89.31, 2:10 [4, 19, -4]
405:74.67, 5:10 [4, 3033, 41, -4]
fe: 2, se: 12

Day: 1, Time: 460
Total Cost: 719.17
 11:66.27, 28:75 [2, 5, -2]
501:37.92, 5:10 [5, 13, 10, -5]
502:40.95, 5:10 [5, 1658, 90, -5]
503:63.66, 1:10 [5, 82, -5]
504:38.63, 4:10 [5, 109, -5]
505:149.27, 7:10 [5, 117, 106, 1785, -5]
506:160.43, 3:10 [5, 37, 29, -5]
507:162.05, 3:10 [5, 73, -5]
fe: 1, se: 7

Day: 1, Time: 495
Total Cost: 226.84
 11:136.01, 15:75 [1, 3, -1]
301:22.30, 5:10 [3, 1339, 14, -3]
302:13.42, 4:10 [3, 223, -3]
303:31.03, 2:10 [3, 122, 3010, -3]
304:24.08, 4:10 [3, 22, -3]
fe: 1, se: 4

Day: 1, Time: 495
Total Cost: 746.61
 11:66.27, 21:75 [2, 5, -2]
 12:145.23, 7:75 [2, 6, -2]
501:60.83, 3:10 [5, 111, -5]
502:84.93, 8:10 [5, 110, 79, -5]
503:93.06, 3:10 [5, 190, -5]
504:84.47, 4:10 [5, 76, 71, -5]
505:84.10, 2:10 [5, 64, -5]
507:97.53, 1:10 [5, 78, -5]
601:20.00, 4:10 [6, 96, -6]
602:10.20, 3:10 [6, 587, -6]
fe: 2, se: 8

Day: 1, Time: 525
Total Cost: 232.75
 11:66.27, 16:75 [2, 5, -2]
501:47.41, 3:10 [5, 38, -5]
503:38.42, 3:10 [5, 1419, -5]
504:47.71, 3:10 [5, 3029, -5]
505:32.94, 7:10 [5, 32, 20, -5]
fe: 1, se: 4

Day: 1, Time: 550
Total Cost: 66.27
 11:66.27, 3:75 [2, 5, -2]
501:0.00, 3:10 [5, 24, -5]
fe: 1, se: 1


Day	Area	ID	Time	Load	Utilization	NoOrders	AssignmentCost
1	1	 8	315	 42	0.56	16	495.00
1	1	 9	360	 17	0.23	 6	245.00
1	1	43	400	 28	0.19	12	710.00
1	1	10	405	 28	0.37	10	355.00
1	1	11	450	 19	0.21	 6	212.00
1	1	44	500	  3	0.02	 1	168.00
1	1	47	800	 75	0.63	32	1980.00
1	1	19	810	 60	1.00	26	810.00
1	2	51	300	 14	0.09	 6	430.00
1	2	27	315	 41	0.55	19	485.00
1	2	52	400	 49	0.33	17	1130.00
1	2	29	405	 15	0.20	 6	225.00
1	2	56	800	 79	0.66	28	2076.00
1	2	38	810	 60	1.00	22	810.00


Day	Area	Time	Pickup	Delivery	Direct	FEVehicles	SEVehicles	ALNSTime	ALNSBestTime	RoutingCostArea
1	1	0	62	52	0	4	27	62.32	31.93	3364.95
1	1	50	8	0	0	2	3	0.71	0.00	601.84
1	1	90	3	0	0	1	3	0.45	0.00	426.72
1	1	125	3	0	0	2	2	0.45	0.00	465.31
1	1	135	1	0	0	1	1	0.21	0.00	309.83
1	1	155	1	0	0	1	1	0.25	0.00	155.31
1	1	200	5	0	0	2	2	0.58	0.00	492.64
1	1	320	14	0	0	2	3	1.36	0.00	773.74
1	1	360	5	6	0	1	5	1.11	0.00	807.91
1	1	400	6	0	0	1	3	0.67	0.00	571.24
1	1	405	0	19	0	2	9	1.29	0.00	862.27
1	1	460	1	17	0	2	12	1.44	0.00	1179.50
1	1	495	0	6	0	1	4	0.32	0.00	226.84
1	2	30	60	58	0	4	28	55.54	41.39	2916.42
1	2	85	5	0	0	1	3	0.52	0.00	389.65
1	2	140	6	0	0	3	3	0.66	0.00	620.23
1	2	175	5	0	0	2	3	0.52	0.00	392.16
1	2	325	16	0	0	2	6	1.55	0.15	683.33
1	2	405	6	16	0	2	9	1.91	1.04	1012.88
1	2	450	0	6	0	1	6	0.38	0.21	510.76
1	2	460	0	12	0	1	7	0.88	0.00	719.17
1	2	495	0	10	0	2	8	0.74	0.00	746.61
1	2	525	0	5	1	1	4	0.40	0.00	732.75
1	2	550	0	1	0	1	1	0.19	0.00	66.27

Day	SL	Own	DispatchTimes	AssignmentCost	RoutingCost	TotalCost
1	8	6	24	10131.00	19028.32	29159.32

Total Cost: 29159.323504660933
Cost per Day: 29159.323504660933
Running time in Seconds: 164.696
Running time in minutes: 2.7449333333333334