INSTANCE: 3hubs_MND_A_17_x.csv
PARAMETER: ldp_standard.txt
POLICY: LATEST DEPARTURE
ALPHA: 0.0
BETA: 67
OMEGA: 586
EPSILON: 1.0

Day: 1, Time: 0
Total Cost: 5001.54
 11:136.01, 68:75 [1, 4, -4, -1]
 12:136.01, 75:75 [1, 4, -4, -1]
 13:136.01, 58:75 [1, 4, -1]
 15:153.31, 55:75 [1, 5, -5, -1]
 16:153.31, 72:75 [1, 5, -5, -1]
 17:153.31, 32:75 [1, 5, -5, -1]
401:77.67, 8:10 [4, 8958, 8998, 8866, -4]
402:42.58, 9:10 [4, 8300, 8446, 8666, -4]
403:21.70, 10:10 [4, 8565, 8584, 8660, -4]
404:106.25, 10:10 [4, 8400, 8580, 8315, 8842, 8924, 8971, 8379, -4]
405:90.90, 10:10 [4, 8531, 8374, 8505, 8895, 8432, 8381, -4]
406:137.21, 10:10 [4, 8422, 8396, 8547, 8321, -4]
407:119.35, 10:10 [4, 8801, 8906, 8829, 8827, 8541, -4]
408:72.73, 10:10 [4, 8533, 8542, 8326, -4]
409:13.91, 6:10 [4, 8338, 8478, -4]
410:66.61, 10:10 [4, 8318, 8553, 8313, -4]
411:151.25, 9:10 [4, 8643, 8823, 8695, 8416, 8668, 8314, 8965, 8744, -4]
412:61.96, 9:10 [4, 8653, 8703, 8339, 8452, 8774, 8739, 8804, -4]
413:10.77, 3:10 [4, 8907, -4]
414:62.91, 10:10 [4, 9032, 8489, 8392, -4]
415:92.12, 9:10 [4, 8538, 8322, 8861, 8488, 9001, 8828, 8630, -4]
416:158.88, 10:10 [4, 8576, 8942, 8952, 8567, 8814, 8726, 8458, 8894, -4]
417:118.77, 10:10 [4, 8598, 8484, 8729, 9019, 8682, 8803, -4]
418:102.68, 9:10 [4, 8569, 8936, 8607, 8915, 8311, 9034, -4]
419:36.36, 8:10 [4, 8474, 8619, -4]
420:162.88, 10:10 [4, 8694, 8552, 8334, 8940, 8908, 8687, 8738, -4]
422:78.39, 10:10 [4, 8948, 8864, 8627, 8922, 8491, -4]
423:95.47, 10:10 [4, 9028, 8470, 8751, 8307, 8905, -4]
424:144.77, 10:10 [4, 8652, 8879, 8600, 8684, 8904, 8933, -4]
425:64.59, 10:10 [4, 8615, 8519, 8393, 8324, -4]
426:40.21, 10:10 [4, 8342, 8477, 8549, 8304, -4]
427:115.79, 10:10 [4, 8628, 8433, 8573, 8637, 8606, -4]
501:38.34, 9:10 [5, 8343, 8566, 8571, -5]
502:101.41, 10:10 [5, 8787, 8913, 8454, 9013, 8975, 8349, -5]
503:97.07, 10:10 [5, 8361, 8603, 8632, 8875, 9014, 8931, -5]
504:157.74, 10:10 [5, 8857, 8399, 8767, 8431, 8723, 8728, 8818, -5]
505:114.35, 10:10 [5, 8455, 8532, 8871, 8693, -5]
506:34.52, 9:10 [5, 8736, 8817, 8620, -5]
507:172.99, 10:10 [5, 8451, 8938, 8498, 8420, 8863, 8730, 8995, -5]
508:54.38, 10:10 [5, 8768, 9023, 8813, 8482, -5]
509:72.41, 9:10 [5, 8697, 8702, 8686, 8296, 8462, -5]
510:65.87, 10:10 [5, 8520, 8740, 8851, 8705, 8292, 8872, -5]
511:94.56, 10:10 [5, 8418, 8890, 8790, 8674, 8704, 8892, -5]
512:11.12, 8:10 [5, 8345, 8528, -5]
513:119.28, 10:10 [5, 8884, 8618, 8654, 8609, 8663, 8421, -5]
514:89.30, 10:10 [5, 8989, 8645, 8741, 8919, 8681, 8461, 8507, -5]
515:51.93, 5:10 [5, 9020, 8407, -5]
516:107.52, 9:10 [5, 8449, 8784, 8548, 8476, 9029, 8673, 8900, -5]
517:28.81, 8:10 [5, 8329, 8448, -5]
518:110.89, 10:10 [5, 8748, 8982, 8401, 9033, -5]
522:151.39, 10:10 [5, 8644, 8750, 8968, 8506, 8496, 8830, 8604, 8367, 8925, -5]
523:170.47, 10:10 [5, 8436, 8389, 8479, 8840, 8546, 9004, -5]
524:42.51, 10:10 [5, 8390, 8293, 8487, 8501, 8358, -5]
fe: 6, se: 47

Day: 1, Time: 0
Total Cost: 4968.56
 11:66.27, 72:75 [2, 6, -6, -2]
 12:66.27, 69:75 [2, 6, -6, -2]
 13:66.27, 36:75 [2, 6, -6, -2]
 14:66.27, 37:75 [2, 6, -6, -2]
 15:66.27, 30:75 [2, 6, -6, -2]
 17:145.23, 62:75 [2, 7, -7, -2]
 18:145.23, 60:75 [2, 7, -7, -2]
 20:66.27, 10:75 [2, 6, -6, -2]
601:42.07, 10:10 [6, 8964, 8815, 9031, -6]
602:49.73, 10:10 [6, 8932, 8810, 8713, -6]
603:102.57, 10:10 [6, 8578, 8295, 8466, 8351, 9016, -6]
604:122.02, 10:10 [6, 9026, 8670, 8759, 8721, 8881, 8978, -6]
605:111.99, 10:10 [6, 8419, 8518, 8844, 8415, 8781, 8672, 8731, 8588, 8570, -6]
606:166.84, 9:10 [6, 8512, 8656, 8976, 8647, 9003, 9011, 8634, -6]
607:20.40, 4:10 [6, 8352, -6]
608:106.60, 10:10 [6, 8710, 8960, 8364, 8337, 8764, 8689, -6]
609:154.26, 10:10 [6, 8308, 8353, 8955, 8791, 8621, 8782, -6]
610:160.68, 9:10 [6, 8544, 9010, 8536, 8780, 8471, 8994, -6]
611:88.25, 10:10 [6, 8486, 8427, 8360, 8996, 8832, 8383, 8564, -6]
612:96.00, 10:10 [6, 8707, 8718, 8635, 8405, 8385, -6]
613:95.22, 10:10 [6, 8555, 8503, 8902, 8825, 8523, -6]
614:105.92, 10:10 [6, 8574, 8587, 9012, 8821, 8511, -6]
616:112.73, 10:10 [6, 8795, 8690, 8669, 8923, 8492, 8733, -6]
617:74.71, 9:10 [6, 8667, 8291, 8327, 8929, -6]
618:100.68, 10:10 [6, 8625, 8819, 8613, 8899, 8369, 8676, 8941, -6]
619:143.88, 10:10 [6, 8515, 8852, 8664, 8716, 8865, 9002, -6]
621:150.77, 10:10 [6, 8406, 8341, 9008, 8355, 8589, 9006, 8839, 8319, 8847, -6]
622:130.88, 10:10 [6, 8939, 8437, 8560, 8966, 8794, 8802, 8473, 8917, 8596, -6]
623:64.78, 10:10 [6, 8434, 8463, 8953, 9027, 8459, -6]
624:104.40, 10:10 [6, 8297, 8943, 8763, 8785, 8362, -6]
625:37.89, 7:10 [6, 8545, 8316, 8834, -6]
626:127.86, 10:10 [6, 8610, 8616, 8849, 9017, 9009, 8309, 8765, -6]
627:93.80, 9:10 [6, 8778, 8561, 8944, 8799, -6]
628:107.25, 10:10 [6, 8623, 8494, 8347, 8796, 8805, 8442, 8836, -6]
629:124.71, 10:10 [6, 8811, 8696, 8467, 8677, 8594, 8766, 8712, 8883, -6]
630:187.06, 10:10 [6, 8499, 8514, 8483, 8747, 8855, 8517, 8911, -6]
635:19.43, 7:10 [6, 8916, 8816, -6]
701:57.60, 10:10 [7, 8957, 8897, 8775, 8876, 8685, -7]
703:47.50, 10:10 [7, 8708, 8773, 8440, -7]
704:114.18, 10:10 [7, 8769, 8880, 8593, 8954, 8398, -7]
705:68.90, 10:10 [7, 8928, 8305, 8962, 8350, 8724, 8376, 8935, -7]
706:93.21, 10:10 [7, 8429, 8991, 8344, 8797, 8516, 8614, -7]
707:76.70, 8:10 [7, 8752, 8480, 8661, 8786, 8793, -7]
708:79.59, 8:10 [7, 8331, 8859, 8798, 8788, 8882, -7]
709:8.49, 4:10 [7, 8368, -7]
710:86.72, 10:10 [7, 8490, 8602, 8485, 8579, -7]
711:73.69, 10:10 [7, 8985, 8298, 8701, 8510, 8772, 8862, -7]
712:129.64, 10:10 [7, 8502, 9024, 8299, 9018, 8999, 8388, -7]
713:51.02, 10:10 [7, 8889, 8370, 8608, 8530, -7]
714:56.59, 10:10 [7, 8903, 8639, 8692, -7]
715:92.40, 10:10 [7, 8662, 8843, 8357, 8838, 8425, 8595, -7]
716:42.58, 9:10 [7, 8850, 8874, 8920, -7]
718:40.96, 10:10 [7, 8495, 8526, 8410, -7]
719:64.50, 10:10 [7, 8402, 8717, 8848, 8949, -7]
720:92.81, 10:10 [7, 8605, 8629, 8683, 8961, 8757, 8403, 8585, -7]
fe: 8, se: 47

Day: 1, Time: 5
Total Cost: 5563.29
 11:94.59, 68:75 [3, 8, -8, -3]
 12:94.59, 75:75 [3, 8, -8, -3]
 13:90.24, 75:75 [3, 9, -9, -3]
 16:90.24, 73:75 [3, 9, -9, -3]
 17:90.24, 41:75 [3, 9, -9, -3]
 18:90.24, 62:75 [3, 9, -9, -3]
 19:90.24, 10:75 [3, 9, -9, -3]
 27:90.24, 10:75 [3, 9, -3]
801:117.81, 10:10 [8, 8493, 8753, 8809, 8896, 8727, 8529, 8756, 8934, -8]
802:120.53, 10:10 [8, 8447, 8845, 8438, 8980, 8749, 8831, 8387, -8]
803:85.99, 10:10 [8, 9030, 8391, 8558, -8]
804:81.42, 8:10 [8, 8715, 8860, 8754, -8]
805:8.49, 2:10 [8, 8678, -8]
807:98.97, 10:10 [8, 8888, 8404, 8835, 12884, -8]
808:80.55, 9:10 [8, 8377, 8918, 8963, 8524, 8737, -8]
809:68.08, 10:10 [8, 8977, 8779, 8306, 8807, -8]
810:115.63, 10:10 [8, 8550, 8901, 8539, 8320, 8981, 8776, 8581, 8719, -8]
811:49.80, 7:10 [8, 8426, 8853, 8837, -8]
812:121.75, 9:10 [8, 8700, 8371, 8885, 8974, 8554, 8714, -8]
814:103.89, 10:10 [8, 8397, 8734, 8988, 8649, 8722, 8535, 8340, 8760, 8336, -8]
815:113.63, 10:10 [8, 8582, 8312, 8808, 8513, 9021, 8742, 8323, 8886, -8]
816:87.79, 10:10 [8, 8333, 8969, 8335, 8591, -8]
817:74.08, 10:10 [8, 8543, 8706, 8583, 8762, 8365, 8439, 8979, -8]
818:98.29, 10:10 [8, 8698, 8812, 8302, 8688, -8]
819:22.68, 4:10 [8, 8441, 9015, -8]
820:113.53, 9:10 [8, 8527, 8867, 8430, 8746, 8870, 8745, -8]
824:66.02, 9:10 [8, 8424, 8366, 8642, 8568, -8]
826:88.33, 10:10 [8, 8972, 8537, 8317, -8]
829:136.95, 9:10 [8, 8453, 8651, 8633, 8395, 8624, -8]
901:108.91, 10:10 [9, 8626, 8445, 8743, 8946, 8509, 8465, -9]
902:61.61, 9:10 [9, 8878, 8559, 8382, 8777, -9]
903:78.71, 10:10 [9, 8950, 8725, 8912, -9]
904:60.73, 10:10 [9, 8631, 8720, 9007, 8986, 8457, -9]
905:79.94, 10:10 [9, 8854, 8783, 8472, 8873, -9]
906:150.45, 10:10 [9, 8898, 8575, 8328, 8500, 8655, 8792, 8648, -9]
907:51.44, 10:10 [9, 8460, 8914, 8699, 8671, -9]
908:112.50, 10:10 [9, 8983, 8973, 8504, 8464, 8992, 8711, -9]
909:24.62, 8:10 [9, 8534, 8417, 8348, 8970, -9]
910:60.49, 9:10 [9, 8521, 8824, 8303, 8325, -9]
911:104.86, 10:10 [9, 8363, 8679, 8820, 8789, 8658, 8375, -9]
913:110.38, 10:10 [9, 8622, 8497, 8469, 8967, 9000, 8856, 8650, -9]
914:53.59, 9:10 [9, 8562, 8557, 8408, 8761, -9]
915:65.63, 10:10 [9, 8508, 8771, 8597, 8294, -9]
916:136.27, 10:10 [9, 8450, 8910, 8659, 8572, 8930, 9025, 8556, -9]
917:130.53, 10:10 [9, 8456, 8993, 8444, 8443, 8937, -9]
918:26.12, 9:10 [9, 8384, 8577, 8590, -9]
919:56.01, 8:10 [9, 8921, 8540, 8657, 8822, -9]
920:89.97, 10:10 [9, 8612, 8638, 8858, 8945, 8378, -9]
921:96.12, 9:10 [9, 8330, 8290, 8394, 8758, 8732, 8380, -9]
922:121.79, 10:10 [9, 8665, 8359, 8990, 8891, 8525, 8927, 8411, -9]
923:124.80, 10:10 [9, 8893, 8423, 8951, 8413, 8841, 8601, 8846, -9]
924:37.40, 8:10 [9, 8959, 8346, -9]
925:119.27, 9:10 [9, 8481, 8563, 8386, 8987, 8691, 8887, 8611, -9]
926:116.63, 9:10 [9, 8709, 8356, 8806, 8984, 8435, 8770, -9]
927:83.16, 10:10 [9, 8412, 8877, 8868, 8617, 8956, -9]
928:105.70, 10:10 [9, 8372, 8428, 8641, 8551, -9]
929:97.58, 10:10 [9, 8373, 8869, 8599, 8354, 8468, 8522, -9]
930:104.69, 9:10 [9, 8475, 8997, 8301, 8926, 8755, 8414, -9]
931:74.50, 8:10 [9, 8826, 8592, 8675, -9]
932:134.35, 9:10 [9, 8636, 8947, 8586, 8332, 8909, 8800, -9]
933:87.44, 10:10 [9, 9005, 9022, 8833, 8640, 8735, -9]
935:112.25, 10:10 [9, 8310, 8646, 8680, 8409, -9]
fe: 8, se: 54

Day: 1, Time: 45
Total Cost: 818.71
 11:66.27, 18:75 [2, -6, -2]
 12:66.27, 16:75 [2, -6, -2]
601:221.14, 10:10 [6, 14800, 16730, 13026, 11871, -6]
602:89.29, 4:10 [6, 16299, -6]
603:127.59, 8:10 [6, 16775, 13678, 12069, -6]
604:100.47, 5:10 [6, 9642, 13163, 10606, -6]
605:147.68, 7:10 [6, 14933, 13180, 14599, -6]
fe: 2, se: 5

Day: 1, Time: 45
Total Cost: 403.78
 11:113.51, 16:75 [3, -8, -9, -3]
801:48.66, 4:10 [8, 10655, -8]
901:146.05, 6:10 [9, 15335, 15029, 10064, -9]
902:95.55, 6:10 [9, 13492, 14359, -9]
fe: 1, se: 3

Day: 1, Time: 50
Total Cost: 424.96
 11:136.01, 17:75 [1, -4, -1]
402:133.61, 7:10 [4, 9637, 11977, 12024, 11118, -4]
403:155.34, 10:10 [4, 14245, 9403, 16804, 11623, -4]
fe: 1, se: 2

Day: 1, Time: 55
Total Cost: 455.90
 11:113.51, 8:75 [3, -8, -9, -3]
 12:90.24, 1:75 [3, -9, -3]
801:60.93, 4:10 [8, 13649, -8]
901:114.56, 4:10 [9, 14572, -9]
902:76.66, 1:10 [9, 16450, -9]
fe: 2, se: 3

Day: 1, Time: 65
Total Cost: 383.93
 11:94.59, 1:75 [3, -8, -3]
 12:90.24, 4:75 [3, -9, -3]
801:66.21, 1:10 [8, 12753, -8]
901:132.88, 4:10 [9, 14446, 16873, 10474, -9]
fe: 2, se: 2

Day: 1, Time: 80
Total Cost: 394.10
 11:153.31, 7:75 [1, -5, -1]
 12:153.31, 3:75 [1, -5, -1]
501:59.48, 7:10 [5, 14451, 14426, -5]
502:28.00, 3:10 [5, 16909, -5]
fe: 2, se: 2

Day: 1, Time: 90
Total Cost: 245.58
 11:136.01, 1:75 [1, -4, -1]
401:109.56, 1:10 [4, 12154, -4]
fe: 1, se: 1

Day: 1, Time: 100
Total Cost: 509.68
 11:136.01, 5:75 [1, -4, -1]
 13:136.01, 5:75 [1, -4, -1]
401:44.05, 3:10 [4, 10731, -4]
402:47.07, 2:10 [4, 16617, -4]
403:146.53, 5:10 [4, 13288, 9788, -4]
fe: 2, se: 3

Day: 1, Time: 110
Total Cost: 761.99
 11:94.59, 20:75 [3, -8, -3]
 13:90.24, 4:75 [3, -9, -3]
801:88.91, 6:10 [8, 16832, 15299, 15231, -8]
802:218.12, 9:10 [8, 9412, 15670, 15934, 12584, -8]
803:70.95, 5:10 [8, 12335, 11195, -8]
901:110.77, 3:10 [9, 9452, 15795, -9]
902:88.41, 1:10 [9, 15607, -9]
fe: 2, se: 5

Day: 1, Time: 135
Total Cost: 666.55
 11:94.59, 15:75 [3, -8, -3]
 12:94.59, 9:75 [3, -8, -3]
801:143.20, 8:10 [8, 14255, 9322, 11429, -8]
802:78.60, 8:10 [8, 15680, 15100, -8]
803:196.51, 7:10 [8, 13490, 9894, 15124, 11617, -8]
804:59.06, 1:10 [8, 10329, -8]
fe: 2, se: 4

Day: 1, Time: 140
Total Cost: 765.37
 11:136.01, 7:75 [1, -4, -1]
 12:136.01, 8:75 [1, -4, -1]
 13:153.31, 7:75 [1, -5, -1]
401:115.89, 7:10 [4, 13995, 10326, -4]
402:132.95, 8:10 [4, 16458, 14780, 12372, -4]
501:91.19, 7:10 [5, 10204, 10218, -5]
fe: 3, se: 3

Day: 1, Time: 140
Total Cost: 951.82
 11:66.27, 24:75 [2, -6, -2]
 12:66.27, 11:75 [2, -6, -2]
 13:66.27, 8:75 [2, -6, -2]
601:119.45, 4:10 [6, 9176, 16525, -6]
602:95.72, 7:10 [6, 11831, 10164, -6]
603:109.78, 6:10 [6, 9209, 14478, -6]
604:124.71, 10:10 [6, 12384, 11166, 15409, 13441, -6]
605:38.00, 4:10 [6, 15443, -6]
606:111.97, 2:10 [6, 14899, 10659, -6]
607:153.38, 10:10 [6, 15507, 12703, 13041, -6]
fe: 3, se: 7

Day: 1, Time: 155
Total Cost: 227.28
 11:66.27, 3:75 [2, -6, -2]
 12:66.27, 1:75 [2, -6, -2]
601:56.32, 3:10 [6, 14633, -6]
602:38.42, 1:10 [6, 13747, -6]
fe: 2, se: 2

Day: 1, Time: 160
Total Cost: 597.97
 11:136.01, 3:75 [1, -4, -1]
 12:153.31, 2:75 [1, -5, -1]
402:193.20, 3:10 [4, 12713, 14778, -4]
501:115.45, 2:10 [5, 14023, -5]
fe: 2, se: 2

Day: 1, Time: 165
Total Cost: 452.45
 11:136.01, 4:75 [1, -4, -1]
 12:153.31, 2:75 [1, -5, -1]
401:96.52, 4:10 [4, 13452, -4]
501:66.60, 2:10 [5, 13823, -5]
fe: 2, se: 2

Day: 1, Time: 170
Total Cost: 167.45
 11:153.31, 1:75 [1, -5, -1]
501:14.14, 1:10 [5, 13563, -5]
fe: 1, se: 1

Day: 1, Time: 175
Total Cost: 246.47
 11:136.01, 4:75 [1, -4, -1]
401:110.45, 4:10 [4, 16203, -4]
fe: 1, se: 1

Day: 1, Time: 175
Total Cost: 365.64
 11:66.27, 10:75 [2, -6, -2]
 13:66.27, 5:75 [2, -6, -2]
602:44.94, 1:10 [6, 12424, -6]
603:69.97, 4:10 [6, 13234, -6]
604:118.18, 10:10 [6, 13824, 16718, 15508, 13973, 15042, -6]
fe: 2, se: 3

Day: 1, Time: 175
Total Cost: 441.85
 11:94.59, 7:75 [3, -8, -3]
 12:94.59, 1:75 [3, -8, -3]
801:161.86, 7:10 [8, 14636, 15047, 10952, 9232, -8]
802:90.80, 1:10 [8, 11496, -8]
fe: 2, se: 2

Day: 1, Time: 180
Total Cost: 168.25
 11:66.27, 2:75 [2, -6, -2]
601:101.98, 2:10 [6, 15489, -6]
fe: 1, se: 1

Day: 1, Time: 185
Total Cost: 343.28
 11:94.59, 1:75 [3, -8, -3]
 12:90.24, 6:75 [3, -9, -3]
801:63.25, 1:10 [8, 13771, -8]
902:95.19, 6:10 [9, 9876, 14048, -9]
fe: 2, se: 2

Day: 1, Time: 275
Total Cost: 764.21
 11:179.78, 42:75 [1, -4, -5, -1]
401:149.84, 10:10 [4, 10597, 12726, 16340, 9645, 13455, -4]
402:133.00, 9:10 [4, 15914, 16072, 12932, -4]
403:127.76, 10:10 [4, 14893, 15007, 9709, 11755, -4]
404:134.54, 10:10 [4, 10903, 15865, 14964, 15419, 14825, -4]
501:39.29, 3:10 [5, 9269, -5]
fe: 1, se: 5

Day: 1, Time: 290
Total Cost: 816.58
 11:90.24, 28:75 [3, -9, -3]
 12:94.59, 17:75 [3, -8, -3]
801:119.24, 4:10 [8, 14093, 14725, -8]
802:124.87, 7:10 [8, 16753, 9521, 13590, -8]
804:84.23, 6:10 [8, 15609, 12243, 11924, -8]
901:114.23, 9:10 [9, 9170, 13445, 10879, 15279, -9]
902:54.47, 10:10 [9, 14427, 9450, 15365, -9]
903:134.69, 9:10 [9, 12100, 14469, 12021, 12451, 11650, -9]
fe: 2, se: 6

Day: 1, Time: 300
Total Cost: 861.38
 11:66.27, 55:75 [2, -6, -2]
601:103.80, 8:10 [6, 13257, 12557, 16344, 9579, -6]
602:169.43, 10:10 [6, 16332, 11044, 16768, 12720, 12481, 10694, -6]
603:58.34, 10:10 [6, 11237, 11067, 10302, -6]
604:169.32, 10:10 [6, 12290, 16134, 10927, 16771, 11256, -6]
605:112.72, 8:10 [6, 15234, 11131, 11470, -6]
606:181.51, 9:10 [6, 9625, 13331, 15950, 10137, 10027, -6]
fe: 1, se: 6

Day: 1, Time: 305
Total Cost: 512.90
 11:179.78, 24:75 [1, -4, -5, -1]
401:80.55, 9:10 [4, 15176, 12599, 15587, -4]
402:211.28, 5:10 [4, 13348, 16011, -4]
501:41.30, 10:10 [5, 14745, 9877, 11843, -5]
fe: 1, se: 3

Day: 1, Time: 360
Total Cost: 846.43
 11:136.01, 23:75 [1, 4, -4, -1]
401:124.67, 8:10 [4, 9744, 13020, 16827, -4]
402:139.77, 8:10 [4, 16268, 273, 242, -4]
403:147.15, 4:10 [4, 15239, 16737, -4]
404:164.75, 6:10 [4, 13670, 16, 16941, -4]
405:134.08, 3:10 [4, 141, 10214, -4]
fe: 1, se: 5

Day: 1, Time: 395
Total Cost: 732.50
 11:66.27, 40:75 [2, -6, -2]
602:132.42, 7:10 [6, 11458, 10019, 9155, -6]
603:138.88, 7:10 [6, 13699, 15400, 15870, 10044, -6]
604:121.56, 10:10 [6, 12040, 9883, 12792, 10728, -6]
605:131.86, 7:10 [6, 16557, 11417, -6]
606:141.51, 9:10 [6, 9405, 11364, 13748, 16183, -6]
fe: 1, se: 5

Day: 1, Time: 405
Total Cost: 1350.16
 11:136.01, 27:75 [1, 4, -4, -1]
 12:153.31, 28:75 [1, 5, -5, -1]
401:82.38, 5:10 [4, 108, 6645, 159, -4]
402:75.92, 5:10 [4, 147, 14395, 3734, -4]
404:80.63, 8:10 [4, 23, 7609, -4]
406:150.48, 9:10 [4, 52, 13543, 76, 82, -4]
501:26.88, 6:10 [5, 16085, 9251, -5]
502:145.89, 7:10 [5, 14448, 310, -5]
503:154.35, 10:10 [5, 227, 331, 260, 59, -5]
504:55.64, 3:10 [5, 31, 15900, -5]
505:54.31, 3:10 [5, 90, 11985, -5]
506:112.59, 3:10 [5, 12468, -5]
507:69.08, 1:10 [5, 1639, -5]
508:52.71, 10:10 [5, 6753, 5943, 17, -5]
fe: 2, se: 12

Day: 1, Time: 405
Total Cost: 890.16
 11:66.27, 32:75 [2, 6, -6, -2]
601:32.80, 4:10 [6, 14005, -6]
602:145.48, 5:10 [6, 7927, 261, -6]
603:148.70, 4:10 [6, 138, 4063, -6]
604:98.13, 7:10 [6, 14043, 329, -6]
605:140.18, 9:10 [6, 201, 78, 176, -6]
606:128.99, 2:10 [6, 6917, 14424, -6]
607:129.61, 9:10 [6, 177, 324, 8219, -6]
fe: 1, se: 7

Day: 1, Time: 405
Total Cost: 1405.83
 11:94.59, 33:75 [3, 8, -8, -3]
 12:90.24, 18:75 [3, 9, -9, -3]
801:109.36, 8:10 [8, 10209, 162, 174, 16800, -8]
802:92.18, 6:10 [8, 14223, 10615, 11294, -8]
803:116.76, 5:10 [8, 96, 15731, 16491, -8]
804:79.12, 4:10 [8, 109, -8]
805:85.51, 5:10 [8, 15075, 216, 9484, 16453, -8]
806:65.65, 5:10 [8, 11550, 139, 14627, -8]
807:113.77, 8:10 [8, 88, 98, 15554, -8]
808:100.28, 8:10 [8, 11117, 15300, 3195, -8]
901:78.64, 3:10 [9, 952, -9]
902:119.56, 4:10 [9, 3141, 184, -9]
903:90.24, 5:10 [9, 20, 11133, 11157, -9]
904:97.66, 7:10 [9, 7962, 14942, 46, 9770, -9]
905:72.26, 8:10 [9, 15556, 9684, 1394, 13186, 15056, -9]
fe: 2, se: 13

Day: 1, Time: 415
Total Cost: 230.63
 11:66.27, 3:75 [2, -6, -2]
601:96.33, 2:10 [6, 12591, -6]
602:68.03, 1:10 [6, 15578, -6]
fe: 1, se: 2

Day: 1, Time: 420
Total Cost: 373.43
 11:179.78, 6:75 [1, -4, -5, -1]
401:71.01, 4:10 [4, 9550, 10112, -4]
501:122.65, 2:10 [5, 13811, 9479, -5]
fe: 1, se: 2

Day: 1, Time: 420
Total Cost: 148.30
 11:66.27, 3:75 [2, -6, -2]
601:82.02, 3:10 [6, 13759, -6]
fe: 1, se: 1

Day: 1, Time: 420
Total Cost: 176.81
 11:94.59, 4:75 [3, -8, -3]
801:82.22, 4:10 [8, 13573, -8]
fe: 1, se: 1

Day: 1, Time: 450
Total Cost: 767.27
 11:136.01, 10:75 [1, 4, -1]
 12:153.31, 3:75 [1, 5, -1]
401:4.47, 3:10 [4, 34, -4]
402:115.05, 5:10 [4, 118, 6990, -4]
403:124.02, 1:10 [4, 119, -4]
404:126.00, 1:10 [4, 290, -4]
501:108.41, 3:10 [5, 274, -5]
fe: 2, se: 5

Day: 1, Time: 450
Total Cost: 208.59
 11:66.27, 5:75 [2, 6, -2]
601:65.12, 2:10 [6, 37, -6]
602:77.20, 3:10 [6, 151, -6]
fe: 1, se: 2

Day: 1, Time: 450
Total Cost: 836.75
 11:94.59, 13:75 [3, 8, -3]
 12:90.24, 13:75 [3, 9, -3]
801:54.00, 4:10 [8, 125, -8]
802:46.82, 2:10 [8, 137, -8]
803:48.41, 1:10 [8, 6243, -8]
804:53.85, 3:10 [8, 285, -8]
805:52.35, 1:10 [8, 4923, -8]
806:43.68, 2:10 [8, 519, -8]
901:59.23, 3:10 [9, 158, -9]
902:47.07, 1:10 [9, 288, -9]
903:42.05, 1:10 [9, 85, -9]
904:45.65, 4:10 [9, 311, -9]
905:50.36, 1:10 [9, 267, -9]
906:54.59, 1:10 [9, 249, -9]
907:53.85, 2:10 [9, 152, -9]
fe: 2, se: 13

Day: 1, Time: 460
Total Cost: 1182.68
 11:136.01, 33:75 [1, 4, -1]
 12:153.31, 11:75 [1, 5, -1]
401:72.36, 6:10 [4, 206, 203, 120, -4]
402:106.02, 1:10 [4, 95, -4]
404:92.97, 2:10 [4, 238, -4]
405:72.61, 7:10 [4, 4490, 103, -4]
406:101.67, 3:10 [4, 1969, 6339, -4]
407:82.39, 2:10 [4, 169, -4]
408:101.51, 4:10 [4, 55, 312, -4]
409:80.16, 8:10 [4, 191, 27, 121, -4]
501:31.62, 4:10 [5, 11, -5]
502:68.26, 4:10 [5, 6410, -5]
503:83.78, 3:10 [5, 188, 7105, -5]
fe: 2, se: 11

Day: 1, Time: 460
Total Cost: 756.60
 11:66.27, 36:75 [2, 6, -2]
601:149.38, 9:10 [6, 25, 5133, 5882, -6]
602:27.20, 2:10 [6, 155, -6]
603:158.81, 1:10 [6, 97, -6]
604:50.60, 4:10 [6, 293, -6]
605:52.84, 4:10 [6, 56, -6]
606:140.04, 8:10 [6, 217, 224, 130, 248, -6]
607:52.00, 4:10 [6, 4959, -6]
608:59.46, 4:10 [6, 99, -6]
fe: 1, se: 8

Day: 1, Time: 460
Total Cost: 868.55
 11:94.59, 46:75 [3, 8, -3]
801:103.64, 6:10 [8, 2041, 1528, -8]
802:142.95, 6:10 [8, 2022, 28, -8]
803:20.59, 4:10 [8, 15, -8]
804:132.05, 8:10 [8, 4873, 6090, 341, -8]
805:17.20, 1:10 [8, 167, -8]
806:140.77, 7:10 [8, 253, 1474, -8]
807:105.93, 6:10 [8, 308, 111, -8]
808:110.82, 8:10 [8, 292, 4544, 6209, -8]
fe: 1, se: 8

Day: 1, Time: 495
Total Cost: 174.43
 11:136.01, 3:75 [1, 4, -1]
401:38.42, 3:10 [4, 156, -4]
fe: 1, se: 1

Day: 1, Time: 495
Total Cost: 1175.66
 11:66.27, 43:75 [2, 6, -2]
601:93.25, 3:10 [6, 258, 72, -6]
602:96.00, 3:10 [6, 58, -6]
603:68.00, 1:10 [6, 2806, -6]
604:97.17, 6:10 [6, 762, 222, -6]
605:88.27, 5:10 [6, 8183, 170, -6]
606:91.41, 2:10 [6, 5081, 234, -6]
607:102.45, 3:10 [6, 163, -6]
608:85.10, 7:10 [6, 93, 100, -6]
609:111.43, 4:10 [6, 166, -6]
610:105.62, 4:10 [6, 269, -6]
611:109.64, 2:10 [6, 39, -6]
612:61.06, 3:10 [6, 77, -6]
fe: 1, se: 12

Day: 1, Time: 495
Total Cost: 984.46
 11:94.59, 22:75 [3, 8, -3]
 12:90.24, 11:75 [3, 9, -3]
801:64.61, 5:10 [8, 4473, 7513, -8]
802:81.22, 1:10 [8, 327, -8]
803:36.06, 1:10 [8, 171, -8]
804:67.99, 2:10 [8, 254, 104, -8]
805:74.22, 3:10 [8, 73, -8]
806:81.22, 4:10 [8, 230, -8]
807:77.25, 4:10 [8, 1514, -8]
808:55.32, 2:10 [8, 268, -8]
901:57.31, 2:10 [9, 5333, -9]
902:68.41, 6:10 [9, 226, 62, -9]
903:66.27, 1:10 [9, 172, -9]
904:69.77, 2:10 [9, 272, -9]
fe: 2, se: 12

Day: 1, Time: 525
Total Cost: 258.69
 11:66.27, 16:75 [2, 6, -2]
601:28.28, 1:10 [6, 180, -6]
603:30.91, 8:10 [6, 113, 187, -6]
604:32.56, 2:10 [6, 35, -6]
605:47.41, 1:10 [6, 63, -6]
606:53.25, 4:10 [6, 185, -6]
fe: 1, se: 5

Day: 1, Time: 525
Total Cost: 92.24
 11:90.24, 3:75 [3, 9, -3]
901:2.00, 3:10 [9, 126, -9]
fe: 1, se: 1


Day	Area	ID	Time	Load	Utilization	NoOrders	AssignmentCost
1	1	 8	315	 41	0.55	14	485.00
1	1	 9	360	 12	0.16	 5	195.00
1	1	119	400	 35	0.23	14	850.00
1	1	10	405	 27	0.36	11	345.00
1	1	11	450	  8	0.09	 2	124.00
1	1	123	800	120	1.00	48	3060.00
1	1	132	800	 63	0.53	25	1692.00
1	1	19	810	 60	1.00	29	810.00
1	1	38	810	 60	1.00	28	810.00
1	2	136	300	  2	0.01	 1	190.00
1	2	46	315	 57	0.76	22	645.00
1	2	47	360	 20	0.27	10	275.00
1	2	137	400	 50	0.33	18	1150.00
1	2	48	405	 20	0.27	10	275.00
1	2	49	450	  3	0.03	 1	84.00
1	2	141	800	120	1.00	48	3060.00
1	2	150	800	119	0.99	53	3036.00
1	2	57	810	 60	1.00	24	810.00
1	2	76	810	 60	1.00	23	810.00
1	3	154	300	  7	0.05	 3	290.00
1	3	84	315	 34	0.45	13	415.00
1	3	85	360	 12	0.16	 6	195.00
1	3	155	400	 41	0.27	16	970.00
1	3	86	405	 32	0.43	12	395.00
1	3	87	450	  9	0.10	 5	132.00
1	3	94	765	  4	0.07	 1	138.00
1	3	159	800	120	1.00	49	3060.00
1	3	168	800	119	0.99	55	3036.00
1	3	95	810	 60	1.00	26	810.00
1	3	114	810	 60	1.00	22	810.00


Day	Area	Time	Pickup	Delivery	Direct	FEVehicles	SEVehicles	ALNSTime	ALNSBestTime	RoutingCostArea
1	1	0	94	136	0	6	47	318.61	260.40	5001.54
1	1	50	8	0	0	1	2	0.72	0.00	424.96
1	1	80	3	0	0	2	2	0.40	0.00	394.10
1	1	90	1	0	1	1	1	0.19	0.00	745.58
1	1	100	4	0	0	2	3	0.58	0.00	509.68
1	1	140	7	0	0	3	3	0.79	0.00	765.37
1	1	160	3	0	1	2	2	0.35	0.00	1097.97
1	1	165	2	0	1	2	2	0.32	0.00	952.45
1	1	170	1	0	1	1	1	0.18	0.00	667.45
1	1	175	1	0	1	1	1	0.19	0.00	746.47
1	1	275	18	0	0	1	5	1.43	0.00	764.21
1	1	305	8	0	0	1	3	0.67	0.00	512.90
1	1	360	9	4	0	1	5	2.00	1.38	846.43
1	1	405	8	21	0	2	12	3.14	0.13	1350.16
1	1	420	4	0	0	1	2	0.54	0.00	373.43
1	1	450	0	6	0	2	5	0.53	0.00	767.27
1	1	460	0	19	0	2	11	1.30	0.00	1182.68
1	1	495	0	1	0	1	1	0.18	0.00	174.43
1	2	0	121	125	0	8	47	280.83	213.94	4968.56
1	2	45	14	0	0	2	5	1.12	0.00	818.71
1	2	140	16	0	0	3	7	1.26	0.00	951.82
1	2	155	2	0	0	2	2	0.29	0.00	227.28
1	2	175	7	0	0	2	3	0.54	0.00	365.64
1	2	180	1	0	0	1	1	0.18	0.00	168.25
1	2	300	26	0	0	1	6	2.45	0.28	861.38
1	2	395	17	0	0	1	5	1.45	0.10	732.50
1	2	405	3	12	0	1	7	1.44	0.78	890.16
1	2	415	2	0	0	1	2	0.24	0.00	230.63
1	2	420	1	0	0	1	1	0.18	0.00	148.30
1	2	450	0	2	0	1	2	0.23	0.00	208.59
1	2	460	0	13	0	1	8	1.02	0.00	756.60
1	2	495	0	17	0	1	12	1.23	0.00	1175.66
1	2	525	0	6	1	1	5	0.31	0.00	758.69
1	3	5	121	149	0	8	54	395.36	307.98	5563.29
1	3	45	6	0	0	1	3	0.57	0.00	403.78
1	3	55	3	0	0	2	3	0.45	0.00	455.90
1	3	65	4	0	0	2	2	0.55	0.00	383.93
1	3	110	12	0	0	2	5	1.03	0.00	761.99
1	3	135	10	0	0	2	4	0.85	0.00	666.55
1	3	175	5	0	0	2	2	0.55	0.00	441.85
1	3	185	3	0	0	2	2	0.38	0.00	343.28
1	3	290	20	0	0	2	6	1.64	0.00	816.58
1	3	405	23	16	0	2	13	5.99	0.82	1405.83
1	3	420	1	0	0	1	1	0.19	0.00	176.81
1	3	450	0	13	0	2	13	1.01	0.00	836.75
1	3	460	0	16	0	1	8	1.04	0.00	868.55
1	3	495	0	15	0	2	12	1.35	0.27	984.46
1	3	525	0	1	0	1	1	0.18	0.00	92.24

Day	SL	Own	DispatchTimes	AssignmentCost	RoutingCost	TotalCost
1	19	11	33	28957.00	44741.67	73698.67

Total Cost: 73698.66881199233
Cost per Day: 73698.66881199233
Running time in Seconds: 1143.145
Running time in minutes: 19.052416666666666