INSTANCE: 3hubs_MND_A_4_x.csv
PARAMETER: ldp_standard.txt
POLICY: LATEST DEPARTURE
ALPHA: 0.0
BETA: 67
OMEGA: 586
EPSILON: 1.0

Day: 1, Time: 0
Total Cost: 5759.22
 11:136.01, 71:75 [1, 4, -4, -1]
 12:136.01, 75:75 [1, 4, -4, -1]
 13:153.31, 73:75 [1, 5, -5, -1]
 14:153.31, 55:75 [1, 5, -5, -1]
 15:153.31, 75:75 [1, 5, -5, -1]
401:104.84, 10:10 [4, 8396, 8515, 8425, 8890, 8603, 8656, 8579, 8319, -4]
402:117.73, 7:10 [4, 8460, 8870, 8620, 8733, 8943, 8980, -4]
403:68.38, 8:10 [4, 8318, 8934, 8424, 9004, 8758, 8800, -4]
404:67.14, 10:10 [4, 8708, 8518, 8633, 8730, 8762, 8957, -4]
405:157.98, 10:10 [4, 8781, 8428, 8854, 8683, 8390, 9007, -4]
407:215.74, 10:10 [4, 8352, 8925, 8927, 8392, 8975, 8367, 8757, 8877, 8773, -4]
408:109.33, 10:10 [4, 8749, 8941, 8782, 8887, 8451, 8813, -4]
409:49.81, 10:10 [4, 8385, 8768, 8981, 8680, -4]
410:75.01, 10:10 [4, 8303, 8665, 8990, 8465, 8463, 8885, 8348, 8744, -4]
411:67.48, 8:10 [4, 8622, 8300, 8399, 8320, 8814, -4]
412:17.50, 9:10 [4, 8316, 8494, 8477, -4]
413:67.37, 10:10 [4, 8983, 9022, 8971, -4]
414:157.61, 10:10 [4, 8447, 8580, 8427, 8950, 8845, 8908, -4]
415:84.58, 9:10 [4, 8697, 8816, 8556, 8920, 8767, 8483, 8695, -4]
416:21.77, 7:10 [4, 8414, 8818, 8388, -4]
417:64.32, 9:10 [4, 8522, 8481, 8423, -4]
418:65.59, 6:10 [4, 8786, 8674, 8359, -4]
421:97.55, 10:10 [4, 8540, 8335, 8801, 8305, -4]
422:83.70, 10:10 [4, 8383, 8340, 8420, 8748, 8815, 8844, -4]
423:92.26, 10:10 [4, 8772, 8416, 8853, 8923, 8559, -4]
425:127.43, 8:10 [4, 8345, 8910, 8751, 8820, -4]
426:77.48, 6:10 [4, 8966, 8765, 8478, -4]
501:75.92, 10:10 [5, 9013, 8935, 8454, 8839, 8810, 8306, -5]
502:124.61, 10:10 [5, 8552, 8457, 8429, 8334, 9029, -5]
503:147.80, 10:10 [5, 9024, 8357, 8780, 8324, -5]
504:123.12, 10:10 [5, 8409, 8646, 8400, -5]
505:168.24, 10:10 [5, 8513, 8606, 8746, 8652, 8378, 8790, 8917, -5]
506:79.30, 10:10 [5, 8984, 8872, 8503, -5]
507:111.36, 8:10 [5, 8412, 8987, 9016, 8566, -5]
508:128.00, 9:10 [5, 8779, 8865, 8541, 8703, 9006, 8705, -5]
509:114.03, 10:10 [5, 8497, 8921, 8368, 8332, -5]
510:174.04, 10:10 [5, 8669, 8822, 8435, 8610, 8448, 8721, 8911, -5]
511:149.45, 9:10 [5, 8642, 8770, 8408, 8512, 8778, 8884, 8808, 8692, -5]
512:123.65, 8:10 [5, 8323, 8675, 8756, 8764, -5]
513:163.46, 9:10 [5, 8737, 8291, 8421, 8919, 8467, -5]
514:55.19, 8:10 [5, 8370, 9014, 8472, -5]
515:135.79, 9:10 [5, 8565, 8696, 8623, 8794, 8960, 8869, -5]
516:66.92, 9:10 [5, 8722, 8438, 8557, 8700, -5]
517:89.96, 10:10 [5, 8883, 8573, 8333, 8961, 9027, -5]
519:121.06, 10:10 [5, 8294, 8858, 8362, 9018, 8296, -5]
520:82.20, 3:10 [5, 8657, 8819, -5]
521:40.28, 8:10 [5, 8937, 8532, 8317, -5]
522:57.17, 10:10 [5, 8553, 8462, 8489, 9005, 8617, -5]
524:98.96, 10:10 [5, 8672, 8803, 8304, 8998, 8742, 8397, -5]
525:111.86, 10:10 [5, 8892, 8443, 8976, 8452, 8668, -5]
527:92.43, 10:10 [5, 8860, 8299, 8484, 8666, -5]
528:129.19, 10:10 [5, 8492, 8956, 8373, 8322, 8369, 8613, 8795, 8743, 8936, -5]
529:177.14, 10:10 [5, 8575, 8924, 8654, 8391, -5]
530:68.33, 10:10 [5, 8311, 8511, 8526, -5]
531:27.20, 4:10 [5, 8589, -5]
fe: 5, se: 50

Day: 1, Time: 0
Total Cost: 5144.79
 11:66.27, 73:75 [2, 6, -6, -2]
 12:66.27, 74:75 [2, 6, -6, -2]
 13:66.27, 73:75 [2, 6, -6, -2]
 14:66.27, 54:75 [2, 6, -6, -2]
 15:145.23, 74:75 [2, 7, -7, -2]
 16:145.23, 37:75 [2, 7, -7, -2]
 27:66.27, 10:75 [2, 6, -2]
 29:66.27, 10:75 [2, 6, -2]
 30:66.27, 16:75 [2, 6, -2]
601:72.88, 9:10 [6, 8863, 8886, 9010, -6]
602:99.84, 10:10 [6, 8524, 8625, 8718, 8958, 8723, -6]
603:126.00, 10:10 [6, 8475, 8372, 8375, 8440, 8968, 8505, 8738, -6]
604:128.33, 10:10 [6, 8514, 8701, 8626, 8776, 8376, 8829, -6]
605:119.54, 10:10 [6, 8685, 8694, 9031, 8962, 8417, 8914, -6]
606:70.08, 9:10 [6, 8349, 8671, 8588, 8564, 8496, -6]
607:105.19, 10:10 [6, 8384, 8418, 8798, 8325, 8326, -6]
608:100.33, 10:10 [6, 8404, 8469, 8817, 8904, 8346, -6]
609:65.91, 10:10 [6, 8538, 8433, 8647, -6]
610:133.20, 10:10 [6, 8825, 8605, 8826, 8850, 8402, 8889, -6]
611:81.95, 8:10 [6, 8753, 8407, 8792, 8855, -6]
612:103.30, 10:10 [6, 9000, 8312, 8563, 8371, -6]
613:35.06, 8:10 [6, 8913, 8725, -6]
614:91.52, 10:10 [6, 8543, 8878, 8726, 8558, 8509, 8523, 8364, -6]
615:96.85, 10:10 [6, 8504, 8699, 8612, 8811, 8915, 8974, 8916, -6]
616:73.39, 10:10 [6, 9025, 8356, 8315, 8891, 8752, -6]
617:122.37, 10:10 [6, 8314, 8933, 8740, 8555, 8554, 8777, -6]
618:88.80, 10:10 [6, 8585, 8582, 8609, 8954, -6]
619:23.41, 3:10 [6, 8363, -6]
620:157.72, 10:10 [6, 8539, 8551, 8805, 8479, 8766, 8932, 8736, -6]
621:128.92, 10:10 [6, 8434, 8360, 8982, 8545, 8959, 8755, 8464, 8868, 8906, -6]
622:177.80, 10:10 [6, 8602, 8787, 8864, 8632, 8381, 8413, 8804, -6]
623:65.69, 10:10 [6, 8848, 8970, 8401, 8747, -6]
624:143.23, 10:10 [6, 8307, 8713, 8502, 8560, 8529, 8510, 8993, -6]
625:81.44, 10:10 [6, 8474, 8806, 8948, 8963, 8571, 9012, -6]
626:110.75, 10:10 [6, 8628, 8437, 8578, -6]
627:126.45, 10:10 [6, 8843, 8607, 8690, 8769, 8714, 8673, -6]
628:39.93, 9:10 [6, 8907, 8874, 8568, -6]
629:121.96, 10:10 [6, 8430, 8901, 8406, 8650, 8728, 8857, -6]
633:71.18, 9:10 [6, 8432, 8527, 8458, 8949, 8293, 8759, 8446, -6]
634:93.86, 10:10 [6, 8298, 8618, 8449, 8635, 8525, 8833, -6]
635:114.14, 10:10 [6, 8567, 8473, 8871, 8561, 8799, 8710, -6]
637:103.30, 10:10 [6, 8634, 8979, 8992, 8313, 8716, 8336, 8824, -6]
640:131.91, 9:10 [6, 8964, 8621, 8382, 8880, 8942, 8928, 8997, 8851, 9023, -6]
644:71.58, 10:10 [6, 8724, 8410, 8487, 8785, 8615, -6]
701:36.55, 8:10 [7, 8827, 8542, -7]
702:61.17, 10:10 [7, 8576, 8354, 9008, 8903, 8686, 8480, -7]
703:10.61, 7:10 [7, 8678, 8590, -7]
704:76.00, 10:10 [7, 8355, 8629, 8574, 8624, -7]
705:35.66, 7:10 [7, 8939, 8453, 8922, -7]
706:80.22, 10:10 [7, 8422, 8468, 8754, 8969, 8859, 8499, -7]
707:112.24, 10:10 [7, 8310, 8797, 8351, 8663, 8466, 8709, -7]
708:43.99, 10:10 [7, 8377, 8366, 8536, 8659, -7]
709:79.78, 10:10 [7, 8344, 8830, 8873, 8676, 8459, -7]
711:70.30, 8:10 [7, 8380, 8389, 8837, 8405, 9009, -7]
712:85.92, 10:10 [7, 8531, 8944, 8866, 8791, 8562, 8784, 8581, -7]
715:33.26, 6:10 [7, 8530, 8706, 8439, -7]
717:35.21, 10:10 [7, 8596, 8896, 8485, 8616, -7]
718:69.30, 10:10 [7, 8893, 8707, 8972, 8290, 8967, 8894, -7]
721:82.44, 9:10 [7, 8353, 8426, 8909, 8789, 8712, 8297, 9028, -7]
fe: 9, se: 50

Day: 1, Time: 0
Total Cost: 5124.70
 11:90.24, 75:75 [3, 9, -9, -3]
 12:94.59, 66:75 [3, 8, -8, -3]
 13:90.24, 41:75 [3, 9, -9, -3]
 14:94.59, 36:75 [3, 8, -8, -3]
 15:94.59, 66:75 [3, 8, -8, -3]
 18:90.24, 55:75 [3, 9, -9, -3]
 20:90.24, 29:75 [3, 9, -3]
 26:94.59, 10:75 [3, 8, -3]
801:129.85, 10:10 [8, 8684, 8953, 8519, 8342, 8715, 8456, -8]
802:41.87, 6:10 [8, 8831, 8619, 8985, -8]
803:133.59, 10:10 [8, 8670, 8636, 8763, 8495, 9003, 8732, 8498, 8898, -8]
804:37.64, 8:10 [8, 8649, 8658, 8882, -8]
805:91.03, 10:10 [8, 8309, 8450, 9017, 8812, 9034, 8793, -8]
806:69.05, 10:10 [8, 8572, 8358, 8741, 8343, 9033, 8301, -8]
807:125.59, 10:10 [8, 8415, 8592, 8875, 8888, 8691, 8867, 8905, -8]
808:82.69, 9:10 [8, 9032, 8533, 8834, 8587, 8598, -8]
809:108.38, 10:10 [8, 8940, 8584, 9001, 8727, 8897, -8]
812:116.35, 10:10 [8, 8337, 8570, 8840, 8442, 8823, 8952, -8]
813:100.20, 9:10 [8, 8688, 8329, 8486, 9026, 8835, 8930, 8876, 8550, -8]
814:96.49, 10:10 [8, 8471, 8704, 8444, 8534, 8841, -8]
815:132.78, 10:10 [8, 8548, 8436, 8681, 8977, 8643, 8989, 8775, 8600, -8]
816:61.69, 10:10 [8, 8347, 8641, 8295, -8]
817:79.77, 10:10 [8, 8493, 8488, 8365, 8682, -8]
818:62.16, 10:10 [8, 8653, 8470, 8645, 8482, -8]
819:40.78, 9:10 [8, 8996, 8662, 8328, -8]
820:143.39, 10:10 [8, 8599, 8338, 8595, 8861, 8374, 8638, 8445, 8912, 8955, -8]
822:120.92, 10:10 [8, 8537, 8760, 8593, 8986, 8501, 8455, 8951, -8]
823:102.53, 10:10 [8, 8591, 9011, 8535, 8750, 8292, -8]
827:137.49, 10:10 [8, 8594, 8729, 8828, 8547, 8902, 8308, 9030, -8]
901:126.59, 10:10 [9, 8631, 8717, 8549, 8838, 8856, 8544, 8403, 9021, -9]
902:97.54, 10:10 [9, 8660, 8783, 8929, 8947, 8802, -9]
903:75.41, 10:10 [9, 9020, 8516, 8679, 8330, -9]
904:56.34, 9:10 [9, 8661, 8836, 8507, 8720, 8999, -9]
905:137.65, 10:10 [9, 8490, 8991, 8852, 8698, 8411, 8677, 8809, -9]
906:97.70, 10:10 [9, 8327, 8667, 8807, 8938, 8832, 8895, -9]
907:16.97, 1:10 [9, 8846, -9]
908:23.41, 4:10 [9, 8321, -9]
909:116.75, 10:10 [9, 8879, 8569, 8546, 8339, 8379, -9]
910:101.60, 9:10 [9, 8350, 8931, 8611, 8393, 8821, 8995, 8788, -9]
911:40.69, 7:10 [9, 8946, 8965, -9]
912:95.41, 10:10 [9, 8341, 8395, 8655, 8847, 8476, 8774, 8644, -9]
913:212.68, 10:10 [9, 8394, 8441, 8734, 8693, 8771, 8881, 8849, -9]
914:102.22, 10:10 [9, 8630, 9002, 8731, 8387, -9]
915:129.05, 10:10 [9, 8528, 8604, 8597, 8926, 8639, 8918, 8419, -9]
916:148.57, 10:10 [9, 8627, 8608, 8735, 9015, 8398, 9019, -9]
917:88.67, 10:10 [9, 8302, 8842, 8520, 8506, -9]
918:136.87, 10:10 [9, 8651, 8508, 8521, 8601, 8973, 8386, 8739, 8899, 8945, -9]
919:112.17, 10:10 [9, 8637, 8640, 8796, 8331, 8862, 8988, 8361, -9]
920:97.27, 10:10 [9, 8517, 8689, 8614, -9]
923:88.42, 10:10 [9, 8978, 8745, 8994, 8900, -9]
925:87.35, 10:10 [9, 8664, 8583, 8719, 8648, 8431, -9]
926:95.66, 10:10 [9, 8761, 8687, 8500, 8711, 8491, -9]
929:86.13, 10:10 [9, 8461, 8577, 8586, 8702, -9]
fe: 8, se: 45

Day: 1, Time: 45
Total Cost: 662.03
 11:66.27, 19:75 [2, -6, -2]
 12:66.27, 12:75 [2, -6, -2]
601:133.01, 7:10 [6, 10887, 9893, -6]
602:66.00, 4:10 [6, 15619, 12984, -6]
603:70.68, 8:10 [6, 16541, 12418, 15986, -6]
604:168.57, 8:10 [6, 10956, 10899, 11334, -6]
605:91.21, 4:10 [6, 14101, -6]
fe: 2, se: 5

Day: 1, Time: 45
Total Cost: 573.98
 11:94.59, 11:75 [3, -8, -3]
 12:90.24, 5:75 [3, -9, -3]
801:84.79, 4:10 [8, 13991, 12227, -8]
802:135.08, 5:10 [8, 10092, 13825, -8]
803:18.11, 2:10 [8, 16338, -8]
903:151.17, 5:10 [9, 13201, 12190, -9]
fe: 2, se: 4

Day: 1, Time: 50
Total Cost: 976.78
 11:153.31, 4:75 [1, -5, -1]
 12:136.01, 5:75 [1, -4, -1]
 13:153.31, 7:75 [1, -5, -1]
 14:136.01, 4:75 [1, -4, -1]
401:24.74, 4:10 [4, 16615, -4]
402:192.74, 5:10 [4, 15989, 13706, 11743, -4]
501:113.34, 7:10 [5, 12866, 12627, 13350, -5]
502:67.31, 4:10 [5, 15724, 16340, -5]
fe: 4, se: 4

Day: 1, Time: 60
Total Cost: 452.11
 11:94.59, 7:75 [3, -8, -3]
 12:90.24, 2:75 [3, -9, -3]
801:156.06, 7:10 [8, 16308, 13818, 16924, -8]
901:111.21, 2:10 [9, 13838, -9]
fe: 2, se: 2

Day: 1, Time: 75
Total Cost: 540.70
 11:66.27, 11:75 [2, -6, -2]
 12:66.27, 2:75 [2, -6, -2]
601:218.90, 8:10 [6, 9411, 13044, 9331, -6]
602:87.66, 3:10 [6, 15939, -6]
603:101.59, 2:10 [6, 16836, 11269, -6]
fe: 2, se: 3

Day: 1, Time: 95
Total Cost: 486.17
 11:66.27, 7:75 [2, -6, -2]
 12:66.27, 9:75 [2, -6, -2]
601:198.60, 7:10 [6, 11884, 16217, 14219, -6]
602:81.03, 6:10 [6, 12134, 16005, 10798, -6]
604:74.00, 3:10 [6, 15507, -6]
fe: 2, se: 3

Day: 1, Time: 95
Total Cost: 863.99
 11:90.24, 17:75 [3, -9, -3]
 12:90.24, 11:75 [3, -9, -3]
 13:94.59, 3:75 [3, -8, -3]
801:69.86, 3:10 [8, 10686, -8]
901:117.53, 9:10 [9, 10039, 12019, 12161, -9]
902:115.18, 8:10 [9, 11865, 12831, 11029, -9]
903:129.09, 5:10 [9, 16371, 13836, -9]
905:157.25, 6:10 [9, 10950, 15923, 15652, -9]
fe: 3, se: 5

Day: 1, Time: 105
Total Cost: 952.50
 11:136.01, 13:75 [1, -4, -1]
 12:136.01, 3:75 [1, -4, -1]
 13:153.31, 7:75 [1, -5, -1]
401:58.00, 4:10 [4, 11673, -4]
402:224.99, 9:10 [4, 14651, 13441, 13824, 16733, -4]
403:110.05, 3:10 [4, 14758, -4]
502:93.92, 6:10 [5, 9297, 14011, -5]
503:40.20, 1:10 [5, 16600, -5]
fe: 3, se: 5

Day: 1, Time: 110
Total Cost: 230.30
 11:136.01, 8:75 [1, -4, -1]
401:94.29, 8:10 [4, 12473, 13779, -4]
fe: 1, se: 1

Day: 1, Time: 110
Total Cost: 291.29
 11:66.27, 9:75 [2, -6, -2]
601:88.19, 8:10 [6, 16564, 13668, -6]
602:136.82, 1:10 [6, 15047, -6]
fe: 1, se: 2

Day: 1, Time: 115
Total Cost: 186.14
 12:90.24, 4:75 [3, -9, -3]
901:42.05, 2:10 [9, 13316, -9]
902:53.85, 2:10 [9, 15215, -9]
fe: 1, se: 2

Day: 1, Time: 120
Total Cost: 162.36
 11:90.24, 1:75 [3, -9, -3]
901:72.11, 1:10 [9, 15401, -9]
fe: 1, se: 1

Day: 1, Time: 125
Total Cost: 385.69
 11:145.23, 4:75 [2, -7, -2]
 12:145.23, 3:75 [2, -7, -2]
701:80.00, 4:10 [7, 15011, 13146, -7]
702:15.23, 3:10 [7, 16481, -7]
fe: 2, se: 2

Day: 1, Time: 130
Total Cost: 471.68
 11:153.31, 1:75 [1, -5, -1]
 12:136.01, 7:75 [1, -4, -1]
401:120.07, 7:10 [4, 14272, 12793, -4]
501:62.29, 1:10 [5, 14733, -5]
fe: 2, se: 2

Day: 1, Time: 140
Total Cost: 504.08
 11:136.01, 6:75 [1, -4, -1]
 12:153.31, 2:75 [1, -5, -1]
401:50.04, 2:10 [4, 15680, -4]
402:54.41, 4:10 [4, 11729, -4]
501:110.31, 2:10 [5, 9688, -5]
fe: 2, se: 3

Day: 1, Time: 155
Total Cost: 704.97
 11:66.27, 6:75 [2, -6, -2]
 12:66.27, 3:75 [2, -6, -2]
 13:145.23, 6:75 [2, -7, -2]
601:197.55, 6:10 [6, 14233, 9788, 13259, -6]
602:148.47, 3:10 [6, 12202, 9391, -6]
701:81.18, 6:10 [7, 9158, 15557, -7]
fe: 3, se: 3

Day: 1, Time: 165
Total Cost: 457.92
 11:153.31, 4:75 [1, -5, -1]
 12:136.01, 3:75 [1, -4, -1]
402:20.00, 3:10 [4, 15949, -4]
501:148.59, 4:10 [5, 13762, 13324, -5]
fe: 2, se: 2

Day: 1, Time: 165
Total Cost: 115.67
 11:66.27, 2:75 [2, -6, -2]
601:49.40, 2:10 [6, 13110, -6]
fe: 1, se: 1

Day: 1, Time: 170
Total Cost: 510.65
 11:136.01, 1:75 [1, -4, -1]
 12:153.31, 3:75 [1, -5, -1]
401:103.73, 1:10 [4, 15963, -4]
501:117.59, 3:10 [5, 10079, -5]
fe: 2, se: 2

Day: 1, Time: 170
Total Cost: 352.96
 11:94.59, 15:75 [3, -8, -3]
801:70.25, 6:10 [8, 10274, 13894, -8]
802:101.86, 4:10 [8, 13343, -8]
803:86.26, 5:10 [8, 14109, 12921, -8]
fe: 1, se: 3

Day: 1, Time: 175
Total Cost: 190.09
 11:66.27, 4:75 [2, -6, -2]
601:123.82, 4:10 [6, 9546, -6]
fe: 1, se: 1

Day: 1, Time: 175
Total Cost: 135.89
 11:90.24, 3:75 [3, -9, -3]
901:45.65, 3:10 [9, 11603, -9]
fe: 1, se: 1

Day: 1, Time: 205
Total Cost: 477.32
 11:136.01, 18:75 [1, -4, -1]
401:215.50, 9:10 [4, 12731, 10257, 12600, -4]
402:125.81, 9:10 [4, 12309, 15597, 12706, 16387, -4]
fe: 1, se: 2

Day: 1, Time: 290
Total Cost: 595.73
 11:179.78, 23:75 [1, -4, -5, -1]
401:70.75, 7:10 [4, 16823, 14993, -4]
402:20.40, 3:10 [4, 12595, -4]
501:63.37, 6:10 [5, 15583, 9531, -5]
502:261.44, 7:10 [5, 12138, 16528, 12895, 11210, -5]
fe: 1, se: 4

Day: 1, Time: 290
Total Cost: 915.53
 11:90.24, 63:75 [3, -9, -3]
901:178.65, 10:10 [9, 11625, 12358, 11670, 10757, -9]
902:119.57, 9:10 [9, 16030, 10062, 11546, -9]
903:111.68, 6:10 [9, 13538, 10903, 9624, -9]
904:160.34, 9:10 [9, 12815, 10986, 10675, 15774, -9]
905:83.81, 10:10 [9, 15367, 11027, 10685, 10342, 14097, -9]
906:95.98, 9:10 [9, 13030, 11462, 16323, -9]
907:75.26, 10:10 [9, 15611, 15698, 15942, -9]
fe: 1, se: 7

Day: 1, Time: 295
Total Cost: 619.47
 11:66.27, 40:75 [2, -6, -2]
601:166.77, 10:10 [6, 16385, 16242, 9686, 12605, 15267, -6]
602:162.54, 10:10 [6, 12057, 15006, 14298, 14680, -6]
603:122.19, 10:10 [6, 12315, 16448, 15080, 16456, 12735, -6]
604:101.69, 10:10 [6, 10014, 16522, 14207, 15828, -6]
fe: 1, se: 4

Day: 1, Time: 300
Total Cost: 359.91
 11:179.78, 10:75 [1, -4, -5, -1]
401:62.13, 4:10 [4, 11368, -4]
501:118.01, 6:10 [5, 12210, 9433, -5]
fe: 1, se: 2

Day: 1, Time: 360
Total Cost: 1016.24
 11:136.01, 10:75 [1, 4, -4, -1]
 12:153.31, 22:75 [1, 5, -5, -1]
401:24.00, 1:10 [4, 16109, -4]
402:128.46, 7:10 [4, 9664, 4626, 248, 16775, -4]
403:137.97, 7:10 [4, 16000, 12882, 268, 13400, -4]
501:140.91, 7:10 [5, 160, 6817, 13118, 2430, -5]
502:92.82, 7:10 [5, 15294, 145, -5]
503:124.76, 5:10 [5, 16305, 198, 161, 14158, -5]
504:73.54, 10:10 [5, 16267, 13501, 9874, 13529, 13592, -5]
505:4.47, 4:10 [5, 16051, -5]
fe: 2, se: 8

Day: 1, Time: 395
Total Cost: 840.96
 11:66.27, 60:75 [2, -6, -2]
601:130.68, 10:10 [6, 12459, 16165, 13515, -6]
602:86.37, 10:10 [6, 9406, 12475, 10166, 10462, -6]
603:152.77, 9:10 [6, 11443, 14388, 11779, 10565, -6]
604:138.38, 10:10 [6, 15024, 12414, 9814, -6]
605:51.61, 4:10 [6, 14450, -6]
606:81.98, 7:10 [6, 12848, 12715, -6]
607:132.90, 10:10 [6, 13661, 16423, 10198, 10459, -6]
fe: 1, se: 7

Day: 1, Time: 400
Total Cost: 696.82
 11:136.01, 14:75 [1, -4, -1]
 12:153.31, 4:75 [1, -5, -1]
401:91.56, 7:10 [4, 13488, 12300, -4]
402:136.46, 6:10 [4, 15708, 11792, 9374, -4]
403:22.00, 1:10 [4, 15163, -4]
501:89.55, 1:10 [5, 9858, -5]
502:67.92, 3:10 [5, 12042, 13741, -5]
fe: 2, se: 5

Day: 1, Time: 405
Total Cost: 1495.72
 11:136.01, 32:75 [1, 4, -4, -1]
 12:153.31, 24:75 [1, 5, -1]
401:90.50, 5:10 [4, 115, 292, -4]
402:57.58, 1:10 [4, 112, -4]
403:97.02, 2:10 [4, 176, -4]
404:83.10, 8:10 [4, 102, 7618, -4]
405:74.40, 7:10 [4, 274, 241, 282, -4]
406:145.12, 6:10 [4, 1996, 288, -4]
407:53.14, 3:10 [4, 135, -4]
408:133.70, 6:10 [4, 16963, 11053, -4]
501:53.23, 6:10 [5, 6500, 217, 6711, -5]
502:85.44, 2:10 [5, 2862, -5]
503:57.80, 6:10 [5, 3444, 205, 249, -5]
504:71.22, 2:10 [5, 287, -5]
505:85.09, 2:10 [5, 341, -5]
506:64.62, 1:10 [5, 98, -5]
507:54.43, 5:10 [5, 238, 33, -5]
fe: 2, se: 15

Day: 1, Time: 405
Total Cost: 559.85
 11:66.27, 22:75 [2, 6, -6, -2]
601:109.35, 7:10 [6, 12911, 72, 7925, -6]
602:146.96, 6:10 [6, 308, 207, 6043, -6]
604:122.89, 4:10 [6, 141, 253, -6]
605:114.37, 8:10 [6, 14198, 78, 267, -6]
fe: 1, se: 4

Day: 1, Time: 405
Total Cost: 1502.03
 11:94.59, 36:75 [3, 8, -8, -3]
 12:90.24, 35:75 [3, 9, -9, -3]
801:96.92, 10:10 [8, 16144, 12112, 6357, 35, -8]
802:94.04, 10:10 [8, 14701, 14592, 3039, 10839, 12751, -8]
803:102.37, 10:10 [8, 13368, 16585, 9444, 13438, 284, -8]
804:89.91, 10:10 [8, 14095, 6070, 1203, -8]
805:109.16, 3:10 [8, 226, 314, 9711, -8]
806:102.66, 4:10 [8, 2350, 251, 4294, -8]
807:45.33, 8:10 [8, 16750, 11871, -8]
808:108.99, 5:10 [8, 7924, 180, 63, -8]
901:103.32, 10:10 [9, 12781, 9525, 1014, -9]
902:80.21, 3:10 [9, 7791, 9873, -9]
903:80.96, 7:10 [9, 13594, 13124, 16286, -9]
904:107.12, 9:10 [9, 14347, 9979, 190, 6611, -9]
905:97.12, 4:10 [9, 11237, 11247, -9]
907:99.07, 10:10 [9, 11760, 15950, 16273, 10849, -9]
fe: 2, se: 14

Day: 1, Time: 410
Total Cost: 235.48
 11:66.27, 7:75 [2, -6, -2]
601:159.21, 4:10 [6, 10987, 14019, -6]
602:10.00, 3:10 [6, 13331, -6]
fe: 1, se: 2

Day: 1, Time: 415
Total Cost: 420.58
 11:179.78, 13:75 [1, -4, -5, -1]
401:50.00, 4:10 [4, 11183, -4]
501:122.93, 4:10 [5, 9845, -5]
502:67.87, 5:10 [5, 9904, 16511, -5]
fe: 1, se: 3

Day: 1, Time: 420
Total Cost: 223.64
 11:145.23, 3:75 [2, -7, -2]
701:78.41, 3:10 [7, 12295, -7]
fe: 1, se: 1

Day: 1, Time: 420
Total Cost: 270.11
 11:113.51, 9:75 [3, -8, -9, -3]
801:78.25, 5:10 [8, 10083, 15948, -8]
802:62.23, 1:10 [8, 12556, -8]
901:16.12, 3:10 [9, 13449, -9]
fe: 1, se: 3

Day: 1, Time: 430
Total Cost: 195.83
 11:153.31, 4:75 [1, -5, -1]
501:42.52, 4:10 [5, 11293, -5]
fe: 1, se: 1

Day: 1, Time: 450
Total Cost: 256.89
 11:136.01, 2:75 [1, 4, -1]
401:120.88, 2:10 [4, 116, -4]
fe: 1, se: 1

Day: 1, Time: 450
Total Cost: 501.55
 11:66.27, 12:75 [2, 6, -2]
601:71.81, 4:10 [6, 311, -6]
602:72.44, 1:10 [6, 297, -6]
603:72.14, 2:10 [6, 43, -6]
604:67.08, 3:10 [6, 342, -6]
605:75.15, 1:10 [6, 7910, -6]
606:76.66, 1:10 [6, 7681, -6]
fe: 1, se: 6

Day: 1, Time: 450
Total Cost: 249.07
 11:90.24, 11:75 [3, 9, -3]
901:48.33, 4:10 [9, 76, -9]
902:57.69, 4:10 [9, 173, -9]
903:52.80, 3:10 [9, 121, -9]
fe: 1, se: 3

Day: 1, Time: 460
Total Cost: 1147.46
 11:136.01, 39:75 [1, 4, -1]
 12:153.31, 22:75 [1, 5, -1]
401:76.02, 4:10 [4, 204, 6929, -4]
402:54.00, 4:10 [4, 57, -4]
403:95.81, 4:10 [4, 304, 42, -4]
404:89.84, 9:10 [4, 41, 28, 166, -4]
405:97.10, 4:10 [4, 6525, 213, -4]
406:74.23, 10:10 [4, 17, 330, 156, 232, -4]
407:111.80, 4:10 [4, 93, -4]
501:61.20, 3:10 [5, 468, 8146, -5]
502:76.94, 6:10 [5, 73, 322, -5]
503:68.20, 7:10 [5, 856, 184, -5]
504:52.99, 6:10 [5, 103, 6867, -5]
fe: 2, se: 11

Day: 1, Time: 460
Total Cost: 919.69
 11:66.27, 50:75 [2, 6, -2]
601:125.68, 9:10 [6, 3937, 117, 37, -6]
602:63.66, 2:10 [6, 257, -6]
603:20.40, 4:10 [6, 5146, -6]
604:150.74, 9:10 [6, 66, 327, 148, -6]
605:147.59, 9:10 [6, 6068, 186, 309, -6]
606:59.46, 2:10 [6, 13, -6]
607:130.82, 7:10 [6, 250, 30, 244, -6]
608:48.32, 4:10 [6, 106, 323, -6]
609:58.41, 2:10 [6, 607, -6]
610:48.33, 2:10 [6, 305, -6]
fe: 1, se: 10

Day: 1, Time: 460
Total Cost: 750.54
 11:94.59, 21:75 [3, 8, -3]
 12:90.24, 13:75 [3, 9, -3]
802:96.01, 10:10 [8, 220, 38, 7259, -8]
803:121.62, 3:10 [8, 68, 245, -8]
804:115.65, 8:10 [8, 158, 701, 110, 18, -8]
903:122.16, 6:10 [9, 167, 254, -9]
904:110.26, 7:10 [9, 293, 334, -9]
fe: 2, se: 5

Day: 1, Time: 495
Total Cost: 475.46
 11:136.01, 11:75 [1, 4, -1]
 12:153.31, 1:75 [1, 5, -1]
401:18.11, 1:10 [4, 4511, -4]
402:33.53, 1:10 [4, 5128, -4]
403:38.63, 2:10 [4, 344, -4]
404:41.23, 4:10 [4, 2197, -4]
405:40.50, 3:10 [4, 101, -4]
501:14.14, 1:10 [5, 2108, -5]
fe: 2, se: 6

Day: 1, Time: 495
Total Cost: 1003.44
 11:66.27, 35:75 [2, 6, -2]
601:102.27, 6:10 [6, 316, 4660, -6]
602:68.82, 2:10 [6, 7233, -6]
603:105.68, 2:10 [6, 2260, -6]
604:108.76, 3:10 [6, 144, -6]
605:97.53, 4:10 [6, 74, -6]
606:106.83, 4:10 [6, 177, -6]
607:79.10, 4:10 [6, 142, 128, -6]
608:84.90, 1:10 [6, 336, -6]
610:94.02, 1:10 [6, 80, -6]
611:89.27, 8:10 [6, 185, 299, 6962, -6]
fe: 1, se: 10

Day: 1, Time: 495
Total Cost: 1042.80
 11:94.59, 16:75 [3, 8, -3]
 12:90.24, 14:75 [3, 9, -3]
801:81.22, 1:10 [8, 89, -8]
802:60.53, 2:10 [8, 7034, -8]
803:62.13, 2:10 [8, 273, -8]
804:78.82, 1:10 [8, 7273, -8]
805:68.41, 4:10 [8, 291, -8]
806:70.26, 2:10 [8, 132, -8]
807:76.24, 4:10 [8, 90, -8]
901:77.90, 1:10 [9, 2579, -9]
902:70.68, 3:10 [9, 40, -9]
903:64.28, 3:10 [9, 332, -9]
904:71.62, 4:10 [9, 65, 7315, -9]
906:75.89, 3:10 [9, 258, 197, -9]
fe: 2, se: 12

Day: 1, Time: 525
Total Cost: 198.91
 11:66.27, 20:75 [2, 6, -2]
601:35.07, 3:10 [6, 52, 92, -6]
602:24.64, 8:10 [6, 131, 313, -6]
604:25.22, 5:10 [6, 4176, 55, -6]
605:47.71, 4:10 [6, 5321, -6]
fe: 1, se: 4

Day: 1, Time: 525
Total Cost: 221.36
 11:90.24, 4:75 [3, 9, -3]
 12:94.59, 6:75 [3, 8, -3]
801:16.49, 4:10 [8, 223, -8]
802:17.20, 2:10 [8, 130, -8]
901:2.83, 4:10 [9, 147, -9]
fe: 2, se: 3

Day: 1, Time: 550
Total Cost: 69.10
 11:66.27, 1:75 [2, 6, -2]
601:2.83, 1:10 [6, 240, -6]
fe: 1, se: 1


Day	Area	ID	Time	Load	Utilization	NoOrders	AssignmentCost
1	1	 8	315	 37	0.49	15	445.00
1	1	 9	360	  4	0.05	 3	115.00
1	1	119	400	 36	0.24	15	870.00
1	1	10	405	 35	0.47	14	425.00
1	1	11	450	 12	0.13	 5	156.00
1	1	18	765	  4	0.07	 1	138.00
1	1	123	800	120	1.00	49	3060.00
1	1	132	800	120	1.00	50	3060.00
1	1	19	810	 60	1.00	22	810.00
1	1	38	810	 60	1.00	24	810.00
1	2	136	300	 10	0.07	 4	350.00
1	2	46	315	 55	0.73	24	625.00
1	2	47	360	 13	0.17	 4	205.00
1	2	137	400	 49	0.33	18	1130.00
1	2	48	405	 17	0.23	 8	245.00
1	2	49	450	  8	0.09	 2	124.00
1	2	141	800	120	1.00	50	3060.00
1	2	150	800	110	0.92	42	2820.00
1	2	57	810	 60	1.00	27	810.00
1	2	76	810	 60	1.00	24	810.00
1	3	154	300	 13	0.09	 5	410.00
1	3	84	315	 24	0.32	12	315.00
1	3	85	360	  8	0.11	 3	155.00
1	3	155	400	 60	0.40	22	1350.00
1	3	86	405	 25	0.33	12	325.00
1	3	87	450	 14	0.16	 4	172.00
1	3	156	500	  1	0.01	 1	136.00
1	3	159	800	120	1.00	46	3060.00
1	3	168	800	117	0.98	46	2988.00
1	3	95	810	 60	1.00	24	810.00
1	3	114	810	 60	1.00	22	810.00


Day	Area	Time	Pickup	Delivery	Direct	FEVehicles	SEVehicles	ALNSTime	ALNSBestTime	RoutingCostArea
1	1	0	112	133	0	5	50	531.01	333.00	5759.22
1	1	50	9	0	0	4	4	1.11	0.41	976.78
1	1	105	9	0	2	3	5	0.95	0.00	1952.50
1	1	110	2	0	1	1	1	0.28	0.00	730.30
1	1	130	3	0	0	2	2	0.41	0.00	471.68
1	1	140	3	0	0	2	3	0.45	0.00	504.08
1	1	165	3	0	1	2	2	0.44	0.00	957.92
1	1	170	2	0	0	2	2	0.30	0.00	510.65
1	1	205	7	0	0	1	2	0.66	0.00	477.32
1	1	290	9	0	0	1	4	0.70	0.00	595.73
1	1	300	3	0	0	1	2	0.35	0.00	359.91
1	1	360	16	9	0	2	8	2.95	0.75	1016.24
1	1	400	9	0	0	2	5	0.91	0.00	696.82
1	1	405	2	24	0	2	15	2.76	0.00	1495.72
1	1	415	4	0	0	1	3	0.64	0.00	420.58
1	1	430	1	0	0	1	1	0.20	0.00	195.83
1	1	450	0	1	0	1	1	0.19	0.00	256.89
1	1	460	0	23	0	2	11	1.45	0.00	1147.46
1	1	495	0	6	0	2	6	0.51	0.00	475.46
1	2	0	117	142	0	9	50	679.78	586.26	5144.79
1	2	45	11	0	0	2	5	0.92	0.00	662.03
1	2	75	6	0	0	2	3	0.48	0.00	540.70
1	2	95	7	0	0	2	3	0.62	0.00	486.17
1	2	110	3	0	0	1	2	0.38	0.00	291.29
1	2	125	3	0	0	2	2	0.45	0.00	385.69
1	2	155	7	0	1	3	3	0.68	0.00	1204.97
1	2	165	1	0	1	1	1	0.19	0.00	615.67
1	2	175	1	0	0	1	1	0.19	0.00	190.09
1	2	295	18	0	0	1	4	1.73	0.38	619.47
1	2	395	21	0	0	1	7	2.39	1.48	840.96
1	2	405	2	9	0	1	4	0.83	0.00	559.85
1	2	410	3	0	0	1	2	0.31	0.00	235.48
1	2	420	1	0	0	1	1	0.19	0.00	223.64
1	2	450	0	6	0	1	6	0.41	0.00	501.55
1	2	460	0	19	0	1	10	1.73	0.00	919.69
1	2	495	0	14	0	1	10	0.95	0.00	1003.44
1	2	525	0	7	1	1	4	0.42	0.00	698.91
1	2	550	0	1	0	1	1	0.18	0.00	69.10
1	3	0	106	135	0	8	45	578.34	491.99	5124.70
1	3	45	7	0	0	2	4	0.74	0.00	573.98
1	3	60	4	0	0	2	2	0.38	0.00	452.11
1	3	95	12	0	0	3	5	2.16	0.78	863.99
1	3	115	2	0	0	1	2	0.30	0.00	186.14
1	3	120	1	0	0	1	1	0.19	0.00	162.36
1	3	170	5	0	1	1	3	0.58	0.06	852.96
1	3	175	1	0	1	1	1	0.19	0.00	635.89
1	3	290	25	0	0	1	7	3.71	0.58	915.53
1	3	405	28	18	0	2	14	10.77	7.57	1502.03
1	3	420	4	0	0	1	3	0.47	0.00	270.11
1	3	450	0	3	0	1	3	0.34	0.00	249.07
1	3	460	0	13	0	2	5	0.82	0.00	750.54
1	3	495	0	14	0	2	12	1.01	0.00	1042.80
1	3	525	0	3	0	2	3	0.36	0.00	221.36

Day	SL	Own	DispatchTimes	AssignmentCost	RoutingCost	TotalCost
1	19	12	38	30599.00	47998.17	78597.17

Total Cost: 78597.17213320557
Cost per Day: 78597.17213320557
Running time in Seconds: 1960.612
Running time in minutes: 32.67686666666667