INSTANCE: 3hubs_A_11_x.csv
PARAMETER: tuning_standard.txt
POLICY: MIP
ALPHA: 0.174776391313598
BETA: 69
OMEGA: 586
EPSILON: 1.16584841641329

Day: 1, Time: 0
Total Cost: 4922.24
 11:136.01, 72:75 [1, 4, -4, -1]
 12:136.01, 46:75 [1, 4, -4, -1]
 13:136.01, 18:75 [1, 4, -4, -1]
 15:153.31, 74:75 [1, 5, -5, -1]
 16:153.31, 63:75 [1, 5, -5, -1]
 17:153.31, 43:75 [1, 5, -5, -1]
401:131.90, 10:10 [4, 8907, 8724, 8713, -4]
402:70.47, 9:10 [4, 8673, 8604, 8455, 8625, -4]
403:57.89, 10:10 [4, 8585, 8854, 9013, 8935, 8945, -4]
404:26.00, 6:10 [4, 8757, 8725, -4]
405:128.67, 9:10 [4, 8982, 8763, 8823, 8881, -4]
406:39.71, 10:10 [4, 8706, 9007, 8897, -4]
407:122.87, 10:10 [4, 8697, 8464, 8814, 8998, 8869, -4]
408:114.44, 10:10 [4, 8566, 8618, 8503, -4]
409:56.83, 8:10 [4, 9020, 8855, 8922, -4]
410:63.58, 10:10 [4, 8898, 8989, 8939, 8734, -4]
411:38.38, 8:10 [4, 8482, 8468, -4]
412:143.39, 10:10 [4, 8634, 8603, 8527, 8631, 8624, -4]
414:94.79, 10:10 [4, 8648, 8462, 8457, 8561, 8494, -4]
415:78.93, 10:10 [4, 8745, 8690, 8742, 8902, 8994, -4]
416:51.33, 10:10 [4, 8747, 8930, 8700, 8467, -4]
417:52.99, 8:10 [4, 8909, 8737, 8707, 8628, 8931, -4]
418:133.40, 6:10 [4, 8886, 8589, 8748, -4]
419:142.43, 10:10 [4, 8443, 8451, 8675, 8435, 8637, -4]
420:84.67, 9:10 [4, 8583, 8495, 8423, -4]
423:136.74, 10:10 [4, 8712, 8794, 8485, 8799, -4]
424:179.48, 9:10 [4, 8615, 8718, 8705, 8599, 8729, 8617, 8948, 8541, 8858, -4]
501:109.18, 10:10 [5, 8918, 8525, 8492, 8598, 8659, -5]
502:96.14, 8:10 [5, 8441, 8446, 8825, 8436, 9004, -5]
503:83.84, 9:10 [5, 8772, 8828, 8801, 9011, -5]
504:190.06, 10:10 [5, 8678, 8623, 8667, 8865, 8777, 8911, -5]
505:118.86, 10:10 [5, 8484, 8681, 9017, 8591, 8612, 8862, 8622, -5]
506:14.56, 3:10 [5, 8731, -5]
507:76.77, 10:10 [5, 8893, 8974, 8795, -5]
508:196.16, 10:10 [5, 8489, 8685, 8429, 8740, 8676, 8711, 8834, 8710, -5]
509:53.32, 10:10 [5, 8787, 8444, 8900, 9021, 8856, -5]
510:162.34, 10:10 [5, 8759, 8491, 8595, 8811, 8653, 8554, 8754, -5]
511:91.59, 8:10 [5, 8735, 8804, 8848, 9014, -5]
512:100.92, 10:10 [5, 8438, 8833, 8576, 8687, 8590, 8629, -5]
513:156.61, 6:10 [5, 8421, 8986, 8619, 8875, -5]
514:41.48, 8:10 [5, 8905, 8602, 8465, -5]
515:132.48, 10:10 [5, 8668, 8992, 8866, 8896, 8779, 8677, -5]
516:20.20, 7:10 [5, 8979, 8831, -5]
517:63.81, 9:10 [5, 8920, 8917, 9002, 8770, 8552, -5]
518:56.71, 10:10 [5, 8798, 8916, 8820, -5]
519:117.06, 10:10 [5, 8738, 8947, 8609, 8803, 8531, 8512, 8962, -5]
521:81.57, 10:10 [5, 8635, 9008, 8997, 8723, 8873, -5]
522:89.60, 10:10 [5, 8476, 8478, 8466, 8614, 8851, -5]
523:52.13, 7:10 [5, 8822, 8638, 8684, -5]
fe: 6, se: 43

Day: 1, Time: 5
Total Cost: 6700.42
 11:66.27, 63:75 [2, 6, -6, -2]
 12:66.27, 73:75 [2, 6, -6, -2]
 13:66.27, 67:75 [2, 6, -6, -2]
 14:66.27, 4:75 [2, -6, -2]
 15:66.27, 10:75 [2, -6, -2]
 18:145.23, 54:75 [2, 7, -7, -2]
 19:145.23, 72:75 [2, 7, -7, -2]
 22:66.27, 11:75 [2, -6, -2]
 23:66.27, 11:75 [2, -6, -2]
 29:66.27, 13:75 [2, 6, -6, -2]
 34:151.76, 11:75 [2, -7, 6, -2]
 35:66.27, 10:75 [2, 6, -6, -2]
 38:66.27, 8:75 [2, -6, -2]
 40:66.27, 11:75 [2, -6, -2]
 41:66.27, 10:75 [2, 6, -2]
601:98.58, 10:10 [6, 8764, 8630, 8926, 9009, 8715, -6]
602:120.98, 10:10 [6, 8432, 8645, 8662, 8890, 8613, 8520, -6]
603:132.82, 10:10 [6, 8626, 8461, 8796, 8752, 8957, 8773, 8818, 8651, 8960, 8719, -6]
604:126.40, 3:10 [6, 8976, -6]
605:106.25, 10:10 [6, 8728, 8741, 8708, -6]
606:140.52, 10:10 [6, 8859, 8953, 8913, 8775, 8991, 8509, -6]
607:131.53, 3:10 [6, 8904, -6]
608:145.60, 1:10 [6, 8967, -6]
609:109.64, 10:10 [6, 8943, 8895, 8727, 8929, 8692, -6]
610:129.07, 4:10 [6, 8857, -6]
611:107.29, 10:10 [6, 9028, 8756, 8863, -6]
612:80.34, 10:10 [6, 8672, 9000, 8802, 8965, -6]
613:120.15, 1:10 [6, 9026, -6]
614:161.22, 10:10 [6, 8698, 8453, 8932, 8695, 8460, -6]
615:176.72, 10:10 [6, 8696, 8586, 8691, 8579, 8544, 8726, 8762, 8639, -6]
616:114.02, 3:10 [6, 8924, -6]
617:124.34, 2:10 [6, 8937, -6]
618:45.41, 8:10 [6, 8894, 8946, 8884, -6]
619:165.80, 10:10 [6, 8743, 8761, 8440, 8883, 8504, -6]
620:102.02, 7:10 [6, 8588, 8716, 8933, 8815, -6]
621:39.33, 7:10 [6, 8679, 8549, -6]
623:84.52, 10:10 [6, 8508, 8701, 8919, 9033, 8572, -6]
624:82.81, 9:10 [6, 8981, 8996, 8853, 8973, -6]
625:131.10, 9:10 [6, 8980, 8744, 8950, 8496, 9015, -6]
626:43.73, 10:10 [6, 8657, 8901, 8891, 8882, -6]
630:105.79, 10:10 [6, 8682, 8513, 8968, 8516, 8422, 8522, -6]
631:151.19, 10:10 [6, 8430, 8471, 8954, 8812, 8774, 8556, 8838, -6]
632:105.05, 9:10 [6, 8923, 8809, 8780, -6]
633:96.74, 10:10 [6, 8445, 8821, 8785, 9032, 8702, -6]
634:163.12, 10:10 [6, 8533, 8524, 8502, 8587, 9006, 8539, -6]
638:138.02, 10:10 [6, 8450, 8581, 8621, 8686, 8944, -6]
639:66.07, 8:10 [6, 8995, 8750, 8963, -6]
640:90.53, 10:10 [6, 8536, 8790, 8428, 8510, 8560, -6]
641:57.29, 10:10 [6, 8424, 8885, 8733, 9023, -6]
642:159.84, 10:10 [6, 8849, 8836, 8874, 8632, 8722, 8573, 8877, -6]
646:78.23, 10:10 [6, 9019, 8914, 9003, 8999, -6]
647:62.15, 10:10 [6, 8517, 8642, 8480, -6]
649:78.26, 10:10 [6, 8530, 8532, 8608, 11504, 8426, -6]
650:59.80, 7:10 [6, 8951, 8969, -6]
655:91.09, 10:10 [6, 9027, 8721, 8570, -6]
701:82.17, 7:10 [7, 8459, 8477, 8867, 8553, 8793, -7]
702:54.04, 1:10 [7, 8977, -7]
703:58.50, 10:10 [7, 8983, 8985, 9030, 11300, -7]
704:81.97, 9:10 [7, 8800, 8829, 8658, 8879, -7]
705:94.74, 10:10 [7, 8934, 9010, 8674, -7]
706:43.84, 10:10 [7, 8970, 8699, 8714, 8454, 8469, -7]
707:76.05, 10:10 [7, 8768, 8709, 8940, 8908, -7]
708:43.69, 5:10 [7, 8670, 8518, -7]
709:102.23, 10:10 [7, 8486, 8633, 8912, 8521, 8987, 8824, -7]
710:71.82, 10:10 [7, 8475, 8656, 8434, 8872, -7]
711:33.64, 10:10 [7, 8551, 8580, 8427, 8548, -7]
712:138.64, 9:10 [7, 8543, 8594, 8661, 8514, 8537, 8771, 8652, 8760, 8736, 8493, -7]
713:97.27, 9:10 [7, 8505, 8810, 8703, 8470, 8739, 8887, -7]
714:65.04, 10:10 [7, 8758, 8782, 9024, 8878, -7]
716:69.23, 9:10 [7, 8665, 8601, 8647, -7]
718:26.68, 4:10 [7, 8649, -7]
fe: 15, se: 56

Day: 1, Time: 5
Total Cost: 5668.24
 11:94.59, 72:75 [3, 8, -8, -3]
 12:94.59, 68:75 [3, 8, -8, -3]
 13:94.59, 7:75 [3, -8, -3]
 14:94.59, 1:75 [3, -8, -3]
 15:90.24, 3:75 [3, -9, -3]
 16:90.24, 4:75 [3, -9, -3]
 17:90.24, 3:75 [3, -9, -3]
 18:90.24, 73:75 [3, 9, -9, -3]
 19:90.24, 60:75 [3, 9, -9, -3]
 20:94.59, 4:75 [3, -8, -3]
801:70.59, 9:10 [8, 8845, 8835, 8704, -8]
802:89.87, 10:10 [8, 8958, 8827, 8936, 8843, -8]
803:125.03, 10:10 [8, 8506, 8610, 8889, 8557, 8564, 8984, 8870, -8]
804:87.06, 10:10 [8, 8971, 8546, 8559, 8488, 8925, 8593, -8]
805:61.42, 7:10 [8, 8463, 8650, -8]
806:126.06, 10:10 [8, 8578, 8839, 8606, 8558, 8596, -8]
807:95.57, 10:10 [8, 8826, 8942, 8523, -8]
808:116.28, 1:10 [8, 9001, -8]
809:102.03, 10:10 [8, 8776, 8751, 8474, 9012, 9018, 8473, -8]
810:96.21, 4:10 [8, 8778, -8]
811:76.64, 10:10 [8, 8928, 8769, 8784, 8938, -8]
812:106.47, 10:10 [8, 8975, 8903, 8844, 8868, 8949, -8]
814:120.92, 9:10 [8, 9031, 8841, 8921, 8830, 8688, 8732, -8]
815:47.46, 10:10 [8, 8534, 8569, 8655, -8]
816:171.95, 10:10 [8, 8746, 8955, 8449, 8431, 8840, 8765, -8]
818:105.43, 8:10 [8, 8547, 8448, 8781, 8574, 8941, -8]
819:42.11, 7:10 [8, 9025, 8753, 8842, -8]
820:77.19, 10:10 [8, 8789, 8846, 8755, 8680, -8]
821:138.75, 10:10 [8, 8538, 8966, 8607, 8439, 8693, -8]
822:81.45, 9:10 [8, 8592, 8864, 8906, 8671, -8]
823:111.83, 9:10 [8, 8888, 8472, 8567, 8847, 8575, 8817, 8529, -8]
824:113.25, 10:10 [8, 8806, 8956, 8683, 15564, 8519, 8437, -8]
828:93.51, 9:10 [8, 8500, 8545, 8452, 8528, -8]
901:96.16, 10:10 [9, 8910, 8720, 8927, 8433, 8813, -9]
902:102.40, 10:10 [9, 8660, 8479, 8627, 8526, -9]
903:59.37, 10:10 [9, 9022, 8990, 8788, 8819, -9]
904:77.29, 9:10 [9, 8964, 9005, 8899, 8483, 8816, -9]
905:139.54, 9:10 [9, 9034, 8892, 8783, 8666, 8861, -9]
906:20.10, 4:10 [9, 8620, -9]
907:125.86, 10:10 [9, 8978, 8797, 8730, 8535, -9]
908:106.65, 10:10 [9, 8644, 8641, 8689, -9]
909:100.12, 10:10 [9, 8880, 8807, 8805, 9029, -9]
910:81.68, 10:10 [9, 8669, 8555, 8501, -9]
911:121.66, 10:10 [9, 8808, 8611, 9016, 8959, 8837, -9]
912:99.12, 10:10 [9, 8636, 8860, 8952, 8487, 8832, -9]
913:116.10, 3:10 [9, 8717, -9]
914:113.72, 4:10 [9, 8915, -9]
915:107.43, 9:10 [9, 8664, 8961, 8447, 8850, 8792, 8497, -9]
916:24.89, 7:10 [9, 8852, 8786, -9]
917:110.14, 10:10 [9, 8498, 8565, 8571, 8563, 8562, -9]
918:59.80, 10:10 [9, 8767, 8749, 8791, 8871, 8876, -9]
919:114.28, 3:10 [9, 8993, -9]
920:135.19, 8:10 [9, 8442, 8616, 8646, 8584, -9]
921:156.46, 10:10 [9, 8458, 8425, 8540, 8420, -9]
922:63.33, 10:10 [9, 8972, 8766, 8499, 8988, -9]
923:113.36, 10:10 [9, 8542, 8481, 8663, 8456, -9]
924:60.97, 9:10 [9, 8640, 8643, 8577, 8597, 8550, -9]
925:37.17, 10:10 [9, 8654, 8694, 8515, -9]
926:91.34, 10:10 [9, 8600, 8582, 8568, 8605, -9]
927:52.85, 10:10 [9, 8490, 8507, 8511, -9]
fe: 10, se: 50

Day: 1, Time: 20
Total Cost: 298.75
 11:136.01, 3:75 [1, -4, -1]
401:162.73, 3:10 [4, 11775, 10836, -4]
fe: 1, se: 1

Day: 1, Time: 30
Total Cost: 378.25
 11:66.27, 10:75 [2, -6, -2]
 12:66.27, 4:75 [2, -6, -2]
601:139.37, 10:10 [6, 11507, 14883, 14887, -6]
602:106.34, 4:10 [6, 15610, 14086, -6]
fe: 2, se: 2

Day: 1, Time: 40
Total Cost: 413.26
 11:153.31, 18:75 [1, -5, -1]
501:118.89, 7:10 [5, 16710, 16474, -5]
502:60.00, 4:10 [5, 15705, -5]
503:81.06, 7:10 [5, 14804, 9322, -5]
fe: 1, se: 3

Day: 1, Time: 50
Total Cost: 180.87
 11:66.27, 3:75 [2, -6, -2]
601:114.59, 3:10 [6, 9817, 10529, -6]
fe: 1, se: 1

Day: 1, Time: 55
Total Cost: 460.18
 11:90.24, 9:75 [3, -9, -3]
 12:94.59, 9:75 [3, -8, -3]
802:168.05, 9:10 [8, 15559, 10055, 12103, -8]
901:32.80, 4:10 [9, 11620, -9]
902:74.49, 5:10 [9, 16480, 14126, -9]
fe: 2, se: 3

Day: 1, Time: 60
Total Cost: 144.37
 11:66.27, 3:75 [2, -6, -2]
601:78.10, 3:10 [6, 11736, -6]
fe: 1, se: 1

Day: 1, Time: 65
Total Cost: 199.69
 11:66.27, 2:75 [2, -6, -2]
601:133.42, 2:10 [6, 12279, -6]
fe: 1, se: 1

Day: 1, Time: 65
Total Cost: 192.22
 11:90.24, 2:75 [3, -9, -3]
901:101.98, 2:10 [9, 16948, -9]
fe: 1, se: 1

Day: 1, Time: 70
Total Cost: 335.93
 11:136.01, 7:75 [1, -4, -1]
401:76.16, 1:10 [4, 11208, -4]
402:123.76, 6:10 [4, 11879, 9730, -4]
fe: 1, se: 2

Day: 1, Time: 80
Total Cost: 300.09
 11:136.01, 3:75 [1, -4, -1]
401:164.07, 3:10 [4, 11396, -4]
fe: 1, se: 1

Day: 1, Time: 85
Total Cost: 178.25
 11:66.27, 7:75 [2, -6, -2]
601:111.98, 7:10 [6, 15828, 14884, -6]
fe: 1, se: 1

Day: 1, Time: 95
Total Cost: 459.50
 11:94.59, 2:75 [3, -8, -3]
 12:94.59, 8:75 [3, -8, -3]
801:110.97, 2:10 [8, 9367, 14150, -8]
802:83.19, 4:10 [8, 17078, -8]
803:76.16, 4:10 [8, 12990, -8]
fe: 2, se: 3

Day: 1, Time: 105
Total Cost: 167.45
 11:90.24, 2:75 [3, -9, -3]
901:77.20, 2:10 [9, 10895, -9]
fe: 1, se: 1

Day: 1, Time: 110
Total Cost: 173.48
 11:90.24, 4:75 [3, -9, -3]
901:83.23, 4:10 [9, 13961, -9]
fe: 1, se: 1

Day: 1, Time: 115
Total Cost: 769.04
 11:136.01, 3:75 [1, -4, -1]
 12:136.01, 2:75 [1, -4, -1]
 14:153.31, 10:75 [1, -5, -1]
401:31.24, 3:10 [4, 11848, -4]
402:132.62, 2:10 [4, 16771, -4]
501:47.07, 3:10 [5, 10257, -5]
502:56.53, 5:10 [5, 13510, 13116, -5]
503:76.24, 2:10 [5, 14746, -5]
fe: 3, se: 5

Day: 1, Time: 115
Total Cost: 148.38
 11:90.24, 2:75 [3, -9, -3]
901:58.14, 2:10 [9, 12783, -9]
fe: 1, se: 1

Day: 1, Time: 120
Total Cost: 222.55
 11:136.01, 2:75 [1, -4, -1]
401:86.53, 2:10 [4, 15555, -4]
fe: 1, se: 1

Day: 1, Time: 120
Total Cost: 339.20
 11:94.59, 1:75 [3, -8, -3]
 12:94.59, 3:75 [3, -8, -3]
801:62.29, 1:10 [8, 16644, -8]
802:87.73, 3:10 [8, 11631, -8]
fe: 2, se: 2

Day: 1, Time: 125
Total Cost: 252.73
 11:153.31, 5:75 [1, -5, -1]
501:99.42, 5:10 [5, 16668, 14524, -5]
fe: 1, se: 1

Day: 1, Time: 125
Total Cost: 233.27
 11:66.27, 9:75 [2, -6, -2]
601:74.65, 6:10 [6, 15716, 9882, -6]
602:92.35, 3:10 [6, 11863, -6]
fe: 1, se: 2

Day: 1, Time: 130
Total Cost: 192.76
 11:153.31, 3:75 [1, -5, -1]
501:39.45, 3:10 [5, 15157, -5]
fe: 1, se: 1

Day: 1, Time: 135
Total Cost: 228.48
 11:94.59, 4:75 [3, -8, -3]
801:45.34, 2:10 [8, 14395, -8]
802:88.54, 2:10 [8, 16407, -8]
fe: 1, se: 2

Day: 1, Time: 145
Total Cost: 335.61
 11:66.27, 7:75 [2, -6, -2]
 12:66.27, 4:75 [2, -6, -2]
601:56.32, 4:10 [6, 9493, -6]
602:96.75, 4:10 [6, 14209, -6]
603:50.00, 3:10 [6, 11290, -6]
fe: 2, se: 3

Day: 1, Time: 145
Total Cost: 329.00
 11:90.24, 3:75 [3, -9, -3]
 12:90.24, 6:75 [3, -9, -3]
901:76.24, 3:10 [9, 9887, -9]
902:72.28, 6:10 [9, 10775, 10499, -9]
fe: 2, se: 2

Day: 1, Time: 155
Total Cost: 149.53
 11:66.27, 1:75 [2, -6, -2]
601:83.26, 1:10 [6, 13442, -6]
fe: 1, se: 1

Day: 1, Time: 160
Total Cost: 229.22
 11:66.27, 1:75 [2, -6, -2]
 12:66.27, 4:75 [2, -6, -2]
601:6.32, 1:10 [6, 14502, -6]
602:90.35, 4:10 [6, 16213, -6]
fe: 2, se: 2

Day: 1, Time: 165
Total Cost: 699.84
 11:136.01, 3:75 [1, -4, -1]
 12:136.01, 8:75 [1, -4, -1]
 13:153.31, 6:75 [1, -5, -1]
401:12.65, 3:10 [4, 15688, -4]
402:211.16, 8:10 [4, 13798, 12277, 9303, -4]
503:50.70, 6:10 [5, 14949, 16778, -5]
fe: 3, se: 3

Day: 1, Time: 165
Total Cost: 300.03
 11:94.59, 3:75 [3, -8, -3]
 12:90.24, 3:75 [3, -9, -3]
801:49.68, 3:10 [8, 11280, -8]
901:65.51, 3:10 [9, 15497, -9]
fe: 2, se: 2

Day: 1, Time: 170
Total Cost: 186.17
 11:136.01, 3:75 [1, -4, -1]
401:50.16, 3:10 [4, 9471, -4]
fe: 1, se: 1

Day: 1, Time: 175
Total Cost: 354.10
 11:66.27, 1:75 [2, -6, -2]
 12:66.27, 2:75 [2, -6, -2]
601:124.79, 1:10 [6, 10157, -6]
602:96.77, 2:10 [6, 16053, -6]
fe: 2, se: 2

Day: 1, Time: 180
Total Cost: 482.87
 11:94.59, 4:75 [3, -8, -3]
 12:94.59, 1:75 [3, -8, -3]
 13:94.59, 1:75 [3, -8, -3]
801:82.61, 4:10 [8, 15832, -8]
802:93.68, 1:10 [8, 13870, -8]
803:22.80, 1:10 [8, 13443, -8]
fe: 3, se: 3

Day: 1, Time: 275
Total Cost: 1039.05
 11:136.01, 25:75 [1, -4, -1]
 12:153.31, 36:75 [1, -5, -1]
401:90.95, 10:10 [4, 14559, 9344, 14100, -4]
403:71.37, 5:10 [4, 9841, 16993, -4]
404:154.28, 10:10 [4, 10021, 14073, 10959, 10369, -4]
501:114.34, 9:10 [5, 15663, 10315, 16785, -5]
502:176.00, 10:10 [5, 15210, 14818, 14555, 11907, -5]
503:92.72, 9:10 [5, 10446, 10411, 15329, -5]
504:50.06, 8:10 [5, 9490, 9427, -5]
fe: 2, se: 7

Day: 1, Time: 285
Total Cost: 323.09
 11:136.01, 7:75 [1, -4, -1]
402:187.08, 7:10 [4, 15812, 12819, 14699, -4]
fe: 1, se: 1

Day: 1, Time: 300
Total Cost: 855.55
 11:94.59, 28:75 [3, -8, -3]
 12:90.24, 33:75 [3, -9, -3]
801:108.23, 10:10 [8, 16467, 15150, 11068, 12445, -8]
802:98.86, 10:10 [8, 13720, 10488, 13889, 11338, -8]
803:93.99, 8:10 [8, 13732, 11602, 15070, -8]
901:86.51, 9:10 [9, 14326, 12996, 13471, 12757, -9]
902:86.21, 8:10 [9, 11943, 12308, 16772, 9173, -9]
903:78.48, 6:10 [9, 14805, 13435, 14835, 9540, -9]
904:118.42, 10:10 [9, 9193, 13929, 11651, -9]
fe: 2, se: 7

Day: 1, Time: 310
Total Cost: 760.31
 11:66.27, 35:75 [2, -6, -2]
 12:145.23, 16:75 [2, -7, -2]
601:112.21, 8:10 [6, 16126, 13451, 13282, -6]
602:110.75, 10:10 [6, 11634, 14267, 11108, -6]
603:163.41, 8:10 [6, 10659, 13637, 15772, 9153, 12544, -6]
605:74.11, 9:10 [6, 14858, 10373, 10205, 10556, -6]
701:63.95, 8:10 [7, 9416, 13113, 12214, 12322, -7]
702:24.39, 8:10 [7, 11527, 11635, -7]
fe: 2, se: 6

Day: 1, Time: 330
Total Cost: 1254.02
 11:136.01, 72:75 [1, 4, -4, -1]
401:164.67, 10:10 [4, 125, 5396, 16340, 333, 192, -4]
402:90.26, 8:10 [4, 51, 313, 15838, 13265, -4]
403:154.57, 10:10 [4, 90, 243, 63, 60, 15376, -4]
404:114.23, 10:10 [4, 112, 88, 211, 14789, -4]
405:127.80, 9:10 [4, 234, 311, 12561, 14202, 38, 10921, -4]
406:138.69, 8:10 [4, 12, 195, 3046, 14561, 11595, -4]
407:200.05, 10:10 [4, 342, 7790, 11294, 305, -4]
408:127.73, 10:10 [4, 256, 11667, 152, 15941, 336, 338, -4]
fe: 1, se: 8

Day: 1, Time: 360
Total Cost: 1070.56
 11:136.01, 23:75 [1, 4, -4, -1]
401:74.94, 5:10 [4, 129, 7954, 4753, 118, -4]
402:112.51, 7:10 [4, 14200, 13040, 16646, -4]
403:178.43, 2:10 [4, 3094, 16007, -4]
404:106.26, 10:10 [4, 332, 1127, 803, 2205, 12764, 101, -4]
405:151.39, 6:10 [4, 11066, 9868, -4]
406:151.25, 4:10 [4, 16042, 14790, 10919, -4]
407:159.76, 5:10 [4, 288, 12726, 1561, -4]
fe: 1, se: 7

Day: 1, Time: 360
Total Cost: 1207.91
 11:94.59, 37:75 [3, 8, -8, -3]
 12:90.24, 46:75 [3, 9, -9, -3]
801:119.98, 10:10 [8, 261, 275, 306, 12085, -8]
803:143.85, 9:10 [8, 119, 286, 184, 13697, 194, -8]
804:140.77, 10:10 [8, 173, 233, 11563, 16568, 15142, 5812, -8]
805:174.24, 10:10 [8, 201, 287, 12288, 247, 15755, 279, -8]
901:113.23, 10:10 [9, 95, 310, 163, 10547, 66, -9]
902:77.45, 10:10 [9, 167, 6920, 277, 131, -9]
903:98.57, 10:10 [9, 309, 283, 26, -9]
904:124.76, 10:10 [9, 32, 1839, 273, 18, 9596, 9534, 10801, -9]
905:30.21, 6:10 [9, 2600, 214, -9]
fe: 2, se: 9

Day: 1, Time: 365
Total Cost: 807.74
 11:66.27, 37:75 [2, 6, -6, -2]
601:57.40, 9:10 [6, 14927, 14373, 237, -6]
602:134.40, 10:10 [6, 315, 303, 186, 11741, 30, 2930, 15653, -6]
603:110.43, 8:10 [6, 14144, 14353, 77, 15466, -6]
604:146.67, 10:10 [6, 190, 335, 10807, 16035, 16317, 10466, 27, -6]
606:137.74, 5:10 [6, 14313, 98, 15646, -6]
608:154.83, 10:10 [6, 274, 13880, 126, 225, 15836, 8258, -6]
fe: 1, se: 6

Day: 1, Time: 380
Total Cost: 224.53
 11:66.27, 5:75 [2, -6, -2]
601:158.26, 5:10 [6, 12331, 15278, -6]
fe: 1, se: 1

Day: 1, Time: 400
Total Cost: 816.38
 11:136.01, 16:75 [1, -4, -1]
 12:153.31, 8:75 [1, -5, -1]
401:153.22, 3:10 [4, 12750, -4]
402:113.77, 4:10 [4, 10451, -4]
403:64.91, 5:10 [4, 12924, 15291, -4]
404:66.90, 4:10 [4, 15390, 11974, 9705, -4]
501:128.26, 8:10 [5, 15237, 15044, -5]
fe: 2, se: 5

Day: 1, Time: 405
Total Cost: 1507.43
 11:136.01, 62:75 [1, 4, -1]
 12:153.31, 54:75 [1, 5, -5, -1]
401:74.86, 7:10 [4, 49, 79, -4]
402:128.88, 10:10 [4, 213, 262, 197, 231, 181, -4]
403:103.17, 8:10 [4, 106, 4093, 83, 337, -4]
404:77.89, 9:10 [4, 339, 248, 156, -4]
405:85.41, 10:10 [4, 2590, 326, 19, -4]
406:137.78, 10:10 [4, 94, 178, 61, 301, -4]
407:70.06, 8:10 [4, 7717, 282, 170, -4]
501:56.65, 9:10 [5, 260, 155, 14, -5]
502:168.72, 9:10 [5, 1192, 159, 76, -5]
503:62.75, 7:10 [5, 153, 31, -5]
504:56.58, 10:10 [5, 136, 300, 68, -5]
505:74.02, 9:10 [5, 340, 145, 169, -5]
506:91.80, 7:10 [5, 239, 293, 154, 205, -5]
507:29.56, 4:10 [5, 2610, 15267, -5]
fe: 2, se: 14

Day: 1, Time: 405
Total Cost: 1913.93
 11:66.27, 72:75 [2, 6, -6, -2]
 12:66.27, 34:75 [2, 6, -2]
 13:145.23, 48:75 [2, 7, -7, -2]
601:70.54, 8:10 [6, 117, 252, 212, -6]
602:163.99, 9:10 [6, 59, 99, 249, 34, -6]
603:108.00, 10:10 [6, 259, 40, 17, 268, -6]
604:97.17, 8:10 [6, 331, 8020, 13314, 219, -6]
605:103.94, 10:10 [6, 115, 86, 16344, 191, 292, 232, -6]
606:119.90, 10:10 [6, 226, 1809, 238, 2085, 138, -6]
607:91.45, 9:10 [6, 179, 6114, 209, -6]
608:98.88, 8:10 [6, 289, 341, 5705, 6056, -6]
609:37.41, 8:10 [6, 162, 5271, -6]
610:155.36, 10:10 [6, 23, 147, 4300, -6]
611:71.59, 10:10 [6, 8388, 123, 124, -6]
612:63.29, 6:10 [6, 207, 323, -6]
701:80.62, 10:10 [7, 299, 269, 160, -7]
702:92.06, 10:10 [7, 12420, 344, 322, 246, -7]
703:122.42, 10:10 [7, 285, 632, 4820, 142, -7]
704:43.01, 5:10 [7, 5447, 196, -7]
705:65.84, 9:10 [7, 141, 52, 107, -7]
706:50.68, 6:10 [7, 111, 47, -7]
fe: 3, se: 18

Day: 1, Time: 405
Total Cost: 1482.28
 11:94.59, 73:75 [3, 8, -8, -3]
 12:90.24, 59:75 [3, 9, -9, -3]
801:105.78, 10:10 [8, 10370, 7784, 320, -8]
802:80.51, 10:10 [8, 13997, 264, 166, 15059, 244, 120, -8]
803:80.10, 9:10 [8, 7138, 4426, 11170, 3085, -8]
804:112.69, 10:10 [8, 2518, 74, 3589, 122, -8]
805:67.52, 10:10 [8, 240, 165, 317, 11258, 223, -8]
806:62.54, 9:10 [8, 304, 6194, 55, 16558, -8]
807:107.14, 10:10 [8, 6910, 37, 7026, 208, -8]
809:61.84, 9:10 [8, 263, 130, 308, -8]
901:111.28, 10:10 [9, 35, 13, 13621, 12650, 6865, 210, 139, -9]
902:106.73, 10:10 [9, 135, 325, 133, 6467, 4752, -9]
903:110.83, 10:10 [9, 217, 2146, 13581, 13266, 245, 110, -9]
904:109.23, 10:10 [9, 16, 314, 54, -9]
906:45.79, 10:10 [9, 85, 189, 164, 82, -9]
908:135.46, 10:10 [9, 9990, 321, 92, 330, 188, -9]
fe: 2, se: 14

Day: 1, Time: 415
Total Cost: 343.60
 11:113.51, 6:75 [3, -8, -9, -3]
801:126.07, 5:10 [8, 10401, 15858, -8]
901:104.02, 1:10 [9, 10697, -9]
fe: 1, se: 2

Day: 1, Time: 420
Total Cost: 214.30
 11:66.27, 9:75 [2, -6, -2]
601:57.72, 4:10 [6, 14472, -6]
602:90.30, 5:10 [6, 10124, 16473, 12917, -6]
fe: 1, se: 2

Day: 1, Time: 420
Total Cost: 223.51
 11:90.24, 2:75 [3, -9, -3]
901:99.04, 1:10 [9, 13854, -9]
902:34.23, 1:10 [9, 10122, -9]
fe: 1, se: 2

Day: 1, Time: 430
Total Cost: 209.95
 11:153.31, 3:75 [1, -5, -1]
501:56.64, 3:10 [5, 16574, -5]
fe: 1, se: 1

Day: 1, Time: 450
Total Cost: 268.45
 11:136.01, 2:75 [1, 4, -1]
401:132.44, 2:10 [4, 7363, -4]
fe: 1, se: 1

Day: 1, Time: 450
Total Cost: 653.79
 11:66.27, 41:75 [2, 6, -2]
601:145.68, 8:10 [6, 8081, 302, 781, -6]
602:22.80, 3:10 [6, 183, -6]
603:75.29, 1:10 [6, 45, -6]
604:109.52, 10:10 [6, 5834, 230, 41, 176, -6]
605:109.90, 5:10 [6, 57, 8088, -6]
606:58.97, 8:10 [6, 284, 7015, -6]
607:65.35, 6:10 [6, 307, 33, -6]
fe: 1, se: 7

Day: 1, Time: 450
Total Cost: 568.31
 11:113.51, 34:75 [3, 8, 9, -3]
801:103.93, 10:10 [8, 105, 113, 2706, 312, -8]
802:55.03, 3:10 [8, 48, 206, -8]
803:54.62, 9:10 [8, 73, 296, 89, -8]
804:119.81, 4:10 [8, 318, 203, -8]
901:53.85, 1:10 [9, 7978, -9]
902:67.55, 7:10 [9, 158, 114, 324, -9]
fe: 1, se: 6

Day: 1, Time: 460
Total Cost: 323.41
 11:66.27, 9:75 [2, 6, -2]
601:96.52, 4:10 [6, 104, -6]
602:46.00, 1:10 [6, 28, -6]
603:114.62, 4:10 [6, 227, 15, -6]
fe: 1, se: 3

Day: 1, Time: 460
Total Cost: 215.38
 12:90.24, 4:75 [3, 9, -3]
901:85.44, 1:10 [9, 109, -9]
902:39.70, 3:10 [9, 6998, -9]
fe: 1, se: 2

Day: 1, Time: 495
Total Cost: 240.15
 11:66.27, 5:75 [2, 6, -2]
601:98.49, 1:10 [6, 677, -6]
602:75.39, 4:10 [6, 7142, -6]
fe: 1, se: 2


Day	Area	ID	Time	Load	Utilization	NoOrders	AssignmentCost
1	1	 8	315	 75	1.00	26	825.00
1	1	27	315	 75	1.00	31	825.00
1	1	28	360	 75	1.00	30	825.00
1	1	119	400	 13	0.09	 6	410.00
1	1	15	630	 62	0.83	19	695.00
1	1	34	630	 29	0.39	 9	365.00
1	1	17	720	 56	0.93	23	762.00
1	1	19	810	 60	1.00	27	810.00
1	1	38	810	 60	1.00	22	810.00
1	2	63	225	 75	1.00	31	825.00
1	2	44	225	 58	0.77	16	655.00
1	2	45	270	 11	0.15	 5	185.00
1	2	145	300	  5	0.03	 4	250.00
1	2	46	315	 29	0.39	13	365.00
1	2	65	315	 73	0.97	29	805.00
1	2	66	360	  2	0.03	 1	95.00
1	2	51	540	  8	0.09	 2	124.00
1	2	72	630	 63	0.84	22	705.00
1	2	56	765	 57	0.95	15	774.00
1	2	76	810	 60	1.00	32	810.00
1	2	57	810	 60	1.00	31	810.00
1	3	101	225	 30	0.40	10	375.00
1	3	154	300	 28	0.19	18	710.00
1	3	84	315	 75	1.00	28	825.00
1	3	103	315	 75	1.00	26	825.00
1	3	105	405	  5	0.07	 2	125.00
1	3	91	630	 69	0.92	21	765.00
1	3	94	765	 44	0.73	12	618.00
1	3	114	810	 60	1.00	41	810.00
1	3	95	810	 60	1.00	23	810.00


Day	Area	Time	Pickup	Delivery	Direct	FEVehicles	SEVehicles	ALNSTime	ALNSBestTime	RoutingCostArea
1	1	0	105	85	0	6	43	220.02	177.79	4922.24
1	1	20	2	0	0	1	1	0.34	0.00	298.75
1	1	40	5	0	0	1	3	0.48	0.00	413.26
1	1	70	3	0	0	1	2	0.30	0.00	335.93
1	1	80	1	0	0	1	1	0.21	0.00	300.09
1	1	115	6	0	0	3	5	0.68	0.00	769.04
1	1	120	1	0	0	1	1	0.20	0.00	222.55
1	1	125	2	0	0	1	1	0.30	0.00	252.73
1	1	130	1	0	0	1	1	0.20	0.00	192.76
1	1	165	6	0	0	3	3	0.69	0.00	699.84
1	1	170	1	0	0	1	1	0.20	0.00	186.17
1	1	180	0	0	1	0	0	0.00	0.00	500.00
1	1	275	21	0	0	2	7	1.78	0.00	1039.05
1	1	285	3	0	0	1	1	0.43	0.00	323.09
1	1	330	13	26	0	1	8	6.03	4.33	1254.02
1	1	360	11	12	0	1	7	2.37	0.30	1070.56
1	1	400	9	0	0	2	5	0.88	0.00	816.38
1	1	405	1	43	0	2	14	4.33	0.29	1507.43
1	1	430	1	0	0	1	1	0.20	0.00	209.95
1	1	450	0	1	0	1	1	0.19	0.00	268.45
1	2	5	131	97	0	15	56	319.54	253.15	6700.42
1	2	30	5	0	0	2	2	0.43	0.00	378.25
1	2	50	2	0	0	1	1	0.29	0.00	180.87
1	2	60	1	0	0	1	1	0.20	0.00	144.37
1	2	65	1	0	0	1	1	0.23	0.00	199.69
1	2	70	0	0	1	0	0	0.00	0.00	500.00
1	2	85	2	0	0	1	1	0.29	0.00	178.25
1	2	125	3	0	0	1	2	0.33	0.00	233.27
1	2	145	3	0	0	2	3	0.42	0.00	335.61
1	2	155	1	0	0	1	1	0.20	0.00	149.53
1	2	160	2	0	0	2	2	0.31	0.00	229.22
1	2	165	0	0	1	0	0	0.00	0.00	500.00
1	2	175	2	0	1	2	2	0.30	0.00	854.10
1	2	310	21	0	0	2	6	1.63	0.00	760.31
1	2	365	15	15	0	1	6	2.83	0.31	807.74
1	2	380	2	0	0	1	1	0.26	0.00	224.53
1	2	405	3	58	0	3	18	12.90	9.72	1913.93
1	2	420	4	0	0	1	2	0.39	0.00	214.30
1	2	450	0	15	0	1	7	1.05	0.63	653.79
1	2	460	0	4	0	1	3	0.37	0.00	323.41
1	2	495	0	2	0	1	2	0.27	0.00	240.15
1	3	5	102	98	0	10	50	174.70	127.64	5668.24
1	3	55	6	0	0	2	3	0.69	0.00	460.18
1	3	65	1	0	0	1	1	0.20	0.00	192.22
1	3	95	4	0	0	2	3	0.53	0.00	459.50
1	3	105	1	0	0	1	1	0.21	0.00	167.45
1	3	110	1	0	0	1	1	0.20	0.00	173.48
1	3	115	1	0	0	1	1	0.21	0.00	148.38
1	3	120	2	0	0	2	2	0.33	0.00	339.20
1	3	135	2	0	0	1	2	0.32	0.00	228.48
1	3	145	3	0	0	2	2	0.34	0.00	329.00
1	3	165	2	0	0	2	2	0.36	0.00	300.03
1	3	180	3	0	0	3	3	0.47	0.00	482.87
1	3	300	26	0	0	2	7	2.12	0.00	855.55
1	3	360	11	31	0	2	9	8.93	4.85	1207.91
1	3	405	11	52	0	2	14	15.94	7.97	1482.28
1	3	415	3	0	0	1	2	0.29	0.00	343.60
1	3	420	2	0	0	1	2	0.27	0.00	223.51
1	3	450	0	15	0	1	6	0.85	0.00	568.31
1	3	460	0	2	0	1	2	0.27	0.00	215.38

Day	SL	Own	DispatchTimes	AssignmentCost	RoutingCost	TotalCost
1	27	3	41	18593.00	45149.65	63742.65

Total Cost: 63742.64502762912
Cost per Day: 63742.64502762912
Running time in Seconds: 1061.562
Running time in minutes: 17.6927