INSTANCE: 3hubs_A_12_x.csv
PARAMETER: tuning_standard.txt
POLICY: MIP
ALPHA: 0.174776391313598
BETA: 69
OMEGA: 586
EPSILON: 1.16584841641329

Day: 1, Time: 0
Total Cost: 5528.15
 11:153.31, 54:75 [1, 5, -5, -1]
 12:136.01, 74:75 [1, 4, -4, -1]
 13:136.01, 46:75 [1, 4, -4, -1]
 14:136.01, 65:75 [1, 4, -4, -1]
 15:153.31, 20:75 [1, 5, -5, -1]
 16:153.31, 74:75 [1, 5, -5, -1]
401:128.57, 10:10 [4, 8741, 8759, 8709, 8753, -4]
402:103.55, 10:10 [4, 8729, 8722, 8560, 8491, -4]
403:142.32, 9:10 [4, 8538, 8846, 8641, 8849, 8451, 8751, 8519, -4]
404:56.88, 10:10 [4, 8646, 8479, 8583, 8611, -4]
405:90.27, 10:10 [4, 8556, 9002, 8694, 8689, 8497, -4]
406:134.50, 5:10 [4, 8910, 8894, -4]
407:127.97, 7:10 [4, 8843, 8704, 8459, 8514, -4]
408:122.52, 10:10 [4, 8437, 8422, 8488, 8589, -4]
409:155.43, 10:10 [4, 8523, 8978, 8739, 8525, 8454, 9033, 8908, -4]
410:80.60, 10:10 [4, 14613, 8991, 9000, 8921, -4]
411:75.05, 10:10 [4, 8626, 8603, 8963, 8747, 8661, 8736, -4]
412:44.28, 8:10 [4, 8956, 8511, 8854, -4]
413:88.21, 10:10 [4, 8442, 8495, 8686, -4]
414:126.16, 10:10 [4, 8932, 8810, 8848, 8754, -4]
415:85.57, 10:10 [4, 8534, 9009, 8669, 8844, 8773, 8868, 8637, 8974, -4]
416:109.28, 10:10 [4, 8613, 8461, 8423, -4]
417:78.14, 10:10 [4, 8952, 8750, 8738, 8452, 8699, -4]
418:175.63, 9:10 [4, 8536, 8834, 8867, 8609, 8448, 8996, 8732, -4]
419:55.46, 6:10 [4, 8819, 8756, 8767, -4]
420:74.84, 8:10 [4, 8761, 8505, 8499, 8624, -4]
421:56.33, 9:10 [4, 8835, 8970, 8712, -4]
422:93.98, 10:10 [4, 8508, 8765, 8896, 8885, 8656, -4]
423:18.50, 8:10 [4, 8481, 8696, -4]
427:63.13, 10:10 [4, 8777, 8639, 8948, 8574, 8892, 8922, -4]
433:50.66, 6:10 [4, 8473, 8550, -4]
501:91.23, 10:10 [5, 8614, 8466, 8676, 8687, -5]
502:89.60, 10:10 [5, 8531, 8820, 8588, 8770, 8776, 8757, -5]
503:178.03, 10:10 [5, 8600, 8502, 8607, 8483, 8599, 8670, 9012, 8703, -5]
504:81.85, 10:10 [5, 8845, 8456, 8700, 8651, 8470, -5]
505:139.99, 9:10 [5, 8606, 8575, 8436, 8632, -5]
506:154.23, 9:10 [5, 8838, 8504, 8913, 8596, 8579, 8569, -5]
507:46.96, 8:10 [5, 8539, 8926, 8546, 8535, -5]
508:97.73, 10:10 [5, 8919, 8946, 8783, 8786, 8827, -5]
509:74.86, 10:10 [5, 8876, 8998, 8428, 8636, 8826, 8728, 8865, -5]
510:8.49, 3:10 [5, 8746, -5]
511:160.10, 5:10 [5, 8997, 8763, 8618, -5]
512:36.54, 8:10 [5, 8698, 8464, -5]
513:69.63, 10:10 [5, 8862, 8899, 8944, 8945, -5]
514:170.80, 8:10 [5, 8660, 8707, 8825, 8695, 8477, -5]
515:121.12, 10:10 [5, 8493, 8718, 8982, 8816, -5]
516:175.94, 10:10 [5, 8472, 8911, 8529, 8619, 8615, -5]
517:145.78, 5:10 [5, 8955, 8884, 8721, -5]
519:73.27, 9:10 [5, 8586, 8972, 8934, 8476, -5]
520:99.69, 10:10 [5, 8543, 8830, 8510, 8524, 8566, 8567, -5]
522:106.19, 10:10 [5, 8568, 8434, 8590, -5]
523:108.71, 10:10 [5, 8829, 8530, 8439, 8992, 8680, 8815, 8737, -5]
525:91.59, 9:10 [5, 8549, 8585, 8557, -5]
fe: 6, se: 47

Day: 1, Time: 5
Total Cost: 4973.69
 11:66.27, 75:75 [2, 6, -6, -2]
 12:66.27, 53:75 [2, 6, -6, -2]
 13:66.27, 35:75 [2, 6, -6, -2]
 14:66.27, 62:75 [2, 6, -6, -2]
 16:66.27, 19:75 [2, 6, -6, -2]
 17:145.23, 51:75 [2, 7, -7, -2]
 18:145.23, 53:75 [2, 7, -7, -2]
 19:66.27, 7:75 [2, 6, -2]
601:92.82, 9:10 [6, 8631, 8629, 8520, 8509, -6]
602:117.38, 9:10 [6, 9019, 8537, 8595, 8582, 8983, -6]
603:128.83, 10:10 [6, 8889, 8990, 9032, 8981, -6]
604:63.00, 10:10 [6, 8548, 8644, 8430, -6]
605:159.25, 10:10 [6, 8918, 9005, 8667, 8594, 8723, 9007, -6]
606:115.48, 9:10 [6, 8768, 8702, 8554, 8887, 8518, 8762, -6]
607:85.82, 8:10 [6, 8697, 8837, 9013, 8623, 8863, -6]
608:111.25, 9:10 [6, 8866, 8480, 8542, 8769, 8485, -6]
609:91.41, 9:10 [6, 8627, 8458, 8602, 8731, 8571, -6]
610:96.42, 10:10 [6, 8904, 9028, 8870, -6]
611:61.55, 8:10 [6, 8715, 8764, -6]
612:141.83, 10:10 [6, 8648, 8562, 8711, 8482, 8962, 8610, 9004, -6]
614:30.95, 7:10 [6, 8576, 8628, -6]
615:40.01, 9:10 [6, 8544, 8420, 8443, 8561, -6]
616:75.78, 10:10 [6, 8727, 8814, 8475, 9008, -6]
617:135.84, 10:10 [6, 8993, 8772, 8797, 8720, 8573, 8789, -6]
618:85.36, 10:10 [6, 8584, 8453, 8592, -6]
620:149.10, 9:10 [6, 8901, 8802, 9029, -6]
621:165.95, 10:10 [6, 8692, 8446, 8936, 8468, 8581, 8807, -6]
622:57.67, 10:10 [6, 9011, 8900, 8851, -6]
623:53.57, 8:10 [6, 8785, 8931, 8733, -6]
624:46.01, 6:10 [6, 9026, 8605, -6]
625:33.14, 5:10 [6, 8506, 8683, -6]
626:106.02, 10:10 [6, 8966, 8853, 8823, 8971, 8831, -6]
627:110.51, 10:10 [6, 8878, 8760, 8859, -6]
628:116.28, 10:10 [6, 8902, 8953, 8959, 8547, 8775, -6]
629:127.52, 10:10 [6, 8795, 8655, 8593, 9014, 8937, -6]
630:63.63, 6:10 [6, 8564, 9031, 8833, -6]
634:57.41, 7:10 [6, 8803, 8977, -6]
636:42.25, 9:10 [6, 8906, 8616, 8498, -6]
638:90.83, 10:10 [6, 8850, 8947, 8471, 8875, 8462, -6]
641:79.42, 10:10 [6, 8979, 8873, 8950, 8705, -6]
642:31.80, 10:10 [6, 8905, 8735, 9010, 9017, 8923, -6]
643:82.12, 10:10 [6, 8890, 8565, 8449, 8526, -6]
644:52.68, 6:10 [6, 8714, 8842, -6]
646:109.08, 10:10 [6, 8806, 8778, 8752, 8973, 8645, -6]
648:100.14, 7:10 [6, 8965, 8617, 8674, -6]
701:64.01, 9:10 [7, 8949, 8716, 8883, -7]
702:76.55, 10:10 [7, 8933, 9030, 9034, 8791, -7]
703:74.75, 10:10 [7, 8652, 9023, 8957, 8999, -7]
704:91.85, 10:10 [7, 8633, 8541, 8447, 8463, 8630, -7]
705:70.35, 9:10 [7, 8677, 9025, 8924, 8841, -7]
706:65.18, 9:10 [7, 9003, 8961, 8688, 8941, -7]
707:64.28, 10:10 [7, 8869, 8879, 8856, 8828, 8758, -7]
708:18.97, 4:10 [7, 8929, -7]
709:79.50, 10:10 [7, 8744, 8784, 8604, 9020, 8782, 8766, -7]
710:80.94, 10:10 [7, 8440, 8500, 8528, 8577, 8492, 8513, -7]
711:99.78, 8:10 [7, 8622, 8684, 8496, 8634, 8679, -7]
712:41.90, 9:10 [7, 8580, 8678, 8682, -7]
713:62.90, 10:10 [7, 8798, 8489, 8895, 8811, 8938, -7]
714:48.31, 10:10 [7, 8572, 8431, 8662, -7]
715:38.21, 3:10 [7, 8701, -7]
fe: 8, se: 52

Day: 1, Time: 5
Total Cost: 6366.44
 11:94.59, 61:75 [3, 8, -8, -3]
 12:94.59, 56:75 [3, -8, -3]
 13:90.24, 74:75 [3, 9, -9, -3]
 14:90.24, 39:75 [3, 9, -9, -3]
 15:90.24, 29:75 [3, 9, -9, -3]
 16:94.59, 71:75 [3, 8, -8, -3]
 17:90.24, 1:75 [3, -9, -3]
 18:90.24, 4:75 [3, -9, -3]
 19:90.24, 11:75 [3, -9, -3]
 24:94.59, 10:75 [3, -8, -3]
 35:94.59, 10:75 [3, 8, -3]
 43:90.24, 11:75 [3, -9, -3]
801:118.81, 1:10 [8, 8861, -8]
802:136.35, 9:10 [8, 8532, 8469, 8984, 8975, 8893, 8708, -8]
803:79.37, 7:10 [8, 8808, 8871, 8818, -8]
804:127.07, 9:10 [8, 8507, 8638, 8465, 8967, 9027, -8]
805:79.48, 8:10 [8, 8891, 8877, 8840, -8]
806:139.12, 9:10 [8, 8455, 8960, 8748, 8690, 8916, 8494, -8]
807:123.53, 10:10 [8, 8685, 9001, 8552, 8533, 8987, -8]
808:100.22, 10:10 [8, 8734, 8836, 8540, 8444, -8]
809:90.28, 10:10 [8, 8951, 8832, 9006, -8]
810:85.55, 8:10 [8, 8673, 8927, 8517, 8668, -8]
811:78.57, 8:10 [8, 8591, 8427, -8]
812:84.03, 6:10 [8, 8939, 8801, -8]
813:135.52, 10:10 [8, 8643, 8964, 8666, 8522, 8976, 8691, 8467, -8]
814:105.87, 10:10 [8, 8897, 8940, 8886, 8969, 8527, 8794, -8]
815:84.38, 9:10 [8, 8781, 8545, 8515, -8]
816:116.70, 10:10 [8, 8903, 8474, 8995, 8855, 8985, 8672, -8]
817:65.67, 9:10 [8, 8917, 8813, 8907, 8730, -8]
818:43.33, 9:10 [8, 8994, 8874, 9015, -8]
819:54.08, 8:10 [8, 8909, 8640, 8659, -8]
820:148.00, 10:10 [8, 8578, 8675, 8438, 8671, 8665, 8587, -8]
821:41.27, 10:10 [8, 8512, 8486, 8657, -8]
822:104.68, 10:10 [8, 8426, 8460, 8612, 8503, -8]
823:117.93, 10:10 [8, 8724, 8555, 8780, 8435, 8824, -8]
824:65.59, 10:10 [8, 8796, 8742, 8898, -8]
825:17.89, 4:10 [8, 8501, -8]
826:14.14, 3:10 [8, 8771, -8]
827:126.73, 10:10 [8, 8424, 8710, 8441, 8809, 8817, -8]
828:63.56, 7:10 [8, 8821, 9021, -8]
829:75.05, 9:10 [8, 8958, 8930, 8852, -8]
901:74.22, 6:10 [9, 8432, 8790, 8942, 8860, -9]
902:96.83, 4:10 [9, 8935, -9]
903:139.37, 9:10 [9, 8943, 8743, 8799, 9024, 8706, -9]
904:140.37, 10:10 [9, 8487, 8654, 8635, 8521, 8788, 8988, -9]
905:156.72, 10:10 [9, 8642, 8558, 8658, 8563, 8620, 8839, 8804, 8726, -9]
906:89.11, 4:10 [9, 8717, -9]
907:95.02, 4:10 [9, 8864, -9]
908:82.72, 10:10 [9, 8601, 8881, 8425, 8647, 8888, -9]
909:90.00, 2:10 [9, 9022, -9]
910:127.41, 10:10 [9, 9018, 8681, 8713, 8570, 8450, -9]
911:82.42, 10:10 [9, 8822, 8779, 8925, -9]
912:57.01, 8:10 [9, 8920, 8968, 8858, -9]
913:113.55, 9:10 [9, 8745, 8484, 8805, 8553, -9]
914:93.72, 1:10 [9, 8882, -9]
915:102.32, 10:10 [9, 8792, 8740, 8774, 8559, -9]
916:125.36, 1:10 [9, 8912, -9]
917:116.03, 10:10 [9, 8857, 8608, 8928, 8650, -9]
918:12.17, 4:10 [9, 8915, -9]
919:32.96, 8:10 [9, 8625, 8429, 8621, -9]
920:77.82, 8:10 [9, 8980, 8755, 8989, 8725, -9]
921:100.54, 10:10 [9, 8490, 8516, 8663, -9]
922:122.66, 9:10 [9, 8812, 8649, 8551, 8880, 8914, -9]
923:96.06, 10:10 [9, 8693, 8800, 8653, 8664, 8457, 8598, -9]
927:100.08, 10:10 [9, 8787, 8719, 8793, 8445, -9]
928:107.87, 1:10 [9, 8954, -9]
930:130.63, 10:10 [9, 8421, 8847, 8433, 8478, 8597, 8872, -9]
934:76.03, 7:10 [9, 8986, 9016, 8749, -9]
fe: 12, se: 56

Day: 1, Time: 35
Total Cost: 773.02
 11:90.24, 3:75 [3, -9, -3]
 12:94.59, 12:75 [3, -8, -3]
 14:90.24, 9:75 [3, -9, -3]
801:104.31, 4:10 [8, 11809, -8]
802:72.92, 8:10 [8, 16705, 11146, 9675, -8]
901:85.28, 3:10 [9, 16228, 11129, -9]
902:91.54, 3:10 [9, 15923, 10047, -9]
903:143.90, 6:10 [9, 11958, 15306, 15956, -9]
fe: 3, se: 5

Day: 1, Time: 45
Total Cost: 541.22
 11:66.27, 34:75 [2, -6, -2]
601:90.60, 7:10 [6, 9789, 13751, 14493, -6]
602:76.68, 8:10 [6, 12795, 15068, 11998, 14540, -6]
603:73.30, 5:10 [6, 11559, 16289, -6]
604:139.54, 8:10 [6, 14174, 15937, 12699, -6]
605:94.84, 6:10 [6, 10111, 10210, -6]
fe: 1, se: 5

Day: 1, Time: 50
Total Cost: 809.52
 11:136.01, 11:75 [1, -4, -1]
 12:136.01, 5:75 [1, -4, -1]
 13:153.31, 4:75 [1, -5, -1]
401:135.98, 6:10 [4, 12369, 10405, -4]
402:92.86, 5:10 [4, 12342, 16302, -4]
403:72.51, 5:10 [4, 13966, 15499, -4]
501:82.83, 4:10 [5, 14950, 9588, -5]
fe: 3, se: 4

Day: 1, Time: 50
Total Cost: 210.66
 11:90.24, 1:75 [3, -9, -3]
901:120.42, 1:10 [9, 13119, -9]
fe: 1, se: 1

Day: 1, Time: 55
Total Cost: 161.17
 11:94.59, 2:75 [3, -8, -3]
801:66.57, 2:10 [8, 16841, -8]
fe: 1, se: 1

Day: 1, Time: 60
Total Cost: 273.46
 11:94.59, 5:75 [3, -8, -3]
801:72.14, 1:10 [8, 15448, -8]
802:50.16, 3:10 [8, 10330, -8]
803:56.57, 1:10 [8, 10214, -8]
fe: 1, se: 3

Day: 1, Time: 70
Total Cost: 636.97
 11:136.01, 8:75 [1, -4, -1]
 12:136.01, 3:75 [1, -4, -1]
 13:153.31, 1:75 [1, -5, -1]
401:107.24, 8:10 [4, 15286, 9518, 13845, -4]
403:58.00, 3:10 [4, 12736, -4]
501:46.39, 1:10 [5, 14273, -5]
fe: 3, se: 3

Day: 1, Time: 75
Total Cost: 341.09
 11:66.27, 10:75 [2, -6, -2]
 12:66.27, 3:75 [2, -6, -2]
601:98.90, 10:10 [6, 10150, 15108, 12346, 10024, -6]
603:109.65, 3:10 [6, 14960, 15823, -6]
fe: 2, se: 2

Day: 1, Time: 80
Total Cost: 309.59
 11:94.59, 15:75 [3, -8, -3]
801:90.31, 7:10 [8, 9175, 10929, -8]
802:77.28, 4:10 [8, 16479, -8]
803:47.41, 4:10 [8, 16569, -8]
fe: 1, se: 3

Day: 1, Time: 85
Total Cost: 353.16
 11:66.27, 5:75 [2, -6, -2]
 12:66.27, 3:75 [2, -6, -2]
601:160.95, 5:10 [6, 13533, 9916, -6]
602:59.67, 3:10 [6, 9979, -6]
fe: 2, se: 2

Day: 1, Time: 90
Total Cost: 517.24
 11:136.01, 4:75 [1, -4, -1]
 12:153.31, 4:75 [1, -5, -1]
401:55.17, 4:10 [4, 12958, -4]
501:172.75, 4:10 [5, 9392, 11400, -5]
fe: 2, se: 2

Day: 1, Time: 95
Total Cost: 586.64
 11:66.27, 8:75 [2, -6, -2]
 12:66.27, 3:75 [2, -6, -2]
 13:66.27, 3:75 [2, -6, -2]
601:95.44, 5:10 [6, 10587, 14569, -6]
602:39.70, 3:10 [6, 10243, -6]
603:130.61, 3:10 [6, 12693, -6]
604:122.07, 3:10 [6, 16137, -6]
fe: 3, se: 4

Day: 1, Time: 105
Total Cost: 501.95
 11:90.24, 2:75 [3, -9, -3]
 12:94.59, 1:75 [3, -8, -3]
 13:94.59, 3:75 [3, -8, -3]
801:105.60, 3:10 [8, 11262, -8]
802:40.50, 1:10 [8, 10561, -8]
901:76.42, 2:10 [9, 15243, -9]
fe: 3, se: 3

Day: 1, Time: 110
Total Cost: 584.74
 11:136.01, 8:75 [1, -4, -1]
 12:136.01, 7:75 [1, -4, -1]
401:190.42, 8:10 [4, 16961, 14974, 10666, 11805, 15258, -4]
402:46.82, 3:10 [4, 16403, -4]
403:75.47, 4:10 [4, 9464, -4]
fe: 2, se: 3

Day: 1, Time: 120
Total Cost: 376.55
 11:136.01, 2:75 [1, -4, -1]
 12:153.31, 7:75 [1, -5, -1]
401:35.78, 2:10 [4, 12829, -4]
501:51.45, 7:10 [5, 16530, 12195, -5]
fe: 2, se: 2

Day: 1, Time: 125
Total Cost: 272.21
 11:94.59, 11:75 [3, -8, -3]
801:66.03, 3:10 [8, 9640, -8]
802:84.67, 7:10 [8, 10826, 13115, -8]
803:26.91, 1:10 [8, 12968, -8]
fe: 1, se: 3

Day: 1, Time: 130
Total Cost: 224.36
 11:66.27, 2:75 [2, -6, -2]
 12:66.27, 4:75 [2, -6, -2]
601:77.25, 2:10 [6, 9999, -6]
602:14.56, 4:10 [6, 10885, -6]
fe: 2, se: 2

Day: 1, Time: 135
Total Cost: 448.36
 11:136.01, 1:75 [1, -4, -1]
 12:153.31, 3:75 [1, -5, -1]
401:122.26, 1:10 [4, 11496, -4]
501:36.77, 3:10 [5, 10079, -5]
fe: 2, se: 2

Day: 1, Time: 135
Total Cost: 158.09
 12:90.24, 3:75 [3, -9, -3]
901:31.62, 1:10 [9, 15888, -9]
902:36.22, 2:10 [9, 13116, -9]
fe: 1, se: 2

Day: 1, Time: 140
Total Cost: 79.69
 11:66.27, 3:75 [2, -6, -2]
601:13.42, 3:10 [6, 15119, -6]
fe: 1, se: 1

Day: 1, Time: 140
Total Cost: 318.19
 11:94.59, 3:75 [3, -8, -3]
 12:90.24, 1:75 [3, -9, -3]
801:75.31, 3:10 [8, 12143, -8]
901:58.03, 1:10 [9, 13213, -9]
fe: 2, se: 2

Day: 1, Time: 145
Total Cost: 556.75
 11:136.01, 6:75 [1, -4, -1]
 12:136.01, 3:75 [1, -4, -1]
 13:136.01, 4:75 [1, -4, -1]
401:75.89, 6:10 [4, 11106, 17090, -4]
402:26.31, 3:10 [4, 16358, -4]
403:46.52, 4:10 [4, 11439, -4]
fe: 3, se: 3

Day: 1, Time: 145
Total Cost: 146.60
 11:90.24, 1:75 [3, -9, -3]
901:56.36, 1:10 [9, 16857, -9]
fe: 1, se: 1

Day: 1, Time: 150
Total Cost: 414.58
 11:90.24, 5:75 [3, -9, -3]
 12:90.24, 4:75 [3, -9, -3]
901:212.00, 5:10 [9, 16094, 11608, 15585, -9]
902:22.09, 4:10 [9, 13426, -9]
fe: 2, se: 2

Day: 1, Time: 155
Total Cost: 250.64
 11:66.27, 1:75 [2, -6, -2]
 12:66.27, 2:75 [2, -6, -2]
601:101.61, 1:10 [6, 16131, -6]
602:16.49, 2:10 [6, 11988, -6]
fe: 2, se: 2

Day: 1, Time: 155
Total Cost: 150.91
 11:94.59, 3:75 [3, -8, -3]
801:56.32, 3:10 [8, 15914, -8]
fe: 1, se: 1

Day: 1, Time: 160
Total Cost: 335.38
 11:136.01, 4:75 [1, -4, -1]
 12:136.01, 2:75 [1, -4, -1]
401:33.29, 4:10 [4, 13926, -4]
402:30.07, 2:10 [4, 11860, -4]
fe: 2, se: 2

Day: 1, Time: 165
Total Cost: 189.37
 11:153.31, 3:75 [1, -5, -1]
501:36.06, 3:10 [5, 14989, -5]
fe: 1, se: 1

Day: 1, Time: 165
Total Cost: 267.25
 11:94.59, 3:75 [3, -8, -3]
 12:90.24, 1:75 [3, -9, -3]
801:30.53, 3:10 [8, 16881, -8]
901:51.88, 1:10 [9, 14305, -9]
fe: 2, se: 2

Day: 1, Time: 175
Total Cost: 301.37
 11:136.01, 9:75 [1, -4, -1]
401:107.22, 7:10 [4, 9635, 10730, -4]
402:58.14, 2:10 [4, 16171, -4]
fe: 1, se: 2

Day: 1, Time: 180
Total Cost: 114.98
 11:66.27, 1:75 [2, -6, -2]
601:48.70, 1:10 [6, 11846, -6]
fe: 1, se: 1

Day: 1, Time: 270
Total Cost: 560.39
 11:66.27, 35:75 [2, -6, -2]
601:162.42, 10:10 [6, 15521, 14059, 14795, 12666, -6]
602:105.57, 8:10 [6, 12636, 10599, -6]
603:115.44, 10:10 [6, 10528, 17082, 14875, 14778, 15112, -6]
604:110.68, 7:10 [6, 9959, 16586, -6]
fe: 1, se: 4

Day: 1, Time: 280
Total Cost: 936.42
 11:136.01, 26:75 [1, -4, -1]
 12:153.31, 22:75 [1, -5, -1]
401:148.81, 10:10 [4, 16000, 12916, 13903, 15235, -4]
402:131.53, 8:10 [4, 12068, 9833, 12243, 9275, -4]
403:154.12, 8:10 [4, 16047, 15525, 9470, -4]
501:68.12, 8:10 [5, 16862, 9376, -5]
502:116.22, 10:10 [5, 10223, 15916, 12984, 10356, 9351, -5]
503:28.28, 4:10 [5, 16332, -5]
fe: 2, se: 6

Day: 1, Time: 295
Total Cost: 456.66
 11:66.27, 21:75 [2, -6, -2]
601:99.01, 5:10 [6, 13807, 9737, -6]
602:115.46, 8:10 [6, 13836, 11385, -6]
603:175.91, 8:10 [6, 13235, 13980, 10348, -6]
fe: 1, se: 3

Day: 1, Time: 300
Total Cost: 934.32
 11:94.59, 27:75 [3, -8, -3]
 12:90.24, 41:75 [3, -9, -3]
801:75.85, 9:10 [8, 10798, 16372, 16963, 13244, -8]
802:134.70, 10:10 [8, 10451, 9430, 12973, 13599, 16878, 9570, -8]
803:110.61, 8:10 [8, 14264, 10029, 10132, -8]
901:75.87, 8:10 [9, 14357, 14224, -9]
902:104.86, 10:10 [9, 16521, 9756, 13468, -9]
903:102.77, 10:10 [9, 13804, 11677, 16465, -9]
904:131.40, 10:10 [9, 13727, 16264, 15256, 11978, -9]
905:13.42, 3:10 [9, 10153, -9]
fe: 2, se: 8

Day: 1, Time: 310
Total Cost: 488.21
 11:153.31, 19:75 [1, -5, -1]
501:207.33, 10:10 [5, 12217, 13769, 12899, 12454, -5]
502:127.57, 9:10 [5, 10298, 12333, 16918, -5]
fe: 1, se: 2

Day: 1, Time: 315
Total Cost: 975.12
 11:179.78, 67:75 [1, 4, 5, -5, -1]
401:121.51, 10:10 [4, 299, 264, 118, 6758, 222, 235, -4]
402:56.33, 10:10 [4, 240, 123, 3119, -4]
403:187.05, 10:10 [4, 1640, 192, 170, 296, 100, -4]
501:79.53, 8:10 [5, 27, 132, 11897, -5]
502:87.86, 10:10 [5, 326, 249, 208, -5]
503:146.00, 10:10 [5, 8151, 111, 131, 40, -5]
504:117.06, 10:10 [5, 15563, 52, 150, 331, -5]
fe: 1, se: 7

Day: 1, Time: 355
Total Cost: 955.75
 11:66.27, 38:75 [2, 6, -6, -2]
 12:145.23, 24:75 [2, 7, -7, -2]
601:148.43, 10:10 [6, 181, 12422, 332, 162, 278, 13474, -6]
602:162.19, 10:10 [6, 13355, 89, 10273, 325, 985, 9189, 168, -6]
603:89.50, 9:10 [6, 174, 217, 184, -6]
604:121.82, 10:10 [6, 230, 227, 9870, 1524, 245, 65, -6]
701:80.64, 10:10 [7, 106, 268, 171, 187, 10519, -7]
702:87.68, 9:10 [7, 128, 35, 59, -7]
703:53.99, 5:10 [7, 8015, 290, 10197, -7]
fe: 2, se: 7

Day: 1, Time: 360
Total Cost: 1309.87
 11:136.01, 45:75 [1, 4, -4, -1]
 12:153.31, 36:75 [1, 5, -5, -1]
401:125.59, 10:10 [4, 183, 300, 6553, -4]
402:30.44, 7:10 [4, 5484, 215, 14942, 9971, -4]
403:144.45, 10:10 [4, 5803, 216, 12536, 116, 5615, 161, -4]
404:136.16, 10:10 [4, 291, 4278, 271, 26, -4]
405:141.55, 10:10 [4, 62, 211, 14792, 339, -4]
501:119.31, 10:10 [5, 8167, 214, 11, 4105, 12500, 3268, -5]
502:110.26, 10:10 [5, 321, 320, 283, 193, 250, -5]
503:102.27, 8:10 [5, 11511, 7247, 205, 327, 11525, 207, -5]
504:110.52, 9:10 [5, 338, 6418, 3308, 1334, 112, -5]
fe: 2, se: 9

Day: 1, Time: 360
Total Cost: 579.72
 11:66.27, 20:75 [2, 6, -6, -2]
601:178.85, 9:10 [6, 14839, 165, 16260, 213, 3669, 1871, 1357, -6]
602:174.18, 10:10 [6, 10170, 4429, 6260, 196, -6]
604:160.42, 7:10 [6, 7198, 4523, 7233, 4046, 898, -6]
fe: 1, se: 3

Day: 1, Time: 360
Total Cost: 1148.50
 11:94.59, 32:75 [3, 8, -8, -3]
 12:90.24, 48:75 [3, 9, -9, -3]
801:130.39, 8:10 [8, 1553, 9683, 233, 12943, 12110, 11937, 11814, -8]
802:84.12, 10:10 [8, 88, 3298, 210, -8]
804:142.55, 10:10 [8, 12408, 108, 30, 16177, 121, -8]
805:62.70, 6:10 [8, 251, 14459, 4009, 15091, -8]
901:87.29, 10:10 [9, 1289, 82, 12823, 289, 313, 259, 13659, -9]
902:119.07, 10:10 [9, 99, 6659, 1421, 6429, 9596, 260, -9]
903:36.00, 4:10 [9, 1520, -9]
904:98.31, 7:10 [9, 45, 2869, 1460, 15386, -9]
905:76.45, 8:10 [9, 5061, 248, 14142, 16770, 16897, -9]
908:126.79, 10:10 [9, 5583, 342, 15, 1099, 107, -9]
fe: 2, se: 10

Day: 1, Time: 400
Total Cost: 574.33
 11:136.01, 4:75 [1, -4, -1]
 12:153.31, 6:75 [1, -5, -1]
401:159.11, 4:10 [4, 13288, 13511, -4]
501:125.90, 6:10 [5, 14835, 10596, 11058, -5]
fe: 2, se: 2

Day: 1, Time: 400
Total Cost: 558.89
 11:151.76, 24:75 [2, -6, -7, -2]
601:126.21, 6:10 [6, 9524, 10485, 12281, -6]
602:130.79, 5:10 [6, 11480, 15124, -6]
603:54.10, 8:10 [6, 11454, 12382, -6]
701:96.02, 5:10 [7, 11552, 9630, -7]
fe: 1, se: 4

Day: 1, Time: 405
Total Cost: 1439.33
 11:136.01, 54:75 [1, 4, -4, -1]
 12:153.31, 51:75 [1, 5, -1]
401:89.15, 10:10 [4, 24, 14849, 267, 5879, -4]
402:146.26, 7:10 [4, 78, 315, 166, 81, -4]
403:57.90, 10:10 [4, 243, 169, 330, 257, -4]
404:57.54, 10:10 [4, 316, 54, 33, -4]
405:87.15, 10:10 [4, 3156, 344, 179, 90, -4]
406:95.78, 7:10 [4, 4426, 234, 305, 263, -4]
501:160.75, 10:10 [5, 74, 8191, 2572, -5]
502:106.06, 10:10 [5, 7599, 7447, 127, -5]
503:52.18, 6:10 [5, 119, 340, -5]
504:62.78, 6:10 [5, 25, 152, -5]
505:113.35, 10:10 [5, 101, 3453, 269, 34, -5]
509:121.10, 9:10 [5, 180, 228, 189, -5]
fe: 2, se: 12

Day: 1, Time: 405
Total Cost: 1352.06
 11:66.27, 67:75 [2, 6, -6, -2]
 12:66.27, 27:75 [2, 6, -2]
601:163.71, 9:10 [6, 295, 9711, 310, 284, -6]
602:105.33, 9:10 [6, 950, 154, 14717, 120, 4736, -6]
603:74.95, 9:10 [6, 319, 3679, 7713, 10785, -6]
604:146.15, 8:10 [6, 308, 280, 7224, -6]
606:107.06, 10:10 [6, 4268, 64, 231, 13944, 175, -6]
607:6.32, 4:10 [6, 242, -6]
608:132.60, 10:10 [6, 261, 12618, 229, 2239, -6]
610:81.27, 8:10 [6, 4425, 136, 7612, -6]
611:148.17, 10:10 [6, 203, 137, 38, 485, -6]
612:133.72, 10:10 [6, 7789, 204, 96, 5923, -6]
615:120.23, 9:10 [6, 69, 7879, 195, -6]
fe: 2, se: 11

Day: 1, Time: 405
Total Cost: 1335.07
 11:90.24, 42:75 [3, 9, -9, -3]
 14:94.59, 50:75 [3, 8, -8, -3]
801:77.90, 10:10 [8, 113, 212, 75, 16232, -8]
802:105.10, 10:10 [8, 14184, 145, 15325, 3652, 158, -8]
803:95.18, 9:10 [8, 178, 188, 2749, -8]
804:147.53, 10:10 [8, 16681, 138, 186, 133, 163, -8]
805:92.40, 10:10 [8, 153, 3170, 94, 11190, 12051, 124, -8]
806:16.12, 3:10 [8, 13302, -8]
807:118.43, 5:10 [8, 220, 12, -8]
901:52.00, 10:10 [9, 10514, 317, 1897, 287, -9]
902:119.17, 10:10 [9, 774, 14, 276, 301, -9]
903:118.57, 10:10 [9, 92, 1309, 333, 19, -9]
904:91.25, 9:10 [9, 206, 22, 51, -9]
908:116.60, 5:10 [9, 4139, 12857, 83, 160, 93, -9]
fe: 2, se: 12

Day: 1, Time: 415
Total Cost: 174.93
 11:66.27, 7:75 [2, -6, -2]
601:108.66, 7:10 [6, 10854, 15338, -6]
fe: 1, se: 1

Day: 1, Time: 420
Total Cost: 334.39
 11:179.78, 7:75 [1, -4, -5, -1]
401:64.77, 6:10 [4, 14202, 12057, -4]
501:89.84, 1:10 [5, 11748, -5]
fe: 1, se: 2

Day: 1, Time: 425
Total Cost: 250.05
 11:113.51, 5:75 [3, -8, -9, -3]
801:68.60, 4:10 [8, 16407, 13290, -8]
901:67.94, 1:10 [9, 15526, -9]
fe: 1, se: 2

Day: 1, Time: 450
Total Cost: 554.04
 11:179.78, 14:75 [1, 4, 5, -1]
401:57.27, 2:10 [4, 84, -4]
402:127.12, 3:10 [4, 50, -4]
403:81.41, 4:10 [4, 225, -4]
404:93.23, 3:10 [4, 55, -4]
501:15.23, 2:10 [5, 109, -5]
fe: 1, se: 5

Day: 1, Time: 450
Total Cost: 411.16
 11:66.27, 12:75 [2, 6, -2]
601:102.55, 7:10 [6, 103, 253, -6]
602:112.12, 3:10 [6, 334, 102, -6]
603:62.23, 1:10 [6, 53, -6]
604:68.00, 1:10 [6, 29, -6]
fe: 1, se: 4

Day: 1, Time: 450
Total Cost: 137.86
 11:94.59, 3:75 [3, 8, -3]
801:43.27, 3:10 [8, 4843, -8]
fe: 1, se: 1

Day: 1, Time: 460
Total Cost: 676.91
 11:66.27, 31:75 [2, 6, -2]
601:97.91, 6:10 [6, 46, 67, 86, -6]
602:45.55, 2:10 [6, 31, 177, -6]
603:62.61, 4:10 [6, 273, -6]
605:26.08, 3:10 [6, 6299, -6]
606:138.29, 6:10 [6, 135, 130, 258, -6]
607:59.67, 2:10 [6, 7481, -6]
608:49.40, 1:10 [6, 49, -6]
610:131.13, 7:10 [6, 126, 17, 57, -6]
fe: 1, se: 8

Day: 1, Time: 460
Total Cost: 563.01
 11:94.59, 7:75 [3, 8, -3]
 12:90.24, 7:75 [3, 9, -3]
801:107.80, 2:10 [8, 209, 2806, -8]
802:77.05, 5:10 [8, 202, 194, -8]
901:122.87, 6:10 [9, 265, 87, -9]
902:70.46, 1:10 [9, 73, -9]
fe: 2, se: 4

Day: 1, Time: 495
Total Cost: 525.92
 11:66.27, 32:75 [2, 6, -2]
601:102.96, 6:10 [6, 232, 255, -6]
602:42.40, 8:10 [6, 2416, 292, -6]
603:96.82, 7:10 [6, 80, 2040, -6]
604:76.16, 3:10 [6, 139, -6]
605:59.09, 4:10 [6, 60, -6]
606:82.22, 4:10 [6, 945, -6]
fe: 1, se: 6

Day: 1, Time: 495
Total Cost: 506.08
 11:94.59, 12:75 [3, 8, -3]
 12:90.24, 9:75 [3, 9, -3]
801:81.22, 4:10 [8, 172, -8]
802:52.15, 3:10 [8, 307, -8]
803:39.85, 3:10 [8, 288, -8]
804:77.28, 2:10 [8, 8400, -8]
901:23.32, 3:10 [9, 702, -9]
902:47.42, 6:10 [9, 28, 144, -9]
fe: 2, se: 6


Day	Area	ID	Time	Load	Utilization	NoOrders	AssignmentCost
1	1	 7	270	 11	0.15	 6	185.00
1	1	 8	315	 75	1.00	26	825.00
1	1	27	315	 34	0.45	18	415.00
1	1	128	400	 45	0.30	22	1050.00
1	1	29	405	 53	0.71	16	605.00
1	1	15	630	 75	1.00	26	825.00
1	1	36	720	 31	0.52	11	462.00
1	1	38	810	 60	1.00	30	810.00
1	1	19	810	 60	1.00	30	810.00
1	2	45	270	 74	0.99	20	815.00
1	2	64	270	 75	1.00	38	825.00
1	2	46	315	 74	0.99	27	815.00
1	2	65	315	 37	0.49	18	445.00
1	2	66	360	  3	0.04	 1	105.00
1	2	71	585	 14	0.19	 4	215.00
1	2	72	630	 75	1.00	23	825.00
1	2	56	765	 58	0.97	16	786.00
1	2	76	810	 60	1.00	23	810.00
1	2	57	810	 60	1.00	31	810.00
1	3	101	225	 72	0.96	23	795.00
1	3	82	225	 57	0.76	28	645.00
1	3	163	300	 21	0.14	16	570.00
1	3	84	315	 71	0.95	22	785.00
1	3	85	360	 26	0.35	11	335.00
1	3	91	630	 59	0.79	17	665.00
1	3	110	630	 41	0.55	12	485.00
1	3	113	765	 53	0.88	15	726.00
1	3	95	810	 60	1.00	35	810.00
1	3	114	810	 60	1.00	29	810.00


Day	Area	Time	Pickup	Delivery	Direct	FEVehicles	SEVehicles	ALNSTime	ALNSBestTime	RoutingCostArea
1	1	0	101	107	0	6	47	290.76	141.64	5528.15
1	1	50	8	0	0	3	4	0.92	0.00	809.52
1	1	70	5	0	0	3	3	0.60	0.00	636.97
1	1	90	3	0	0	2	2	0.46	0.00	517.24
1	1	110	7	0	0	2	3	0.65	0.00	584.74
1	1	120	3	0	0	2	2	0.41	0.00	376.55
1	1	135	2	0	0	2	2	0.32	0.00	448.36
1	1	145	4	0	0	3	3	0.56	0.00	556.75
1	1	160	2	0	1	2	2	0.31	0.00	835.38
1	1	165	1	0	0	1	1	0.19	0.00	189.37
1	1	175	3	0	0	1	2	0.37	0.00	301.37
1	1	180	0	0	1	0	0	0.00	0.00	500.00
1	1	280	19	0	0	2	6	1.46	0.05	936.42
1	1	310	7	0	0	1	2	0.70	0.00	488.21
1	1	315	2	26	0	1	7	5.01	2.82	975.12
1	1	360	7	36	0	2	9	8.46	6.52	1309.87
1	1	400	5	0	0	2	2	0.61	0.00	574.33
1	1	405	1	39	0	2	12	4.95	1.52	1439.33
1	1	420	3	0	0	1	2	0.41	0.00	334.39
1	1	450	0	5	0	1	5	0.55	0.00	554.04
1	2	5	120	86	0	8	52	141.80	94.23	4973.69
1	2	45	14	0	0	1	5	1.25	0.11	541.22
1	2	75	6	0	0	2	2	0.46	0.00	341.09
1	2	85	3	0	0	2	2	0.33	0.00	353.16
1	2	95	5	0	0	3	4	0.55	0.00	586.64
1	2	130	2	0	0	2	2	0.31	0.00	224.36
1	2	140	1	0	0	1	1	0.19	0.00	79.69
1	2	155	2	0	0	2	2	0.30	0.00	250.64
1	2	180	1	0	0	1	1	0.20	0.00	114.98
1	2	270	13	0	0	1	4	0.91	0.00	560.39
1	2	295	7	0	0	1	3	0.51	0.00	456.66
1	2	355	8	25	0	2	7	3.03	1.76	955.75
1	2	360	3	13	0	1	3	1.14	0.00	579.72
1	2	400	9	0	0	1	4	0.84	0.00	558.89
1	2	405	5	35	0	2	11	3.37	0.00	1352.06
1	2	415	2	0	0	1	1	0.27	0.00	174.93
1	2	450	0	6	0	1	4	0.36	0.00	411.16
1	2	460	0	15	0	1	8	0.91	0.00	676.91
1	2	495	0	9	0	1	6	0.66	0.00	525.92
1	3	5	115	87	0	12	56	237.83	188.42	6366.44
1	3	35	11	0	0	3	5	1.23	0.00	773.02
1	3	50	1	0	0	1	1	0.21	0.00	210.66
1	3	55	1	0	0	1	1	0.20	0.00	161.17
1	3	60	3	0	0	1	3	0.34	0.00	273.46
1	3	80	4	0	0	1	3	0.39	0.00	309.59
1	3	105	3	0	0	3	3	0.47	0.00	501.95
1	3	125	4	0	0	1	3	0.72	0.02	272.21
1	3	135	2	0	0	1	2	0.29	0.00	158.09
1	3	140	2	0	0	2	2	0.31	0.00	318.19
1	3	145	1	0	0	1	1	0.22	0.00	146.60
1	3	150	4	0	0	2	2	0.56	0.00	414.58
1	3	155	1	0	0	1	1	0.20	0.00	150.91
1	3	165	2	0	0	2	2	0.31	0.00	267.25
1	3	300	26	0	0	2	8	1.96	0.00	934.32
1	3	360	16	31	0	2	10	4.82	0.00	1148.50
1	3	405	9	37	0	2	12	12.11	6.65	1335.07
1	3	425	3	0	0	1	2	0.32	0.00	250.05
1	3	450	0	1	0	1	1	0.20	0.00	137.86
1	3	460	0	7	0	2	4	0.49	0.00	563.01
1	3	495	0	7	0	2	6	0.51	0.03	506.08

Day	SL	Own	DispatchTimes	AssignmentCost	RoutingCost	TotalCost
1	27	2	39	19064.00	46812.98	65876.98

Total Cost: 65876.97752603181
Cost per Day: 65876.97752603181
Running time in Seconds: 1070.965
Running time in minutes: 17.849416666666666