INSTANCE: 3hubs_MSD_A_50_x.csv
PARAMETER: ldp_standard.txt
POLICY: LATEST DEPARTURE
ALPHA: 0.0
BETA: 45
OMEGA: 586
EPSILON: 1.0

Day: 1, Time: 0
Total Cost: 5874.74
 11:136.01, 61:75 [1, 4, -4, -1]
 12:136.01, 75:75 [1, 4, -4, -1]
 13:136.01, 39:75 [1, -4, -1]
 14:153.31, 72:75 [1, 5, -5, -1]
 15:153.31, 68:75 [1, 5, -5, -1]
 16:153.31, 22:75 [1, 5, -5, -1]
 17:153.31, 11:75 [1, -5, -1]
401:159.20, 9:10 [4, 8709, 8703, 8916, -4]
402:118.17, 9:10 [4, 8727, 8765, 8733, 8860, -4]
403:43.09, 8:10 [4, 8610, 8534, -4]
404:109.85, 10:10 [4, 8741, 8739, 8834, 9005, -4]
405:148.91, 10:10 [4, 8550, 8557, 8659, -4]
406:143.39, 4:10 [4, 8953, -4]
407:72.34, 9:10 [4, 8697, 8693, 8654, -4]
408:151.71, 10:10 [4, 8587, 8665, 8549, -4]
409:88.26, 9:10 [4, 9002, 8769, 8871, 8734, -4]
410:114.38, 10:10 [4, 8897, 8891, 8791, 8963, -4]
411:133.26, 5:10 [4, 8865, 8768, 8822, -4]
413:131.64, 8:10 [4, 8747, 8694, 8780, -4]
414:32.31, 10:10 [4, 8958, 8876, 8800, -4]
416:82.72, 10:10 [4, 8531, 8537, 8695, 8658, -4]
417:53.91, 10:10 [4, 8775, 8880, 8839, -4]
418:126.79, 10:10 [4, 8633, 8602, 8540, 8591, -4]
419:125.71, 10:10 [4, 8740, 8948, 8838, 8955, -4]
420:129.25, 10:10 [4, 8686, 8603, 8528, 8575, -4]
421:100.26, 9:10 [4, 8813, 8701, 8878, 8912, -4]
422:72.25, 10:10 [4, 8870, 8900, 8917, 8944, -4]
424:64.18, 10:10 [4, 8797, 8802, 8968, -4]
426:111.59, 10:10 [4, 8928, 8786, 8926, 8857, 8795, -4]
427:120.66, 9:10 [4, 8668, 8687, 8551, 8627, -4]
428:138.60, 7:10 [4, 8903, 8836, 8569, 8777, -4]
430:161.52, 10:10 [4, 8711, 8983, 8773, 8854, 8921, -4]
501:47.56, 8:10 [5, 8700, 8809, 8949, -5]
502:61.84, 8:10 [5, 8579, 8586, -5]
503:58.51, 10:10 [5, 8751, 8873, 8896, 8840, 8874, -5]
504:76.37, 8:10 [5, 8712, 8914, 8705, 8969, -5]
505:112.36, 6:10 [5, 8831, 8924, 8752, -5]
506:91.17, 10:10 [5, 8653, 8536, 8583, 8580, -5]
507:195.60, 10:10 [5, 8568, 8606, 8529, 8640, 8867, -5]
508:62.76, 5:10 [5, 8901, 8883, 8844, -5]
509:115.35, 10:10 [5, 8725, 8904, 8875, -5]
510:123.28, 10:10 [5, 8666, 8910, 8609, 8637, 8608, -5]
511:115.32, 9:10 [5, 8991, 9006, 8946, -5]
512:84.75, 8:10 [5, 8527, 8521, 8593, -5]
513:101.28, 8:10 [5, 8908, 8721, 8814, 8852, -5]
514:110.62, 7:10 [5, 8905, 8555, 8938, 8824, -5]
515:102.72, 8:10 [5, 8863, 8941, 9001, 8716, 8708, -5]
516:53.59, 8:10 [5, 8681, 8617, -5]
517:91.26, 8:10 [5, 8565, 8570, 8675, -5]
518:150.37, 3:10 [5, 8793, -5]
519:126.02, 2:10 [5, 8731, -5]
520:76.21, 10:10 [5, 8520, 8578, 8559, -5]
521:80.71, 9:10 [5, 8943, 8535, 8884, 9003, 8909, -5]
522:38.33, 5:10 [5, 8663, 8584, -5]
523:43.51, 8:10 [5, 8811, 8971, -5]
fe: 7, se: 48

Day: 1, Time: 20
Total Cost: 4634.43
 11:94.59, 62:75 [3, 8, -8, -3]
 12:94.59, 56:75 [3, 8, -8, -3]
 13:113.51, 64:75 [3, 9, 8, -8, -3]
 14:90.24, 71:75 [3, 9, -9, -3]
 15:90.24, 39:75 [3, -9, -3]
 17:94.59, 18:75 [3, 8, -8, -3]
 18:90.24, 54:75 [3, 9, -9, -3]
801:17.73, 8:10 [8, 8882, 8832, -8]
802:109.79, 9:10 [8, 8673, 8689, 8684, 8647, -8]
803:86.68, 10:10 [8, 8632, 8597, 8674, -8]
804:121.75, 10:10 [8, 8785, 8988, 8783, 8779, -8]
805:92.77, 10:10 [8, 8744, 8742, 8806, 8735, -8]
806:81.56, 7:10 [8, 8993, 8815, 8957, -8]
807:10.00, 4:10 [8, 8856, -8]
808:112.76, 10:10 [8, 8801, 8981, 8931, 8819, -8]
809:132.66, 9:10 [8, 8688, 8691, 8525, 8669, 8612, -8]
810:77.32, 10:10 [8, 8625, 8646, 8533, 8614, -8]
811:135.80, 10:10 [8, 8771, 8706, 8582, 8960, 8849, 8615, -8]
812:93.20, 10:10 [8, 8816, 8789, 8720, -8]
813:151.23, 10:10 [8, 8572, 8648, 8600, 8996, 8662, 8639, -8]
814:111.70, 10:10 [8, 8835, 8635, 8866, 8848, 8987, -8]
815:52.48, 10:10 [8, 8624, 8799, 8645, 8547, -8]
817:4.47, 3:10 [8, 8616, -8]
818:46.49, 8:10 [8, 12015, 11721, -8]
819:89.37, 10:10 [8, 8869, 8923, 8892, 8585, 8833, 8907, 8920, -8]
820:82.55, 8:10 [8, 8743, 8718, 8939, 8973, 8803, -8]
821:48.71, 8:10 [8, 8808, 8922, 8759, -8]
822:88.14, 7:10 [8, 8978, 8745, 8558, -8]
823:90.13, 10:10 [8, 8934, 8714, 8933, -8]
825:100.25, 10:10 [8, 8676, 8990, 8664, 8972, 8590, 8980, -8]
827:85.25, 9:10 [8, 8622, 8643, 8671, 8636, -8]
901:89.36, 9:10 [9, 8543, 8692, 8660, -9]
902:106.53, 10:10 [9, 8526, 8790, 8818, 8766, -9]
903:120.44, 10:10 [9, 8679, 8563, 8685, 8544, 8682, -9]
904:118.67, 10:10 [9, 8680, 8595, 8545, 8642, 8561, -9]
905:75.53, 10:10 [9, 8553, 8546, 8594, 8661, -9]
906:124.81, 8:10 [9, 8998, 8753, 8911, 8984, 15832, -9]
907:50.16, 4:10 [9, 8655, 8598, -9]
908:91.46, 10:10 [9, 8678, 8699, 8605, 8651, -9]
909:79.04, 10:10 [9, 8522, 8965, 8541, 8588, 8690, -9]
910:49.24, 9:10 [9, 8737, 8889, 8929, 8956, -9]
911:50.36, 10:10 [9, 8628, 8683, 8566, -9]
912:85.64, 9:10 [9, 11003, 8719, 8925, -9]
913:127.75, 10:10 [9, 8670, 8672, 8592, 8548, -9]
914:54.04, 5:10 [9, 8641, 8560, -9]
915:100.11, 9:10 [9, 8767, 8877, 8919, 8772, 9917, -9]
916:64.21, 10:10 [9, 8805, 8796, 8792, 8794, 8842, -9]
917:45.63, 8:10 [9, 9004, 8937, 8761, -9]
918:77.68, 8:10 [9, 8778, 8895, 8817, 9008, -9]
919:35.61, 4:10 [9, 8954, -9]
920:118.41, 8:10 [9, 8885, 8970, 8979, 8787, 8959, -9]
921:132.29, 10:10 [9, 8788, 8997, 8748, 8986, -9]
922:82.99, 8:10 [9, 8982, 9397, 8898, -9]
923:63.64, 9:10 [9, 8829, 13503, 8936, -9]
fe: 7, se: 47

Day: 1, Time: 30
Total Cost: 4648.19
 11:66.27, 75:75 [2, 6, -6, -2]
 12:66.27, 36:75 [2, 6, -6, -2]
 13:66.27, 57:75 [2, 6, -6, -2]
 14:66.27, 67:75 [2, -6, -2]
 15:66.27, 20:75 [2, -6, -2]
 16:145.23, 46:75 [2, 7, -7, -2]
601:125.51, 10:10 [6, 8611, 8601, 8618, 8619, -6]
602:127.71, 10:10 [6, 9009, 9007, 8649, 8841, 8634, -6]
603:38.69, 9:10 [6, 8677, 8650, 8696, -6]
604:76.38, 10:10 [6, 8861, 8995, 8951, 8999, -6]
605:79.92, 10:10 [6, 8930, 8932, 8851, 8887, -6]
606:115.26, 9:10 [6, 8820, 14542, 8667, 8837, -6]
607:122.78, 10:10 [6, 8542, 8530, 8638, 8567, 8532, -6]
608:84.85, 10:10 [6, 8992, 8994, 8807, 8702, -6]
609:158.22, 10:10 [6, 8736, 8976, 8810, -6]
610:105.77, 10:10 [6, 8888, 8823, 8758, -6]
611:54.15, 10:10 [6, 8754, 8728, 8710, 17082, 8864, -6]
612:141.49, 8:10 [6, 8894, 8845, -6]
613:124.26, 10:10 [6, 8935, 8746, 8962, 8913, 8581, -6]
614:107.18, 10:10 [6, 8961, 8607, 12777, 8872, -6]
615:88.38, 10:10 [6, 8599, 8564, 8538, 8657, -6]
616:129.53, 10:10 [6, 8589, 8623, 8644, -6]
617:138.77, 10:10 [6, 8843, 8757, 9612, 8940, 8715, -6]
618:66.73, 10:10 [6, 8717, 8776, 8577, 8574, -6]
619:67.43, 10:10 [6, 8620, 8630, 8523, -6]
620:33.43, 5:10 [6, 8952, 8830, -6]
621:59.83, 10:10 [6, 8749, 8729, 8576, 8827, 8730, -6]
624:73.00, 9:10 [6, 16107, 8763, 8975, -6]
625:103.47, 9:10 [6, 8539, 8652, 8562, -6]
627:92.02, 8:10 [6, 8886, 8738, 8899, -6]
630:115.54, 10:10 [6, 8855, 8723, 8967, 8881, -6]
631:95.59, 10:10 [6, 8798, 8868, 8756, 8850, 8964, 8784, 8724, -6]
633:164.67, 10:10 [6, 8556, 8573, 8629, 8613, 8552, 8626, -6]
634:112.26, 10:10 [6, 8781, 8726, 8947, 8826, -6]
637:93.93, 10:10 [6, 8906, 13286, 8812, -6]
638:115.28, 10:10 [6, 8989, 8750, 8825, -6]
639:58.05, 9:10 [6, 8770, 8707, 8732, 8915, -6]
640:50.46, 6:10 [6, 8631, 8554, -6]
641:88.58, 10:10 [6, 8927, 8704, 8985, -6]
642:62.36, 10:10 [6, 8859, 8774, 14711, -6]
644:124.28, 10:10 [6, 8804, 8853, 8879, 8764, -6]
645:121.62, 10:10 [6, 8945, 8974, 8846, -6]
646:139.42, 10:10 [6, 9000, 8977, 8890, 8755, 8760, -6]
701:86.87, 10:10 [7, 8698, 8621, 8571, -7]
702:50.79, 10:10 [7, 8902, 8942, 12839, -7]
703:79.01, 8:10 [7, 8604, 16623, 8893, 8821, 8656, -7]
704:70.11, 7:10 [7, 8847, 8782, 8918, -7]
705:65.70, 10:10 [7, 8828, 8950, 8966, -7]
706:54.59, 7:10 [7, 8596, 8524, -7]
707:62.77, 7:10 [7, 8762, 8713, 8858, -7]
708:44.95, 8:10 [7, 8722, 8862, -7]
fe: 6, se: 45

Day: 1, Time: 65
Total Cost: 1087.80
 11:94.59, 34:75 [3, -8, -3]
 12:90.24, 13:75 [3, -9, -3]
801:138.25, 8:10 [8, 17144, 16607, 15230, -8]
802:107.86, 6:10 [8, 14768, 11267, 16380, -8]
803:120.73, 9:10 [8, 16972, 16475, 14088, -8]
804:99.08, 4:10 [8, 14883, 9636, -8]
805:133.31, 7:10 [8, 14562, 12564, 14595, -8]
901:100.99, 8:10 [9, 12443, 16025, 12722, -9]
902:101.54, 4:10 [9, 12431, 13021, -9]
903:101.21, 1:10 [9, 10324, -9]
fe: 2, se: 8

Day: 1, Time: 75
Total Cost: 395.29
 11:66.27, 17:75 [2, -6, -2]
601:117.39, 5:10 [6, 15243, 15819, -6]
602:150.74, 6:10 [6, 12742, 17195, -6]
604:60.88, 6:10 [6, 13777, 13820, 14941, -6]
fe: 1, se: 3

Day: 1, Time: 85
Total Cost: 427.67
 11:136.01, 10:75 [1, -4, -1]
 12:153.31, 3:75 [1, -5, -1]
402:66.04, 10:10 [4, 15981, 13397, 11196, 9868, -4]
501:72.31, 3:10 [5, 10857, 11286, -5]
fe: 2, se: 2

Day: 1, Time: 95
Total Cost: 200.92
 11:90.24, 8:75 [3, -9, -3]
901:110.67, 8:10 [9, 13413, 15557, -9]
fe: 1, se: 1

Day: 1, Time: 100
Total Cost: 797.70
 11:136.01, 3:75 [1, -4, -1]
 12:153.31, 5:75 [1, -5, -1]
 13:153.31, 1:75 [1, -5, -1]
401:155.24, 3:10 [4, 16761, -4]
501:137.53, 5:10 [5, 13341, 12714, -5]
502:62.29, 1:10 [5, 16669, -5]
fe: 3, se: 3

Day: 1, Time: 100
Total Cost: 561.10
 11:66.27, 18:75 [2, -6, -2]
601:141.56, 3:10 [6, 16462, 16163, -6]
602:117.44, 8:10 [6, 12175, 16554, 11542, -6]
603:95.27, 3:10 [6, 9475, -6]
604:140.55, 4:10 [6, 9318, 16414, -6]
fe: 1, se: 4

Day: 1, Time: 115
Total Cost: 1076.82
 11:136.01, 4:75 [1, -4, -1]
 12:136.01, 10:75 [1, -4, -1]
 13:153.31, 3:75 [1, -5, -1]
 14:153.31, 2:75 [1, -5, -1]
401:140.79, 4:10 [4, 10237, 16328, -4]
402:62.80, 6:10 [4, 16756, 14114, -4]
403:48.41, 4:10 [4, 16612, -4]
501:161.41, 3:10 [5, 13845, 9379, -5]
502:84.76, 2:10 [5, 14882, -5]
fe: 4, se: 5

Day: 1, Time: 115
Total Cost: 247.24
 11:66.27, 10:75 [2, -6, -2]
601:90.53, 8:10 [6, 11841, 9593, -6]
602:90.44, 2:10 [6, 15842, -6]
fe: 1, se: 2

Day: 1, Time: 115
Total Cost: 444.56
 11:94.59, 5:75 [3, -8, -3]
 12:90.24, 7:75 [3, -9, -3]
801:79.49, 3:10 [8, 14676, 10512, -8]
802:34.00, 2:10 [8, 15102, -8]
901:57.13, 6:10 [9, 12740, 14782, 12926, -9]
902:89.11, 1:10 [9, 13676, -9]
fe: 2, se: 4

Day: 1, Time: 130
Total Cost: 267.08
 11:153.31, 2:75 [1, -5, -1]
501:113.77, 2:10 [5, 15096, -5]
fe: 1, se: 1

Day: 1, Time: 135
Total Cost: 178.85
 11:66.27, 7:75 [2, -6, -2]
601:98.44, 5:10 [6, 15907, 16345, -6]
602:14.14, 2:10 [6, 14572, -6]
fe: 1, se: 2

Day: 1, Time: 140
Total Cost: 419.86
 11:153.31, 1:75 [1, -5, -1]
 12:136.01, 3:75 [1, -4, -1]
401:88.77, 3:10 [4, 15377, -4]
501:41.76, 1:10 [5, 10953, -5]
fe: 2, se: 2

Day: 1, Time: 140
Total Cost: 208.48
 11:145.23, 2:75 [2, -7, -2]
701:63.25, 2:10 [7, 14197, -7]
fe: 1, se: 1

Day: 1, Time: 155
Total Cost: 388.97
 11:136.01, 4:75 [1, -4, -1]
 12:136.01, 6:75 [1, -4, -1]
401:17.89, 4:10 [4, 12415, -4]
402:99.05, 6:10 [4, 15580, 13889, -4]
fe: 2, se: 2

Day: 1, Time: 160
Total Cost: 246.65
 11:136.01, 2:75 [1, -4, -1]
401:110.63, 2:10 [4, 15356, -4]
fe: 1, se: 1

Day: 1, Time: 165
Total Cost: 552.81
 11:94.59, 3:75 [3, -8, -3]
 12:90.24, 14:75 [3, -9, -3]
801:18.97, 3:10 [8, 12586, -8]
901:41.50, 4:10 [9, 14378, 14578, -9]
902:86.28, 3:10 [9, 14759, -9]
903:111.73, 4:10 [9, 9287, -9]
904:109.49, 3:10 [9, 16152, -9]
fe: 2, se: 5

Day: 1, Time: 170
Total Cost: 92.35
 11:66.27, 4:75 [2, -6, -2]
601:26.08, 4:10 [6, 14140, -6]
fe: 1, se: 1

Day: 1, Time: 175
Total Cost: 220.67
 11:90.24, 4:75 [3, -9, -3]
901:130.43, 4:10 [9, 15850, -9]
fe: 1, se: 1

Day: 1, Time: 200
Total Cost: 556.46
 11:66.27, 16:75 [2, -6, -2]
 12:145.23, 4:75 [2, -7, -2]
601:199.08, 7:10 [6, 13862, 13583, 12453, -6]
602:124.34, 9:10 [6, 16170, 15864, 13053, -6]
701:21.54, 4:10 [7, 9930, -7]
fe: 2, se: 3

Day: 1, Time: 305
Total Cost: 955.93
 11:136.01, 28:75 [1, -4, -1]
 12:153.31, 29:75 [1, -5, -1]
402:168.94, 10:10 [4, 11880, 15620, 10616, 10657, 16837, 15900, -4]
404:114.17, 9:10 [4, 12613, 9596, 13253, 16587, -4]
405:80.07, 9:10 [4, 16909, 16784, 12901, -4]
501:119.30, 9:10 [5, 14702, 16501, 11658, 15770, 10551, -5]
502:143.12, 10:10 [5, 14104, 17032, 14027, 9902, -5]
503:41.00, 10:10 [5, 14384, 15693, 13427, -5]
fe: 2, se: 6

Day: 1, Time: 305
Total Cost: 933.82
 11:145.23, 11:75 [2, -7, -2]
 12:66.27, 57:75 [2, -6, -2]
601:37.38, 9:10 [6, 14548, 15070, 14049, -6]
602:133.31, 9:10 [6, 16716, 16401, 14873, 13917, -6]
603:133.50, 10:10 [6, 9146, 16564, 14626, 14270, -6]
604:64.05, 9:10 [6, 9398, 16969, 14392, -6]
605:63.46, 10:10 [6, 15173, 11202, 10894, -6]
607:162.79, 10:10 [6, 16499, 15702, 12341, 12398, -6]
701:37.34, 2:10 [7, 12364, 11773, -7]
702:90.49, 9:10 [7, 13135, 9725, 10915, 14972, -7]
fe: 2, se: 8

Day: 1, Time: 305
Total Cost: 940.29
 11:90.24, 16:75 [3, -9, -3]
 12:90.24, 45:75 [3, -9, -3]
901:146.99, 10:10 [9, 16421, 16613, 12054, 9619, 11431, 13785, -9]
902:117.28, 7:10 [9, 9675, 9995, -9]
903:125.08, 10:10 [9, 13735, 9870, 9182, -9]
904:104.06, 9:10 [9, 16476, 13105, 10080, -9]
905:87.23, 6:10 [9, 13025, 12966, 13709, -9]
906:110.69, 10:10 [9, 12069, 15808, 17093, 16024, -9]
907:68.47, 9:10 [9, 11583, 13798, 13387, -9]
fe: 2, se: 7

Day: 1, Time: 360
Total Cost: 1403.88
 11:136.01, 23:75 [1, 4, -4, -1]
 12:153.31, 18:75 [1, 5, -5, -1]
401:150.49, 6:10 [4, 163, 11641, 102, -4]
404:129.29, 6:10 [4, 10577, 208, 10077, -4]
405:74.81, 7:10 [4, 16087, 14845, -4]
407:126.29, 10:10 [4, 16364, 189, 68, 12509, -4]
501:68.53, 2:10 [5, 16059, 17099, -5]
502:115.17, 6:10 [5, 16030, 1822, 40, 69, -5]
503:158.76, 3:10 [5, 280, 239, -5]
505:146.11, 6:10 [5, 11337, 294, 11255, -5]
506:145.10, 9:10 [5, 182, 14820, 299, 241, -5]
fe: 2, se: 9

Day: 1, Time: 405
Total Cost: 2684.78
 11:136.01, 75:75 [1, 4, -4, -1]
 12:153.31, 4:75 [1, -5, -1]
 13:153.31, 46:75 [1, 5, -5, -1]
401:147.10, 4:10 [4, 7772, 244, 38, -4]
402:103.58, 4:10 [4, 15213, -4]
403:98.95, 3:10 [4, 74, -4]
404:89.37, 7:10 [4, 271, 297, -4]
405:82.43, 6:10 [4, 25, 89, -4]
406:74.49, 10:10 [4, 5507, 7785, 204, -4]
407:76.28, 9:10 [4, 12845, 30, 300, -4]
408:70.79, 6:10 [4, 249, 160, 5882, -4]
409:69.30, 5:10 [4, 14300, 7690, 307, -4]
410:63.90, 6:10 [4, 6412, 7917, -4]
411:64.14, 5:10 [4, 12825, 64, 15646, -4]
412:58.10, 6:10 [4, 178, 5087, 67, -4]
413:71.97, 7:10 [4, 73, 296, 4986, -4]
414:45.50, 6:10 [4, 8165, 156, -4]
501:53.07, 4:10 [5, 11440, 8440, 94, -5]
502:77.20, 3:10 [5, 16062, -5]
503:78.71, 3:10 [5, 235, -5]
504:45.69, 8:10 [5, 7142, 282, 3031, -5]
505:78.92, 2:10 [5, 53, -5]
506:60.25, 3:10 [5, 3896, 13030, -5]
507:76.07, 3:10 [5, 4236, 318, -5]
508:159.51, 7:10 [5, 187, 4399, 303, 217, -5]
509:72.54, 5:10 [5, 13585, 285, -5]
510:161.79, 5:10 [5, 42, 139, 63, -5]
511:70.15, 6:10 [5, 169, 192, -5]
512:132.80, 4:10 [5, 13270, -5]
513:59.54, 4:10 [5, 5852, 9277, -5]
fe: 3, se: 27

Day: 1, Time: 405
Total Cost: 2056.85
 11:66.27, 59:75 [2, 6, -6, -2]
 12:145.23, 45:75 [2, 7, -7, -2]
601:111.13, 6:10 [6, 149, 314, -6]
602:148.67, 8:10 [6, 4723, 278, -6]
603:101.22, 8:10 [6, 4813, 7922, 9953, -6]
604:138.09, 10:10 [6, 5424, 29, 79, 13591, -6]
605:118.43, 10:10 [6, 13614, 5905, 170, 144, -6]
606:162.60, 4:10 [6, 13094, 173, -6]
607:117.82, 7:10 [6, 10069, 1634, 9732, 115, 14029, -6]
608:123.01, 10:10 [6, 9622, 10331, 7979, 116, -6]
609:101.34, 10:10 [6, 11775, 9370, 206, 10646, -6]
610:111.31, 8:10 [6, 22, 6867, 232, 12313, -6]
615:119.05, 9:10 [6, 11395, 10928, 11970, 90, -6]
701:76.47, 3:10 [7, 41, 44, -7]
702:45.77, 10:10 [7, 77, 2717, 315, -7]
704:69.12, 8:10 [7, 78, 123, 270, -7]
705:67.38, 9:10 [7, 5947, 246, 234, -7]
706:45.51, 4:10 [7, 180, 16, 16441, -7]
707:70.43, 4:10 [7, 263, 15914, -7]
708:80.76, 4:10 [7, 2263, 205, -7]
709:37.24, 7:10 [7, 10665, 259, 10507, -7]
fe: 2, se: 19

Day: 1, Time: 405
Total Cost: 2393.06
 11:94.59, 63:75 [3, 8, -8, -3]
 12:90.24, 75:75 [3, 9, -9, -3]
801:110.56, 5:10 [8, 105, 14332, 17163, -8]
802:87.69, 10:10 [8, 15145, 48, 157, 103, 17209, -8]
803:83.73, 8:10 [8, 223, 13952, 188, 7129, -8]
804:57.46, 3:10 [8, 13392, 18, 10254, -8]
805:103.44, 6:10 [8, 11109, 11311, 198, 16995, -8]
806:92.01, 3:10 [8, 12792, 66, 23, -8]
807:110.69, 10:10 [8, 4087, 3151, 214, -8]
808:99.78, 7:10 [8, 225, 242, 13896, 11057, -8]
809:125.14, 8:10 [8, 4596, 184, -8]
810:106.11, 8:10 [8, 12721, 7417, 273, -8]
812:114.67, 10:10 [8, 316, 171, 70, -8]
901:130.42, 6:10 [9, 14557, 211, -9]
902:90.22, 7:10 [9, 12549, 2852, 186, 12225, -9]
903:111.06, 7:10 [9, 15506, 16080, 6509, -9]
904:87.88, 9:10 [9, 15553, 3725, 309, 72, -9]
905:96.22, 8:10 [9, 65, 245, 20, 256, -9]
906:110.45, 7:10 [9, 172, 190, 16203, -9]
907:91.40, 10:10 [9, 141, 6021, 131, 253, -9]
908:91.37, 6:10 [9, 8066, 602, 11374, 922, -9]
909:95.81, 8:10 [9, 107, 15977, 3453, -9]
910:100.18, 10:10 [9, 120, 114, 34, 85, 132, -9]
914:111.94, 8:10 [9, 7724, 13904, 7152, 49, -9]
fe: 2, se: 22

Day: 1, Time: 420
Total Cost: 362.37
 11:113.51, 13:75 [3, -8, -9, -3]
801:100.96, 3:10 [8, 15357, -8]
901:147.90, 10:10 [9, 15534, 12091, 11316, 14528, -9]
fe: 1, se: 2

Day: 1, Time: 450
Total Cost: 1321.26
 11:136.01, 13:75 [1, 4, -1]
 12:153.31, 10:75 [1, 5, -1]
401:115.41, 1:10 [4, 127, -4]
402:128.14, 2:10 [4, 250, -4]
403:132.20, 3:10 [4, 122, -4]
405:117.55, 3:10 [4, 266, 97, -4]
406:122.95, 4:10 [4, 628, 197, -4]
501:99.36, 3:10 [5, 55, -5]
502:107.42, 3:10 [5, 136, -5]
503:100.24, 2:10 [5, 287, -5]
504:108.66, 2:10 [5, 7864, -5]
fe: 2, se: 9

Day: 1, Time: 450
Total Cost: 769.89
 11:66.27, 21:75 [2, 6, -6, -2]
601:70.68, 1:10 [6, 283, -6]
602:68.88, 2:10 [6, 159, -6]
603:72.80, 2:10 [6, 213, -6]
604:77.18, 3:10 [6, 6687, -6]
605:65.51, 4:10 [6, 290, -6]
606:73.54, 1:10 [6, 119, -6]
607:77.67, 4:10 [6, 3325, -6]
608:69.57, 3:10 [6, 4024, -6]
609:47.07, 2:10 [6, 13996, -6]
610:80.72, 1:10 [6, 236, -6]
fe: 1, se: 10

Day: 1, Time: 450
Total Cost: 764.27
 11:94.59, 7:75 [3, 8, -3]
 12:90.24, 23:75 [3, 9, -3]
801:43.91, 2:10 [8, 251, -8]
802:55.17, 1:10 [8, 7291, -8]
803:44.05, 1:10 [8, 148, -8]
804:38.63, 3:10 [8, 216, -8]
901:52.15, 1:10 [9, 313, -9]
902:42.05, 3:10 [9, 258, -9]
903:58.24, 4:10 [9, 162, -9]
904:41.23, 1:10 [9, 62, -9]
905:56.04, 4:10 [9, 137, -9]
906:54.59, 4:10 [9, 5450, -9]
907:46.52, 2:10 [9, 6192, -9]
908:46.86, 4:10 [9, 155, -9]
fe: 2, se: 12

Day: 1, Time: 460
Total Cost: 2446.92
 11:136.01, 64:75 [1, 4, -1]
 12:153.31, 75:75 [1, 5, -1]
401:106.02, 1:10 [4, 80, -4]
402:104.00, 4:10 [4, 138, -4]
403:95.17, 5:10 [4, 6540, 3874, -4]
404:86.70, 10:10 [4, 129, 257, 7335, -4]
405:94.60, 5:10 [4, 12, 153, -4]
406:111.16, 1:10 [4, 2577, -4]
407:75.55, 6:10 [4, 135, 6092, 8392, -4]
408:79.86, 7:10 [4, 261, 93, 272, -4]
409:73.90, 5:10 [4, 91, 5130, -4]
410:112.92, 4:10 [4, 84, -4]
412:71.09, 9:10 [4, 99, 88, 142, -4]
413:78.29, 7:10 [4, 308, 243, 202, -4]
501:63.26, 8:10 [5, 195, 228, 14, -5]
502:92.20, 4:10 [5, 298, -5]
503:92.20, 4:10 [5, 707, -5]
504:81.85, 6:10 [5, 284, 27, -5]
505:50.82, 7:10 [5, 4050, 276, 130, -5]
506:66.45, 7:10 [5, 8454, 4331, 36, -5]
507:91.21, 1:10 [5, 56, -5]
508:73.21, 8:10 [5, 8505, 199, -5]
509:76.52, 6:10 [5, 143, 229, -5]
510:54.99, 5:10 [5, 304, 106, -5]
511:79.09, 6:10 [5, 24, 5986, -5]
512:85.52, 5:10 [5, 785, 221, -5]
513:80.93, 5:10 [5, 237, 46, -5]
516:80.08, 3:10 [5, 289, 203, -5]
fe: 2, se: 26

Day: 1, Time: 460
Total Cost: 1300.48
 11:66.27, 64:75 [2, 6, -2]
 12:145.23, 12:75 [2, 7, -2]
601:50.60, 3:10 [6, 111, -6]
602:149.06, 5:10 [6, 2506, 61, 125, -6]
603:53.81, 2:10 [6, 215, -6]
604:42.03, 5:10 [6, 7160, 21, -6]
605:48.11, 4:10 [6, 6406, 179, -6]
606:50.45, 7:10 [6, 75, 185, -6]
607:60.13, 2:10 [6, 210, -6]
609:40.96, 2:10 [6, 3753, 154, -6]
610:47.75, 4:10 [6, 193, 4651, -6]
614:141.89, 9:10 [6, 113, 3741, 264, -6]
615:47.06, 5:10 [6, 5398, 47, -6]
616:157.74, 10:10 [6, 126, 6069, 58, -6]
617:49.50, 6:10 [6, 6890, 57, -6]
701:66.89, 9:10 [7, 268, 35, 248, 269, -7]
703:41.76, 1:10 [7, 218, -7]
704:41.23, 2:10 [7, 15, -7]
fe: 2, se: 16

Day: 1, Time: 460
Total Cost: 1121.92
 11:94.59, 27:75 [3, 8, -3]
 12:90.24, 43:75 [3, 9, -3]
801:108.31, 5:10 [8, 7933, 11, -8]
802:108.39, 5:10 [8, 262, 7655, -8]
803:108.21, 10:10 [8, 101, 133, 51, 3485, -8]
804:17.52, 7:10 [8, 286, 59, -8]
901:105.64, 10:10 [9, 10, 295, 83, -9]
902:100.08, 5:10 [9, 39, 37, -9]
903:34.99, 1:10 [9, 311, -9]
904:106.05, 7:10 [9, 140, 92, 167, -9]
905:92.93, 5:10 [9, 6666, 8071, -9]
906:21.54, 4:10 [9, 209, -9]
907:8.25, 2:10 [9, 689, -9]
908:125.18, 9:10 [9, 174, 1178, 260, -9]
fe: 2, se: 12

Day: 1, Time: 495
Total Cost: 682.84
 11:136.01, 20:75 [1, 4, -1]
 12:153.31, 14:75 [1, 5, -1]
401:25.46, 1:10 [4, 233, -4]
402:32.07, 2:10 [4, 151, 145, -4]
403:29.73, 2:10 [4, 17, -4]
404:33.53, 4:10 [4, 60, -4]
405:37.95, 1:10 [4, 310, -4]
406:22.80, 2:10 [4, 117, -4]
407:37.20, 2:10 [4, 196, -4]
408:40.20, 1:10 [4, 274, -4]
409:40.79, 1:10 [4, 1227, -4]
410:17.89, 4:10 [4, 247, -4]
501:23.32, 3:10 [5, 5688, -5]
502:22.80, 4:10 [5, 277, -5]
503:11.66, 3:10 [5, 191, -5]
504:18.11, 4:10 [5, 4032, -5]
fe: 2, se: 14

Day: 1, Time: 495
Total Cost: 1776.83
 11:66.27, 68:75 [2, 6, -2]
 13:145.23, 17:75 [2, 7, -2]
601:102.39, 6:10 [6, 150, 5199, -6]
602:78.21, 7:10 [6, 158, 6078, -6]
603:104.40, 1:10 [6, 98, -6]
604:95.52, 5:10 [6, 2313, 13, -6]
605:84.03, 8:10 [6, 87, 19, -6]
606:65.39, 3:10 [6, 1055, -6]
607:102.72, 5:10 [6, 2167, 45, -6]
608:110.89, 2:10 [6, 181, -6]
609:112.16, 4:10 [6, 597, -6]
610:96.52, 5:10 [6, 267, 265, -6]
611:84.28, 8:10 [6, 128, 201, -6]
612:94.59, 3:10 [6, 7462, -6]
613:76.66, 3:10 [6, 292, 293, 183, -6]
614:101.98, 1:10 [6, 6193, -6]
619:78.31, 7:10 [6, 110, 81, 176, -6]
701:20.88, 3:10 [7, 946, -7]
702:26.08, 2:10 [7, 224, -7]
703:24.74, 2:10 [7, 226, -7]
704:18.44, 2:10 [7, 2596, -7]
705:27.20, 3:10 [7, 238, -7]
706:26.08, 1:10 [7, 152, -7]
707:8.25, 2:10 [7, 207, -7]
708:25.61, 2:10 [7, 301, -7]
fe: 2, se: 23

Day: 1, Time: 495
Total Cost: 1696.00
 11:94.59, 33:75 [3, 8, -3]
 12:90.24, 32:75 [3, 9, -3]
801:43.78, 3:10 [8, 4052, 165, -8]
802:80.99, 4:10 [8, 7217, -8]
803:83.19, 4:10 [8, 121, -8]
804:78.64, 1:10 [8, 5155, -8]
806:76.42, 3:10 [8, 240, -8]
808:63.00, 3:10 [8, 161, 222, -8]
810:63.78, 4:10 [8, 124, 302, -8]
811:64.56, 5:10 [8, 32, 43, -8]
812:60.30, 3:10 [8, 4149, -8]
813:76.55, 2:10 [8, 112, -8]
814:79.85, 1:10 [8, 200, -8]
901:72.31, 6:10 [9, 7473, 254, -9]
902:58.69, 5:10 [9, 96, 279, -9]
903:57.69, 2:10 [9, 317, -9]
904:79.70, 1:10 [9, 164, -9]
905:81.04, 4:10 [9, 1240, -9]
906:79.40, 1:10 [9, 108, -9]
907:68.00, 6:10 [9, 255, 168, -9]
908:84.85, 3:10 [9, 305, -9]
909:72.80, 3:10 [9, 6553, -9]
910:85.60, 1:10 [9, 146, -9]
fe: 2, se: 21

Day: 1, Time: 525
Total Cost: 698.24
 11:66.27, 44:75 [2, 6, -2]
601:41.62, 4:10 [6, 166, -6]
602:48.66, 1:10 [6, 26, -6]
603:48.66, 4:10 [6, 194, -6]
604:28.89, 2:10 [6, 5872, 52, -6]
605:36.66, 5:10 [6, 82, 50, -6]
606:45.65, 4:10 [6, 100, -6]
607:43.86, 2:10 [6, 76, -6]
608:42.05, 1:10 [6, 28, -6]
609:42.76, 1:10 [6, 291, -6]
610:41.91, 7:10 [6, 54, 118, -6]
611:52.84, 2:10 [6, 104, -6]
612:37.70, 4:10 [6, 71, 31, -6]
613:50.48, 3:10 [6, 312, -6]
615:36.06, 1:10 [6, 175, -6]
616:34.18, 3:10 [6, 219, -6]
fe: 1, se: 15

Day: 1, Time: 525
Total Cost: 254.13
 11:94.59, 8:75 [3, 8, -3]
 12:90.24, 4:75 [3, 9, -3]
801:18.97, 1:10 [8, 6251, -8]
802:10.77, 1:10 [8, 227, -8]
803:18.44, 4:10 [8, 319, -8]
804:8.94, 2:10 [8, 4707, -8]
901:12.17, 4:10 [9, 212, -9]
fe: 2, se: 5


Day	Area	ID	Time	Load	Utilization	NoOrders	AssignmentCost
1	1	 8	315	 75	1.00	30	825.00
1	1	27	315	 49	0.65	17	565.00
1	1	 9	360	 25	0.33	13	325.00
1	1	119	400	 73	0.49	30	1610.00
1	1	10	405	 70	0.93	30	775.00
1	1	11	450	 29	0.32	12	292.00
1	1	123	800	 11	0.09	 4	444.00
1	1	19	810	 60	1.00	25	810.00
1	1	38	810	 60	1.00	24	810.00
1	2	136	300	 17	0.11	 6	490.00
1	2	46	315	 75	1.00	31	825.00
1	2	65	315	 55	0.73	21	625.00
1	2	47	360	 31	0.41	11	385.00
1	2	137	400	103	0.69	40	2210.00
1	2	48	405	 63	0.84	26	705.00
1	2	49	450	 11	0.12	 4	148.00
1	2	141	800	 27	0.23	12	828.00
1	2	57	810	 60	1.00	23	810.00
1	2	76	810	 60	1.00	23	810.00
1	3	154	300	 15	0.10	 8	450.00
1	3	84	315	 75	1.00	30	825.00
1	3	103	315	 34	0.45	13	415.00
1	3	85	360	 18	0.24	 8	255.00
1	3	155	400	109	0.73	41	2330.00
1	3	86	405	 51	0.68	21	585.00
1	3	87	450	 27	0.30	13	276.00
1	3	159	800	 21	0.18	 7	684.00
1	3	95	810	 60	1.00	26	810.00
1	3	114	810	 60	1.00	27	810.00


Day	Area	Time	Pickup	Delivery	Direct	FEVehicles	SEVehicles	ALNSTime	ALNSBestTime	RoutingCostArea
1	1	0	105	58	0	7	48	110.72	74.96	5874.74
1	1	85	6	0	2	2	2	0.60	0.00	1427.67
1	1	100	4	0	0	3	3	0.70	0.00	797.70
1	1	115	8	0	0	4	5	0.75	0.00	1076.82
1	1	130	1	0	0	1	1	0.21	0.00	267.08
1	1	135	0	0	1	0	0	0.00	0.00	500.00
1	1	140	2	0	0	2	2	0.33	0.00	419.86
1	1	155	3	0	0	2	2	0.38	0.00	388.97
1	1	160	1	0	0	1	1	0.21	0.00	246.65
1	1	165	0	0	1	0	0	0.00	0.00	500.00
1	1	170	0	0	2	0	0	0.00	0.00	1000.00
1	1	305	25	0	0	2	6	2.15	0.00	955.93
1	1	360	13	14	0	2	9	2.56	0.00	1403.88
1	1	405	11	50	0	3	27	19.40	13.28	2684.78
1	1	450	0	11	0	2	9	0.80	0.00	1321.26
1	1	460	0	53	0	2	26	13.53	10.30	2446.92
1	1	495	0	15	0	2	14	1.09	0.00	682.84
1	2	30	117	48	0	6	45	92.50	31.61	4648.19
1	2	75	7	0	0	1	3	0.54	0.01	395.29
1	2	100	8	0	0	1	4	0.63	0.00	561.10
1	2	115	3	0	0	1	2	0.32	0.00	247.24
1	2	135	3	0	1	1	2	0.33	0.00	678.85
1	2	140	1	0	0	1	1	0.21	0.00	208.48
1	2	170	1	0	1	1	1	0.19	0.00	592.35
1	2	200	7	0	0	2	3	0.57	0.00	556.46
1	2	305	27	0	0	2	8	3.03	1.90	933.82
1	2	405	20	39	0	2	19	18.35	14.52	2056.85
1	2	450	1	9	0	1	10	0.79	0.00	769.89
1	2	460	0	32	0	2	16	3.05	0.00	1300.48
1	2	495	0	34	0	2	23	4.14	2.54	1776.83
1	2	525	0	19	3	1	15	1.35	0.00	2198.24
1	3	20	104	74	0	7	47	175.02	131.54	4634.43
1	3	65	20	0	0	2	8	1.74	0.00	1087.80
1	3	95	2	0	0	1	1	0.31	0.00	200.92
1	3	115	7	0	0	2	4	0.73	0.00	444.56
1	3	165	6	0	1	2	5	0.85	0.08	1052.81
1	3	175	1	0	0	1	1	0.21	0.00	220.67
1	3	305	24	0	0	2	7	3.22	0.00	940.29
1	3	405	24	53	0	2	22	37.16	30.10	2393.06
1	3	420	5	0	0	1	2	0.57	0.00	362.37
1	3	450	0	12	0	2	12	0.91	0.00	764.27
1	3	460	0	26	0	2	12	1.82	0.00	1121.92
1	3	495	0	28	0	2	21	2.31	0.00	1696.00
1	3	525	0	5	2	2	5	0.53	0.00	1254.13

Day	SL	Own	DispatchTimes	AssignmentCost	RoutingCost	TotalCost
1	21	8	31	21732.00	55092.40	76824.40

Total Cost: 76824.39837183896
Cost per Day: 76824.39837183896
Running time in Seconds: 558.497
Running time in minutes: 9.308283333333334