INSTANCE: 3hubs_MSD_A_41_x.csv
PARAMETER: tuning_tight.txt
POLICY: MIP
ALPHA: 0.387023956898126
BETA: 78
OMEGA: 586
EPSILON: 1.00597325044486

Day: 1, Time: 0
Total Cost: 5230.63
 11:136.01, 71:75 [1, 4, -4, -1]
 12:136.01, 75:75 [1, 4, -4, -1]
 13:136.01, 55:75 [1, 4, -4, -1]
 14:153.31, 73:75 [1, 5, -5, -1]
 15:153.31, 1:75 [1, -5, -1]
401:124.25, 10:10 [4, 8937, 8575, 8810, 8894, -4]
402:128.56, 10:10 [4, 9009, 8953, 8943, 8885, -4]
404:195.90, 9:10 [4, 8725, 8915, 8738, -4]
405:142.85, 10:10 [4, 8561, 8671, 8659, 8549, 8635, -4]
406:64.63, 10:10 [4, 8619, 8657, 8614, -4]
407:138.70, 10:10 [4, 8811, 8931, 8954, 8871, 8702, 8688, -4]
408:104.79, 10:10 [4, 8580, 8718, 8978, 8911, 8798, 8989, -4]
409:62.75, 10:10 [4, 8879, 8987, 8706, 8900, -4]
410:57.25, 10:10 [4, 8925, 8849, 8838, 8985, -4]
411:24.08, 3:10 [4, 8993, 8779, -4]
412:93.34, 10:10 [4, 8691, 8552, 8562, 8625, -4]
413:164.80, 10:10 [4, 8981, 8853, 8712, 8612, -4]
414:128.35, 8:10 [4, 9002, 8583, 8806, 8754, -4]
416:34.41, 10:10 [4, 8773, 8819, 8968, -4]
417:80.31, 9:10 [4, 8996, 8850, 8887, 8772, 8950, -4]
418:72.90, 9:10 [4, 8649, 8611, 8675, -4]
419:189.29, 10:10 [4, 8577, 8683, 8673, -4]
420:75.52, 9:10 [4, 8566, 8840, 8714, 8620, -4]
421:88.72, 10:10 [4, 8942, 8865, 9008, 8790, 8947, -4]
422:58.65, 9:10 [4, 8935, 8746, 8959, 8792, -4]
423:118.70, 9:10 [4, 8553, 8927, 8973, 8760, 8975, -4]
424:137.45, 10:10 [4, 8680, 8648, 8679, 8660, 8573, -4]
425:42.54, 8:10 [4, 8862, 8866, 8748, -4]
426:128.60, 9:10 [4, 8916, 8957, 8958, 8624, -4]
427:175.02, 10:10 [4, 8788, 8904, 8651, -4]
428:96.74, 10:10 [4, 8848, 8802, 8923, 8822, -4]
429:90.05, 10:10 [4, 8976, 8782, 8836, 8842, -4]
430:167.53, 10:10 [4, 8794, 8753, 8731, -4]
431:137.37, 6:10 [4, 8913, 8763, -4]
432:99.49, 10:10 [4, 8695, 8685, 8589, 8581, -4]
501:50.34, 7:10 [5, 8556, 8669, 8642, -5]
502:81.74, 9:10 [5, 8586, 8622, 8584, 8576, -5]
503:104.91, 10:10 [5, 8902, 8786, 8743, -5]
504:79.29, 10:10 [5, 8898, 8940, 8998, 8775, -5]
505:74.43, 8:10 [5, 8703, 8895, 8741, -5]
506:82.43, 9:10 [5, 8801, 8928, 8932, 8799, 8997, 8991, -5]
507:72.72, 6:10 [5, 8537, 8532, 8955, 8854, -5]
508:120.39, 5:10 [5, 8804, 8918, -5]
509:56.43, 9:10 [5, 8755, 8705, 8833, -5]
510:56.82, 9:10 [5, 8971, 8856, 9000, -5]
511:102.98, 10:10 [5, 8621, 8610, 8693, 8645, -5]
512:156.37, 1:10 [5, 8941, -5]
513:106.94, 9:10 [5, 8719, 8826, 8751, 8781, -5]
514:146.66, 10:10 [5, 8596, 8522, 8628, 8565, 8662, -5]
fe: 5, se: 44

Day: 1, Time: 0
Total Cost: 3855.82
 11:66.27, 73:75 [2, 6, -6, -2]
 12:66.27, 59:75 [2, 6, -6, -2]
 13:151.76, 71:75 [2, 7, -7, 6, -2]
 21:66.27, 40:75 [2, -6, -2]
601:61.93, 9:10 [6, 8547, 8658, 8574, -6]
602:167.89, 10:10 [6, 8832, 8899, 8878, 8676, -6]
603:125.10, 10:10 [6, 8551, 8570, 8603, 8670, 8637, -6]
604:85.77, 8:10 [6, 8640, 8608, 8558, -6]
605:74.78, 10:10 [6, 8768, 8809, 8860, 8917, -6]
606:166.98, 10:10 [6, 8533, 8587, 8664, 8634, 8617, -6]
607:156.76, 10:10 [6, 8646, 8636, 8692, 8629, -6]
608:90.18, 9:10 [6, 8867, 8815, 8936, -6]
609:109.64, 9:10 [6, 8708, 8821, 8638, 8868, 8972, -6]
610:57.62, 10:10 [6, 8956, 8776, 8888, 8597, -6]
611:126.37, 9:10 [6, 8666, 8835, 8872, 8852, 8814, 8875, -6]
612:41.14, 7:10 [6, 8967, 8949, -6]
613:115.79, 10:10 [6, 8661, 8858, 8863, 8627, 8805, -6]
614:70.49, 9:10 [6, 8965, 8789, 8818, -6]
615:101.64, 10:10 [6, 8546, 8653, 8527, 8650, -6]
617:116.17, 10:10 [6, 8526, 8602, 8606, 8541, -6]
618:108.06, 9:10 [6, 8912, 8720, 8678, -6]
619:138.25, 10:10 [6, 8847, 8924, 8728, 8807, 8877, 8793, -6]
620:83.88, 8:10 [6, 8641, 8571, -6]
621:92.15, 9:10 [6, 8749, 8969, 8723, 8910, 8735, -6]
622:139.96, 10:10 [6, 8870, 8539, 8920, 8884, -6]
623:116.55, 9:10 [6, 8699, 8609, 8639, -6]
624:64.24, 10:10 [6, 8952, 8785, 8739, -6]
625:80.04, 10:10 [6, 8732, 8979, 8709, 8963, -6]
626:101.64, 10:10 [6, 8869, 8761, 8724, 8984, -6]
627:54.84, 10:10 [6, 8846, 8908, 8845, 8948, -6]
628:45.57, 10:10 [6, 8828, 8734, 8729, -6]
630:84.71, 10:10 [6, 8777, 9004, 8886, 8722, -6]
701:95.40, 10:10 [7, 9007, 8977, 8857, 8926, -7]
702:75.30, 10:10 [7, 8825, 8983, 8961, 8762, -7]
703:43.49, 8:10 [7, 8588, 8563, 8521, 8698, -7]
704:72.10, 10:10 [7, 8855, 8946, 8980, -7]
705:35.74, 9:10 [7, 8929, 8876, 8830, -7]
706:64.89, 10:10 [7, 8668, 8647, 8626, 8595, -7]
707:44.35, 8:10 [7, 8616, 8531, -7]
708:61.09, 9:10 [7, 8745, 8607, 8758, 8966, 8816, -7]
709:73.58, 7:10 [7, 8841, 8921, 8520, 8851, 8765, -7]
710:85.32, 10:10 [7, 8672, 8554, 8694, 8593, 8591, -7]
712:75.84, 8:10 [7, 8951, 8882, 8861, 8812, -7]
fe: 4, se: 39

Day: 1, Time: 0
Total Cost: 4490.43
 11:94.59, 68:75 [3, 8, -8, -3]
 12:94.59, 30:75 [3, 8, -8, -3]
 14:94.59, 49:75 [3, -8, -3]
 15:90.24, 75:75 [3, 9, -9, -3]
 16:113.51, 37:75 [3, 9, 8, -8, -3]
 17:90.24, 48:75 [3, 9, -9, -3]
801:101.43, 10:10 [8, 8757, 8623, 8767, 8988, -8]
802:107.65, 10:10 [8, 8839, 8774, 8892, -8]
803:124.16, 10:10 [8, 8696, 8530, 8843, 8599, -8]
804:125.89, 10:10 [8, 8919, 8778, 8710, 8711, 8759, -8]
805:4.47, 4:10 [8, 8681, -8]
806:34.29, 9:10 [8, 8962, 8844, 8999, -8]
807:82.49, 10:10 [8, 8598, 8665, 8585, 8674, 8538, 8791, -8]
808:114.83, 9:10 [8, 8820, 8704, 8873, 8771, -8]
809:60.56, 10:10 [8, 8831, 8740, 8555, -8]
810:74.65, 9:10 [8, 8770, 8747, 8880, 8944, 8769, -8]
811:116.30, 10:10 [8, 8579, 8796, 8752, 8795, 9005, -8]
812:97.04, 10:10 [8, 8974, 8787, 8930, 8823, -8]
813:97.87, 10:10 [8, 8736, 8970, 8808, 8824, 8784, -8]
814:73.37, 10:10 [8, 9001, 8994, 8557, -8]
815:85.74, 10:10 [8, 8964, 8903, 8797, -8]
816:73.51, 10:10 [8, 8922, 8960, 8780, 8827, -8]
818:106.65, 10:10 [8, 8590, 8667, 8630, 8543, 8643, -8]
819:55.45, 10:10 [8, 9006, 8744, 8742, 8906, -8]
820:53.88, 8:10 [8, 8654, 8601, -8]
821:96.88, 10:10 [8, 8644, 8604, 8559, 8682, -8]
901:120.70, 10:10 [9, 8764, 9003, 8750, 8901, 8733, -9]
902:78.53, 9:10 [9, 8572, 8548, 8578, -9]
903:18.81, 8:10 [9, 8859, 8982, -9]
904:84.43, 10:10 [9, 8834, 8700, 8992, 8737, -9]
905:110.71, 10:10 [9, 8883, 8891, 8995, 8907, 8721, -9]
906:139.70, 10:10 [9, 8528, 8713, 8933, 8717, 8813, -9]
907:107.21, 10:10 [9, 8756, 8914, 8945, 8837, -9]
908:124.87, 10:10 [9, 8633, 8613, 8618, 8529, 8684, -9]
909:126.58, 10:10 [9, 8656, 8550, 8600, 8523, -9]
910:95.06, 10:10 [9, 8890, 8893, 8874, 8535, -9]
911:115.29, 10:10 [9, 8652, 8663, 8545, 8564, 8540, -9]
912:69.70, 7:10 [9, 8525, 8690, -9]
913:109.27, 10:10 [9, 8990, 8864, 8829, 8730, 8803, 8707, -9]
914:58.58, 10:10 [9, 8615, 8655, 8568, 8536, -9]
915:144.05, 10:10 [9, 8632, 8534, 8687, 8697, 8582, 8524, -9]
916:38.65, 10:10 [9, 8934, 8727, 8726, 8938, -9]
917:113.02, 10:10 [9, 8716, 8881, 8896, 8897, -9]
918:113.22, 10:10 [9, 8889, 14954, 8783, 8986, 8939, -9]
919:116.93, 10:10 [9, 8560, 8592, 8605, 8689, -9]
920:99.85, 10:10 [9, 8715, 8542, 8817, 8544, 8905, 8766, -9]
921:30.65, 8:10 [9, 8800, 8909, 8701, -9]
925:89.49, 9:10 [9, 8594, 8677, 8631, -9]
927:120.25, 10:10 [9, 8686, 8569, 8567, -9]
fe: 6, se: 43

Day: 1, Time: 20
Total Cost: 361.61
 11:90.24, 18:75 [3, -9, -3]
901:112.94, 10:10 [9, 15992, 16857, 15813, -9]
902:101.71, 5:10 [9, 14588, 10208, 13525, -9]
903:56.71, 3:10 [9, 11401, 11854, -9]
fe: 1, se: 3

Day: 1, Time: 25
Total Cost: 643.19
 11:136.01, 9:75 [1, -4, -1]
 12:153.31, 4:75 [1, -5, -1]
401:142.29, 4:10 [4, 11092, 10878, -4]
402:86.60, 5:10 [4, 10886, 14329, -4]
501:124.97, 4:10 [5, 11713, 14072, -5]
fe: 2, se: 3

Day: 1, Time: 35
Total Cost: 334.06
 11:66.27, 16:75 [2, -6, -2]
601:126.47, 10:10 [6, 11310, 10360, 13468, 14703, -6]
602:141.32, 6:10 [6, 11691, 13476, 10214, -6]
fe: 1, se: 2

Day: 1, Time: 35
Total Cost: 176.89
 11:94.59, 4:75 [3, -8, -3]
801:82.29, 4:10 [8, 9534, -8]
fe: 1, se: 1

Day: 1, Time: 40
Total Cost: 177.79
 11:66.27, 2:75 [2, -6, -2]
601:111.52, 2:10 [6, 15678, -6]
fe: 1, se: 1

Day: 1, Time: 40
Total Cost: 217.79
 11:90.24, 6:75 [3, -9, -3]
901:127.55, 6:10 [9, 12362, 9999, -9]
fe: 1, se: 1

Day: 1, Time: 50
Total Cost: 547.56
 11:136.01, 8:75 [1, -4, -1]
 12:153.31, 1:75 [1, -5, -1]
401:122.68, 8:10 [4, 15828, 11278, 10434, -4]
501:135.56, 1:10 [5, 10568, -5]
fe: 2, se: 2

Day: 1, Time: 55
Total Cost: 477.42
 11:136.01, 2:75 [1, -4, -1]
 12:153.31, 4:75 [1, -5, -1]
401:84.85, 2:10 [4, 10153, 10029, -4]
501:103.25, 4:10 [5, 16325, -5]
fe: 2, se: 2

Day: 1, Time: 55
Total Cost: 145.19
 11:66.27, 2:75 [2, -6, -2]
601:78.92, 2:10 [6, 9368, -6]
fe: 1, se: 1

Day: 1, Time: 60
Total Cost: 268.45
 11:136.01, 5:75 [1, -4, -1]
401:132.44, 5:10 [4, 13301, 12120, -4]
fe: 1, se: 1

Day: 1, Time: 60
Total Cost: 404.90
 11:94.59, 2:75 [3, -8, -3]
 12:90.24, 8:75 [3, -9, -3]
801:112.92, 2:10 [8, 16035, -8]
901:107.13, 8:10 [9, 12774, 11091, 10755, -9]
fe: 2, se: 2

Day: 1, Time: 70
Total Cost: 466.36
 11:136.01, 7:75 [1, -4, -1]
 12:153.31, 3:75 [1, -5, -1]
401:134.98, 7:10 [4, 12484, 11969, -4]
501:42.05, 3:10 [5, 12899, -5]
fe: 2, se: 2

Day: 1, Time: 80
Total Cost: 147.66
 11:66.27, 4:75 [2, -6, -2]
601:81.38, 4:10 [6, 14641, 11101, -6]
fe: 1, se: 1

Day: 1, Time: 80
Total Cost: 501.35
 11:94.59, 8:75 [3, -8, -3]
 12:90.24, 4:75 [3, -9, -3]
801:110.93, 6:10 [8, 16011, 9525, -8]
802:77.28, 2:10 [8, 14516, -8]
901:62.51, 1:10 [9, 15882, -9]
902:65.79, 3:10 [9, 11254, -9]
fe: 2, se: 4

Day: 1, Time: 85
Total Cost: 143.07
 11:94.59, 7:75 [3, -8, -3]
801:34.06, 4:10 [8, 16614, -8]
802:14.42, 3:10 [8, 15891, -8]
fe: 1, se: 2

Day: 1, Time: 90
Total Cost: 314.37
 11:66.27, 4:75 [2, -6, -2]
 12:66.27, 4:75 [2, -6, -2]
601:56.46, 4:10 [6, 9912, -6]
602:60.96, 2:10 [6, 11008, -6]
603:64.40, 2:10 [6, 12316, -6]
fe: 2, se: 3

Day: 1, Time: 90
Total Cost: 178.14
 11:94.59, 4:75 [3, -8, -3]
801:83.55, 4:10 [8, 10986, -8]
fe: 1, se: 1

Day: 1, Time: 95
Total Cost: 441.53
 11:136.01, 5:75 [1, -4, -1]
401:38.63, 2:10 [4, 10496, -4]
402:128.25, 1:10 [4, 14293, -4]
403:138.64, 2:10 [4, 11790, -4]
fe: 1, se: 3

Day: 1, Time: 105
Total Cost: 430.91
 11:136.01, 3:75 [1, -4, -1]
 12:153.31, 3:75 [1, -5, -1]
401:90.44, 3:10 [4, 13618, -4]
501:51.14, 3:10 [5, 14711, 12542, -5]
fe: 2, se: 2

Day: 1, Time: 105
Total Cost: 375.42
 11:66.27, 14:75 [2, -6, -2]
601:109.42, 4:10 [6, 9947, -6]
602:95.41, 2:10 [6, 9900, -6]
603:104.32, 8:10 [6, 16558, 10841, -6]
fe: 1, se: 3

Day: 1, Time: 105
Total Cost: 164.49
 11:90.24, 1:75 [3, -9, -3]
901:74.24, 1:10 [9, 13270, -9]
fe: 1, se: 1

Day: 1, Time: 110
Total Cost: 538.58
 11:94.59, 7:75 [3, -8, -3]
 12:90.24, 4:75 [3, -9, -3]
801:114.77, 1:10 [8, 14765, -8]
802:127.26, 3:10 [8, 14948, -8]
803:79.40, 3:10 [8, 9596, -8]
901:32.31, 4:10 [9, 11910, -9]
fe: 2, se: 4

Day: 1, Time: 115
Total Cost: 334.50
 11:66.27, 4:75 [2, -6, -2]
 12:145.23, 4:75 [2, -7, -2]
601:66.48, 2:10 [6, 12814, -6]
602:17.89, 2:10 [6, 15697, -6]
701:38.63, 4:10 [7, 14028, -7]
fe: 2, se: 3

Day: 1, Time: 120
Total Cost: 175.23
 11:145.23, 3:75 [2, -7, -2]
701:30.00, 3:10 [7, 12861, -7]
fe: 1, se: 1

Day: 1, Time: 125
Total Cost: 163.60
 11:66.27, 2:75 [2, -6, -2]
601:97.32, 2:10 [6, 11593, -6]
fe: 1, se: 1

Day: 1, Time: 125
Total Cost: 436.20
 11:90.24, 8:75 [3, -9, -3]
 12:90.24, 5:75 [3, -9, -3]
901:51.42, 4:10 [9, 10555, -9]
902:113.33, 5:10 [9, 10676, 16573, -9]
903:90.96, 4:10 [9, 16008, 12344, -9]
fe: 2, se: 3

Day: 1, Time: 130
Total Cost: 255.52
 11:153.31, 5:75 [1, -5, -1]
501:102.21, 5:10 [5, 9758, 11155, -5]
fe: 1, se: 1

Day: 1, Time: 135
Total Cost: 223.21
 11:136.01, 5:75 [1, -4, -1]
401:87.20, 5:10 [4, 13255, 11667, -4]
fe: 1, se: 1

Day: 1, Time: 135
Total Cost: 161.10
 11:66.27, 2:75 [2, -6, -2]
601:94.83, 2:10 [6, 12055, -6]
fe: 1, se: 1

Day: 1, Time: 135
Total Cost: 135.19
 11:90.24, 3:75 [3, -9, -3]
901:44.94, 3:10 [9, 17176, -9]
fe: 1, se: 1

Day: 1, Time: 145
Total Cost: 149.07
 11:90.24, 1:75 [3, -9, -3]
901:58.82, 1:10 [9, 10470, -9]
fe: 1, se: 1

Day: 1, Time: 150
Total Cost: 623.25
 11:136.01, 5:75 [1, -4, -1]
 12:136.01, 3:75 [1, -4, -1]
 13:153.31, 4:75 [1, -5, -1]
401:83.21, 5:10 [4, 15469, 17174, -4]
402:90.62, 3:10 [4, 14956, -4]
501:24.08, 4:10 [5, 13928, -5]
fe: 3, se: 3

Day: 1, Time: 150
Total Cost: 105.57
 11:66.27, 3:75 [2, -6, -2]
601:39.29, 3:10 [6, 12417, -6]
fe: 1, se: 1

Day: 1, Time: 150
Total Cost: 197.75
 12:90.24, 6:75 [3, -9, -3]
901:33.11, 4:10 [9, 11745, -9]
902:74.40, 2:10 [9, 14406, -9]
fe: 1, se: 2

Day: 1, Time: 155
Total Cost: 191.19
 11:136.01, 2:75 [1, -4, -1]
401:55.17, 2:10 [4, 14354, -4]
fe: 1, se: 1

Day: 1, Time: 155
Total Cost: 148.55
 11:90.24, 3:75 [3, -9, -3]
901:58.31, 3:10 [9, 13633, -9]
fe: 1, se: 1

Day: 1, Time: 165
Total Cost: 125.50
 11:66.27, 1:75 [2, -6, -2]
601:59.23, 1:10 [6, 13636, -6]
fe: 1, se: 1

Day: 1, Time: 165
Total Cost: 154.52
 11:90.24, 4:75 [3, -9, -3]
901:64.28, 4:10 [9, 15190, -9]
fe: 1, se: 1

Day: 1, Time: 170
Total Cost: 223.08
 11:153.31, 4:75 [1, -5, -1]
501:69.77, 4:10 [5, 13052, -5]
fe: 1, se: 1

Day: 1, Time: 170
Total Cost: 206.73
 11:66.27, 7:75 [2, -6, -2]
601:48.37, 4:10 [6, 14791, -6]
602:92.09, 3:10 [6, 9858, -6]
fe: 1, se: 2

Day: 1, Time: 175
Total Cost: 177.94
 11:136.01, 5:75 [1, -4, -1]
401:41.93, 5:10 [4, 17008, 13601, -4]
fe: 1, se: 1

Day: 1, Time: 175
Total Cost: 139.27
 11:90.24, 3:75 [3, -9, -3]
901:49.03, 3:10 [9, 13833, -9]
fe: 1, se: 1

Day: 1, Time: 180
Total Cost: 644.55
 11:90.24, 5:75 [3, -9, -3]
 12:94.59, 3:75 [3, -8, -3]
 13:94.59, 3:75 [3, -8, -3]
 14:94.59, 2:75 [3, -8, -3]
801:84.76, 3:10 [8, 14424, -8]
802:98.51, 3:10 [8, 15513, -8]
803:22.36, 2:10 [8, 12305, -8]
901:21.63, 3:10 [9, 15030, -9]
902:43.27, 2:10 [9, 14733, -9]
fe: 4, se: 5

Day: 1, Time: 275
Total Cost: 708.61
 11:66.27, 44:75 [2, -6, -2]
601:123.88, 10:10 [6, 13466, 13094, 13211, -6]
602:209.21, 9:10 [6, 12125, 15219, 10556, 9162, -6]
603:128.41, 7:10 [6, 10236, 14192, 11546, -6]
604:46.02, 8:10 [6, 14634, 14158, 12708, -6]
605:134.82, 10:10 [6, 15335, 17082, 9965, -6]
fe: 1, se: 5

Day: 1, Time: 285
Total Cost: 808.23
 11:90.24, 52:75 [3, -9, -3]
901:151.70, 9:10 [9, 9508, 16876, 10145, -9]
902:70.45, 8:10 [9, 15662, 10271, -9]
903:113.59, 7:10 [9, 10967, 14895, 11369, -9]
904:151.43, 10:10 [9, 13693, 13891, 12859, 9288, -9]
906:91.12, 8:10 [9, 16969, 11300, 15326, 13015, -9]
907:139.70, 10:10 [9, 15059, 15189, 11506, 16957, 9478, -9]
fe: 1, se: 6

Day: 1, Time: 290
Total Cost: 395.98
 11:66.27, 9:75 [2, -6, -2]
601:102.03, 3:10 [6, 13793, 9270, 16355, -6]
602:227.68, 6:10 [6, 9384, 9450, 9406, -6]
fe: 1, se: 2

Day: 1, Time: 315
Total Cost: 1045.84
 11:136.01, 37:75 [1, 4, -4, -1]
 17:153.31, 18:75 [1, 5, -5, -1]
401:99.98, 10:10 [4, 87, 133, 10184, 17041, 156, 9830, -4]
402:155.70, 10:10 [4, 49, 13555, 213, 196, 314, 10403, 16642, 16157, -4]
403:95.89, 8:10 [4, 11240, 284, 16527, -4]
411:196.15, 10:10 [4, 137, 216, 138, 14849, 9230, 12819, 39, 13249, -4]
501:89.60, 10:10 [5, 52, 272, 844, 12135, 10603, 11424, -5]
502:119.20, 8:10 [5, 154, 14563, 218, 274, 11704, -5]
fe: 2, se: 6

Day: 1, Time: 360
Total Cost: 2180.29
 11:136.01, 73:75 [1, 4, -4, -1]
 20:153.31, 66:75 [1, 5, -5, -1]
401:85.55, 8:10 [4, 13817, 3001, 7302, 207, 16040, -4]
402:82.35, 9:10 [4, 201, 4932, 26, 145, 42, -4]
403:150.75, 10:10 [4, 81, 19, 74, 13021, 151, -4]
404:69.13, 8:10 [4, 105, 276, 128, 11294, 202, 15554, -4]
405:134.26, 10:10 [4, 79, 4778, 8486, 227, 59, 300, -4]
406:146.52, 10:10 [4, 3626, 220, 16028, 254, 279, 7345, -4]
408:141.10, 10:10 [4, 2903, 68, 305, 30, 3615, 179, 4580, -4]
409:127.19, 10:10 [4, 293, 296, 477, 173, 15957, 162, -4]
501:128.48, 10:10 [5, 11980, 2620, 12641, 124, 15717, 186, 193, -5]
502:169.14, 9:10 [5, 259, 122, 1309, -5]
503:191.29, 10:10 [5, 2411, 478, 3727, 93, 219, -5]
504:113.97, 10:10 [5, 43, 7192, 4084, 290, 2065, -5]
505:118.22, 10:10 [5, 157, 2401, 77, 5298, 4835, -5]
506:58.56, 10:10 [5, 315, 45, 15544, 60, 174, 184, -5]
507:174.45, 10:10 [5, 183, 275, 190, 1518, 4124, -5]
fe: 2, se: 15

Day: 1, Time: 360
Total Cost: 1683.41
 11:66.27, 67:75 [2, 6, -6, -2]
 12:66.27, 30:75 [2, 6, -2]
 13:145.23, 63:75 [2, 7, -7, -2]
601:66.98, 9:10 [6, 118, 88, 212, -6]
602:46.02, 9:10 [6, 90, 232, 66, -6]
603:121.91, 10:10 [6, 238, 17, 10122, 251, 134, 80, 7123, 147, -6]
604:134.72, 10:10 [6, 301, 16800, 211, 3672, 130, 94, 106, -6]
605:142.52, 10:10 [6, 6264, 27, 203, 280, 307, 11012, 113, 14654, 15185, 270, 249, -6]
607:61.91, 10:10 [6, 67, 240, 164, -6]
608:92.22, 10:10 [6, 1878, 149, 248, 2711, 1463, 1780, 10963, -6]
609:71.90, 10:10 [6, 111, 69, 7201, 136, 20, -6]
610:100.26, 10:10 [6, 217, 144, 46, 11241, 229, 1339, 13103, -6]
614:117.80, 10:10 [6, 57, 3023, 2188, 208, 127, 11955, -6]
701:75.35, 10:10 [7, 54, 4209, 302, 14, 1409, -7]
702:80.36, 10:10 [7, 250, 65, 97, 9138, 5898, 76, -7]
703:72.91, 9:10 [7, 7924, 10, 298, 15819, 16936, -7]
704:48.53, 9:10 [7, 84, 62, 228, -7]
705:20.46, 7:10 [7, 316, 85, -7]
707:56.48, 8:10 [7, 3220, 8167, 11541, 13858, -7]
708:95.30, 10:10 [7, 3164, 51, 16198, 309, 107, -7]
fe: 3, se: 17

Day: 1, Time: 360
Total Cost: 1789.79
 11:94.59, 56:75 [3, 8, -3]
 12:94.59, 38:75 [3, 8, -8, -3]
 13:90.24, 66:75 [3, 9, -9, -3]
801:120.75, 9:10 [8, 33, 161, 8141, 15, -8]
802:95.16, 10:10 [8, 205, 5382, 166, 7635, -8]
803:67.76, 10:10 [8, 198, 308, 1670, 14653, 230, -8]
804:72.26, 10:10 [8, 95, 258, 294, 38, 2402, -8]
805:90.08, 10:10 [8, 2318, 192, 140, 1556, 790, -8]
806:53.74, 9:10 [8, 143, 1524, 4786, 14989, -8]
807:113.51, 9:10 [8, 3365, 234, 3436, 13437, 91, 15353, -8]
808:42.24, 9:10 [8, 135, 32, 281, -8]
809:75.24, 10:10 [8, 96, 53, 10196, 678, 171, -8]
810:43.11, 8:10 [8, 262, 2196, -8]
901:106.46, 10:10 [9, 236, 114, 9150, 7007, 155, 14937, -9]
903:126.66, 10:10 [9, 185, 9128, 6013, 265, 16142, 44, -9]
904:82.17, 10:10 [9, 242, 1210, 310, 7230, -9]
905:111.40, 10:10 [9, 142, 5639, 287, 29, 15854, 18, 4946, -9]
906:121.84, 10:10 [9, 125, 168, 61, 13, -9]
907:56.13, 6:10 [9, 231, 72, 11492, 103, -9]
910:131.87, 10:10 [9, 117, 178, 6988, 11419, 109, 289, -9]
fe: 3, se: 17

Day: 1, Time: 395
Total Cost: 415.22
 11:90.24, 17:75 [3, -9, -3]
901:108.14, 8:10 [9, 11747, 15228, 15188, -9]
902:104.11, 7:10 [9, 15906, 17113, -9]
903:112.73, 2:10 [9, 17012, -9]
fe: 1, se: 3

Day: 1, Time: 405
Total Cost: 1569.35
 11:136.01, 72:75 [1, 4, -4, -1]
 12:153.31, 34:75 [1, 5, -5, -1]
401:136.80, 9:10 [4, 261, 177, 256, -4]
402:60.44, 10:10 [4, 188, 187, 7321, -4]
403:62.32, 8:10 [4, 6043, 40, 206, -4]
404:124.78, 9:10 [4, 224, 170, 5716, -4]
405:120.42, 3:10 [4, 13881, -4]
407:89.79, 10:10 [4, 5951, 222, 4943, -4]
408:61.95, 9:10 [4, 9388, 5143, 182, -4]
409:77.85, 10:10 [4, 6292, 78, 215, -4]
410:142.04, 9:10 [4, 271, 3654, 2564, -4]
501:80.89, 2:10 [5, 13923, -5]
502:86.66, 8:10 [5, 180, 12282, 6500, -5]
503:23.61, 8:10 [5, 7868, 126, -5]
504:64.73, 10:10 [5, 2296, 37, 110, -5]
505:74.89, 4:10 [5, 243, -5]
506:72.87, 4:10 [5, 273, 16867, -5]
fe: 2, se: 15

Day: 1, Time: 405
Total Cost: 1556.17
 11:66.27, 74:75 [2, 6, -6, -2]
 12:66.27, 9:75 [2, 6, -2]
 13:145.23, 43:75 [2, 7, -2]
601:55.43, 10:10 [6, 3055, 23, 260, -6]
602:114.25, 8:10 [6, 139, 112, 6021, 16095, 16, -6]
603:94.39, 8:10 [6, 199, 247, 11744, -6]
604:137.75, 10:10 [6, 313, 47, 257, 108, -6]
605:28.58, 9:10 [6, 28, 31, 288, -6]
606:125.23, 10:10 [6, 102, 303, 176, 295, 3852, -6]
607:137.56, 10:10 [6, 70, 56, 267, 191, -6]
609:98.05, 10:10 [6, 25, 10771, 7318, 200, 2588, -6]
610:156.91, 9:10 [6, 204, 9122, 5826, 835, -6]
701:99.81, 9:10 [7, 36, 255, 83, 197, -7]
702:84.16, 10:10 [7, 6340, 210, 221, 244, -7]
703:54.47, 8:10 [7, 11, 132, 226, -7]
704:40.38, 7:10 [7, 169, 297, -7]
705:51.42, 9:10 [7, 283, 235, 1865, -7]
fe: 3, se: 14

Day: 1, Time: 405
Total Cost: 1570.96
 11:94.59, 72:75 [3, 8, -8, -3]
 12:90.24, 55:75 [3, 9, -3]
801:85.68, 10:10 [8, 285, 159, 12720, 158, 4611, -8]
802:88.13, 10:10 [8, 4928, 278, 119, -8]
803:113.71, 10:10 [8, 100, 82, 175, 317, -8]
804:126.82, 10:10 [8, 148, 131, 165, -8]
805:32.59, 7:10 [8, 75, 71, -8]
806:137.97, 10:10 [8, 252, 268, 189, 160, 266, -8]
807:70.26, 7:10 [8, 167, 233, -8]
809:95.09, 8:10 [8, 89, 86, 306, 15832, -8]
901:110.31, 9:10 [9, 277, 5664, 99, -9]
902:122.38, 9:10 [9, 299, 239, 5338, -9]
903:86.80, 8:10 [9, 312, 194, 58, -9]
905:124.96, 10:10 [9, 209, 64, 172, 3430, -9]
906:91.82, 10:10 [9, 2151, 34, 4171, -9]
907:99.59, 9:10 [9, 55, 120, 73, -9]
fe: 2, se: 14

Day: 1, Time: 420
Total Cost: 221.19
 11:153.31, 4:75 [1, -5, -1]
501:67.88, 4:10 [5, 11388, -5]
fe: 1, se: 1

Day: 1, Time: 420
Total Cost: 125.18
 11:66.27, 6:75 [2, -6, -2]
601:58.91, 6:10 [6, 11840, 15737, -6]
fe: 1, se: 1

Day: 1, Time: 450
Total Cost: 309.62
 11:136.01, 6:75 [1, 4, -1]
401:63.53, 3:10 [4, 906, -4]
402:110.07, 3:10 [4, 7883, -4]
fe: 1, se: 2

Day: 1, Time: 450
Total Cost: 630.73
 11:66.27, 38:75 [2, 6, -2]
601:92.50, 9:10 [6, 6258, 116, 6075, 1068, -6]
602:33.29, 3:10 [6, 5734, -6]
603:128.48, 9:10 [6, 245, 8318, 5238, -6]
604:77.90, 4:10 [6, 4362, -6]
605:96.25, 5:10 [6, 7138, 1986, -6]
606:78.01, 5:10 [6, 129, 5603, -6]
607:58.03, 3:10 [6, 269, -6]
fe: 1, se: 7

Day: 1, Time: 450
Total Cost: 560.85
 11:94.59, 39:75 [3, 8, -3]
 12:90.24, 7:75 [3, 9, -3]
801:63.96, 9:10 [8, 318, 3100, 6101, -8]
803:42.49, 6:10 [8, 1168, 237, -8]
804:53.75, 10:10 [8, 223, 4911, 8484, -8]
805:40.05, 4:10 [8, 1257, -8]
806:122.94, 10:10 [8, 2465, 246, 6779, -8]
902:52.83, 7:10 [9, 3279, 3794, -9]
fe: 2, se: 6

Day: 1, Time: 460
Total Cost: 309.95
 11:136.01, 7:75 [1, 4, -1]
401:103.48, 4:10 [4, 311, -4]
402:70.46, 3:10 [4, 6823, -4]
fe: 1, se: 2

Day: 1, Time: 460
Total Cost: 595.04
 11:66.27, 22:75 [2, 6, -2]
601:34.00, 3:10 [6, 50, -6]
602:46.86, 4:10 [6, 150, -6]
603:141.18, 5:10 [6, 181, 22, -6]
604:155.18, 5:10 [6, 286, 225, -6]
605:113.97, 3:10 [6, 253, 304, -6]
606:37.58, 2:10 [6, 195, -6]
fe: 1, se: 6

Day: 1, Time: 460
Total Cost: 393.82
 11:90.24, 9:75 [3, 9, -3]
901:111.96, 4:10 [9, 121, 35, 12, -9]
902:155.56, 1:10 [9, 241, -9]
903:36.06, 4:10 [9, 98, -9]
fe: 1, se: 3

Day: 1, Time: 495
Total Cost: 420.84
 11:66.27, 17:75 [2, 6, -2]
601:102.86, 2:10 [6, 1806, -6]
602:72.55, 6:10 [6, 63, 24, -6]
603:98.08, 2:10 [6, 152, -6]
605:81.08, 7:10 [6, 214, 319, -6]
fe: 1, se: 4

Day: 1, Time: 495
Total Cost: 634.30
 11:94.59, 14:75 [3, 8, -3]
 12:90.24, 16:75 [3, 9, -3]
801:48.37, 4:10 [8, 263, -8]
802:66.75, 4:10 [8, 163, -8]
803:83.45, 3:10 [8, 104, -8]
804:44.94, 3:10 [8, 92, -8]
903:82.80, 4:10 [9, 4565, -9]
904:47.10, 7:10 [9, 41, 146, -9]
905:76.04, 5:10 [9, 264, 291, -9]
fe: 2, se: 7


Day	Area	ID	Time	Load	Utilization	NoOrders	AssignmentCost
1	1	26	270	 22	0.37	 9	295.00
1	1	118	300	 90	0.75	38	1950.00
1	1	27	315	 60	1.00	22	675.00
1	1	 8	315	 60	1.00	32	675.00
1	1	28	360	 60	1.00	20	675.00
1	1	128	400	 26	0.22	12	670.00
1	1	10	405	 51	0.85	16	585.00
1	1	32	540	  4	0.06	 1	92.00
1	1	19	810	 48	1.00	20	666.00
1	1	38	810	 48	1.00	17	666.00
1	2	43	180	 40	0.83	14	570.00
1	2	45	270	 38	0.63	17	455.00
1	2	145	300	 94	0.78	53	2030.00
1	2	65	315	 60	1.00	18	675.00
1	2	46	315	 60	1.00	16	675.00
1	2	66	360	 15	0.25	 4	225.00
1	2	75	765	 21	0.44	 6	342.00
1	2	76	810	 48	1.00	21	666.00
1	2	57	810	 48	1.00	19	666.00
1	3	82	225	 53	0.88	19	605.00
1	3	83	270	 58	0.97	20	655.00
1	3	102	270	 56	0.93	26	635.00
1	3	154	300	 53	0.44	36	1210.00
1	3	84	315	 59	0.98	20	665.00
1	3	103	315	 60	1.00	17	675.00
1	3	104	360	 15	0.25	 6	225.00
1	3	164	400	 12	0.10	 4	390.00
1	3	110	630	 25	0.42	 7	325.00
1	3	95	810	 48	1.00	19	666.00
1	3	114	810	 48	1.00	21	666.00


Day	Area	Time	Pickup	Delivery	Direct	FEVehicles	SEVehicles	ALNSTime	ALNSBestTime	RoutingCostArea
1	1	0	111	55	0	5	44	124.09	90.51	5230.63
1	1	25	6	0	0	2	3	0.70	0.00	643.19
1	1	50	4	0	0	2	2	0.44	0.00	547.56
1	1	55	3	0	0	2	2	0.43	0.00	477.42
1	1	60	2	0	0	1	1	0.30	0.00	268.45
1	1	65	0	0	1	0	0	0.00	0.00	500.00
1	1	70	3	0	0	2	2	0.34	0.00	466.36
1	1	95	3	0	0	1	3	0.36	0.00	441.53
1	1	105	3	0	0	2	2	0.37	0.00	430.91
1	1	130	2	0	0	1	1	0.31	0.00	255.52
1	1	135	2	0	1	1	1	0.24	0.00	723.21
1	1	150	4	0	0	3	3	0.49	0.00	623.25
1	1	155	1	0	2	1	1	0.19	0.00	1191.19
1	1	170	1	0	0	1	1	0.19	0.00	223.08
1	1	175	2	0	0	1	1	0.24	0.00	177.94
1	1	180	0	0	1	0	0	0.00	0.00	500.00
1	1	315	18	18	0	2	6	5.75	3.77	1045.84
1	1	360	11	71	0	2	15	40.02	32.57	2180.29
1	1	405	5	32	0	2	15	4.57	2.51	1569.35
1	1	420	1	0	0	1	1	0.20	0.00	221.19
1	1	450	0	2	0	1	2	0.27	0.00	309.62
1	1	460	0	2	0	1	2	0.28	0.00	309.95
1	2	0	94	58	0	4	39	174.38	142.50	3855.82
1	2	35	7	0	0	1	2	0.52	0.00	334.06
1	2	40	1	0	0	1	1	0.19	0.00	177.79
1	2	55	1	0	0	1	1	0.17	0.00	145.19
1	2	80	2	0	0	1	1	0.28	0.00	147.66
1	2	90	3	0	0	2	3	0.42	0.00	314.37
1	2	105	4	0	0	1	3	0.48	0.00	375.42
1	2	115	3	0	0	2	3	0.28	0.00	334.50
1	2	120	1	0	0	1	1	0.19	0.00	175.23
1	2	125	1	0	0	1	1	0.19	0.00	163.60
1	2	135	1	0	0	1	1	0.19	0.00	161.10
1	2	150	1	0	0	1	1	0.19	0.00	105.57
1	2	160	0	0	2	0	0	0.00	0.00	1000.00
1	2	165	1	0	0	1	1	0.19	0.00	125.50
1	2	170	2	0	0	1	2	0.32	0.00	206.73
1	2	180	0	0	1	0	0	0.00	0.00	500.00
1	2	275	16	0	0	1	5	1.32	0.00	708.61
1	2	290	6	0	0	1	2	0.51	0.00	395.98
1	2	360	15	75	0	3	17	56.16	48.53	1683.41
1	2	405	4	48	0	3	14	18.84	16.14	1556.17
1	2	420	2	0	0	1	1	0.24	0.00	125.18
1	2	450	0	14	0	1	7	0.87	0.00	630.73
1	2	460	0	9	0	1	6	0.71	0.00	595.04
1	2	495	0	6	0	1	4	0.33	0.00	420.84
1	3	0	106	67	0	6	43	125.29	85.17	4490.43
1	3	20	8	0	0	1	3	0.74	0.00	361.61
1	3	35	1	0	0	1	1	0.19	0.00	176.89
1	3	40	2	0	0	1	1	0.29	0.00	217.79
1	3	60	4	0	0	2	2	0.60	0.00	404.90
1	3	80	5	0	0	2	4	0.50	0.00	501.35
1	3	85	2	0	0	1	2	0.24	0.00	143.07
1	3	90	1	0	0	1	1	0.19	0.00	178.14
1	3	105	1	0	1	1	1	0.19	0.00	664.49
1	3	110	4	0	0	2	4	0.56	0.01	538.58
1	3	125	5	0	0	2	3	0.60	0.00	436.20
1	3	135	1	0	1	1	1	0.18	0.00	635.19
1	3	145	1	0	1	1	1	0.18	0.00	649.07
1	3	150	2	0	0	1	2	0.29	0.00	197.75
1	3	155	1	0	0	1	1	0.19	0.00	148.55
1	3	165	1	0	0	1	1	0.19	0.00	154.52
1	3	175	1	0	0	1	1	0.19	0.00	139.27
1	3	180	5	0	0	4	5	0.79	0.00	644.55
1	3	285	21	0	0	1	6	4.33	1.89	808.23
1	3	360	12	68	0	3	17	23.46	4.29	1789.79
1	3	395	6	0	0	1	3	0.50	0.00	415.22
1	3	405	2	45	0	2	14	6.11	3.94	1570.96
1	3	450	0	14	0	2	6	0.77	0.00	560.85
1	3	460	0	5	0	1	3	0.58	0.01	393.82
1	3	495	0	9	0	2	7	0.71	0.00	634.30

Day	SL	Own	DispatchTimes	AssignmentCost	RoutingCost	TotalCost
1	25	5	46	19970.00	49430.52	69400.52

Total Cost: 69400.51801625124
Cost per Day: 69400.51801625124
Running time in Seconds: 912.575
Running time in minutes: 15.209583333333333