INSTANCE: 3hubs_MND_A_43_x.csv
PARAMETER: sp_mnd_loose_20_120_3hubs.txt
POLICY: Stochastic Programming
ALPHA: 0.025443601431184
BETA: 58
OMEGA: 586
EPSILON: 1.54116824967342

Day: 1, Time: 0
Total Cost: 6555.41
 11:136.01, 74:75 [1, 4, -4, -1]
 12:136.01, 53:75 [1, 4, -4, -1]
 13:136.01, 22:75 [1, 4, -4, -1]
 14:153.31, 51:75 [1, 5, -5, -1]
 15:153.31, 72:75 [1, 5, -5, -1]
 16:153.31, 4:75 [1, -5, -1]
 18:136.01, 10:75 [1, 4, -1]
 22:153.31, 18:75 [1, 5, -1]
 26:153.31, 40:75 [1, 5, -5, -1]
401:69.93, 8:10 [4, 8713, 8501, 8900, 8738, -4]
403:46.39, 6:10 [4, 8961, 8485, -4]
404:114.83, 10:10 [4, 8624, 8591, 8549, 8292, 9000, -4]
405:74.58, 10:10 [4, 8695, 8892, 8525, 8651, 8302, -4]
406:152.80, 10:10 [4, 8379, 8332, 8350, 8737, 8859, 8450, 8787, -4]
407:145.41, 10:10 [4, 8968, 8672, 8322, 8724, 8635, 8509, 8841, -4]
408:134.69, 10:10 [4, 8677, 8527, 8626, 8584, 8789, 8544, -4]
409:39.60, 10:10 [4, 8842, 8380, 8309, 8337, -4]
410:24.69, 5:10 [4, 8602, 8425, 8832, -4]
411:85.06, 10:10 [4, 8391, 8686, 8593, 8967, 8999, -4]
412:173.54, 10:10 [4, 8721, 8520, 8719, 8693, 8641, 8561, 8920, 8851, -4]
413:69.30, 9:10 [4, 8921, 8690, 8765, 8568, -4]
414:100.20, 9:10 [4, 8733, 8324, 8333, 8607, -4]
415:62.15, 10:10 [4, 8363, 8498, 8546, -4]
416:67.63, 9:10 [4, 8756, 8780, 8746, -4]
418:69.97, 10:10 [4, 8931, 8943, 8857, 8939, -4]
419:91.04, 10:10 [4, 8495, 8458, 8506, 8897, 8491, -4]
420:107.28, 10:10 [4, 8959, 8469, 8707, 8586, -4]
421:73.44, 7:10 [4, 8981, 8576, 8982, -4]
422:161.51, 10:10 [4, 8341, 8960, 8996, 8376, 8486, -4]
423:136.52, 10:10 [4, 8613, 8763, 8816, 8918, 8343, 8826, 8674, 8886, -4]
424:96.96, 9:10 [4, 8736, 8788, 9022, 8709, 9034, 8433, 8885, -4]
426:144.82, 10:10 [4, 8632, 8912, 8548, 8754, 8494, 8987, 8536, -4]
429:116.27, 9:10 [4, 8522, 8957, 8342, 8760, 8866, 8649, -4]
501:67.04, 9:10 [5, 8500, 8684, 8698, -5]
502:125.14, 10:10 [5, 8699, 8739, 8468, 8566, 8589, 8490, 8865, 8741, -5]
503:64.60, 10:10 [5, 8989, 8815, 8345, -5]
504:101.00, 10:10 [5, 8813, 8697, 8306, 8577, 8910, -5]
505:148.52, 10:10 [5, 8352, 8390, 8361, 8768, 8940, 8843, 8537, -5]
506:159.56, 10:10 [5, 8783, 8300, 8860, 8562, 9023, 8636, 8384, 8681, 8792, -5]
507:96.97, 10:10 [5, 8694, 8483, 8976, 8833, 8882, -5]
508:80.04, 10:10 [5, 8767, 8328, 8552, -5]
509:115.64, 10:10 [5, 8305, 8382, 8355, 8658, -5]
510:94.01, 9:10 [5, 8340, 9002, 8802, 8720, 8874, -5]
511:114.56, 10:10 [5, 8845, 8994, 8867, 8419, -5]
512:179.97, 10:10 [5, 8852, 9032, 8668, 8559, 9026, 9028, -5]
513:73.82, 10:10 [5, 8877, 8909, 8862, 8944, 8396, -5]
514:122.81, 9:10 [5, 8745, 8735, 8347, 8948, 8555, -5]
515:73.05, 10:10 [5, 8727, 8644, 8403, 8958, 8524, -5]
516:165.55, 10:10 [5, 8364, 8782, 8758, 8479, 8861, -5]
517:118.93, 10:10 [5, 8974, 8543, 8911, 8529, 8925, 8339, 8488, -5]
518:89.07, 8:10 [5, 8696, 8868, 8730, 8680, 8924, 8883, -5]
519:132.44, 4:10 [5, 8871, -5]
520:179.10, 10:10 [5, 8941, 8599, 8856, 8692, 8565, 8809, 8708, -5]
522:158.83, 10:10 [5, 8480, 8715, 8436, 8642, 8353, -5]
523:37.34, 9:10 [5, 8326, 8604, 8429, 8377, 8523, -5]
524:50.87, 8:10 [5, 8563, 8761, 8743, 8775, 8798, -5]
527:117.26, 9:10 [5, 8473, 8528, 8535, 8825, -5]
530:58.11, 8:10 [5, 8354, 8887, 8335, 8934, 8569, -5]
533:161.97, 10:10 [5, 8457, 8596, 8588, 8927, -5]
fe: 9, se: 50

Day: 1, Time: 5
Total Cost: 5181.25
 11:66.27, 74:75 [2, 6, -6, -2]
 12:66.27, 75:75 [2, 6, -6, -2]
 13:66.27, 75:75 [2, 6, -6, -2]
 14:145.23, 71:75 [2, 7, -7, -2]
 15:66.27, 33:75 [2, 6, -6, -2]
 16:145.23, 18:75 [2, 7, -7, -2]
 30:145.23, 10:75 [2, 7, -7, -2]
601:173.64, 10:10 [6, 8647, 8424, 8873, 9001, 8387, 8914, 8963, 8320, -6]
602:77.25, 9:10 [6, 8808, 8947, 8671, 8879, 8499, -6]
603:110.41, 8:10 [6, 8587, 8678, 8372, 8670, 8770, -6]
604:102.80, 10:10 [6, 8998, 8455, 8838, 8327, 8752, 8558, -6]
605:56.55, 7:10 [6, 8366, 8290, 8441, -6]
606:85.44, 8:10 [6, 8847, 8951, 8846, -6]
607:100.93, 10:10 [6, 8547, 8818, 8952, 8660, 8476, 8893, -6]
608:76.24, 10:10 [6, 8666, 8611, 8594, -6]
609:146.20, 10:10 [6, 8637, 8422, 8837, 8432, 8386, 8346, 8949, 8983, 8620, 8840, -6]
610:74.91, 10:10 [6, 8762, 8321, 8705, 8291, 8926, -6]
611:102.83, 9:10 [6, 8665, 8870, 8795, 8313, 8970, 8294, 8975, -6]
612:159.52, 10:10 [6, 8973, 8430, 8923, 8800, 8310, 9009, 8416, 8964, -6]
613:117.04, 10:10 [6, 8368, 8718, 9014, 8519, 9004, 8831, -6]
614:37.66, 7:10 [6, 9012, 8634, -6]
615:136.28, 10:10 [6, 8550, 8643, 8977, 8864, 8616, 9020, 8855, -6]
616:102.25, 7:10 [6, 8551, 8875, 8466, -6]
617:79.70, 10:10 [6, 8404, 8464, 8394, 8359, -6]
618:82.27, 9:10 [6, 8532, 8725, 8776, 8467, 8820, 8405, -6]
619:81.49, 10:10 [6, 8317, 8497, 8474, 8446, 9017, 8545, -6]
620:79.41, 10:10 [6, 8323, 8625, 8853, 8393, 8930, 8608, -6]
621:109.00, 10:10 [6, 8378, 8392, 8307, 8704, 8373, 8513, -6]
622:153.37, 10:10 [6, 8653, 8822, 8685, 8759, 8753, 8749, 8437, -6]
623:55.31, 9:10 [6, 8299, 8679, 8357, -6]
624:96.92, 9:10 [6, 8503, 8400, 8581, 8703, 8702, 8978, -6]
625:37.16, 8:10 [6, 8493, 8669, -6]
626:83.20, 8:10 [6, 8542, 8988, 8471, 8449, -6]
627:168.69, 10:10 [6, 8830, 8349, 8443, 8567, 9025, 8448, 8744, 8650, 8872, -6]
628:112.13, 10:10 [6, 8512, 8557, 8898, 8601, 8296, 8997, -6]
629:138.31, 10:10 [6, 8723, 8375, 8507, 8793, 9008, 8556, -6]
630:137.79, 9:10 [6, 8962, 8383, 8605, 8786, 8979, 8652, -6]
631:130.10, 9:10 [6, 8609, 8538, 8827, 8452, 8598, 8972, -6]
632:8.25, 4:10 [6, 8526, -6]
633:34.23, 2:10 [6, 8805, -6]
648:128.14, 10:10 [6, 8319, 8729, 8580, 8922, 8447, 8415, 8955, 8612, -6]
701:83.29, 10:10 [7, 8314, 8630, 8336, 8325, 8574, -7]
702:58.09, 9:10 [7, 8728, 8726, 8804, -7]
703:54.77, 10:10 [7, 8688, 8573, 8445, -7]
704:83.18, 10:10 [7, 8597, 8451, 8344, 8895, 8896, 8627, 8560, 8965, 8434, -7]
705:41.95, 9:10 [7, 8814, 8439, 8481, -7]
707:56.14, 10:10 [7, 14015, 8460, 8414, 8521, 8654, -7]
709:47.63, 10:10 [7, 8971, 8676, 8631, 8517, -7]
711:97.42, 9:10 [7, 8442, 8687, 8772, 8411, 8348, 9011, -7]
715:67.68, 9:10 [7, 8894, 8858, 8553, 9027, -7]
716:83.16, 10:10 [7, 8619, 8915, 8623, 8778, 8796, 8878, -7]
717:68.41, 6:10 [7, 9016, 8717, 8848, 8463, 8881, -7]
718:119.32, 10:10 [7, 8673, 8716, 8475, 8435, 9015, -7]
719:139.50, 9:10 [7, 8389, 8740, 8582, 8298, 8534, 8849, 8810, -7]
720:104.48, 9:10 [7, 8992, 8655, 8440, 8489, 8711, 8639, 8903, 9029, -7]
fe: 7, se: 48

Day: 1, Time: 5
Total Cost: 5290.32
 11:94.59, 72:75 [3, 8, -8, -3]
 12:94.59, 74:75 [3, 8, -8, -3]
 13:94.59, 71:75 [3, 8, -8, -3]
 14:90.24, 37:75 [3, 9, -9, -3]
 15:90.24, 73:75 [3, 9, -9, -3]
 16:94.59, 10:75 [3, 8, -8, -3]
 17:94.59, 20:75 [3, 8, -8, -3]
 24:90.24, 27:75 [3, 9, -9, -3]
801:87.54, 10:10 [8, 8811, 8656, 8828, 8409, 8751, -8]
802:143.25, 10:10 [8, 8417, 9003, 8540, 8541, 8722, 8492, 8836, -8]
803:114.32, 10:10 [8, 9013, 8750, 8935, 8990, 8764, -8]
804:112.69, 10:10 [8, 8777, 8791, 8700, 9031, -8]
805:52.31, 8:10 [8, 8784, 8301, -8]
806:88.57, 9:10 [8, 8407, 8518, 8402, 8504, 8714, -8]
807:67.95, 8:10 [8, 8531, 8969, 8575, 8773, -8]
808:93.17, 10:10 [8, 8929, 8420, 9007, 8423, 8779, -8]
809:169.52, 10:10 [8, 8683, 8821, 8600, 8648, 8533, 8942, -8]
810:63.45, 10:10 [8, 8638, 8891, 9033, 8603, 8908, 8869, -8]
811:85.07, 10:10 [8, 8991, 8675, 8438, 8367, 8334, 8421, -8]
812:107.23, 10:10 [8, 8645, 8482, 8629, 8412, 8794, 8906, -8]
813:72.26, 10:10 [8, 8966, 8661, 8863, 8515, 8919, -8]
814:109.84, 10:10 [8, 8365, 8797, 8621, 8444, -8]
815:170.19, 10:10 [8, 8610, 8890, 8311, 8628, 8785, 8691, 8880, -8]
816:93.16, 9:10 [8, 8755, 8539, 8657, 8617, -8]
817:86.62, 10:10 [8, 8358, 8606, 8766, 8757, 8748, 8950, -8]
818:89.11, 10:10 [8, 8985, 8946, 8663, 8917, -8]
819:109.78, 10:10 [8, 8456, 8945, 8954, 8516, 8799, 8395, 8801, -8]
820:50.83, 8:10 [8, 8742, 8410, 8397, -8]
821:99.91, 10:10 [8, 8933, 8615, 8362, 8936, 9030, 8370, 8938, -8]
822:46.12, 8:10 [8, 8889, 8907, -8]
823:155.82, 10:10 [8, 8510, 9024, 8508, 8478, 9019, -8]
824:147.67, 10:10 [8, 8472, 8888, 8371, 8850, 8502, 8774, 8829, 8554, 8993, -8]
825:94.76, 10:10 [8, 8428, 8297, 8854, 8595, 8454, -8]
826:102.63, 10:10 [8, 8590, 8329, 8902, 9021, 8769, 8351, -8]
831:126.24, 10:10 [8, 8418, 8835, 8771, 8884, 8356, -8]
833:121.81, 10:10 [8, 8308, 8689, 8953, 8318, 8747, 8614, 8401, 8461, 8913, -8]
901:123.10, 10:10 [9, 8312, 8834, 8295, 8427, -9]
902:149.67, 10:10 [9, 8477, 8618, 8706, 8781, 8360, 8304, 8824, 8712, 8899, -9]
903:36.17, 7:10 [9, 8487, 8701, 8585, -9]
904:79.76, 9:10 [9, 8385, 8578, 8844, 8646, -9]
905:132.42, 10:10 [9, 8571, 8470, 8682, 8937, 8592, 8399, -9]
907:109.54, 10:10 [9, 8640, 8388, 9010, 8839, 8928, 8431, -9]
908:66.88, 10:10 [9, 8331, 8315, 8731, 8511, 8369, -9]
909:33.03, 10:10 [9, 8338, 8659, 8496, -9]
910:124.31, 10:10 [9, 8330, 8406, 9005, 8905, 8583, 8381, 8807, -9]
911:144.81, 10:10 [9, 8667, 8514, 8293, 8790, 8303, 8413, 9018, 8633, -9]
912:85.20, 10:10 [9, 8734, 8664, 8817, 8572, 8505, 8662, 8904, 8570, -9]
913:109.12, 10:10 [9, 8408, 8876, 8823, 8916, 8806, -9]
915:48.83, 10:10 [9, 8812, 8986, 8316, -9]
916:67.02, 9:10 [9, 9006, 8564, 8803, 8901, 8995, -9]
919:150.60, 10:10 [9, 8453, 8465, 8984, 8819, 8956, 8459, -9]
921:110.23, 10:10 [9, 8710, 8579, 8980, 8398, 8426, 8462, 8732, 8932, -9]
923:114.11, 10:10 [9, 8530, 8484, 8374, 8622, -9]
fe: 8, se: 45

Day: 1, Time: 45
Total Cost: 696.30
 12:94.59, 19:75 [3, -8, -3]
 13:90.24, 11:75 [3, -9, -3]
801:71.17, 9:10 [8, 9651, 14769, 11955, -8]
802:227.28, 10:10 [8, 15822, 14297, 16268, -8]
901:142.90, 4:10 [9, 16702, -9]
902:70.12, 7:10 [9, 14941, 16446, -9]
fe: 2, se: 4

Day: 1, Time: 60
Total Cost: 963.55
 11:136.01, 11:75 [1, -4, -1]
 12:136.01, 8:75 [1, -4, -1]
 13:153.31, 6:75 [1, -5, -1]
401:183.68, 9:10 [4, 11343, 11292, 9547, 14782, -4]
402:119.53, 8:10 [4, 11199, 16740, 15119, -4]
403:76.97, 2:10 [4, 13761, -4]
502:52.44, 2:10 [5, 11667, 16058, -5]
503:105.60, 4:10 [5, 10389, -5]
fe: 3, se: 5

Day: 1, Time: 75
Total Cost: 866.08
 11:66.27, 12:75 [2, -6, -2]
 12:66.27, 3:75 [2, -6, -2]
 13:66.27, 10:75 [2, -6, -2]
 14:145.23, 9:75 [2, -7, -2]
601:202.79, 9:10 [6, 15058, 15737, 10893, 10302, -6]
602:114.48, 3:10 [6, 11884, 14542, -6]
603:41.12, 3:10 [6, 9740, 16554, -6]
604:92.03, 10:10 [6, 14402, 10997, 15135, -6]
701:71.61, 9:10 [7, 16283, 14625, 12052, -7]
fe: 4, se: 5

Day: 1, Time: 80
Total Cost: 436.56
 11:94.59, 12:75 [3, -8, -3]
 12:90.24, 6:75 [3, -9, -3]
801:51.39, 5:10 [8, 11106, 10792, 12327, -8]
802:99.33, 7:10 [8, 9311, 14678, -8]
901:101.01, 6:10 [9, 14460, 15885, -9]
fe: 2, se: 3

Day: 1, Time: 95
Total Cost: 323.95
 11:66.27, 7:75 [2, -6, -2]
 12:66.27, 1:75 [2, -6, -2]
601:141.25, 7:10 [6, 11583, 10887, -6]
602:50.16, 1:10 [6, 15187, -6]
fe: 2, se: 2

Day: 1, Time: 105
Total Cost: 758.18
 11:136.01, 24:75 [1, -4, -1]
 13:153.31, 1:75 [1, -5, -1]
401:182.43, 8:10 [4, 12408, 9212, 10616, 9226, -4]
402:51.89, 7:10 [4, 11304, 11600, -4]
403:178.08, 9:10 [4, 14018, 16354, 13244, -4]
502:56.46, 1:10 [5, 13770, -5]
fe: 2, se: 4

Day: 1, Time: 120
Total Cost: 702.49
 11:94.59, 21:75 [3, -8, -3]
 12:90.24, 9:75 [3, -9, -3]
801:103.67, 5:10 [8, 16788, 14540, -8]
802:81.64, 8:10 [8, 15783, 15538, -8]
803:181.66, 8:10 [8, 13833, 13494, 9602, -8]
903:52.35, 4:10 [9, 16567, -9]
904:98.34, 5:10 [9, 13992, 13714, -9]
fe: 2, se: 5

Day: 1, Time: 135
Total Cost: 858.52
 12:136.01, 3:75 [1, -4, -1]
 13:153.31, 6:75 [1, -5, -1]
 14:153.31, 13:75 [1, -5, -1]
402:126.87, 3:10 [4, 13307, 14198, -4]
501:54.14, 6:10 [5, 14466, 13851, -5]
502:36.88, 4:10 [5, 10738, -5]
503:197.99, 9:10 [5, 10530, 15778, 15700, -5]
fe: 3, se: 4

Day: 1, Time: 135
Total Cost: 746.85
 11:66.27, 19:75 [2, -6, -2]
 12:66.27, 4:75 [2, -6, -2]
 13:145.23, 3:75 [2, -7, -2]
601:107.90, 9:10 [6, 14576, 16311, 14892, 9150, -6]
602:97.59, 4:10 [6, 11168, -6]
605:210.78, 10:10 [6, 10985, 12094, 14588, 11657, 11567, -6]
701:52.80, 3:10 [7, 16945, -7]
fe: 3, se: 4

Day: 1, Time: 135
Total Cost: 691.78
 11:94.59, 5:75 [3, -8, -3]
 12:94.59, 8:75 [3, -8, -3]
 13:90.24, 8:75 [3, -9, -3]
801:87.66, 3:10 [8, 14346, -8]
802:132.10, 8:10 [8, 15643, 11584, 16482, 12015, -8]
803:85.44, 2:10 [8, 13887, -8]
901:107.15, 8:10 [9, 9847, 16464, 15456, -9]
fe: 3, se: 4

Day: 1, Time: 145
Total Cost: 156.83
 11:66.27, 3:75 [2, -6, -2]
601:90.55, 3:10 [6, 12058, -6]
fe: 1, se: 1

Day: 1, Time: 150
Total Cost: 548.76
 11:90.24, 2:75 [3, -9, -3]
 12:90.24, 4:75 [3, -9, -3]
 13:90.24, 3:75 [3, -9, -3]
901:69.77, 1:10 [9, 9820, -9]
902:116.50, 4:10 [9, 12083, -9]
903:77.20, 1:10 [9, 13646, -9]
904:14.56, 3:10 [9, 11507, -9]
fe: 3, se: 4

Day: 1, Time: 155
Total Cost: 299.24
 11:66.27, 1:75 [2, -6, -2]
 12:66.27, 1:75 [2, -6, -2]
601:90.80, 1:10 [6, 16551, -6]
602:75.89, 1:10 [6, 13284, -6]
fe: 2, se: 2

Day: 1, Time: 180
Total Cost: 405.04
 11:90.24, 6:75 [3, -9, -3]
 12:90.24, 1:75 [3, -9, -3]
901:189.12, 6:10 [9, 10837, 16401, 13657, -9]
902:35.44, 1:10 [9, 11250, -9]
fe: 2, se: 2

Day: 1, Time: 200
Total Cost: 420.02
 11:179.78, 15:75 [1, -4, -5, -1]
402:94.47, 7:10 [4, 9637, 11412, 9186, -4]
501:145.77, 8:10 [5, 13237, 16935, 11821, 15765, -5]
fe: 1, se: 2

Day: 1, Time: 295
Total Cost: 1035.78
 11:94.59, 45:75 [3, -8, -3]
 12:90.24, 36:75 [3, -9, -3]
801:164.29, 10:10 [8, 14054, 15661, 12886, 10481, -8]
802:116.55, 10:10 [8, 10446, 12350, 9979, 13278, -8]
803:115.72, 8:10 [8, 9941, 9509, 12768, 9316, -8]
804:27.57, 8:10 [8, 11207, 9304, -8]
805:46.17, 9:10 [8, 10100, 10203, 11491, -8]
901:42.11, 8:10 [9, 12410, 9368, -9]
902:112.14, 10:10 [9, 12262, 11709, 14667, -9]
903:127.27, 8:10 [9, 9762, 11700, 14900, 12318, -9]
904:99.12, 10:10 [9, 9284, 9969, 15269, 13843, -9]
fe: 2, se: 9

Day: 1, Time: 300
Total Cost: 1052.50
 11:66.27, 67:75 [2, -6, -2]
 12:145.23, 9:75 [2, -7, -2]
601:125.91, 9:10 [6, 12024, 14330, 10121, -6]
602:60.85, 9:10 [6, 15287, 10485, 14724, -6]
603:99.42, 10:10 [6, 16582, 12928, 14534, -6]
604:95.18, 10:10 [6, 11614, 10207, 13653, 9701, -6]
605:160.37, 10:10 [6, 14718, 12324, 13586, 16442, -6]
607:124.45, 9:10 [6, 13483, 10283, 14218, 14274, -6]
608:97.14, 10:10 [6, 16941, 15354, 15543, -6]
701:77.67, 9:10 [7, 16575, 14873, 15775, -7]
fe: 2, se: 8

Day: 1, Time: 320
Total Cost: 924.49
 11:136.01, 27:75 [1, -4, -1]
 12:153.31, 32:75 [1, -5, -1]
402:100.99, 10:10 [4, 16423, 13835, 14072, 16602, 10901, 15325, -4]
403:72.21, 10:10 [4, 16465, 9707, 11433, -4]
405:21.76, 7:10 [4, 10615, 15445, -4]
501:98.16, 9:10 [5, 14518, 13588, 14752, 11137, -5]
502:165.94, 10:10 [5, 11497, 16510, 13897, 16403, -5]
503:68.16, 7:10 [5, 12622, 13858, -5]
504:107.93, 6:10 [5, 9411, 11242, -5]
fe: 2, se: 7

Day: 1, Time: 360
Total Cost: 1431.22
 11:136.01, 40:75 [1, 4, -4, -1]
 12:153.31, 35:75 [1, 5, -5, -1]
401:137.25, 8:10 [4, 36, 130, -4]
402:88.93, 10:10 [4, 89, 35, 320, 287, -4]
403:135.41, 8:10 [4, 12081, 58, 260, -4]
404:143.34, 8:10 [4, 121, 11, 96, 227, -4]
405:161.55, 10:10 [4, 149, 323, 238, 141, -4]
501:52.15, 8:10 [5, 173, 229, 317, -5]
502:165.78, 7:10 [5, 272, 1050, 289, 60, -5]
503:113.88, 10:10 [5, 138, 144, 8255, 79, -5]
504:32.80, 4:10 [5, 7593, -5]
506:110.80, 7:10 [5, 308, 330, 16250, 14957, -5]
fe: 2, se: 10

Day: 1, Time: 360
Total Cost: 738.52
 11:94.59, 29:75 [3, 8, -8, -3]
801:94.32, 7:10 [8, 12592, 15227, 236, 11824, -8]
802:92.65, 5:10 [8, 15534, 16770, -8]
803:131.53, 9:10 [8, 15596, 12540, 9415, 16140, 14313, -8]
804:152.32, 9:10 [8, 12675, 5935, 10649, 11639, 314, -8]
806:173.10, 6:10 [8, 6497, 9525, 4213, 4594, -8]
fe: 1, se: 5

Day: 1, Time: 380
Total Cost: 791.64
 11:66.27, 40:75 [2, 6, -6, -2]
601:55.84, 2:10 [6, 74, 13391, -6]
602:117.33, 9:10 [6, 6251, 212, 9652, 14703, 9813, -6]
603:110.73, 8:10 [6, 279, 256, 12014, 14677, -6]
604:128.65, 9:10 [6, 331, 11187, 16027, 8012, 10146, 245, -6]
606:140.26, 10:10 [6, 217, 15699, 14777, 199, -6]
608:172.56, 10:10 [6, 2817, 15949, 76, 10199, 239, -6]
fe: 1, se: 6

Day: 1, Time: 405
Total Cost: 1308.60
 11:136.01, 36:75 [1, 4, -4, -1]
 12:153.31, 32:75 [1, 5, -5, -1]
401:90.17, 9:10 [4, 315, 133, 10, -4]
403:82.61, 10:10 [4, 621, 232, 5024, -4]
404:103.25, 9:10 [4, 87, 11523, 10030, 39, -4]
405:118.54, 5:10 [4, 11357, 10018, -4]
406:43.22, 8:10 [4, 118, 72, 11118, 174, -4]
407:57.41, 5:10 [4, 132, 15733, 191, 14687, -4]
410:157.59, 5:10 [4, 9767, 16823, -4]
501:113.27, 10:10 [5, 201, 225, 156, -5]
502:59.55, 6:10 [5, 280, 261, 13864, -5]
503:81.98, 6:10 [5, 3637, 59, 183, 226, -5]
504:26.49, 5:10 [5, 16521, 14240, -5]
506:85.18, 10:10 [5, 311, 296, 116, 281, -5]
fe: 2, se: 12

Day: 1, Time: 405
Total Cost: 1038.73
 11:66.27, 72:75 [2, 6, -6, -2]
601:163.11, 10:10 [6, 316, 11493, 181, 2977, 66, -6]
602:122.31, 10:10 [6, 40, 8050, 178, 7368, 1130, -6]
604:85.57, 10:10 [6, 6429, 53, 192, 11425, -6]
605:130.98, 10:10 [6, 172, 113, 5302, 312, -6]
606:82.45, 9:10 [6, 10497, 13521, 2560, 5656, -6]
607:97.13, 10:10 [6, 1699, 5776, 5197, -6]
608:153.18, 10:10 [6, 267, 7877, 90, 4956, -6]
610:137.73, 9:10 [6, 215, 13382, 10686, 343, 5161, -6]
fe: 1, se: 8

Day: 1, Time: 405
Total Cost: 1169.39
 12:90.24, 38:75 [3, 9, -9, -3]
 14:94.59, 33:75 [3, 8, -8, -3]
801:125.59, 7:10 [8, 13390, 286, 326, -8]
802:75.81, 10:10 [8, 125, 3368, 112, -8]
803:51.27, 4:10 [8, 30, 2509, -8]
804:146.41, 9:10 [8, 5080, 27, 143, 187, -8]
806:114.61, 9:10 [8, 10790, 69, 5712, 128, -8]
901:99.42, 9:10 [9, 157, 257, 16400, 165, 224, -9]
902:108.60, 9:10 [9, 2478, 15046, 70, 158, -9]
903:139.07, 8:10 [9, 108, 231, 262, -9]
906:84.75, 9:10 [9, 219, 15, 234, 180, -9]
907:39.03, 4:10 [9, 254, 11804, 33, -9]
fe: 2, se: 10

Day: 1, Time: 420
Total Cost: 270.33
 11:113.51, 4:75 [3, -8, -9, -3]
801:106.45, 2:10 [8, 13846, 11915, -8]
901:50.36, 2:10 [9, 16303, -9]
fe: 1, se: 2

Day: 1, Time: 425
Total Cost: 263.56
 11:136.01, 4:75 [1, -4, -1]
401:127.54, 4:10 [4, 11716, 10450, -4]
fe: 1, se: 1

Day: 1, Time: 430
Total Cost: 356.37
 11:151.76, 10:75 [2, -6, -7, -2]
601:89.54, 5:10 [6, 14086, 13326, -6]
602:54.15, 1:10 [6, 13342, -6]
701:60.93, 4:10 [7, 16617, -7]
fe: 1, se: 3

Day: 1, Time: 450
Total Cost: 305.85
 11:66.27, 9:75 [2, 6, -2]
602:124.24, 3:10 [6, 228, 253, -6]
603:115.34, 6:10 [6, 126, 210, 241, -6]
fe: 1, se: 2

Day: 1, Time: 450
Total Cost: 570.54
 11:94.59, 13:75 [3, 8, -3]
 12:90.24, 12:75 [3, 9, -3]
801:139.08, 4:10 [8, 167, 136, -8]
802:105.33, 9:10 [8, 222, 249, 270, -8]
901:95.25, 8:10 [9, 48, 64, -9]
902:46.04, 4:10 [9, 47, -9]
fe: 2, se: 4

Day: 1, Time: 460
Total Cost: 163.48
 11:66.27, 9:75 [2, 6, -2]
601:97.20, 9:10 [6, 258, 4617, 92, -6]
fe: 1, se: 1

Day: 1, Time: 460
Total Cost: 350.39
 11:94.59, 9:75 [3, 8, -3]
801:50.78, 2:10 [8, 55, 93, -8]
802:141.77, 3:10 [8, 342, 123, -8]
803:63.25, 4:10 [8, 45, -8]
fe: 1, se: 3

Day: 1, Time: 495
Total Cost: 143.47
 11:66.27, 1:75 [2, 6, -2]
601:77.20, 1:10 [6, 1157, -6]
fe: 1, se: 1


Day	Area	ID	Time	Load	Utilization	NoOrders	AssignmentCost
1	1	 8	315	 81	0.90	31	885.00
1	1	 9	360	 34	0.38	13	415.00
1	1	128	400	 18	0.10	 8	510.00
1	1	12	495	 16	0.15	 5	188.00
1	1	34	630	 48	0.53	20	555.00
1	1	15	630	 73	0.81	21	805.00
1	1	17	720	 72	1.00	24	954.00
1	1	19	810	 72	1.00	41	954.00
1	1	38	810	 72	1.00	30	954.00
1	2	45	270	 35	0.39	14	425.00
1	2	136	300	  9	0.05	 5	330.00
1	2	65	315	 71	0.79	31	785.00
1	2	52	585	 66	0.73	21	735.00
1	2	72	630	 90	1.00	33	975.00
1	2	75	765	 35	0.49	11	510.00
1	2	57	810	 72	1.00	40	954.00
1	2	76	810	 72	1.00	34	954.00
1	3	83	270	 83	0.92	30	905.00
1	3	103	315	 59	0.66	22	665.00
1	3	105	405	  1	0.01	 1	85.00
1	3	89	540	 20	0.19	 6	220.00
1	3	110	630	 90	1.00	31	975.00
1	3	91	630	 90	1.00	29	975.00
1	3	94	765	 50	0.69	16	690.00
1	3	114	810	 72	1.00	36	954.00
1	3	95	810	 72	1.00	36	954.00


Day	Area	Time	Pickup	Delivery	Direct	FEVehicles	SEVehicles	ALNSTime	ALNSBestTime	RoutingCostArea
1	1	0	117	133	0	9	50	351.58	287.30	6555.41
1	1	60	11	0	0	3	5	1.07	0.00	963.55
1	1	105	10	0	0	2	4	0.86	0.00	758.18
1	1	135	8	0	0	3	4	0.93	0.00	858.52
1	1	200	7	0	0	1	2	0.82	0.00	420.02
1	1	320	23	0	0	2	7	1.83	0.00	924.49
1	1	360	3	30	0	2	10	5.41	4.17	1431.22
1	1	405	12	26	0	2	12	4.92	0.20	1308.60
1	1	425	2	0	0	1	1	0.27	0.00	263.56
1	2	5	107	146	0	7	48	368.06	224.01	5181.25
1	2	75	14	0	0	4	5	1.40	0.00	866.08
1	2	95	3	0	0	2	2	0.31	0.00	323.95
1	2	135	11	0	0	3	4	0.84	0.00	746.85
1	2	145	1	0	0	1	1	0.18	0.00	156.83
1	2	155	2	0	1	2	2	0.40	0.00	799.24
1	2	300	27	0	0	2	8	2.40	0.17	1052.50
1	2	380	13	13	0	1	6	3.51	2.31	791.64
1	2	405	6	28	0	1	8	5.71	3.06	1038.73
1	2	430	4	0	0	1	3	0.44	0.00	356.37
1	2	450	0	5	0	1	2	0.34	0.00	305.85
1	2	460	0	3	0	1	1	0.29	0.00	163.48
1	2	495	0	1	0	1	1	0.18	0.00	143.47
1	3	5	112	131	0	8	45	424.63	358.51	5290.32
1	3	45	9	0	0	2	4	0.79	0.05	696.30
1	3	80	7	0	0	2	3	0.61	0.00	436.56
1	3	120	10	0	0	2	5	1.10	0.00	702.49
1	3	135	9	0	0	3	4	0.87	0.00	691.78
1	3	150	4	0	0	3	4	0.78	0.00	548.76
1	3	180	4	0	0	2	2	0.60	0.00	405.04
1	3	295	30	0	0	2	9	4.23	3.00	1035.78
1	3	360	14	6	0	1	5	1.90	0.24	738.52
1	3	405	5	30	0	2	10	3.58	0.62	1169.39
1	3	420	3	0	0	1	2	0.36	0.00	270.33
1	3	450	0	8	0	2	4	0.49	0.00	570.54
1	3	460	0	5	0	1	3	0.46	0.00	350.39

Day	SL	Own	DispatchTimes	AssignmentCost	RoutingCost	TotalCost
1	24	2	22	18311.00	38315.99	56626.99

Total Cost: 56626.98971905619
Cost per Day: 56626.98971905619
Running time in Seconds: 25412.898
Running time in minutes: 423.5483