INSTANCE: 3hubs_MND_A_24_x.csv
PARAMETER: sp_mnd_loose_20_120_3hubs.txt
POLICY: Stochastic Programming
ALPHA: 0.025443601431184
BETA: 58
OMEGA: 586
EPSILON: 1.54116824967342

Day: 1, Time: 0
Total Cost: 7109.45
 11:136.01, 69:75 [1, 4, -4, -1]
 12:136.01, 68:75 [1, 4, -4, -1]
 13:136.01, 57:75 [1, 4, -4, -1]
 14:136.01, 9:75 [1, 4, -1]
 16:153.31, 75:75 [1, 5, -5, -1]
 17:153.31, 73:75 [1, 5, -5, -1]
 18:153.31, 69:75 [1, 5, -5, -1]
401:123.68, 9:10 [4, 8462, 8973, 8938, 8669, -4]
402:136.16, 10:10 [4, 8820, 8582, 8729, 8944, 8492, 8896, 8816, -4]
403:65.08, 10:10 [4, 8367, 8343, 8711, 8786, 8530, -4]
404:136.97, 10:10 [4, 8456, 8424, 8452, 8739, -4]
405:101.84, 10:10 [4, 9018, 8819, 8391, -4]
406:86.69, 10:10 [4, 8508, 9032, 8406, 8759, 8876, 8683, 8313, 8702, -4]
407:97.76, 10:10 [4, 8679, 9012, 8414, 8587, 8345, 8643, 8724, 8732, 8845, -4]
408:21.54, 4:10 [4, 8495, -4]
409:130.56, 8:10 [4, 8494, 8984, 8600, -4]
410:126.06, 9:10 [4, 8965, 8467, 8877, 8489, -4]
411:116.65, 9:10 [4, 8376, 8613, 8636, -4]
412:152.61, 10:10 [4, 8599, 8803, 8685, 8375, 8828, 8915, -4]
413:168.20, 10:10 [4, 8868, 8817, 8522, 8846, 8785, -4]
414:99.83, 10:10 [4, 8528, 8706, 8886, 9019, -4]
415:5.66, 4:10 [4, 8527, -4]
416:34.81, 8:10 [4, 8777, 8346, -4]
417:85.27, 10:10 [4, 8451, 8856, 8884, 8496, 8307, -4]
418:144.19, 10:10 [4, 8924, 8520, 8459, 8913, 8445, 8298, 8970, -4]
419:166.52, 10:10 [4, 8465, 8439, 8834, 8534, 9022, 8894, -4]
420:104.18, 10:10 [4, 8349, 8304, 8480, 8690, 8827, 8880, 8687, -4]
421:110.39, 9:10 [4, 8839, 8694, 8356, 8426, -4]
422:121.04, 10:10 [4, 8838, 8812, 8981, -4]
423:176.36, 9:10 [4, 8499, 8922, 8557, 8320, -4]
424:64.92, 10:10 [4, 8811, 8822, 8567, 8569, -4]
426:88.53, 9:10 [4, 8813, 9028, 8688, 8975, -4]
430:120.74, 10:10 [4, 8357, 8738, 8321, 8322, 8995, -4]
437:184.16, 10:10 [4, 8605, 8474, 8723, 9024, 8411, 8861, 8892, -4]
439:132.19, 9:10 [4, 8341, 8552, 8449, 8482, 8908, -4]
501:104.54, 9:10 [5, 8930, 8709, 8740, -5]
502:165.08, 9:10 [5, 8361, 8954, 8624, 8442, 8753, 8471, -5]
503:120.09, 6:10 [5, 9010, 8972, -5]
504:58.70, 10:10 [5, 8660, 8504, 8719, 8923, 8497, -5]
505:68.57, 10:10 [5, 8405, 8696, 8330, -5]
506:84.68, 10:10 [5, 9034, 8592, 8478, 8323, -5]
507:77.83, 8:10 [5, 8473, 8558, -5]
508:112.64, 10:10 [5, 8672, 8490, 8303, 8628, 8680, -5]
509:88.19, 6:10 [5, 8961, 8401, 8854, 8353, -5]
511:70.27, 9:10 [5, 8918, 8712, 8939, -5]
512:86.20, 8:10 [5, 9001, 8976, 8782, -5]
513:98.90, 10:10 [5, 8545, 8691, 8360, -5]
514:166.95, 9:10 [5, 8658, 8789, 9015, 8472, 8308, -5]
515:60.76, 8:10 [5, 8319, 8649, 8764, -5]
516:65.32, 10:10 [5, 8333, 8505, 8479, -5]
517:76.22, 10:10 [5, 8741, 8736, 8595, 8936, -5]
518:165.68, 10:10 [5, 8468, 8568, 8477, 8625, 8919, -5]
519:29.97, 8:10 [5, 8648, 8584, 8662, -5]
520:99.53, 10:10 [5, 8466, 8457, 8992, 9004, 8627, 8374, 9023, 8829, -5]
521:66.59, 6:10 [5, 8802, 8291, -5]
522:68.38, 9:10 [5, 8328, 8404, 8631, 8422, -5]
523:95.34, 7:10 [5, 8337, 8589, 8871, -5]
524:199.61, 10:10 [5, 8503, 8554, 8826, 8453, 8364, 8888, -5]
525:113.76, 10:10 [5, 8830, 8433, 8305, 8602, -5]
526:37.46, 10:10 [5, 8727, 8873, 8677, 8891, -5]
527:94.81, 10:10 [5, 8362, 8749, 8463, 8686, -5]
528:168.50, 10:10 [5, 8397, 8438, 8543, 8521, 8395, 8757, -5]
529:73.22, 10:10 [5, 8559, 8387, 8390, -5]
531:144.84, 10:10 [5, 8948, 8771, 8601, 8993, -5]
532:66.16, 9:10 [5, 8573, 8870, 8594, 8722, 8874, -5]
534:74.07, 10:10 [5, 8668, 8526, 8710, 8443, 8301, -5]
fe: 7, se: 59

Day: 1, Time: 0
Total Cost: 4564.31
 11:66.27, 75:75 [2, 6, -6, -2]
 12:66.27, 60:75 [2, 6, -6, -2]
 13:66.27, 74:75 [2, 6, -6, -2]
 14:66.27, 20:75 [2, 6, -6, -2]
 15:145.23, 59:75 [2, 7, -7, -2]
 16:145.23, 75:75 [2, 7, -7, -2]
601:84.65, 9:10 [6, 8795, 8997, 8385, 8787, 8831, 8799, -6]
602:146.67, 10:10 [6, 8983, 8773, 8788, 8348, 8851, 8460, 8700, -6]
603:132.88, 10:10 [6, 8583, 8612, 8455, 8399, -6]
604:69.18, 9:10 [6, 9030, 8626, 8518, 8837, 8841, -6]
605:73.12, 9:10 [6, 8542, 8350, 8598, -6]
607:109.04, 10:10 [6, 8695, 8629, 8882, 8996, 8824, 8393, -6]
608:77.43, 10:10 [6, 8814, 8666, 8593, -6]
609:136.44, 10:10 [6, 8396, 8858, 8630, 8655, 8977, 8458, 8610, -6]
610:71.47, 10:10 [6, 8309, 8571, 8912, 8853, 8717, -6]
611:129.28, 10:10 [6, 8775, 9007, 8432, 8784, 9033, -6]
612:131.65, 10:10 [6, 8412, 8576, 8889, 8306, 8506, -6]
613:196.53, 9:10 [6, 8423, 8448, 8516, 8488, 8617, 8825, 8718, -6]
614:138.88, 10:10 [6, 8639, 9008, 8342, 8905, 8952, 8400, 8434, -6]
615:36.25, 7:10 [6, 8942, 8883, -6]
616:110.36, 10:10 [6, 8454, 8373, 8622, 8487, 8389, -6]
617:151.25, 10:10 [6, 8394, 8881, 8747, 8755, 8635, 8725, -6]
620:49.13, 7:10 [6, 8654, 8933, 8848, 8689, -6]
621:77.72, 10:10 [6, 8377, 8565, 8637, 8566, 8541, -6]
622:95.31, 10:10 [6, 8531, 8744, 8344, 8950, 8616, 8900, -6]
624:54.10, 10:10 [6, 9009, 8751, 8419, 8746, -6]
625:151.81, 10:10 [6, 8638, 8988, 8512, 8338, 8692, 8885, 8840, 8316, -6]
627:27.51, 10:10 [6, 8444, 8591, 8510, 8408, -6]
628:102.92, 10:10 [6, 8540, 8366, 8311, 8730, 8292, 8967, -6]
629:146.42, 10:10 [6, 8990, 8906, 8509, 8332, 8962, 8335, 8998, 8823, 8929, -6]
644:154.49, 9:10 [6, 8796, 8615, 8670, 8715, 8959, 8317, 8699, -6]
701:113.37, 10:10 [7, 8673, 8436, 8384, 8441, -7]
702:27.36, 7:10 [7, 8902, 8849, -7]
703:81.37, 10:10 [7, 8833, 8597, 8969, 8804, -7]
704:52.71, 10:10 [7, 8661, 8372, 8537, -7]
705:26.17, 10:10 [7, 8483, 8606, 8609, -7]
706:49.82, 9:10 [7, 8544, 8765, 8911, 8910, 8517, -7]
707:6.00, 4:10 [7, 8931, -7]
708:78.70, 10:10 [7, 8642, 9000, 8334, 8574, 8890, 8325, 8898, -7]
709:127.96, 10:10 [7, 8716, 8470, 8676, 8895, 8326, 8611, 8801, -7]
710:116.31, 10:10 [7, 8500, 8486, 8461, -7]
711:83.10, 9:10 [7, 8705, 8763, 8956, 8697, 9029, -7]
712:70.60, 9:10 [7, 8294, 8903, 8549, 8758, 8312, 8971, -7]
713:80.39, 9:10 [7, 8949, 9005, 8966, 8546, 8768, -7]
714:113.25, 9:10 [7, 8381, 8371, 8575, 8290, 8363, 8957, 8835, -7]
716:72.99, 10:10 [7, 9016, 8318, 8821, 9020, 8693, 8987, 8752, -7]
717:166.66, 10:10 [7, 8523, 8865, 8651, 8792, 8563, 8708, 8336, 8866, 8647, 8863, -7]
718:27.92, 9:10 [7, 8893, 9014, 8926, -7]
719:59.58, 9:10 [7, 8756, 9013, 8556, -7]
fe: 6, se: 43

Day: 1, Time: 0
Total Cost: 6151.98
 11:94.59, 75:75 [3, 8, -8, -3]
 12:94.59, 71:75 [3, 8, -8, -3]
 13:94.59, 16:75 [3, 8, -8, -3]
 14:94.59, 9:75 [3, 8, -8, -3]
 16:90.24, 43:75 [3, 9, -9, -3]
 17:90.24, 70:75 [3, 9, -9, -3]
 18:90.24, 32:75 [3, 9, -9, -3]
 21:94.59, 30:75 [3, 8, -8, -3]
 23:90.24, 10:75 [3, 9, -3]
 27:90.24, 7:75 [3, 9, -9, -3]
 28:90.24, 10:75 [3, 9, -3]
 29:90.24, 10:75 [3, 9, -3]
801:139.71, 10:10 [8, 8844, 8386, 8779, 9021, 8501, -8]
802:106.97, 8:10 [8, 8604, 8947, 8507, 8653, 8897, 8809, -8]
803:102.60, 10:10 [8, 8664, 8878, 8314, 9027, 8464, -8]
804:116.02, 10:10 [8, 8425, 8498, 8818, 8524, 8641, 9011, 8561, 8999, -8]
805:44.79, 9:10 [8, 8681, 8327, 8428, -8]
806:142.72, 10:10 [8, 8678, 8928, 8927, 8519, 8800, 8761, 8365, -8]
807:94.96, 9:10 [8, 8418, 8832, 8429, 8355, -8]
808:122.78, 10:10 [8, 8713, 8862, 8299, 8578, -8]
809:53.57, 10:10 [8, 8857, 8968, 9017, 9031, -8]
810:58.31, 10:10 [8, 8485, 8560, 8514, -8]
811:109.96, 10:10 [8, 8618, 8675, 8339, 8663, -8]
812:110.06, 10:10 [8, 8331, 8354, 8934, 8427, 8899, 8941, -8]
813:62.66, 10:10 [8, 8776, 8351, 8982, 8515, 8790, -8]
814:58.88, 9:10 [8, 8572, 8484, 8410, 8634, -8]
815:29.55, 8:10 [8, 8772, 8860, 8869, -8]
817:129.41, 10:10 [8, 8382, 8657, 8577, 8726, 8985, 8450, 8310, 8762, 8914, -8]
818:100.02, 10:10 [8, 8917, 8446, 8953, 8324, 8402, 8855, 8937, -8]
819:129.67, 9:10 [8, 8502, 8555, 8745, 8767, 8358, 8805, -8]
820:86.24, 9:10 [8, 8986, 8359, 8920, 8650, 8731, -8]
822:124.92, 10:10 [8, 8329, 8431, 8783, 8564, 8843, 8742, 8780, -8]
823:126.53, 10:10 [8, 8879, 8964, 8596, 8901, 8570, -8]
825:129.37, 10:10 [8, 8632, 8586, 8562, 8955, 8720, -8]
826:73.89, 10:10 [8, 8754, 8525, 8728, 8493, -8]
827:96.48, 10:10 [8, 8815, 8533, 8352, 8778, 8935, 8614, -8]
829:98.39, 10:10 [8, 8440, 8302, 8491, 8551, -8]
832:130.33, 10:10 [8, 8295, 8532, 8581, 8875, 8963, 8416, -8]
833:97.44, 10:10 [8, 8766, 8481, 8978, 9025, 8909, 8548, -8]
902:94.17, 9:10 [9, 8734, 8904, 8797, -9]
903:80.46, 10:10 [9, 8974, 8951, 8633, 8703, 8852, -9]
904:48.60, 10:10 [9, 8867, 8979, 8539, 8671, -9]
905:60.66, 9:10 [9, 8447, 8750, 8607, 9003, 8960, -9]
906:152.32, 8:10 [9, 8667, 8798, 8806, 8770, 8380, 8807, -9]
907:111.93, 10:10 [9, 8748, 8994, 8769, 8407, 8872, 8940, 8847, -9]
908:90.78, 10:10 [9, 8368, 8652, 8733, 8991, 8475, -9]
909:83.09, 10:10 [9, 9002, 8774, 8315, 8836, 8946, 8370, -9]
910:116.99, 10:10 [9, 8403, 8864, 8701, 8659, 8989, 8737, -9]
911:43.35, 8:10 [9, 8980, 8682, -9]
912:56.48, 10:10 [9, 8603, 8640, 8684, 8621, 8590, -9]
913:140.63, 10:10 [9, 8409, 8644, 8760, 8793, 8656, 8297, 8859, -9]
914:90.91, 10:10 [9, 8623, 8296, 8550, 8585, 8921, -9]
915:137.78, 10:10 [9, 8808, 8945, 8547, 8842, 8398, 8340, 8925, 9026, -9]
916:82.65, 7:10 [9, 8538, 8907, 8735, -9]
918:113.55, 10:10 [9, 8704, 9006, 8645, 8347, 8932, 8420, 8887, 8588, -9]
919:115.65, 10:10 [9, 8476, 8553, 8392, -9]
920:63.83, 6:10 [9, 8513, 8707, 8535, -9]
921:147.35, 10:10 [9, 8791, 8665, 8781, 8620, 8293, 8721, 8579, 8958, 8714, -9]
922:122.03, 10:10 [9, 8379, 8383, 8435, 8916, 8943, -9]
923:120.81, 10:10 [9, 8536, 8415, 8437, 8300, -9]
925:116.16, 10:10 [9, 8698, 8674, 8421, 8580, 8430, -9]
926:73.99, 10:10 [9, 8608, 8469, 8511, 8529, -9]
927:106.89, 10:10 [9, 8619, 8417, 8369, 8378, 8743, 8850, 8388, 8413, 8794, 8646, 8810, -9]
fe: 12, se: 51

Day: 1, Time: 35
Total Cost: 779.52
 11:136.01, 2:75 [1, -4, -1]
 12:153.31, 6:75 [1, -5, -1]
 13:153.31, 1:75 [1, -5, -1]
401:84.02, 2:10 [4, 16065, -4]
501:107.96, 6:10 [5, 9643, 15955, -5]
502:144.90, 1:10 [5, 12109, -5]
fe: 3, se: 3

Day: 1, Time: 35
Total Cost: 420.98
 12:66.27, 20:75 [2, -6, -2]
601:155.74, 7:10 [6, 10955, 11492, -6]
602:131.16, 8:10 [6, 14658, 11299, 11125, -6]
603:67.80, 5:10 [6, 14015, 16659, -6]
fe: 1, se: 3

Day: 1, Time: 50
Total Cost: 438.87
 11:66.27, 4:75 [2, -6, -2]
 12:66.27, 3:75 [2, -6, -2]
601:114.40, 3:10 [6, 14035, -6]
602:99.64, 1:10 [6, 10148, -6]
603:92.28, 3:10 [6, 11683, -6]
fe: 2, se: 3

Day: 1, Time: 55
Total Cost: 583.68
 11:136.01, 9:75 [1, -4, -1]
 12:136.01, 7:75 [1, -4, -1]
401:162.33, 9:10 [4, 13077, 15361, 10692, -4]
402:149.32, 7:10 [4, 15909, 15451, 10502, -4]
fe: 2, se: 2

Day: 1, Time: 60
Total Cost: 540.78
 11:90.24, 8:75 [3, -9, -3]
 12:90.24, 11:75 [3, -9, -3]
901:112.76, 7:10 [9, 16870, 11347, 11851, -9]
902:32.56, 4:10 [9, 10473, -9]
903:214.98, 8:10 [9, 9514, 15579, 14331, -9]
fe: 2, se: 3

Day: 1, Time: 70
Total Cost: 340.06
 11:90.24, 5:75 [3, -9, -3]
901:121.67, 4:10 [9, 11753, -9]
902:128.14, 1:10 [9, 13208, -9]
fe: 1, se: 2

Day: 1, Time: 90
Total Cost: 477.03
 11:66.27, 8:75 [2, -6, -2]
 12:66.27, 7:75 [2, -6, -2]
601:87.13, 1:10 [6, 12953, -6]
602:169.53, 7:10 [6, 13001, 15624, 16794, -6]
603:87.82, 7:10 [6, 13353, 14417, -6]
fe: 2, se: 3

Day: 1, Time: 110
Total Cost: 834.14
 11:136.01, 3:75 [1, -4, -1]
 12:136.01, 19:75 [1, -4, -1]
 13:153.31, 8:75 [1, -5, -1]
401:8.94, 3:10 [4, 12099, -4]
402:76.46, 9:10 [4, 16053, 16179, 11310, -4]
403:172.04, 10:10 [4, 15584, 16051, 13322, 10410, -4]
501:69.36, 4:10 [5, 15077, 12505, -5]
502:82.00, 4:10 [5, 14423, -5]
fe: 3, se: 5

Day: 1, Time: 120
Total Cost: 476.92
 11:66.27, 8:75 [2, -6, -2]
 12:66.27, 6:75 [2, -6, -2]
601:178.98, 8:10 [6, 10776, 9397, 15325, 9243, 16371, -6]
602:81.09, 4:10 [6, 16114, 9429, -6]
603:84.31, 2:10 [6, 9610, -6]
fe: 2, se: 3

Day: 1, Time: 125
Total Cost: 382.73
 11:179.78, 5:75 [1, -4, -5, -1]
401:116.16, 1:10 [4, 16251, -4]
501:86.80, 4:10 [5, 15362, 16057, 16892, -5]
fe: 1, se: 2

Day: 1, Time: 125
Total Cost: 135.24
 11:66.27, 1:75 [2, -6, -2]
601:68.96, 1:10 [6, 12048, -6]
fe: 1, se: 1

Day: 1, Time: 135
Total Cost: 340.64
 11:66.27, 4:75 [2, -6, -2]
 12:66.27, 2:75 [2, -6, -2]
601:100.90, 4:10 [6, 12410, -6]
602:107.20, 2:10 [6, 13527, -6]
fe: 2, se: 2

Day: 1, Time: 140
Total Cost: 547.40
 11:113.51, 4:75 [3, -9, -8, -3]
 12:90.24, 15:75 [3, -9, -3]
801:24.74, 3:10 [8, 15457, -8]
901:18.44, 1:10 [9, 14292, -9]
902:187.68, 8:10 [9, 14236, 10877, 15034, 9903, -9]
904:112.78, 7:10 [9, 15701, 15590, -9]
fe: 2, se: 4

Day: 1, Time: 145
Total Cost: 334.69
 11:66.27, 3:75 [2, -6, -2]
 12:145.23, 4:75 [2, -7, -2]
601:74.24, 3:10 [6, 12979, -6]
701:48.94, 4:10 [7, 9231, 11039, -7]
fe: 2, se: 2

Day: 1, Time: 160
Total Cost: 560.20
 11:136.01, 8:75 [1, -4, -1]
 12:153.31, 1:75 [1, -5, -1]
402:198.76, 8:10 [4, 15612, 10915, 9786, 13292, -4]
501:72.11, 1:10 [5, 10449, -5]
fe: 2, se: 2

Day: 1, Time: 160
Total Cost: 371.13
 11:66.27, 4:75 [2, -6, -2]
 12:66.27, 7:75 [2, -6, -2]
601:70.71, 4:10 [6, 11490, -6]
602:167.87, 7:10 [6, 9725, 9333, 15706, -6]
fe: 2, se: 2

Day: 1, Time: 170
Total Cost: 454.02
 11:113.51, 4:75 [3, -8, -9, -3]
 12:94.59, 4:75 [3, -8, -3]
801:74.11, 1:10 [8, 14221, -8]
802:125.16, 4:10 [8, 15684, 15462, -8]
901:46.65, 3:10 [9, 14627, -9]
fe: 2, se: 3

Day: 1, Time: 175
Total Cost: 498.51
 11:179.78, 11:75 [1, -5, -4, -1]
 12:153.31, 4:75 [1, -5, -1]
401:67.47, 4:10 [4, 12529, -4]
501:38.49, 7:10 [5, 11661, 10506, -5]
503:59.46, 4:10 [5, 13709, -5]
fe: 2, se: 3

Day: 1, Time: 185
Total Cost: 183.63
 11:90.24, 4:75 [3, -9, -3]
901:93.38, 4:10 [9, 16185, -9]
fe: 1, se: 1

Day: 1, Time: 300
Total Cost: 1215.75
 11:136.01, 54:75 [1, -4, -1]
 12:153.31, 19:75 [1, -5, -1]
401:30.74, 6:10 [4, 10604, 10010, -4]
402:106.61, 10:10 [4, 14717, 11429, 13535, 9286, -4]
403:89.26, 9:10 [4, 14487, 9573, 10646, -4]
404:132.21, 10:10 [4, 11609, 9548, 10496, 12485, 15004, -4]
405:142.65, 10:10 [4, 9661, 9418, 14157, 10537, 16246, -4]
406:136.16, 9:10 [4, 9212, 16509, 13297, -4]
501:188.07, 10:10 [5, 13560, 15143, 16496, 12782, 10043, -5]
502:100.72, 9:10 [5, 14143, 13577, 10538, 11256, -5]
fe: 2, se: 8

Day: 1, Time: 305
Total Cost: 812.10
 11:66.27, 48:75 [2, -6, -2]
 12:145.23, 21:75 [2, -7, -2]
601:74.15, 8:10 [6, 9712, 13045, 15088, -6]
602:89.32, 7:10 [6, 14084, 14325, -6]
603:141.85, 10:10 [6, 10014, 16060, 16960, 16643, -6]
604:67.08, 10:10 [6, 10970, 16190, 11612, -6]
605:36.45, 7:10 [6, 13004, 11993, -6]
606:44.48, 6:10 [6, 10977, 15026, -6]
701:67.52, 10:10 [7, 11743, 15733, 13873, 15569, -7]
702:23.34, 6:10 [7, 11069, 10215, -7]
703:56.41, 5:10 [7, 15928, 14098, -7]
fe: 2, se: 9

Day: 1, Time: 315
Total Cost: 840.27
 11:94.59, 29:75 [3, 8, -8, -3]
 12:90.24, 20:75 [3, 9, -9, -3]
801:89.72, 10:10 [8, 13180, 12582, 7375, 14272, 15029, -8]
802:132.93, 10:10 [8, 10287, 13939, 9722, 11339, 10494, 14928, -8]
803:77.51, 9:10 [8, 11814, 9270, 11634, -8]
901:111.13, 4:10 [9, 16750, 13423, 12883, -9]
902:170.47, 10:10 [9, 744, 16444, 11533, 13665, 2601, 16026, 16385, -9]
903:73.67, 6:10 [9, 11443, 14233, -9]
fe: 2, se: 6

Day: 1, Time: 360
Total Cost: 1355.45
 11:136.01, 20:75 [1, 4, -4, -1]
 12:153.31, 25:75 [1, 5, -5, -1]
401:132.72, 7:10 [4, 14949, 5345, 133, 14964, -4]
402:145.66, 9:10 [4, 4938, 109, 11833, 5968, 4263, -4]
404:89.84, 6:10 [4, 13796, 293, 16449, 76, -4]
405:122.61, 8:10 [4, 8180, 13007, 85, 15480, 300, 58, -4]
501:76.10, 6:10 [5, 257, 134, 343, 97, 14498, 216, -5]
502:153.93, 8:10 [5, 16527, 141, 114, 125, -5]
503:64.39, 6:10 [5, 230, 12380, 11385, 47, -5]
504:120.61, 6:10 [5, 278, 3358, 174, 15, -5]
506:160.26, 6:10 [5, 89, 5602, 27, -5]
fe: 2, se: 9

Day: 1, Time: 360
Total Cost: 620.26
 11:66.27, 25:75 [2, 6, -6, -2]
601:147.29, 9:10 [6, 13011, 16433, 10724, 12955, -6]
602:182.29, 9:10 [6, 93, 261, 14245, 304, 179, 15844, 79, 341, -6]
603:70.26, 3:10 [6, 10516, -6]
605:154.15, 7:10 [6, 10960, 8013, 12243, -6]
fe: 1, se: 4

Day: 1, Time: 370
Total Cost: 792.29
 11:94.59, 29:75 [3, 8, -8, -3]
801:129.34, 9:10 [8, 65, 10007, 98, 10434, 11214, -8]
802:178.76, 10:10 [8, 1458, 9189, 5710, 308, 236, -8]
803:160.37, 10:10 [8, 5727, 15087, 10036, 14076, 83, -8]
805:117.54, 3:10 [8, 73, 920, 13995, -8]
806:111.67, 9:10 [8, 13528, 11281, 10624, 14503, 2802, -8]
fe: 1, se: 5

Day: 1, Time: 400
Total Cost: 796.86
 11:136.01, 16:75 [1, -4, -1]
 12:153.31, 13:75 [1, -5, -1]
401:138.48, 9:10 [4, 13188, 12797, 11021, -4]
402:159.61, 7:10 [4, 14885, 10138, 9331, -4]
501:172.25, 9:10 [5, 11089, 11768, 11062, -5]
502:37.20, 4:10 [5, 9191, -5]
fe: 2, se: 4

Day: 1, Time: 400
Total Cost: 538.00
 11:66.27, 10:75 [2, -6, -2]
 12:145.23, 8:75 [2, -7, -2]
601:172.56, 10:10 [6, 9183, 16912, 16430, -6]
701:35.38, 2:10 [7, 16929, -7]
702:45.34, 2:10 [7, 15524, -7]
703:73.22, 4:10 [7, 13685, 11127, -7]
fe: 2, se: 4

Day: 1, Time: 405
Total Cost: 1251.19
 11:136.01, 53:75 [1, 4, -4, -1]
 12:153.31, 32:75 [1, 5, -5, -1]
401:74.39, 6:10 [4, 207, 330, -4]
402:32.39, 8:10 [4, 203, 222, 15614, -4]
403:87.88, 10:10 [4, 299, 82, 296, -4]
404:132.23, 9:10 [4, 339, 80, 88, -4]
406:64.13, 10:10 [4, 4289, 324, 2800, -4]
407:128.11, 10:10 [4, 161, 266, 55, -4]
501:144.52, 10:10 [5, 272, 35, 13, -5]
502:98.16, 4:10 [5, 54, 108, -5]
503:60.17, 4:10 [5, 279, -5]
505:60.30, 9:10 [5, 200, 321, 119, -5]
506:79.60, 7:10 [5, 4518, 10385, 94, -5]
fe: 2, se: 11

Day: 1, Time: 405
Total Cost: 1252.59
 11:66.27, 73:75 [2, 6, -2]
 12:66.27, 28:75 [2, 6, -2]
601:68.27, 10:10 [6, 245, 283, 115, -6]
602:59.66, 8:10 [6, 92, 338, 116, -6]
603:145.53, 10:10 [6, 6767, 60, 1783, -6]
604:35.44, 7:10 [6, 19, 122, -6]
605:92.21, 10:10 [6, 309, 228, 22, -6]
606:96.20, 9:10 [6, 335, 288, 291, -6]
608:136.87, 10:10 [6, 329, 29, 170, -6]
609:101.77, 10:10 [6, 90, 328, 37, -6]
610:98.28, 9:10 [6, 52, 196, 46, -6]
611:150.12, 9:10 [6, 129, 32, 154, -6]
613:135.70, 9:10 [6, 3063, 320, 240, 194, -6]
fe: 2, se: 11

Day: 1, Time: 405
Total Cost: 1104.84
 11:94.59, 32:75 [3, 8, -8, -3]
 12:90.24, 40:75 [3, 9, -9, -3]
801:123.43, 6:10 [8, 57, 16788, 249, -8]
802:120.23, 10:10 [8, 3419, 9295, 2265, 10391, 16, -8]
803:125.96, 10:10 [8, 311, 123, 163, 166, -8]
804:79.53, 8:10 [8, 282, 11006, 87, -8]
901:109.41, 9:10 [9, 13811, 286, 184, -9]
902:75.44, 8:10 [9, 323, 3720, 13904, -9]
903:96.53, 7:10 [9, 739, 143, -9]
905:93.93, 9:10 [9, 252, 14728, 307, 12456, 183, -9]
907:95.54, 10:10 [9, 9378, 66, 192, 180, 12967, -9]
fe: 2, se: 9

Day: 1, Time: 430
Total Cost: 406.47
 11:151.76, 12:75 [2, -6, -7, -2]
601:84.45, 5:10 [6, 16543, 14088, -6]
602:72.50, 2:10 [6, 13986, -6]
603:67.23, 1:10 [6, 13009, -6]
701:30.53, 4:10 [7, 11141, -7]
fe: 1, se: 4

Day: 1, Time: 440
Total Cost: 366.06
 11:179.78, 7:75 [1, -4, -5, -1]
401:61.19, 3:10 [4, 9503, -4]
402:62.80, 1:10 [4, 13648, -4]
501:62.29, 3:10 [5, 11099, -5]
fe: 1, se: 3

Day: 1, Time: 450
Total Cost: 278.84
 11:66.27, 10:75 [2, 6, -2]
601:48.40, 3:10 [6, 4387, 3815, -6]
602:83.55, 3:10 [6, 246, -6]
603:80.62, 4:10 [6, 50, -6]
fe: 1, se: 3

Day: 1, Time: 450
Total Cost: 414.65
 11:94.59, 16:75 [3, 8, -8, -3]
801:101.42, 8:10 [8, 148, 5019, -8]
802:150.82, 8:10 [8, 10809, 5733, -8]
803:67.82, 4:10 [8, 3409, 1759, -8]
fe: 1, se: 3

Day: 1, Time: 460
Total Cost: 400.21
 11:136.01, 7:75 [1, 4, -1]
401:106.90, 2:10 [4, 6772, -4]
402:58.00, 3:10 [4, 103, -4]
403:99.30, 2:10 [4, 6994, -4]
fe: 1, se: 3

Day: 1, Time: 460
Total Cost: 372.39
 11:66.27, 18:75 [2, 6, -2]
601:101.62, 9:10 [6, 301, 342, 144, -6]
602:154.50, 6:10 [6, 113, 178, -6]
604:50.00, 3:10 [6, 70, -6]
fe: 1, se: 3

Day: 1, Time: 465
Total Cost: 128.12
 11:94.59, 3:75 [3, 8, -3]
801:33.53, 3:10 [8, 294, -8]
fe: 1, se: 1

Day: 1, Time: 495
Total Cost: 343.73
 11:66.27, 4:75 [2, 6, -2]
 12:145.23, 7:75 [2, 7, -2]
601:78.59, 4:10 [6, 45, -6]
701:19.70, 4:10 [7, 107, -7]
702:33.94, 3:10 [7, 217, -7]
fe: 2, se: 3


Day	Area	ID	Time	Load	Utilization	NoOrders	AssignmentCost
1	1	 6	225	  8	0.09	 4	155.00
1	1	 8	315	 90	1.00	31	975.00
1	1	 9	360	 26	0.29	 9	335.00
1	1	119	400	 14	0.08	 5	430.00
1	1	13	540	 46	0.43	17	428.00
1	1	15	630	 90	1.00	27	975.00
1	1	34	630	 38	0.42	18	455.00
1	1	18	765	 61	0.85	23	822.00
1	1	38	810	 72	1.00	32	954.00
1	1	19	810	 72	1.00	35	954.00
1	2	45	270	 11	0.12	 5	185.00
1	2	145	300	 41	0.23	24	970.00
1	2	46	315	 90	1.00	26	975.00
1	2	72	630	 86	0.96	28	935.00
1	2	53	630	 40	0.44	13	475.00
1	2	75	765	 66	0.92	21	882.00
1	2	57	810	 72	1.00	35	954.00
1	2	76	810	 72	1.00	32	954.00
1	3	154	300	 24	0.13	17	630.00
1	3	84	315	 78	0.87	26	855.00
1	3	155	400	 14	0.08	 5	430.00
1	3	105	405	 11	0.12	 3	185.00
1	3	110	630	 90	1.00	31	975.00
1	3	91	630	 73	0.81	23	805.00
1	3	94	765	 37	0.51	12	534.00
1	3	95	810	 72	1.00	39	954.00
1	3	114	810	 72	1.00	37	954.00


Day	Area	Time	Pickup	Delivery	Direct	FEVehicles	SEVehicles	ALNSTime	ALNSBestTime	RoutingCostArea
1	1	0	107	147	0	7	59	233.05	89.58	7109.45
1	1	35	4	0	0	3	3	0.62	0.00	779.52
1	1	55	6	0	0	2	2	0.71	0.00	583.68
1	1	110	11	0	0	3	5	1.24	0.00	834.14
1	1	125	4	0	1	1	2	0.58	0.00	882.73
1	1	160	5	0	0	2	2	0.76	0.00	560.20
1	1	170	0	0	2	0	0	0.00	0.00	1000.00
1	1	175	4	0	0	2	3	0.68	0.00	498.51
1	1	300	31	0	0	2	8	2.81	0.15	1215.75
1	1	360	11	29	0	2	9	4.11	0.00	1355.45
1	1	400	10	0	0	2	4	1.14	0.00	796.86
1	1	405	2	27	0	2	11	3.55	1.44	1251.19
1	1	440	3	0	0	1	3	0.23	0.00	366.06
1	1	460	0	3	0	1	3	0.38	0.00	400.21
1	2	0	103	118	0	6	43	266.85	217.23	4564.31
1	2	35	7	0	0	1	3	0.70	0.00	420.98
1	2	50	3	0	0	2	3	0.42	0.00	438.87
1	2	90	6	0	0	2	3	0.79	0.00	477.03
1	2	120	8	0	0	2	3	0.98	0.00	476.92
1	2	125	1	0	0	1	1	0.27	0.00	135.24
1	2	135	2	0	0	2	2	0.40	0.00	340.64
1	2	145	3	0	0	2	2	0.50	0.00	334.69
1	2	160	4	0	1	2	2	0.51	0.00	871.13
1	2	165	0	0	1	0	0	0.00	0.00	500.00
1	2	305	24	0	0	2	9	2.95	0.92	812.10
1	2	360	9	7	0	1	4	1.26	0.00	620.26
1	2	400	7	0	0	2	4	0.71	0.00	538.00
1	2	405	0	33	0	2	11	3.32	1.15	1252.59
1	2	430	5	0	0	1	4	0.47	0.00	406.47
1	2	450	0	4	0	1	3	0.45	0.00	278.84
1	2	460	0	6	0	1	3	0.40	0.00	372.39
1	2	495	0	3	0	2	3	0.40	0.00	343.73
1	3	0	125	145	0	12	51	386.39	297.54	6151.98
1	3	60	7	0	0	2	3	0.87	0.03	540.78
1	3	70	2	0	0	1	2	0.41	0.00	340.06
1	3	140	8	0	0	2	4	1.29	0.18	547.40
1	3	170	4	0	0	2	3	0.68	0.00	454.02
1	3	185	1	0	0	1	1	0.27	0.00	183.63
1	3	315	23	3	0	2	6	2.12	0.00	840.27
1	3	370	12	11	0	1	5	2.48	0.00	792.29
1	3	405	10	23	0	2	9	3.58	0.17	1104.84
1	3	450	1	5	0	1	3	0.57	0.01	414.65
1	3	465	0	1	0	1	1	0.22	0.00	128.12

Day	SL	Own	DispatchTimes	AssignmentCost	RoutingCost	TotalCost
1	23	4	32	19135.00	42315.96	61450.96

Total Cost: 61450.962650445734
Cost per Day: 61450.962650445734
Running time in Seconds: 24340.801
Running time in minutes: 405.6800166666667