INSTANCE: cs_instance_day_8_x.csv
PARAMETER: tuning_tight_cs.txt
POLICY: MIP
ALPHA: 0.00176810823095496
BETA: 41
OMEGA: 586
EPSILON: 1.0001187732538

Day: 1, Time: 90
Total Cost: 3775.51
 11:0.00, 46:75 [4, 27, -27, -4]
 12:0.00, 20:75 [4, 27, -27, -4]
 14:119.88, 67:75 [4, 32, -32, -4]
 15:0.00, 4:75 [4, 27, -27, -4]
 16:111.27, 71:75 [4, 30, 31, 28, -28, -4]
 17:99.49, 65:75 [4, 33, -33, 31, -31, -4]
 18:139.23, 73:75 [4, 31, -31, 32, -4]
 19:56.04, 43:75 [4, 30, -30, -4]
 20:56.04, 60:75 [4, 30, -30, -4]
 21:79.12, 65:75 [4, 29, -29, -4]
 22:0.00, 10:75 [4, 27, -27, -4]
 26:56.04, 19:75 [4, 30, -30, -4]
 31:0.00, 8:75 [4, 27, -27, -4]
 32:95.02, 48:75 [4, 31, -31, -4]
 42:0.00, 6:75 [4, 27, -27, -4]
 43:0.00, 10:75 [4, 27, -27, -4]
 51:79.75, 45:75 [4, 29, -29, 28, -28, -4]
2701:7.21, 10:10 [27, 1504, 1714, -27]
2702:39.45, 10:10 [27, 2936, 2141, 1910, 1689, 2009, -27]
2703:10.06, 5:10 [27, 2632, 2120, 1923, 1437, 1556, -27]
2704:43.39, 10:10 [27, 2873, 2874, 2546, 906, 2068, 985, 1184, -27]
2706:21.27, 10:10 [27, 1006, 1776, 1663, 1378, 1985, 1175, -27]
2708:64.44, 10:10 [27, 2532, 1642, 1896, 1301, 1410, 2048, 2112, 903, -27]
2711:41.58, 10:10 [27, 1903, 2244, 2871, 2175, 941, 1856, 1986, 1648, 1309, -27]
2712:38.12, 6:10 [27, 2444, 2828, 1618, 2204, 1734, 3024, -27]
2713:35.75, 9:10 [27, 2965, 1242, 2897, 1071, 2415, -27]
2714:13.50, 9:10 [27, 2875, 1014, 971, 2896, 1318, 1108, 2125, 1013, -27]
2715:76.22, 10:10 [27, 2010, 1372, 1052, 1736, 2913, -27]
2716:63.80, 10:10 [27, 1198, 1286, 1429, 1872, 1692, 1331, 2475, -27]
2717:72.77, 10:10 [27, 888, 1150, 2073, 1900, 1034, 2383, 1791, 2242, 1194, -27]
2801:18.07, 9:10 [28, 1210, 1928, -28]
2802:6.32, 5:10 [28, 2889, -28]
2803:32.17, 10:10 [28, 2213, 891, 997, 1358, 1168, 1655, -28]
2804:27.25, 10:10 [28, 1741, 1841, 2280, 1772, 1624, -28]
2805:12.24, 10:10 [28, 2928, 2163, 2263, 1279, -28]
2901:52.18, 10:10 [29, 2534, 1978, 1024, 2249, 1926, 2223, 1068, 1879, 1214, -29]
2902:32.83, 10:10 [29, 2231, 896, 1780, 1117, 1295, 1782, -29]
2903:52.22, 10:10 [29, 1808, 2117, 1753, 900, 2893, 1656, 2384, 1894, 2537, -29]
2904:38.86, 8:10 [29, 2975, 2570, 1065, 1385, 2062, 1073, 1418, 1222, -29]
2905:35.44, 10:10 [29, 2478, 1044, 2272, 1003, 1225, -29]
2906:18.31, 9:10 [29, 2224, 1280, 1491, 974, 1028, -29]
2907:7.21, 2:10 [29, 1819, -29]
2908:22.30, 10:10 [29, 2400, 959, 955, 966, 1580, -29]
2909:36.02, 10:10 [29, 1224, 1581, 1058, 1719, 2271, -29]
2910:32.73, 10:10 [29, 2951, 2390, 1665, 2085, 2406, 1606, -29]
2911:29.48, 10:10 [29, 1732, 2001, -29]
3001:47.29, 10:10 [30, 1627, 910, 938, 1735, 1281, 1239, -30]
3002:48.62, 10:10 [30, 2979, 2565, 1417, 1709, 995, -30]
3003:23.61, 10:10 [30, 1694, 1664, -30]
3004:18.28, 9:10 [30, 2007, 1294, 866, 1686, -30]
3005:39.34, 9:10 [30, 2313, 2806, 1523, 963, -30]
3006:67.49, 10:10 [30, 2488, 2533, 1658, 1628, 2229, 1031, 2135, -30]
3007:33.76, 8:10 [30, 2248, 1957, 1840, 1998, 2228, 976, 2170, 2651, -30]
3008:55.57, 8:10 [30, 2545, 2544, 1421, 2015, 1765, 2808, 2133, 1625, 2474, -30]
3009:52.56, 10:10 [30, 2346, 1432, 1272, 2012, 1687, 1059, -30]
3010:48.18, 10:10 [30, 1411, 1751, 1678, 1138, -30]
3011:66.61, 10:10 [30, 2368, 1115, 1814, 947, 1344, 849, 2232, -30]
3012:64.19, 10:10 [30, 1851, 2017, 1444, 2196, 2894, 1749, 2147, -30]
3013:33.14, 9:10 [30, 1293, 2164, 1038, 1075, 1137, 2895, -30]
3014:35.75, 10:10 [30, 2206, 1827, 1747, 2177, 2210, -30]
3015:46.59, 10:10 [30, 2563, 1697, 1440, 2005, 1021, 1303, 1450, 1289, -30]
3016:72.03, 10:10 [30, 876, 1395, 1551, 2580, 2142, 1321, 2101, 1963, 1249, 2021, 1311, -30]
3101:27.07, 10:10 [31, 2174, 2063, 1716, 1199, 875, 986, -31]
3102:32.83, 10:10 [31, 907, 3019, 1861, 1152, -31]
3103:5.66, 10:10 [31, 1563, 1712, -31]
3104:24.09, 10:10 [31, 1707, 1726, -31]
3105:16.26, 10:10 [31, 2884, 1573, 899, 1672, -31]
3106:34.94, 10:10 [31, 990, 1721, 1742, 1675, 1842, 1451, -31]
3107:20.67, 5:10 [31, 2420, 1681, -31]
3108:26.43, 10:10 [31, 1724, 1679, -31]
3109:32.04, 7:10 [31, 2929, 2807, 2308, -31]
3110:33.40, 10:10 [31, 1574, 1500, -31]
3111:28.28, 8:10 [31, 2633, 2564, 2264, 1163, 1591, -31]
3112:26.61, 7:10 [31, 1196, 1178, 1261, 882, 993, 1875, -31]
3113:44.15, 10:10 [31, 2562, 1677, 1635, 1706, 2130, -31]
3114:38.32, 10:10 [31, 2985, 2935, 1197, 2096, 1611, 967, -31]
3115:44.77, 9:10 [31, 2978, 1380, 1310, 1867, -31]
3116:48.32, 9:10 [31, 1643, 1699, 936, 1388, 1258, 2432, 2217, 2192, 2527, -31]
3117:24.50, 7:10 [31, 2126, 2070, 2298, 1676, 902, -31]
3118:51.20, 10:10 [31, 2481, 2631, 1236, 1977, 1967, 1354, 1583, 1212, -31]
3119:45.31, 9:10 [31, 2445, 956, 1991, -31]
3120:35.93, 10:10 [31, 1377, 977, 1070, 2275, -31]
3201:37.58, 10:10 [32, 2459, 2100, 1853, 1219, 2629, 1873, 1774, -32]
3202:49.82, 10:10 [32, 1559, 1166, 2143, 1004, 2008, 1798, 853, -32]
3203:74.46, 10:10 [32, 1906, 2002, 1941, 1287, 2583, 2181, 2844, 847, 1339, 2902, 2898, -32]
3204:12.25, 9:10 [32, 1691, 1626, 2952, 1033, 924, 1204, -32]
3205:15.11, 9:10 [32, 952, 872, 1569, 1298, 1571, 905, -32]
3206:23.24, 4:10 [32, 2077, 2885, 1046, 1886, -32]
3207:43.99, 10:10 [32, 1362, 1218, 901, 1725, 2067, 1299, -32]
3208:16.49, 10:10 [32, 1446, 1755, 1452, 939, -32]
3209:36.27, 9:10 [32, 2579, 1025, 1404, 1254, 1880, -32]
3210:40.28, 6:10 [32, 2612, 1657, 2065, -32]
3211:34.55, 9:10 [32, 978, 1537, 1898, 1264, -32]
3212:15.31, 9:10 [32, 2630, 2660, 1259, 2118, 1248, -32]
3213:32.42, 10:10 [32, 1720, 1200, 2202, 2188, 2656, -32]
3214:14.56, 6:10 [32, 2531, 994, -32]
3301:25.88, 9:10 [33, 2528, 2419, 2418, 1554, -33]
3302:24.77, 10:10 [33, 984, 1147, 904, 2257, 1455, 1740, 1343, -33]
3303:11.72, 7:10 [33, 1043, 1673, 2317, -33]
fe: 17, se: 82

Day: 1, Time: 95
Total Cost: 2495.88
 11:0.00, 66:75 [1, 6, -6, -1]
 12:0.00, 30:75 [1, 6, -6, -1]
 13:76.11, 73:75 [1, 9, -9, 10, -1]
 14:0.00, 8:75 [1, 6, -1]
 15:0.00, 5:75 [1, 6, -6, -1]
 16:68.26, 70:75 [1, 8, -8, -1]
 17:0.00, 10:75 [1, 6, -6, -1]
 18:0.00, 10:75 [1, 6, -1]
 19:0.00, 8:75 [1, 6, -6, -1]
 20:96.21, 75:75 [1, 7, -7, -1]
 21:0.00, 6:75 [1, 6, -6, -1]
 22:0.00, 9:75 [1, 6, -6, -1]
 23:76.11, 65:75 [1, 10, -10, 9, -1]
 25:0.00, 9:75 [1, 6, -6, -1]
 30:0.00, 8:75 [1, 6, -6, -1]
601:21.90, 6:10 [6, 1020, 2124, 1650, -6]
602:38.33, 10:10 [6, 2179, 2064, 1619, 843, 2207, 2335, -6]
603:102.28, 10:10 [6, 1864, 2058, 1802, 1958, 2270, 2987, 2429, -6]
604:50.29, 10:10 [6, 2440, 3006, 2379, 2437, 2104, 2183, 1302, 2049, 1876, -6]
605:45.15, 10:10 [6, 1134, 2243, 2016, 1804, 1135, 1250, -6]
606:61.29, 10:10 [6, 2332, 3005, 2331, 1141, 1824, 864, 1610, 1005, -6]
607:23.75, 9:10 [6, 2076, 998, 1457, -6]
608:44.86, 10:10 [6, 1423, 1277, 1839, 913, 2081, 2261, -6]
609:54.45, 10:10 [6, 2846, 858, 2046, 1297, 852, 916, 865, -6]
610:40.65, 10:10 [6, 2789, 2328, 1674, 1952, 1667, 1296, -6]
611:50.90, 10:10 [6, 861, 2191, 2146, 1211, 2155, 1601, 1251, -6]
612:24.79, 10:10 [6, 2115, 1238, 1792, 1120, 1895, 1915, -6]
613:7.24, 8:10 [6, 1226, 1931, 2156, 934, -6]
614:25.03, 10:10 [6, 1825, 2000, 1136, 1445, 2848, -6]
615:56.10, 10:10 [6, 2585, 2835, 2946, 1172, 1889, 1077, -6]
616:22.52, 10:10 [6, 2310, 2604, 2034, 1076, -6]
618:123.66, 10:10 [6, 1040, 892, 1098, 1015, 1794, 2029, 1426, 1125, 1233, 1822, -6]
620:58.60, 10:10 [6, 2834, 2201, 886, 1316, 2205, 1080, -6]
622:55.10, 10:10 [6, 2330, 1568, 2045, 1345, 1132, 1223, 2592, 2460, -6]
625:75.90, 10:10 [6, 2645, 2327, 1228, 1763, 1441, 1106, 2083, 1081, 2189, 1036, -6]
701:48.42, 10:10 [7, 3004, 1164, 2074, 2090, 1669, -7]
702:38.33, 10:10 [7, 2326, 2216, 1340, 2051, 1766, 1775, -7]
703:32.27, 10:10 [7, 1521, 893, 1613, -7]
704:43.70, 10:10 [7, 2334, 1089, 1612, 1486, 1195, 1216, -7]
705:35.18, 10:10 [7, 1955, 1064, 1099, 1055, 2132, 2054, 2388, -7]
706:24.43, 7:10 [7, 1442, 846, 1018, 1035, -7]
707:14.31, 2:10 [7, 1456, 1597, -7]
708:47.75, 10:10 [7, 1951, 1793, 1950, 1996, -7]
709:48.95, 10:10 [7, 2914, 2057, 2035, 2033, 1790, 1781, -7]
801:39.55, 10:10 [8, 1458, 2150, 2182, 1544, 859, -8]
802:38.48, 10:10 [8, 877, 2091, 937, 1768, 1948, 2956, -8]
803:10.77, 5:10 [8, 1593, -8]
804:60.79, 9:10 [8, 2888, 915, 854, 2818, 894, 1594, -8]
805:45.04, 10:10 [8, 2329, 2797, 2044, 962, 1405, 1050, 1932, -8]
806:56.42, 7:10 [8, 2969, 1381, 868, 1379, 1754, 1091, 1270, -8]
807:34.59, 10:10 [8, 2623, 2318, 1096, 2461, 1857, 1877, 1319, -8]
808:23.21, 9:10 [8, 1017, 1784, 883, 1604, 1086, -8]
809:25.99, 10:10 [8, 1205, 2872, 931, 1097, 1878, 1401, 1866, 1565, -8]
902:23.47, 7:10 [9, 2526, 1852, 2069, -9]
903:58.80, 10:10 [9, 2273, 1375, 1186, 1396, 2819, 933, 2607, 874, 1306, -9]
905:43.08, 10:10 [9, 2439, 2105, 2036, 1595, 1398, 1607, 935, 1139, 895, 1834, -9]
906:29.10, 10:10 [9, 1189, 1621, 1557, 1859, 1921, 1629, 2966, -9]
907:39.41, 10:10 [9, 3020, 2050, 1813, 1927, 1042, 1946, -9]
908:52.24, 10:10 [9, 1858, 1920, 1110, 1133, 2013, 1143, 1634, 2138, -9]
912:27.92, 9:10 [9, 1994, 960, 1933, 1011, 2200, 2121, 1221, -9]
914:14.69, 9:10 [9, 880, 1140, 1245, 1104, 1812, -9]
915:26.72, 10:10 [9, 2222, 1349, 2162, 1874, 1428, -9]
918:40.89, 10:10 [9, 2646, 1105, 2566, 945, 988, 1334, 1213, -9]
1001:20.57, 9:10 [10, 2061, 1666, 2262, 2082, -10]
1002:19.68, 8:10 [10, 2901, 2503, 1351, 1845, 946, -10]
1003:42.79, 10:10 [10, 2197, 1322, 1797, 1209, 2837, 1337, 1609, 1173, 1964, 1320, -10]
1004:29.37, 10:10 [10, 2999, 1327, 1587, 836, 1954, 2006, 2225, 1092, 972, 1579, -10]
1005:15.21, 6:10 [10, 1201, 1167, -10]
1006:37.09, 9:10 [10, 878, 1127, 2283, 1833, 1273, 1111, -10]
1007:7.21, 3:10 [10, 1561, -10]
fe: 15, se: 55

Day: 1, Time: 95
Total Cost: 3309.82
 11:0.00, 70:75 [2, 11, -11, -2]
 12:0.00, 8:75 [2, 11, -11, -2]
 13:0.00, 40:75 [2, 11, -11, -2]
 14:76.94, 44:75 [2, 15, -15, -2]
 15:36.06, 38:75 [2, 12, -12, -2]
 16:56.64, 38:75 [2, 14, -14, -2]
 17:72.50, 51:75 [2, 16, -16, -2]
 18:58.41, 38:75 [2, 17, -17, -2]
 19:58.41, 72:75 [2, 17, -17, -2]
 21:76.94, 43:75 [2, 15, -15, -2]
 26:36.06, 21:75 [2, 12, -12, -2]
1101:32.38, 8:10 [11, 2235, 1796, 2689, -11]
1102:50.41, 10:10 [11, 839, 2167, 1838, 2707, 2770, -11]
1103:43.73, 10:10 [11, 2079, 2153, 1992, 1945, 2688, 2766, -11]
1104:67.77, 10:10 [11, 1180, 1620, 1863, 1843, 1909, 2713, 2725, -11]
1105:47.22, 10:10 [11, 2647, 2376, 1048, 2279, 2072, -11]
1106:34.30, 10:10 [11, 2030, 1022, 2267, 2686, 2722, -11]
1107:61.67, 10:10 [11, 1112, 2022, 2038, 2198, 1966, 1060, 2703, 2690, -11]
1109:65.88, 10:10 [11, 1416, 2094, 1181, 1759, 928, 2679, 2779, -11]
1110:96.19, 10:10 [11, 2392, 2421, 1846, 2234, 3034, 1241, 2250, 1862, 1342, -11]
1111:70.83, 10:10 [11, 973, 1762, 1971, 1810, 940, 992, 2773, 2727, -11]
1112:77.90, 10:10 [11, 1414, 1652, 1268, 1949, 1333, 2145, 2274, 1126, 979, 1993, 2708, 2771, -11]
1116:75.98, 10:10 [11, 1154, 1868, 1844, 1312, 1275, 2675, 2695, -11]
1121:65.40, 10:10 [11, 1335, 1463, 1415, 2278, 958, 2704, 2755, -11]
1201:44.30, 10:10 [12, 1566, 2778, -12]
1202:52.57, 10:10 [12, 2148, 1638, 1284, 1849, 1959, 1367, 2785, -12]
1203:41.67, 10:10 [12, 2516, 2648, 2887, 1592, 1805, 1578, -12]
1204:29.95, 10:10 [12, 2134, 1191, 1795, 1019, 1230, 2685, 2677, -12]
1205:46.64, 9:10 [12, 1109, 2059, 1960, 2678, -12]
1207:22.35, 8:10 [12, 2810, 1937, 1572, 1454, 1924, 950, 2609, -12]
1208:16.49, 7:10 [12, 2171, 989, 2577, 1045, -12]
1401:26.61, 5:10 [14, 1313, 2276, 2784, -14]
1402:18.44, 5:10 [14, 2764, -14]
1403:20.10, 5:10 [14, 2729, -14]
1404:10.20, 4:10 [14, 2737, -14]
1405:14.14, 5:10 [14, 2711, -14]
1406:22.00, 4:10 [14, 2691, -14]
1407:18.11, 5:10 [14, 2693, -14]
1408:17.12, 5:10 [14, 1364, 2052, 2705, -14]
1501:59.71, 10:10 [15, 1002, 1121, 1010, 1575, 1942, 2754, 2724, -15]
1502:11.66, 5:10 [15, 2743, -15]
1503:51.78, 9:10 [15, 2491, 1371, 1639, 1848, 2256, -15]
1504:56.42, 10:10 [15, 2650, 1761, 1929, 2215, 851, 1397, 2111, 1183, -15]
1505:101.84, 10:10 [15, 1039, 1769, 1641, 1315, 2269, 908, 2683, 2747, -15]
1507:66.92, 10:10 [15, 2343, 1247, 1149, 1243, 975, 2166, 1453, 1100, -15]
1509:63.06, 10:10 [15, 1633, 2185, 1192, 1041, 1943, 1145, 2769, 2721, -15]
1510:96.70, 10:10 [15, 2462, 1069, 1835, 2422, 1989, 2199, 1047, 2575, -15]
1511:53.70, 9:10 [15, 2596, 1855, 1888, -15]
1512:60.53, 10:10 [15, 1870, 1252, 879, 1162, 2758, 2757, -15]
1601:29.52, 9:10 [16, 1602, 1605, 1576, 1182, 1235, 2718, 2694, -16]
1602:23.05, 6:10 [16, 1087, 2260, 2746, -16]
1603:67.67, 10:10 [16, 987, 2014, 1570, 2102, 1999, 1308, 1783, 1030, 2745, 2767, -16]
1604:45.55, 8:10 [16, 1101, 1094, 944, 2023, 1307, 2750, 2696, -16]
1605:47.69, 10:10 [16, 1083, 2233, 1815, 2024, 1382, 1328, 2783, 2692, -16]
1606:55.77, 10:10 [16, 1009, 1283, 1623, 1190, 1265, 2719, 2777, -16]
1701:32.55, 9:10 [17, 2543, 1671, 842, 2209, -17]
1702:52.04, 7:10 [17, 2649, 1748, 2836, 2214, 1577, 1752, 1435, -17]
1703:124.46, 10:10 [17, 1582, 1220, 1124, 1904, 1436, 2236, 1770, 2786, 2781, -17]
1704:61.26, 10:10 [17, 850, 1789, 1917, 1285, 1918, 2710, 2759, -17]
1705:50.17, 10:10 [17, 2066, 862, 1274, 2251, 1901, 2709, 2697, -17]
1706:19.03, 6:10 [17, 1916, 1887, -17]
1707:59.51, 10:10 [17, 1179, 2071, 1662, 1056, 2084, 1801, 2738, 2702, -17]
1708:85.34, 10:10 [17, 1940, 1399, 1350, 1157, 1817, 2265, 2699, 2768, -17]
1709:52.50, 10:10 [17, 1466, 2003, 2027, 1146, 1257, 2821, -17]
1711:93.98, 10:10 [17, 1387, 1651, 1908, 871, 2953, 1158, 1187, 1292, 2514, 2473, -17]
1712:40.03, 9:10 [17, 2154, 2190, 2108, 2574, 1788, 1391, -17]
1714:35.91, 10:10 [17, 2448, 2911, 1773, 2218, 2055, -17]
1717:49.18, 10:10 [17, 1067, 1032, 1090, 1422, 1376, 1174, 2687, 2723, -17]
fe: 11, se: 57

Day: 1, Time: 100
Total Cost: 2218.72
 11:20.40, 40:75 [3, 18, 20, -20, -3]
 12:50.48, 75:75 [3, 19, -19, -3]
 13:71.55, 68:75 [3, 23, -23, -3]
 14:0.00, 9:75 [3, 18, -18, -3]
 15:78.51, 59:75 [3, 21, -21, 24, -3]
 16:44.94, 75:75 [3, 25, -25, -3]
 17:45.69, 55:75 [3, 22, -22, -3]
 20:88.03, 69:75 [3, 26, -26, 25, -3]
 23:20.40, 33:75 [3, 20, -20, -3]
1801:12.24, 6:10 [18, 1151, 2088, 1202, -18]
1802:40.94, 10:10 [18, 2826, 1800, 1553, 1118, 1836, 1176, 1779, 1029, 2281, 2237, -18]
1901:7.43, 6:10 [19, 2178, 1402, 1346, -19]
1902:59.52, 9:10 [19, 2524, 2129, 1407, 1078, 1596, 1653, 1637, 1922, 2791, -19]
1903:28.62, 10:10 [19, 2525, 1256, 1155, 1130, 1393, 1408, 1227, -19]
1904:18.53, 10:10 [19, 2219, 1026, 2107, 1462, -19]
1905:15.35, 10:10 [19, 981, 911, 917, -19]
1906:10.22, 6:10 [19, 1206, 1830, 860, -19]
1907:23.34, 9:10 [19, 870, 1253, 2042, 1743, 1369, 1262, -19]
1908:15.80, 8:10 [19, 1988, 2093, 970, 1608, 2640, -19]
1910:21.85, 10:10 [19, 2555, 942, 1785, 1012, 2187, -19]
2001:11.84, 6:10 [20, 1632, 1269, 1925, 912, -20]
2003:20.67, 9:10 [20, 2881, 1850, 1584, 1325, 1970, 844, -20]
2004:45.88, 10:10 [20, 1956, 2671, 2241, 898, 840, 887, 1231, 2144, -20]
2005:25.34, 10:10 [20, 2412, 1355, 1947, 1085, 3011, 2195, 1661, -20]
2006:35.87, 10:10 [20, 2245, 1329, 2194, 2350, 1314, 845, 2934, 1757, -20]
2007:56.15, 10:10 [20, 2904, 2372, 1384, 1234, 1467, 1865, 2240, 1907, -20]
2008:38.00, 10:10 [20, 2638, 1809, 930, 1737, 1460, 1616, 2511, -20]
2010:60.28, 10:10 [20, 2554, 2451, 2364, 2026, 1564, 2949, 2356, 2043, 996, 2266, 1142, 983, -20]
2101:27.83, 10:10 [21, 2522, 2615, 1913, 1588, 1897, 1119, 1939, -21]
2102:29.82, 9:10 [21, 1263, 1290, 2211, 2028, 1934, -21]
2103:14.66, 9:10 [21, 2593, 3025, 1244, 2353, 867, -21]
2105:39.43, 10:10 [21, 1975, 1961, 2226, 1193, 889, 1400, 2357, 1622, 3031, 1589, 2348, 2113, -21]
2201:34.28, 10:10 [22, 2089, 1016, 1919, 1447, 1984, 1330, -22]
2202:23.77, 10:10 [22, 873, 953, 2047, 968, 1128, 2354, 1093, -22]
2203:22.59, 10:10 [22, 2168, 1057, 2131, 1972, 1882, 1123, 1061, -22]
2204:26.68, 9:10 [22, 1144, 2424, 1586, 982, 881, -22]
2205:46.40, 9:10 [22, 2876, 1374, 1969, 1552, 2087, 1203, 2080, 1255, 1617, -22]
2206:12.35, 8:10 [22, 2255, 1660, 1185, 2247, -22]
2301:28.61, 9:10 [23, 3007, 1413, 1260, 2220, -23]
2302:30.89, 6:10 [23, 1368, 1365, 1305, 1636, 1383, -23]
2303:13.12, 10:10 [23, 1777, 1806, 2151, 1890, -23]
2304:10.99, 10:10 [23, 1232, 1826, 949, -23]
2305:29.68, 10:10 [23, 2098, 2212, 1054, 2355, 1278, 918, -23]
2306:35.28, 10:10 [23, 3002, 2468, 2464, 2149, 2221, -23]
2307:38.97, 9:10 [23, 2518, 914, 1389, 2340, 929, 2849, 1366, 2338, 2092, 837, -23]
2308:25.07, 10:10 [23, 1131, 1129, 1911, 1600, 2099, 1361, -23]
2401:19.36, 9:10 [24, 1007, 932, 1116, 1912, 2203, 1323, -24]
2402:38.59, 10:10 [24, 1837, 2011, 1832, 1968, 1829, 1750, 2041, -24]
2403:9.43, 10:10 [24, 1786, 1935, 1170, -24]
2501:39.63, 10:10 [25, 2908, 2880, 1360, 2401, 1767, 1419, 2239, -25]
2502:85.17, 10:10 [25, 3032, 2606, 1332, 2339, 2128, 2230, 1208, 2654, 1598, 2542, 1645, -25]
2503:52.31, 10:10 [25, 2921, 1930, 1647, 2186, 1799, 1461, 1326, -25]
2504:21.61, 10:10 [25, 1869, 1062, 2277, 857, -25]
2505:28.89, 10:10 [25, 1744, 1990, 1114, 969, 1207, -25]
2506:9.84, 8:10 [25, 2571, 2375, 1027, -25]
2507:26.14, 8:10 [25, 2994, 3033, 1562, 2933, 1892, 1338, -25]
2508:22.79, 10:10 [25, 2227, 2060, 1902, -25]
2509:52.19, 10:10 [25, 999, 1560, 2410, 1630, 2652, 2815, 2122, 1282, -25]
2510:19.91, 8:10 [25, 1066, 1758, 1240, 1037, 1079, -25]
2511:48.58, 10:10 [25, 3026, 2123, 2337, 1159, -25]
2514:66.00, 10:10 [25, 1443, 1082, 919, 1649, 2349, 1317, 1807, 1409, 2352, 2037, 2653, 2489, -25]
2601:6.06, 9:10 [26, 965, 1373, 2004, 1590, 1778, 1169, -26]
2602:22.85, 10:10 [26, 2519, 2827, 1670, 909, 1997, 2591, -26]
2603:29.86, 10:10 [26, 2845, 2799, 1304, 2351, 1122, 1973, -26]
2604:3.41, 5:10 [26, 1659, 2176, 2238, -26]
2605:103.09, 10:10 [26, 1746, 2086, 951, 1739, 1820, 1974, 2165, 1995, -26]
2607:54.70, 10:10 [26, 3003, 1001, 1914, 1276, 1103, 1821, 1095, -26]
fe: 9, se: 58

Day: 1, Time: 100
Total Cost: 4001.67
 11:0.00, 70:75 [5, 34, -34, -5]
 12:0.00, 38:75 [5, 34, -34, -5]
 13:108.42, 72:75 [5, 36, -36, 39, -5]
 14:22.36, 70:75 [5, 37, -37, -5]
 15:71.55, 73:75 [5, 38, -38, -5]
 16:41.04, 75:75 [5, 35, -35, -5]
 18:78.23, 19:75 [5, 36, -36, -5]
 19:71.55, 58:75 [5, 38, -5]
 21:41.04, 61:75 [5, 35, -35, -5]
 22:92.14, 63:75 [5, 38, -38, 35, -5]
 23:0.00, 10:75 [5, 34, -5]
 24:88.96, 54:75 [5, 40, -40, 36, -36, -5]
 27:22.36, 8:75 [5, 37, -37, -5]
 29:61.77, 70:75 [5, 39, -39, -5]
 30:0.00, 9:75 [5, 34, -34, -5]
 31:61.77, 38:75 [5, 39, -39, -5]
 32:0.00, 10:75 [5, 34, -5]
 35:0.00, 9:75 [5, 34, -5]
3401:0.00, 10:10 [34, 2252, 1515, -34]
3402:2.00, 7:10 [34, 2572, 1546, -34]
3403:7.16, 7:10 [34, 2180, 1513, 2820, 1359, -34]
3404:32.68, 8:10 [34, 2056, 1479, 2110, 1756, -34]
3405:35.61, 10:10 [34, 2152, 1246, 1493, 2109, -34]
3406:26.47, 10:10 [34, 2208, 1508, 1465, -34]
3407:30.66, 10:10 [34, 1522, 1700, -34]
3408:18.49, 10:10 [34, 2378, 1549, -34]
3410:48.99, 10:10 [34, 1474, 1266, 1982, 1981, 1823, 1390, -34]
3411:16.66, 10:10 [34, 1722, 1543, -34]
3412:125.30, 10:10 [34, 2539, 2501, 1177, 2032, 1336, 923, 1614, 2103, 1438, -34]
3414:18.60, 9:10 [34, 1481, 1439, 1891, 2173, -34]
3415:36.99, 10:10 [34, 1000, 2025, 848, 2020, -34]
3417:39.03, 10:10 [34, 2300, 1153, 1905, 1072, 2031, 1370, 2040, 1962, -34]
3419:37.93, 10:10 [34, 3036, 1267, 1505, 2663, 1485, -34]
3420:31.55, 10:10 [34, 1539, 1733, -34]
3423:36.44, 9:10 [34, 1074, 1787, 1615, 1711, 885, -34]
3501:29.73, 10:10 [35, 3012, 2823, 1696, 1816, 1730, -35]
3502:32.26, 10:10 [35, 2917, 1718, 1470, 2402, 1496, -35]
3503:33.70, 10:10 [35, 1492, 1558, -35]
3504:42.27, 10:10 [35, 1885, 2097, 1412, 1893, 1291, -35]
3505:32.13, 10:10 [35, 1723, 1403, 1433, 1585, -35]
3506:32.14, 10:10 [35, 2626, 1506, 2018, 1715, 1555, -35]
3507:30.47, 6:10 [35, 1477, 964, -35]
3508:31.07, 10:10 [35, 1489, 2116, 1464, -35]
3509:50.94, 8:10 [35, 1352, 1517, -35]
3510:27.86, 10:10 [35, 2540, 1532, -35]
3511:30.66, 10:10 [35, 1161, 1482, 1708, 869, 1425, -35]
3513:34.44, 10:10 [35, 2800, 2643, 1480, 1524, 1271, -35]
3514:4.83, 10:10 [35, 1499, 1484, -35]
3515:22.70, 9:10 [35, 2078, 1300, 1475, 2246, -35]
3516:56.26, 10:10 [35, 1165, 1646, 1472, 943, 957, -35]
3517:19.93, 9:10 [35, 1490, 1644, 2136, 1811, -35]
3519:32.30, 10:10 [35, 1406, 1516, -35]
3520:37.61, 10:10 [35, 2413, 2520, 1008, 1528, 1148, -35]
3521:29.35, 10:10 [35, 1526, 1727, -35]
3601:98.02, 10:10 [36, 2886, 1495, 1527, 1107, 1392, -36]
3602:40.32, 9:10 [36, 1534, 1088, 2662, 925, -36]
3603:20.10, 8:10 [36, 2305, 1538, -36]
3604:78.90, 10:10 [36, 948, 1468, 2995, 1983, 1976, 897, -36]
3605:30.79, 7:10 [36, 2336, 3013, 1431, -36]
3606:31.94, 10:10 [36, 884, 1695, 1883, 1738, 1102, -36]
3607:84.42, 10:10 [36, 1049, 1449, 1548, 2669, -36]
3608:61.69, 9:10 [36, 2139, 1237, 1847, 1944, 1540, 2635, -36]
3609:42.18, 10:10 [36, 2360, 2454, 1156, 1348, 1113, 1394, 922, 1899, -36]
3610:42.69, 10:10 [36, 2377, 1550, -36]
3613:59.54, 10:10 [36, 1215, 921, 1063, 2161, 1631, 1884, 1353, -36]
3701:40.24, 9:10 [37, 2825, 2790, 1520, 2259, -37]
3702:9.52, 7:10 [37, 1530, 1509, -37]
3703:70.23, 10:10 [37, 1828, 1512, 2169, 856, 2019, 2458, -37]
3704:23.88, 10:10 [37, 890, 1729, 1478, -37]
3705:23.33, 7:10 [37, 2160, 1713, -37]
3706:6.00, 10:10 [37, 1188, -37]
3707:17.88, 10:10 [37, 1469, 1547, -37]
3708:20.13, 10:10 [37, 2932, 838, 1760, 1533, -37]
3709:35.38, 10:10 [37, 2801, 1217, 2095, 1518, -37]
3801:38.26, 10:10 [38, 1703, 1764, 1420, 2075, 1717, -38]
3802:44.46, 10:10 [38, 2039, 1731, 1683, 1640, -38]
3803:37.49, 10:10 [38, 1487, 1023, -38]
3804:35.30, 10:10 [38, 1502, 1471, -38]
3805:29.24, 10:10 [38, 2302, 1503, -38]
3806:45.23, 10:10 [38, 1324, 1510, 991, -38]
3807:37.34, 10:10 [38, 2193, 1519, -38]
3808:26.76, 7:10 [38, 2159, 2184, 1459, -38]
3809:30.61, 10:10 [38, 2106, 1494, 2282, 1171, -38]
3810:43.72, 10:10 [38, 1542, 1488, -38]
3811:42.44, 10:10 [38, 1476, 1684, 2268, 1434, 1818, -38]
3812:43.40, 9:10 [38, 2802, 1688, 2258, 1702, -38]
3813:20.92, 8:10 [38, 1514, 1680, -38]
3814:22.01, 10:10 [38, 1536, 1705, -38]
3815:81.28, 10:10 [38, 2157, 1728, 1682, -38]
3817:39.42, 10:10 [38, 3000, 2851, 1704, 954, 961, -38]
3819:35.61, 10:10 [38, 1745, 1497, -38]
3821:39.25, 10:10 [38, 1771, 1229, 2619, 927, 1501, 2560, 1690, -38]
3901:15.50, 10:10 [39, 2303, 2304, 926, -39]
3902:9.00, 9:10 [39, 2587, 1710, -39]
3903:25.88, 10:10 [39, 1288, 1987, 855, 2254, 1084, 1938, 1831, 863, -39]
3904:15.55, 10:10 [39, 980, 1545, -39]
3905:2.83, 5:10 [39, 1698, -39]
3906:34.89, 10:10 [39, 1053, 2114, 1347, 1357, -39]
3907:6.65, 6:10 [39, 2625, 1701, -39]
3908:50.65, 10:10 [39, 1965, 841, 1685, 1051, 1599, -39]
3909:26.78, 10:10 [39, 1979, 2137, 2253, 1430, 1363, -39]
3910:29.24, 10:10 [39, 3035, 3014, 2627, 1473, 2140, 2814, 2576, -39]
3911:33.00, 10:10 [39, 1668, 1854, 1654, 1341, -39]
3912:18.94, 9:10 [39, 1871, 920, 1511, 2158, -39]
3913:40.21, 10:10 [39, 1567, 1535, 1160, -39]
3914:29.15, 8:10 [39, 1424, 1448, -39]
3915:55.53, 10:10 [39, 2301, 1953, 1531, 1860, 1603, -39]
3916:27.71, 10:10 [39, 2983, 2863, 1980, -39]
3919:37.72, 10:10 [39, 1427, 1936, 2569, 1541, 2912, 2172, -39]
4001:12.71, 8:10 [40, 3037, 2053, -40]
4002:14.14, 5:10 [40, 1525, -40]
4003:37.31, 10:10 [40, 1483, 2127, 1803, 1529, 2119, -40]
4004:13.46, 10:10 [40, 1356, 1498, 1693, -40]
4005:18.49, 8:10 [40, 1881, 1386, 1507, -40]
fe: 18, se: 96

Day: 1, Time: 210
Total Cost: 1902.22
 11:0.00, 40:75 [2, -11, -2]
 12:0.00, 5:75 [2, -11, -2]
 13:0.00, 8:75 [2, -11, -2]
 14:72.50, 44:75 [2, -16, -2]
 16:58.41, 47:75 [2, -17, -2]
 17:58.41, 9:75 [2, -17, -2]
 18:76.94, 39:75 [2, -15, -2]
 19:36.06, 28:75 [2, -12, -2]
 20:56.64, 16:75 [2, -14, -2]
 21:72.50, 32:75 [2, -16, -2]
1101:105.76, 8:10 [11, 3055, 3049, 2817, 3068, -11]
1102:2.00, 4:10 [11, 2742, -11]
1103:37.11, 7:10 [11, 2772, 2733, -11]
1104:40.77, 10:10 [11, 2700, 2706, -11]
1105:43.12, 10:10 [11, 2716, 2774, -11]
1106:13.42, 5:10 [11, 3058, -11]
1108:27.28, 9:10 [11, 2728, 2682, -11]
1201:31.21, 9:10 [12, 2715, 2726, -12]
1202:95.06, 9:10 [12, 2739, 2776, -12]
1203:22.71, 10:10 [12, 2701, 2681, -12]
1401:40.51, 7:10 [14, 2751, 2698, -14]
1402:13.15, 9:10 [14, 2752, 2712, -14]
1501:26.30, 9:10 [15, 2748, 2782, -15]
1502:36.50, 10:10 [15, 2717, 2680, -15]
1503:31.27, 10:10 [15, 2741, 2756, -15]
1504:44.87, 10:10 [15, 2760, 2775, -15]
1601:53.19, 8:10 [16, 3045, 2918, 2857, -16]
1602:24.19, 10:10 [16, 2731, 2720, -16]
1603:57.05, 10:10 [16, 2753, 2744, 2735, -16]
1604:59.87, 9:10 [16, 3039, 2598, 3057, -16]
1605:69.97, 9:10 [16, 2749, 2761, -16]
1606:65.50, 5:10 [16, 3071, 2795, 2796, -16]
1607:10.00, 5:10 [16, 2765, -16]
1608:32.97, 10:10 [16, 2780, 2763, -16]
1609:53.68, 10:10 [16, 3078, 2657, -16]
1701:65.12, 3:10 [17, 3074, -17]
1702:71.77, 4:10 [17, 2405, 2597, 2599, -17]
1703:32.80, 10:10 [17, 2732, 2684, -17]
1704:38.24, 7:10 [17, 2673, 2762, -17]
1705:55.36, 10:10 [17, 2740, 2676, -17]
1706:58.17, 10:10 [17, 2443, 2730, 2674, 2734, -17]
1707:63.56, 1:10 [17, 2535, -17]
1708:22.80, 1:10 [17, 2404, -17]
1709:25.49, 10:10 [17, 2714, 2736, -17]
fe: 10, se: 34

Day: 1, Time: 210
Total Cost: 806.94
 11:0.00, 11:75 [4, -27, -4]
 12:0.00, 6:75 [4, -27, -4]
 13:56.04, 23:75 [4, -30, -4]
 14:119.88, 1:75 [4, -32, -4]
 15:52.35, 30:75 [4, -33, -4]
2701:13.28, 7:10 [27, 2959, 3043, -27]
2702:36.59, 4:10 [27, 2309, 2584, -27]
2703:50.34, 6:10 [27, 2868, 2551, 2550, 2867, 2561, -27]
3001:74.17, 9:10 [30, 2855, 2841, 2617, 3041, -30]
3002:61.70, 7:10 [30, 2916, 3028, 2947, -30]
3003:51.57, 6:10 [30, 2369, 2838, 2602, 2618, -30]
3004:25.30, 1:10 [30, 2538, -30]
3201:35.61, 1:10 [32, 2974, -32]
3301:83.01, 10:10 [33, 2840, 2794, 3059, -33]
3302:54.56, 7:10 [33, 2395, 2972, 3042, 2853, -33]
3303:16.94, 4:10 [33, 2842, 3062, -33]
3304:75.60, 9:10 [33, 2986, 2892, 3064, 2483, -33]
fe: 5, se: 12

Day: 1, Time: 220
Total Cost: 353.95
 11:0.00, 11:75 [5, -34, -5]
 12:0.00, 10:75 [5, -34, -5]
 13:0.00, 1:75 [5, -34, -5]
3401:81.15, 7:10 [34, 3015, 2910, 2667, -34]
3402:98.53, 10:10 [34, 3016, 2865, 2922, 2870, -34]
3403:110.45, 4:10 [34, 2864, -34]
3404:63.81, 1:10 [34, 2595, -34]
fe: 3, se: 4

Day: 1, Time: 225
Total Cost: 764.57
 11:0.00, 18:75 [3, -18, -3]
 12:0.00, 1:75 [3, -18, -3]
 13:56.92, 5:75 [3, -24, -3]
 14:45.69, 33:75 [3, -22, -3]
 15:56.92, 14:75 [3, -24, -3]
 17:50.48, 13:75 [3, -19, -3]
1801:66.52, 10:10 [18, 2581, 2878, 2470, 2798, 2803, 2944, -18]
1802:14.14, 1:10 [18, 2530, -18]
1803:32.73, 8:10 [18, 2373, 2396, 2497, -18]
1901:48.68, 4:10 [19, 2466, 2479, 2365, -19]
1902:50.43, 5:10 [19, 2958, 2582, 2877, 2341, -19]
1903:10.56, 4:10 [19, 2637, 2891, 2391, -19]
2201:34.62, 8:10 [22, 2860, 2636, 2858, 2510, 2942, -22]
2202:34.15, 7:10 [22, 2358, 2408, 2469, -22]
2203:65.49, 5:10 [22, 2605, 2568, 2463, -22]
2204:36.94, 4:10 [22, 2856, 2492, 2829, -22]
2205:58.88, 9:10 [22, 3022, 3063, 2639, -22]
2401:13.42, 1:10 [24, 2963, -24]
2402:35.00, 9:10 [24, 2905, 2993, 2423, 2493, -24]
2403:27.55, 5:10 [24, 2830, 2467, -24]
2404:25.44, 4:10 [24, 2847, 2499, 2529, 2482, -24]
fe: 6, se: 15

Day: 1, Time: 230
Total Cost: 319.15
 11:0.00, 13:75 [1, -6, -1]
 12:0.00, 1:75 [1, -6, -1]
 13:40.79, 5:75 [1, -10, -1]
601:33.53, 6:10 [6, 2957, 2490, -6]
602:22.80, 1:10 [6, 2541, -6]
603:116.89, 7:10 [6, 2594, 2659, 2668, 2311, 2980, -6]
1001:14.45, 2:10 [10, 2601, 2434, -10]
1002:67.29, 2:10 [10, 2553, 3021, -10]
1003:23.41, 1:10 [10, 2495, -10]
fe: 3, se: 6

Day: 1, Time: 330
Total Cost: 637.46
 11:0.00, 5:75 [4, -27, -4]
 12:0.00, 11:75 [4, -27, -4]
 15:52.35, 23:75 [4, -33, -4]
2701:76.32, 7:10 [27, 2588, 3001, 2658, -27]
2702:131.47, 5:10 [27, 2549, 2548, 2967, -27]
2703:114.16, 4:10 [27, 2890, 2366, 2515, 2446, -27]
3301:65.39, 7:10 [33, 3008, 2426, 2447, -33]
3302:84.07, 4:10 [33, 2371, 2427, -33]
3303:27.62, 3:10 [33, 2792, 2428, 2670, -33]
3304:86.09, 9:10 [33, 2642, 2438, 2624, 2416, -33]
fe: 3, se: 7

Day: 1, Time: 335
Total Cost: 448.37
 11:0.00, 14:75 [1, -6, -1]
 12:0.00, 5:75 [1, -6, -1]
 13:96.21, 3:75 [1, -7, -1]
601:114.70, 8:10 [6, 2496, 2832, 2442, 2812, 2370, -6]
602:50.00, 5:10 [6, 2900, -6]
604:128.92, 6:10 [6, 2435, 2950, 3009, 2494, 2655, -6]
701:58.54, 3:10 [7, 2600, 2498, 2552, -7]
fe: 3, se: 4

Day: 1, Time: 345
Total Cost: 208.02
 11:0.00, 2:75 [2, -11, -2]
 12:58.41, 12:75 [2, -17, -2]
1101:41.64, 2:10 [11, 2393, 2862, -11]
1701:77.37, 7:10 [17, 2399, 3060, 2456, 2879, -17]
1702:30.59, 5:10 [17, 3066, -17]
fe: 2, se: 3

Day: 1, Time: 345
Total Cost: 453.34
 11:0.00, 2:75 [3, -18, -3]
 12:0.00, 28:75 [3, -18, -3]
1801:76.46, 10:10 [18, 2374, 2433, 2644, 2961, 2831, 2938, 2567, 2425, -18]
1802:114.92, 6:10 [18, 2517, 2804, 2666, 2943, 3010, 2968, -18]
1803:86.24, 2:10 [18, 2816, 2382, -18]
1804:69.02, 2:10 [18, 2409, 2431, -18]
1805:53.74, 6:10 [18, 2793, 2859, -18]
1806:52.95, 4:10 [18, 2407, 2811, 2937, -18]
fe: 2, se: 6

Day: 1, Time: 345
Total Cost: 326.49
 11:0.00, 14:75 [5, -34, -5]
 12:0.00, 8:75 [5, -34, -5]
3401:117.87, 4:10 [34, 3030, 2998, 2991, -34]
3402:104.62, 8:10 [34, 2906, 2367, 2962, 2312, -34]
3403:104.01, 10:10 [34, 2822, 2984, 3023, 2477, 2521, 2990, -34]
fe: 2, se: 3

Day: 1, Time: 395
Total Cost: 182.08
 11:40.79, 1:75 [1, -10, -1]
 12:70.94, 1:75 [1, -9, -1]
901:41.23, 1:10 [9, 2436, -9]
1001:29.12, 1:10 [10, 2608, -10]
fe: 2, se: 2

Day: 1, Time: 400
Total Cost: 328.52
 11:0.00, 5:75 [4, -27, -4]
 12:0.00, 9:75 [4, -27, -4]
 15:52.35, 3:75 [4, -33, -4]
2701:108.21, 5:10 [27, 2299, 2620, -27]
2702:23.66, 7:10 [27, 2476, 2430, -27]
2703:74.24, 2:10 [27, 2403, -27]
3301:36.06, 2:10 [33, 2614, -33]
3302:34.00, 1:10 [33, 2939, -33]
fe: 3, se: 5

Day: 1, Time: 405
Total Cost: 162.80
 11:0.00, 7:75 [2, -11, -2]
1101:82.75, 6:10 [11, 3076, 3053, -11]
1102:80.05, 1:10 [11, 2307, -11]
fe: 1, se: 2

Day: 1, Time: 405
Total Cost: 312.61
 11:0.00, 10:75 [3, -18, -3]
1801:56.80, 4:10 [18, 2449, 2610, 2805, 2628, -18]
1802:70.56, 3:10 [18, 2661, 2411, 2989, -18]
1803:89.84, 2:10 [18, 2988, 2523, -18]
1804:95.41, 1:10 [18, 2903, -18]
fe: 1, se: 4

Day: 1, Time: 425
Total Cost: 130.71
 11:0.00, 2:75 [3, -18, -3]
 12:0.00, 1:75 [3, -18, -3]
1801:73.86, 2:10 [18, 2315, 2321, -18]
1802:56.85, 1:10 [18, 2320, -18]
fe: 2, se: 2

Day: 1, Time: 435
Total Cost: 304.20
 11:0.00, 2:75 [5, -34, -5]
 12:0.00, 19:75 [5, -34, -5]
 13:0.00, 3:75 [5, -34, -5]
 15:0.00, 9:75 [5, -34, -5]
3401:34.00, 2:10 [34, 2992, -34]
3402:64.07, 10:10 [34, 2611, 3072, 3050, -34]
3403:103.94, 9:10 [34, 3048, 3061, -34]
3405:62.90, 9:10 [34, 2500, 3070, 3069, -34]
3406:39.28, 3:10 [34, 2866, 3017, -34]
fe: 4, se: 5

Day: 1, Time: 440
Total Cost: 24.08
 11:0.00, 5:75 [4, -27, -4]
2701:24.08, 5:10 [27, 2809, -27]
fe: 1, se: 1

Day: 1, Time: 490
Total Cost: 234.05
 11:0.00, 9:75 [5, -34, -5]
3401:69.15, 6:10 [34, 2306, 2954, -34]
3402:75.46, 2:10 [34, 2927, 2590, -34]
3403:89.44, 1:10 [34, 2589, -34]
fe: 1, se: 3

Day: 1, Time: 515
Total Cost: 628.34
 11:0.00, 18:75 [2, -11, -2]
 12:0.00, 7:75 [2, -11, -2]
 13:0.00, 5:75 [2, -11, -2]
 17:58.41, 10:75 [2, -17, -2]
1101:57.82, 3:10 [11, 2824, 3075, -11]
1102:68.91, 7:10 [11, 3067, 2899, -11]
1103:66.07, 7:10 [11, 2931, 3077, -11]
1104:211.75, 7:10 [11, 3046, 2386, 2556, 2455, -11]
1105:56.60, 5:10 [11, 3065, -11]
1106:46.52, 1:10 [11, 2389, -11]
1701:19.09, 8:10 [17, 3040, 3051, -17]
1702:43.17, 2:10 [17, 3056, -17]
fe: 4, se: 8

Day: 1, Time: 515
Total Cost: 86.19
 11:61.77, 1:75 [5, -39, -5]
3901:24.41, 1:10 [39, 2981, -39]
fe: 1, se: 1

Day: 1, Time: 550
Total Cost: 657.97
 11:0.00, 16:75 [4, 27, -27, -4]
 12:0.00, 2:75 [4, -27, -4]
 13:56.04, 33:75 [4, 30, -30, -4]
2701:61.61, 7:10 [27, 133, 703, 323, 668, -27]
2702:21.54, 2:10 [27, 2982, -27]
2703:102.82, 9:10 [27, 547, 761, 161, 145, 326, 2480, 358, 136, 594, 571, -27]
3001:120.33, 9:10 [30, 2502, 83, 577, 558, 643, 605, 574, 689, -30]
3002:2.00, 1:10 [30, 592, -30]
3003:84.35, 9:10 [30, 344, 425, 2971, 380, 567, 247, 671, -30]
3004:132.79, 9:10 [30, 2417, 2788, 713, 260, 178, 361, 771, 674, -30]
3005:76.50, 10:10 [30, 2869, 2665, 86, 416, 283, -30]
fe: 3, se: 8

Day: 1, Time: 575
Total Cost: 944.36
 11:0.00, 51:75 [1, 6, -6, -1]
 12:40.79, 46:75 [1, 10, -10, -1]
 15:96.99, 47:75 [1, 7, -7, 9, -1]
601:67.28, 10:10 [6, 208, 303, 2634, 2672, 820, 601, 61, 201, 284, 289, -6]
602:10.67, 9:10 [6, 59, 97, 317, -6]
603:58.60, 10:10 [6, 355, 170, 2319, 175, 372, 384, 759, -6]
604:32.25, 10:10 [6, 2964, 414, 100, 686, 630, 105, -6]
605:60.73, 10:10 [6, 428, 770, 281, 597, 662, 331, 2997, -6]
606:17.30, 8:10 [6, 2973, 2996, -6]
607:2.00, 3:10 [6, 796, -6]
701:60.73, 10:10 [7, 2344, 74, 642, 404, -7]
702:56.28, 10:10 [7, 107, 595, 341, 409, -7]
703:47.77, 9:10 [7, 2342, 2361, 650, 706, 388, 559, 2286, 789, -7]
901:40.45, 10:10 [9, 152, 772, 130, 708, 769, 57, 300, -9]
902:8.94, 10:10 [9, 413, -9]
903:13.56, 5:10 [9, 62, 332, -9]
1001:64.04, 10:10 [10, 2363, 285, 96, 802, 757, -10]
1002:46.06, 10:10 [10, 2316, 374, 288, 400, 812, -10]
1003:66.71, 10:10 [10, 337, 785, 598, 202, 585, 679, 227, 169, -10]
1004:107.25, 10:10 [10, 2471, 2850, 2362, 271, 580, 638, 106, 586, 634, 710, -10]
1005:34.17, 8:10 [10, 407, 417, 828, 2504, 782, -10]
1006:11.80, 8:10 [10, 2603, 835, -10]
fe: 3, se: 19

Day: 1, Time: 575
Total Cost: 1025.51
 11:0.00, 5:75 [2, 11, -11, -2]
 12:76.94, 16:75 [2, 15, -15, -2]
 13:0.00, 9:75 [2, 11, -11, -2]
 14:72.50, 19:75 [2, 16, -16, -2]
 15:58.41, 29:75 [2, 17, -17, -2]
 16:0.00, 10:75 [2, 11, -11, -2]
1101:49.82, 10:10 [11, 768, 91, 584, 312, 226, 565, 2292, -11]
1102:86.58, 8:10 [11, 2883, 279, 386, 333, -11]
1103:53.79, 9:10 [11, 252, 223, 653, 249, 613, 2960, -11]
1501:35.17, 7:10 [15, 221, 89, 65, 2861, -15]
1503:67.87, 9:10 [15, 320, 66, 217, 359, 557, 117, 2288, 256, -15]
1601:70.36, 10:10 [16, 322, 604, 311, 603, 113, 109, 582, 110, 726, -16]
1602:77.35, 10:10 [16, 2641, 723, 792, 376, 612, 147, 591, 720, 2287, 111, -16]
1701:106.50, 10:10 [17, 752, 129, 658, 692, 232, 88, 84, 364, 165, -17]
1702:72.78, 6:10 [17, 583, 339, 2289, 225, 556, 793, 282, -17]
1703:81.02, 7:10 [17, 291, 87, 290, 2296, 383, 321, 319, 112, -17]
1704:116.43, 6:10 [17, 268, 218, 2297, 125, 363, 349, -17]
fe: 6, se: 11

Day: 1, Time: 590
Total Cost: 1008.01
 11:0.00, 36:75 [3, 18, -18, -3]
 12:45.69, 42:75 [3, 22, -22, -3]
 13:89.73, 26:75 [3, 24, -24, 23, -3]
 14:58.78, 48:75 [3, 19, -19, 20, -3]
1801:86.46, 10:10 [18, 302, 216, 743, 620, 369, 776, 2285, 258, -18]
1802:69.45, 10:10 [18, 382, 2924, 340, 2290, 375, 831, 673, 215, 342, 336, -18]
1803:46.89, 10:10 [18, 2843, 2558, 655, 402, 599, 2450, -18]
1804:73.11, 9:10 [18, 2578, 191, 735, 685, 2513, 2925, 693, 791, 551, -18]
1901:34.16, 10:10 [19, 2955, 238, 248, 669, 652, 2941, -19]
1902:26.24, 9:10 [19, 2547, 2457, 196, 736, 644, 141, -19]
1903:59.24, 10:10 [19, 2940, 2909, 179, 140, 575, 2293, 406, -19]
1904:31.22, 8:10 [19, 70, 235, 75, -19]
2001:36.83, 10:10 [20, 645, 231, 622, 211, 177, -20]
2002:21.86, 6:10 [20, 732, 651, 408, -20]
2201:18.72, 9:10 [22, 68, 704, 806, -22]
2202:43.71, 9:10 [22, 2664, 2833, 3027, 621, 2323, 731, 162, -22]
2203:92.54, 10:10 [22, 3018, 387, 327, 2926, 756, 126, 301, 219, 781, 729, -22]
2204:30.88, 8:10 [22, 576, 58, 649, 659, -22]
2205:17.16, 10:10 [22, 631, 294, 149, 629, -22]
2301:40.67, 10:10 [23, 405, 189, 628, 351, 205, 157, 667, -23]
2302:21.48, 4:10 [23, 295, 742, 763, 92, -23]
2401:39.18, 10:10 [24, 176, 296, 403, 353, 777, 563, 554, -24]
2402:24.01, 5:10 [24, 2325, 292, 593, -24]
fe: 4, se: 19

Day: 1, Time: 635
Total Cost: 853.15
 11:0.00, 25:75 [4, 27, -27, -4]
 15:139.23, 20:75 [4, -32, 31, -4]
 16:52.35, 16:75 [4, 33, -33, -4]
2701:75.98, 9:10 [27, 395, 153, 779, 121, 2919, 267, -27]
2702:59.53, 10:10 [27, 615, 555, 2573, 410, 394, 2536, 764, -27]
2703:109.49, 10:10 [27, 602, 2948, 678, 338, 2324, 393, 750, -27]
3101:110.99, 9:10 [31, 167, 366, 325, 665, 115, 181, -31]
3102:39.53, 10:10 [31, 648, 606, 411, 715, 788, -31]
3201:24.74, 1:10 [32, 2907, -32]
3301:65.06, 10:10 [33, 2507, 773, 2472, 2854, 275, -33]
3302:59.47, 2:10 [33, 94, 2441, 114, -33]
3303:40.50, 5:10 [33, 790, 2314, 2333, 276, 2945, 751, 635, -33]
3304:76.27, 4:10 [33, 350, 2385, 108, -33]
fe: 3, se: 10

Day: 1, Time: 645
Total Cost: 361.43
 11:0.00, 30:75 [2, 11, -11, -2]
 12:0.00, 2:75 [2, -11, -2]
1101:71.13, 10:10 [11, 2487, 60, 135, 2485, -11]
1102:120.05, 9:10 [11, 69, 654, 134, -11]
1103:2.83, 2:10 [11, 2387, -11]
1104:50.55, 7:10 [11, 722, 794, -11]
1106:116.88, 6:10 [11, 2486, 419, 2484, -11]
fe: 2, se: 5

Day: 1, Time: 650
Total Cost: 284.11
 11:56.04, 3:75 [4, -30, -4]
 13:52.35, 9:75 [4, -33, -4]
3001:70.96, 3:10 [30, 2322, 2509, -30]
3301:40.21, 7:10 [33, 2613, 2505, -33]
3302:64.56, 2:10 [33, 2506, -33]
fe: 2, se: 3

Day: 1, Time: 650
Total Cost: 791.39
 11:0.00, 28:75 [5, 34, -34, -5]
 14:61.77, 18:75 [5, 39, -39, -5]
 15:52.50, 21:75 [5, 40, -40, -5]
3401:108.80, 5:10 [34, 2295, 637, 2622, 633, -34]
3402:71.22, 10:10 [34, 783, 572, 194, 760, 3047, 632, -34]
3404:94.94, 8:10 [34, 3038, 132, 2923, 328, 2586, 2559, 354, -34]
3405:59.39, 10:10 [34, 397, 55, 3052, 236, 95, 197, 310, 670, 2394, 103, -34]
3901:6.58, 6:10 [39, 2291, 3054, -39]
3902:28.73, 8:10 [39, 762, 709, 3044, 158, 273, -39]
3903:55.76, 10:10 [39, 389, 675, 348, 617, 245, 390, 362, 661, -39]
4001:44.63, 10:10 [40, 2839, 2294, 180, 2452, 2398, -40]
4002:63.50, 5:10 [40, 2284, 2397, -40]
4003:16.96, 6:10 [40, 548, 3073, 2453, -40]
4004:126.60, 10:10 [40, 85, 690, 564, 163, 716, 641, 552, -40]
fe: 3, se: 11

Day: 1, Time: 660
Total Cost: 105.98
 11:0.00, 5:75 [4, -27, -4]
2701:105.98, 5:10 [27, 2508, 3029, -27]
fe: 1, se: 1

Day: 1, Time: 665
Total Cost: 385.25
 11:45.69, 16:75 [3, 22, -22, -3]
 12:0.00, 5:75 [3, 18, -3]
 13:20.40, 15:75 [3, 20, -20, -3]
1801:22.80, 5:10 [18, 740, -18]
2001:75.85, 6:10 [20, 2347, 93, 2380, -20]
2002:65.17, 10:10 [20, 714, 159, -20]
2201:58.50, 2:10 [22, 2621, 2852, -22]
2202:60.96, 5:10 [22, 2920, -22]
2203:35.87, 9:10 [22, 2359, 67, 2787, 2557, 2930, 2616, -22]
fe: 3, se: 6

Day: 1, Time: 670
Total Cost: 421.10
 11:0.00, 11:75 [1, 6, -6, -1]
 12:78.30, 17:75 [1, 8, -8, 10, -1]
601:91.01, 10:10 [6, 297, 420, 2465, -6]
602:74.21, 10:10 [6, 2976, 2915, 2970, 2977, 2381, -6]
801:30.34, 2:10 [8, 2345, 2414, -8]
802:46.35, 6:10 [8, 64, 608, -8]
803:34.41, 1:10 [8, 2512, -8]
804:17.09, 5:10 [8, 815, -8]
1001:49.40, 6:10 [10, 396, -10]
fe: 2, se: 7

Day: 1, Time: 675
Total Cost: 62.80
 11:0.00, 2:75 [2, -11, -2]
1101:62.80, 2:10 [11, 2813, -11]
fe: 1, se: 1

Day: 1, Time: 680
Total Cost: 78.77
 11:41.04, 1:75 [5, -35, -5]
3501:37.74, 1:10 [35, 2882, -35]
fe: 1, se: 1

Day: 1, Time: 820
Total Cost: 49.19
 11:0.00, 4:75 [5, 34, -5]
3401:49.19, 4:10 [34, 56, -34]
fe: 1, se: 1


Day	Area	ID	Time	Load	Utilization	NoOrders	AssignmentCost
1	1	11	450	 72	1.00	57	636.00
1	1	13	540	 30	0.42	20	300.00
1	1	57	810	 27	0.56	12	414.00
1	1	76	810	 28	0.58	19	426.00
1	2	87	450	 70	0.97	40	620.00
1	2	89	540	 40	0.56	19	380.00
1	2	129	630	 33	0.55	11	405.00
1	2	93	720	 45	0.94	 9	630.00
1	2	150	720	 45	0.94	 9	630.00
1	2	131	720	 48	1.00	10	666.00
1	2	112	720	 48	1.00	10	666.00
1	2	94	765	 48	1.00	11	666.00
1	2	132	765	 48	1.00	12	666.00
1	2	151	765	 48	1.00	11	666.00
1	2	113	765	 48	1.00	10	666.00
1	2	95	810	 48	1.00	13	666.00
1	2	133	810	 48	1.00	15	666.00
1	2	152	810	 48	1.00	11	666.00
1	2	114	810	 48	1.00	15	666.00
1	3	183	495	 72	1.00	53	636.00
1	3	221	495	 72	1.00	47	636.00
1	3	222	540	 72	1.00	50	636.00
1	3	170	765	  3	0.06	 3	126.00
1	3	228	810	 46	0.96	35	642.00
1	4	258	450	 68	0.94	50	604.00
1	4	277	450	 66	0.92	33	588.00
1	4	239	450	 68	0.94	23	604.00
1	4	241	540	 67	0.93	32	596.00
1	4	243	630	 12	0.20	 4	195.00
1	4	266	810	 14	0.29	14	258.00
1	4	285	810	 48	1.00	22	666.00
1	5	353	450	 72	1.00	45	636.00
1	5	355	540	 72	1.00	17	636.00
1	5	319	630	 48	0.80	22	555.00
1	5	361	810	 47	0.98	24	654.00
1	5	342	810	 21	0.44	 7	342.00


Day	Area	Time	Pickup	Delivery	Direct	FEVehicles	SEVehicles	ALNSTime	ALNSBestTime	RoutingCostArea
1	1	95	52	275	0	15	55	1185.78	747.65	2495.88
1	1	230	13	0	0	3	6	1.93	0.35	319.15
1	1	335	14	0	0	3	4	1.18	0.00	448.37
1	1	395	2	0	0	2	2	0.52	0.00	182.08
1	1	575	18	79	0	3	19	48.93	39.63	944.36
1	1	670	9	6	0	2	7	2.21	1.37	421.10
1	2	95	94	235	0	11	57	1133.63	988.78	3309.82
1	2	210	71	0	0	10	34	49.52	35.40	1902.22
1	2	345	7	0	0	2	3	0.72	0.00	208.02
1	2	405	3	0	0	1	2	0.48	0.00	162.80
1	2	515	15	0	0	4	8	1.88	0.00	628.34
1	2	575	10	68	0	6	11	71.99	54.50	1025.51
1	2	645	5	8	0	2	5	1.33	0.00	361.43
1	2	675	1	0	0	1	1	0.25	0.00	62.80
1	3	100	71	284	0	9	58	1531.60	1361.87	2218.72
1	3	225	48	0	0	6	15	18.54	10.36	764.57
1	3	345	23	0	0	2	6	3.15	0.83	453.34
1	3	405	10	0	0	1	4	1.17	0.00	312.61
1	3	425	3	0	0	2	2	0.39	0.00	130.71
1	3	590	23	89	0	4	19	74.59	61.17	1008.01
1	3	665	10	5	0	3	6	2.50	0.54	385.25
1	4	90	84	353	0	17	82	1331.20	1069.54	3775.51
1	4	210	35	0	0	5	12	6.26	2.03	806.94
1	4	330	22	0	0	3	7	3.72	2.07	637.46
1	4	400	7	0	0	3	5	1.24	0.00	328.52
1	4	440	1	0	0	1	1	0.24	0.00	24.08
1	4	550	8	36	0	3	8	9.31	3.75	657.97
1	4	635	14	36	0	3	10	37.57	31.82	853.15
1	4	650	5	0	0	2	3	0.81	0.00	284.11
1	4	660	2	0	0	1	1	0.35	0.00	105.98
1	5	100	55	301	0	18	96	995.32	823.70	4001.67
1	5	220	9	0	0	3	4	1.00	0.05	353.95
1	5	345	13	0	0	2	3	1.20	0.00	326.49
1	5	435	11	0	0	4	5	1.30	0.00	304.20
1	5	490	5	0	0	1	3	0.52	0.00	234.05
1	5	515	1	0	0	1	1	0.25	0.00	86.19
1	5	650	20	39	0	3	11	14.37	0.00	791.39
1	5	680	1	0	0	1	1	0.25	0.00	78.77
1	5	820	0	1	0	1	1	0.20	0.00	49.19

Day	SL	Own	DispatchTimes	AssignmentCost	RoutingCost	TotalCost
1	36	0	14	20111.00	31444.74	51555.74

Total Cost: 51555.736225948756
Cost per Day: 51555.736225948756
Running time in Seconds: 9682.253
Running time in minutes: 161.37088333333332