INSTANCE: 2hubs_A_8_x.csv
PARAMETER: sp_balance_tight_20_120_2hubs.txt
POLICY: Stochastic Programming
ALPHA: 0.0235265653271104
BETA: 53
OMEGA: 586
EPSILON: 1.53063798568438

Day: 1, Time: 0
Total Cost: 3521.37
 11:136.01, 39:75 [1, 3, -3, -1]
 12:136.01, 67:75 [1, 3, -3, -1]
 14:153.31, 33:75 [1, 4, -4, -1]
 15:153.31, 33:75 [1, 4, -4, -1]
 16:153.31, 27:75 [1, 4, -4, -1]
301:138.52, 10:10 [3, 3130, 3306, 3097, 3101, 3238, 3090, -3]
302:150.82, 10:10 [3, 3309, 3283, 3314, 3219, 3165, 3241, 3297, -3]
303:141.60, 10:10 [3, 3295, 3294, 3308, 3107, 3253, -3]
304:171.90, 8:10 [3, 3248, 3266, 3131, 3313, -3]
305:106.53, 10:10 [3, 3194, 3203, 3161, 3201, 3108, 3200, 3106, -3]
306:79.29, 10:10 [3, 3289, 3224, 3268, -3]
307:118.66, 10:10 [3, 3128, 3151, 3242, 3118, 3166, -3]
308:147.11, 8:10 [3, 3246, 3148, 3245, 3252, 3167, 3269, -3]
309:35.66, 8:10 [3, 3228, 3300, 3254, -3]
310:89.58, 10:10 [3, 3287, 3113, 3244, 3279, -3]
311:16.12, 4:10 [3, 3305, -3]
314:174.35, 10:10 [3, 3188, 3150, 3187, 3214, 3119, 3170, 3198, 3122, 3276, -3]
401:66.55, 10:10 [4, 3140, 3089, 3127, -4]
402:88.07, 9:10 [4, 3249, 3303, 3288, -4]
403:155.99, 10:10 [4, 3256, 3223, 3312, 3093, -4]
404:151.73, 10:10 [4, 3213, 3264, 3112, 3230, -4]
405:93.85, 9:10 [4, 3307, 3250, 3226, 3174, 3310, -4]
406:143.81, 10:10 [4, 3156, 3164, 3286, 3104, 3125, 3143, 3296, 3098, -4]
407:129.42, 10:10 [4, 3206, 3277, 3133, 3301, 3110, -4]
409:18.44, 4:10 [4, 3102, -4]
410:75.68, 10:10 [4, 3282, 3205, 3239, 3169, -4]
411:167.52, 9:10 [4, 3284, 3134, 3103, 3304, 3099, 3311, -4]
412:90.84, 10:10 [4, 3177, 3273, 3146, 3182, 3209, -4]
413:67.69, 8:10 [4, 3138, 3142, 3129, 3091, -4]
416:65.27, 10:10 [4, 3176, 3233, 3267, 3139, -4]
417:104.41, 9:10 [4, 3159, 3240, 3275, 3236, -4]
fe: 5, se: 26

Day: 1, Time: 10
Total Cost: 2888.30
 11:66.27, 63:75 [2, 5, -5, -2]
 12:66.27, 66:75 [2, 5, -5, -2]
 13:145.23, 27:75 [2, 6, -6, -2]
 14:66.27, 16:75 [2, 5, -5, -2]
 18:145.23, 25:75 [2, 6, -6, -2]
501:59.27, 7:10 [5, 3299, 3109, 3185, 3274, -5]
502:71.81, 8:10 [5, 3153, 3196, 3265, 3285, -5]
503:129.22, 7:10 [5, 3272, 3258, 3199, 3247, -5]
504:111.96, 10:10 [5, 3208, 3149, 3263, 3262, 3152, 3114, 3202, -5]
505:150.91, 8:10 [5, 3315, 3220, -5]
506:114.71, 10:10 [5, 3168, 3292, 3251, 3281, 3255, -5]
507:58.88, 10:10 [5, 3212, 3172, 3216, 3290, -5]
508:112.13, 9:10 [5, 3087, 3211, 3225, 3123, 3094, 3291, -5]
509:179.37, 10:10 [5, 3145, 3190, 3111, 3231, 3217, 3158, 3210, -5]
510:43.89, 8:10 [5, 3181, 3215, 3121, -5]
511:87.56, 9:10 [5, 3116, 3227, 3115, 3180, -5]
512:143.54, 10:10 [5, 3137, 3144, 3175, 3105, -5]
513:113.10, 10:10 [5, 3155, 3171, 4986, 3154, 3179, 3100, -5]
516:122.29, 10:10 [5, 3204, 3278, 3192, 3257, 3293, 3195, -5]
518:136.80, 10:10 [5, 3163, 3184, 3141, 3186, 3095, -5]
523:125.92, 10:10 [5, 3191, 3173, 3234, 3237, 3259, 3221, -5]
602:74.94, 5:10 [6, 3124, 3271, 3302, -6]
603:67.91, 10:10 [6, 3120, 3222, 3096, 3157, -6]
604:127.42, 10:10 [6, 3298, 3183, 3092, 3117, 3280, 3229, -6]
605:34.97, 10:10 [6, 3235, 3207, 3261, 3135, -6]
606:157.47, 10:10 [6, 3178, 3136, 3162, 3132, 3260, 3160, 3189, -6]
608:80.94, 9:10 [6, 3126, 3193, 3088, 3243, -6]
609:94.04, 10:10 [6, 3147, 3232, 3197, 3218, 3270, -6]
fe: 5, se: 23

Day: 1, Time: 60
Total Cost: 796.12
 11:66.27, 16:75 [2, -5, -2]
 12:66.27, 10:75 [2, -5, -2]
 13:145.23, 5:75 [2, -6, -2]
501:108.46, 4:10 [5, 5502, -5]
502:68.96, 3:10 [5, 6131, -5]
503:180.25, 10:10 [5, 3858, 3783, 6162, 5787, -5]
504:107.70, 9:10 [5, 6029, 5648, 6038, -5]
601:52.97, 5:10 [6, 5710, 5446, -6]
fe: 3, se: 5

Day: 1, Time: 70
Total Cost: 487.19
 11:66.27, 4:75 [2, -5, -2]
 12:66.27, 3:75 [2, -5, -2]
 13:66.27, 2:75 [2, -5, -2]
501:63.56, 4:10 [5, 5823, -5]
502:72.69, 3:10 [5, 6134, -5]
503:152.12, 2:10 [5, 4208, -5]
fe: 3, se: 3

Day: 1, Time: 90
Total Cost: 1032.90
 11:136.01, 6:75 [1, -3, -1]
 12:136.01, 20:75 [1, -3, -1]
 13:136.01, 10:75 [1, -3, -1]
301:36.62, 5:10 [3, 5372, 3357, -3]
302:151.70, 10:10 [3, 3449, 4175, 3435, 4355, -3]
304:69.05, 3:10 [3, 3852, -3]
305:64.86, 7:10 [3, 5746, 6106, -3]
306:116.00, 1:10 [3, 5691, -3]
307:186.63, 10:10 [3, 6101, 5556, 3416, 5629, -3]
fe: 3, se: 6

Day: 1, Time: 110
Total Cost: 465.48
 11:66.27, 1:75 [2, -5, -2]
 12:66.27, 4:75 [2, -5, -2]
 13:66.27, 3:75 [2, -5, -2]
501:125.60, 1:10 [5, 4556, -5]
502:107.54, 4:10 [5, 4163, 3823, -5]
503:33.53, 3:10 [5, 6184, -5]
fe: 3, se: 3

Day: 1, Time: 125
Total Cost: 197.16
 11:66.27, 6:75 [2, -5, -2]
501:49.48, 4:10 [5, 5483, -5]
502:81.41, 2:10 [5, 3496, -5]
fe: 1, se: 2

Day: 1, Time: 130
Total Cost: 964.78
 11:136.01, 1:75 [1, -3, -1]
 12:136.01, 4:75 [1, -3, -1]
 13:136.01, 4:75 [1, -3, -1]
 14:153.31, 6:75 [1, -4, -1]
301:23.32, 1:10 [3, 5635, -3]
302:131.57, 4:10 [3, 5862, 3964, -3]
303:114.77, 4:10 [3, 4524, -3]
401:133.76, 6:10 [4, 5601, 5374, -4]
fe: 4, se: 4

Day: 1, Time: 145
Total Cost: 580.03
 11:153.31, 4:75 [1, -4, -1]
 12:136.01, 3:75 [1, -3, -1]
 13:136.01, 4:75 [1, -3, -1]
301:80.89, 4:10 [3, 5785, -3]
302:50.99, 3:10 [3, 5536, -3]
401:22.80, 4:10 [4, 4486, -4]
fe: 3, se: 3

Day: 1, Time: 145
Total Cost: 254.50
 11:66.27, 4:75 [2, -5, -2]
501:66.03, 1:10 [5, 6224, -5]
502:122.20, 3:10 [5, 4541, -5]
fe: 1, se: 2

Day: 1, Time: 170
Total Cost: 204.01
 11:136.01, 2:75 [1, -3, -1]
301:68.00, 2:10 [3, 4105, -3]
fe: 1, se: 1

Day: 1, Time: 180
Total Cost: 214.37
 11:66.27, 1:75 [2, -5, -2]
 12:66.27, 6:75 [2, -5, -2]
501:23.32, 1:10 [5, 3737, -5]
502:58.50, 6:10 [5, 5522, 4836, -5]
fe: 2, se: 2

Day: 1, Time: 295
Total Cost: 918.52
 11:136.01, 24:75 [1, -3, -1]
 12:153.31, 15:75 [1, -4, -1]
301:93.92, 6:10 [3, 5619, 5916, -3]
302:179.96, 10:10 [3, 4261, 4352, 6221, 4543, -3]
303:76.60, 8:10 [3, 5016, 5473, 3417, -3]
401:158.03, 9:10 [4, 4351, 3634, 4669, -4]
402:120.68, 6:10 [4, 3757, 3833, -4]
fe: 2, se: 5

Day: 1, Time: 300
Total Cost: 481.32
 11:66.27, 33:75 [2, -5, -2]
501:53.67, 4:10 [5, 4286, -5]
502:121.23, 10:10 [5, 4777, 3940, 5882, -5]
503:110.92, 10:10 [5, 4315, 4898, 3658, 6078, -5]
504:129.24, 9:10 [5, 5003, 4771, 4593, 5713, -5]
fe: 1, se: 4

Day: 1, Time: 360
Total Cost: 1188.30
 11:136.01, 70:75 [1, 3, -3, -1]
301:178.08, 10:10 [3, 67, 102, 47, 65, 9, 68, -3]
302:133.81, 10:10 [3, 88, 2633, 44, 547, -3]
303:123.01, 10:10 [3, 91, 1923, 973, -3]
304:39.25, 5:10 [3, 30, 3854, 2839, -3]
305:66.94, 7:10 [3, 4297, 2520, 61, -3]
306:204.14, 9:10 [3, 69, 22, 75, -3]
307:164.05, 10:10 [3, 2994, 103, 82, 4857, 100, -3]
308:143.00, 10:10 [3, 125, 31, 14, -3]
fe: 1, se: 8

Day: 1, Time: 405
Total Cost: 873.45
 11:136.01, 31:75 [1, 3, -3, -1]
 12:153.31, 19:75 [1, 4, -4, -1]
301:53.18, 8:10 [3, 2312, 25, -3]
302:74.40, 5:10 [3, 80, 633, 5048, -3]
303:124.75, 8:10 [3, 2293, 1018, 7, -3]
305:61.25, 10:10 [3, 2256, 2941, 26, -3]
402:73.76, 8:10 [4, 306, 32, 45, -4]
403:130.36, 7:10 [4, 57, 42, 2848, -4]
404:16.12, 2:10 [4, 71, -4]
405:50.30, 2:10 [4, 17, 3423, -4]
fe: 2, se: 8

Day: 1, Time: 405
Total Cost: 1071.91
 11:66.27, 38:75 [2, 5, -5, -2]
 12:145.23, 12:75 [2, 6, -6, -2]
501:102.95, 8:10 [5, 50, 2556, 5970, 6152, -5]
503:99.40, 10:10 [5, 5544, 15, 5404, 3970, -5]
505:147.63, 7:10 [5, 49, 662, 85, -5]
507:147.24, 8:10 [5, 46, 3430, 113, 92, -5]
508:112.75, 10:10 [5, 5771, 2445, 4974, 3470, 2652, -5]
509:106.39, 8:10 [5, 5599, 2916, 43, -5]
601:74.23, 4:10 [6, 98, 4652, -6]
602:37.56, 5:10 [6, 2346, 77, -6]
603:32.25, 3:10 [6, 59, -6]
fe: 2, se: 9

Day: 1, Time: 430
Total Cost: 277.21
 11:66.27, 2:75 [2, -5, -2]
501:92.48, 1:10 [5, 3453, -5]
502:118.46, 1:10 [5, 4046, -5]
fe: 1, se: 2

Day: 1, Time: 435
Total Cost: 231.32
 11:153.31, 4:75 [1, -4, -1]
401:78.01, 4:10 [4, 5501, 4867, -4]
fe: 1, se: 1

Day: 1, Time: 450
Total Cost: 519.15
 12:153.31, 9:75 [1, 4, -1]
 13:136.01, 7:75 [1, 3, -1]
301:57.31, 3:10 [3, 27, 73, -3]
302:44.27, 4:10 [3, 41, -3]
401:78.00, 3:10 [4, 1351, -4]
402:50.25, 6:10 [4, 72, 12, 18, -4]
fe: 2, se: 4

Day: 1, Time: 450
Total Cost: 1029.79
 11:66.27, 60:75 [2, 5, -2]
501:79.81, 5:10 [5, 56, 119, -5]
502:137.18, 10:10 [5, 63, 87, 120, 111, -5]
503:154.14, 4:10 [5, 915, 33, 38, -5]
504:96.16, 6:10 [5, 1334, 2501, 105, -5]
505:70.25, 5:10 [5, 54, 62, -5]
506:74.65, 4:10 [5, 64, 55, -5]
507:157.80, 9:10 [5, 97, 60, 122, 34, -5]
508:31.59, 8:10 [5, 89, 2182, 117, -5]
509:50.36, 3:10 [5, 167, -5]
510:37.58, 4:10 [5, 110, -5]
511:74.00, 2:10 [5, 76, -5]
fe: 1, se: 11

Day: 1, Time: 495
Total Cost: 819.77
 11:66.27, 46:75 [2, 5, -2]
501:52.00, 8:10 [5, 115, 23, -5]
502:111.32, 3:10 [5, 78, -5]
503:110.63, 1:10 [5, 93, -5]
504:78.82, 10:10 [5, 29, 2184, 99, -5]
505:98.69, 7:10 [5, 118, 74, -5]
507:102.32, 6:10 [5, 104, 66, -5]
509:102.91, 6:10 [5, 2411, 2595, -5]
510:96.80, 5:10 [5, 58, 16, -5]
fe: 1, se: 8


Day	Area	ID	Time	Load	Utilization	NoOrders	AssignmentCost
1	1	 8	315	 50	0.83	17	575.00
1	1	 9	360	 60	1.00	26	675.00
1	1	10	405	 50	0.83	16	575.00
1	1	15	630	 60	1.00	21	675.00
1	1	16	675	 27	0.56	10	414.00
1	1	19	810	 48	1.00	23	666.00
1	2	26	270	 60	1.00	22	675.00
1	2	51	300	 10	0.08	 5	350.00
1	2	27	315	 50	0.83	18	575.00
1	2	28	360	 16	0.27	 7	235.00
1	2	34	630	 60	1.00	18	675.00
1	2	37	765	 29	0.60	 8	438.00
1	2	38	810	 48	1.00	26	666.00


Day	Area	Time	Pickup	Delivery	Direct	FEVehicles	SEVehicles	ALNSTime	ALNSBestTime	RoutingCostArea
1	1	0	67	53	0	5	26	69.12	38.45	3521.37
1	1	90	14	0	0	3	6	1.24	0.00	1032.90
1	1	130	6	0	0	4	4	0.67	0.00	964.78
1	1	145	3	0	0	3	3	0.53	0.00	580.03
1	1	165	0	0	1	0	0	0.00	0.00	500.00
1	1	170	1	0	0	1	1	0.20	0.00	204.01
1	1	295	14	0	0	2	5	1.12	0.05	918.52
1	1	360	3	27	0	1	8	4.35	2.30	1188.30
1	1	405	2	18	0	2	8	1.46	0.80	873.45
1	1	435	2	0	0	1	1	0.29	0.00	231.32
1	1	450	0	7	0	2	4	0.58	0.34	519.15
1	2	10	53	57	0	5	23	54.27	41.89	2888.30
1	2	60	11	0	0	3	5	1.05	0.00	796.12
1	2	70	3	0	0	3	3	0.49	0.00	487.19
1	2	75	0	0	1	0	0	0.00	0.00	500.00
1	2	110	4	0	0	3	3	0.42	0.00	465.48
1	2	125	2	0	0	1	2	0.25	0.00	197.16
1	2	145	2	0	0	1	2	0.27	0.00	254.50
1	2	180	3	0	0	2	2	0.42	0.00	214.37
1	2	300	12	0	0	1	4	0.97	0.11	481.32
1	2	405	11	17	0	2	9	2.42	0.00	1071.91
1	2	430	2	0	0	1	2	0.26	0.00	277.21
1	2	450	0	26	0	1	11	1.70	0.93	1029.79
1	2	495	0	15	0	1	8	1.00	0.00	819.77

Day	SL	Own	DispatchTimes	AssignmentCost	RoutingCost	TotalCost
1	12	1	24	7194.00	20016.97	27210.97

Total Cost: 27210.9729955579
Cost per Day: 27210.9729955579
Running time in Seconds: 1615.751
Running time in minutes: 26.929183333333334