INSTANCE: 2hubs_A_3_x.csv
PARAMETER: sp_balance_tight_20_120_2hubs.txt
POLICY: Stochastic Programming
ALPHA: 0.0235265653271104
BETA: 53
OMEGA: 586
EPSILON: 1.53063798568438

Day: 1, Time: 0
Total Cost: 3406.82
 11:136.01, 34:75 [1, 3, -3, -1]
 12:136.01, 63:75 [1, 3, -3, -1]
 13:153.31, 49:75 [1, 4, -4, -1]
 14:136.01, 38:75 [1, 3, -3, -1]
301:94.44, 8:10 [3, 3218, 3300, 3280, -3]
302:180.57, 10:10 [3, 3107, 3303, 3315, 3101, 3297, 3124, 3163, 3185, 3302, -3]
303:75.03, 10:10 [3, 3093, 3141, 3090, 3224, -3]
305:73.42, 9:10 [3, 3214, 3170, 3175, -3]
306:126.94, 10:10 [3, 3232, 3207, 3114, 3314, -3]
307:134.87, 6:10 [3, 3274, 3200, -3]
308:74.63, 10:10 [3, 3233, 3151, 3229, 3169, 3287, -3]
309:40.28, 7:10 [3, 3195, 3147, -3]
310:117.58, 10:10 [3, 3307, 3235, 3234, 3296, -3]
311:186.83, 10:10 [3, 3115, 3311, 3125, 3225, 3168, -3]
312:174.78, 10:10 [3, 3291, 3120, 3237, 3161, 3246, 3305, 3259, -3]
313:61.00, 9:10 [3, 3252, 3139, 3254, 3278, -3]
314:142.33, 9:10 [3, 3136, 3128, 3248, 3301, 3203, 3284, -3]
315:42.20, 8:10 [3, 3201, 3272, 3158, 3290, -3]
316:114.25, 10:10 [3, 3149, 3172, 3191, 3217, 3166, -3]
317:136.25, 9:10 [3, 3138, 3299, 3104, 3266, 3122, 3267, -3]
319:199.02, 10:10 [3, 3210, 3164, 3222, 3094, 3140, 3186, -3]
401:54.68, 6:10 [4, 3087, 3106, 3202, 3213, -4]
402:115.68, 10:10 [4, 3135, 3162, 3179, 3123, -4]
403:97.20, 6:10 [4, 3130, 3193, 3286, 3205, 3268, -4]
404:83.90, 9:10 [4, 3269, 3228, 3308, 3310, -4]
405:54.02, 7:10 [4, 3150, 3102, -4]
406:120.88, 3:10 [4, 3227, 3289, -4]
407:30.61, 9:10 [4, 3118, 3095, 3088, -4]
408:103.75, 10:10 [4, 3216, 3192, 3242, 3261, 3219, -4]
409:100.74, 8:10 [4, 3263, 3265, 3243, -4]
410:109.59, 8:10 [4, 3167, 3144, 3180, -4]
fe: 4, se: 27

Day: 1, Time: 20
Total Cost: 3910.71
 11:66.27, 71:75 [2, 5, -5, -2]
 12:66.27, 49:75 [2, 5, -5, -2]
 13:66.27, 36:75 [2, 5, -5, -2]
 14:66.27, 4:75 [2, -5, -2]
 15:145.23, 43:75 [2, 6, -6, -2]
 16:145.23, 9:75 [2, -6, -2]
 17:66.27, 2:75 [2, -5, -2]
 18:66.27, 1:75 [2, -5, -2]
 19:66.27, 3:75 [2, -5, -2]
501:113.04, 9:10 [5, 3154, 3253, 3145, 3100, 3176, -5]
502:141.93, 9:10 [5, 3152, 3173, 3117, 3133, 3249, 3250, 3105, -5]
503:155.63, 10:10 [5, 3294, 3281, 3309, 3099, 3277, -5]
504:92.79, 9:10 [5, 3223, 3255, 3298, -5]
505:102.31, 3:10 [5, 3245, -5]
506:134.13, 4:10 [5, 3206, -5]
507:143.51, 10:10 [5, 3211, 3292, 3183, 3244, 3110, -5]
508:65.71, 8:10 [5, 3196, 3262, 3119, 3165, -5]
509:107.48, 2:10 [5, 3251, -5]
510:115.60, 1:10 [5, 3199, -5]
511:74.02, 10:10 [5, 3209, 3204, 4155, -5]
512:108.99, 10:10 [5, 3190, 3091, 3127, 3181, -5]
513:106.24, 10:10 [5, 3116, 3288, 3157, 3282, 3113, -5]
514:67.96, 8:10 [5, 3226, 3236, 3239, -5]
515:106.00, 3:10 [5, 3220, -5]
516:34.73, 7:10 [5, 3188, 3108, 3155, -5]
517:98.25, 5:10 [5, 3240, 3264, -5]
518:180.58, 10:10 [5, 3153, 3112, 3283, 3258, 3137, 3189, -5]
519:69.45, 10:10 [5, 3256, 3241, 3306, 3103, -5]
520:108.09, 10:10 [5, 3194, 3247, 3131, 3270, 3142, -5]
522:77.01, 7:10 [5, 3295, 3129, -5]
526:149.48, 10:10 [5, 3257, 3184, 3221, 3177, 3178, -5]
527:112.58, 10:10 [5, 3126, 3293, 3273, 3231, 3098, -5]
528:126.07, 10:10 [5, 3159, 3109, 3313, 3182, 3312, 3285, 3174, -5]
601:39.78, 9:10 [6, 3096, 3097, 3089, -6]
602:41.74, 7:10 [6, 3260, 3212, -6]
603:70.89, 9:10 [6, 3143, 3160, 3171, 3111, -6]
604:58.60, 8:10 [6, 3304, 3148, -6]
605:28.28, 2:10 [6, 3198, -6]
606:53.76, 9:10 [6, 3238, 3187, 3092, -6]
607:89.30, 9:10 [6, 3230, 3279, 3215, 3132, -6]
608:59.02, 8:10 [6, 5103, 3271, 3121, 3134, -6]
609:84.44, 10:10 [6, 3208, 3275, 3276, -6]
611:38.96, 7:10 [6, 3146, 3156, -6]
fe: 9, se: 34

Day: 1, Time: 35
Total Cost: 310.35
 11:66.27, 2:75 [2, -5, -2]
 12:145.23, 5:75 [2, -6, -2]
501:48.08, 2:10 [5, 6223, -5]
601:50.77, 5:10 [6, 5502, 5655, -6]
fe: 2, se: 2

Day: 1, Time: 40
Total Cost: 475.00
 11:136.01, 6:75 [1, -3, -1]
 12:136.01, 10:75 [1, -3, -1]
301:28.45, 6:10 [3, 5315, 4607, 4944, -3]
302:174.53, 10:10 [3, 5426, 5785, 4525, 5268, -3]
fe: 2, se: 2

Day: 1, Time: 45
Total Cost: 129.83
 11:66.27, 1:75 [2, -5, -2]
501:63.56, 1:10 [5, 6200, -5]
fe: 1, se: 1

Day: 1, Time: 50
Total Cost: 265.26
 11:136.01, 3:75 [1, -3, -1]
301:129.24, 3:10 [3, 3777, -3]
fe: 1, se: 1

Day: 1, Time: 85
Total Cost: 306.70
 11:179.78, 6:75 [1, -3, -4, -1]
301:57.27, 3:10 [3, 4609, -3]
401:69.66, 3:10 [4, 6219, -4]
fe: 1, se: 2

Day: 1, Time: 90
Total Cost: 253.66
 11:136.01, 1:75 [1, -3, -1]
301:117.64, 1:10 [3, 4975, -3]
fe: 1, se: 1

Day: 1, Time: 90
Total Cost: 361.58
 11:66.27, 5:75 [2, -5, -2]
 12:145.23, 1:75 [2, -6, -2]
501:81.67, 5:10 [5, 3652, 4529, -5]
601:68.41, 1:10 [6, 5640, -6]
fe: 2, se: 2

Day: 1, Time: 125
Total Cost: 465.31
 11:136.01, 4:75 [1, -3, -1]
 12:153.31, 6:75 [1, -4, -1]
301:40.79, 4:10 [3, 5712, -3]
401:135.19, 6:10 [4, 5788, 5549, -4]
fe: 2, se: 2

Day: 1, Time: 125
Total Cost: 315.58
 11:66.27, 3:75 [2, -5, -2]
 12:66.27, 4:75 [2, -5, -2]
501:72.11, 3:10 [5, 5211, -5]
502:110.92, 4:10 [5, 3413, -5]
fe: 2, se: 2

Day: 1, Time: 135
Total Cost: 309.83
 11:153.31, 3:75 [1, -4, -1]
401:156.52, 3:10 [4, 3380, -4]
fe: 1, se: 1

Day: 1, Time: 140
Total Cost: 423.11
 11:66.27, 7:75 [2, -5, -2]
 12:145.23, 2:75 [2, -6, -2]
501:188.19, 7:10 [5, 3864, 5680, 3962, -5]
601:23.41, 2:10 [6, 3916, -6]
fe: 2, se: 2

Day: 1, Time: 155
Total Cost: 155.31
 11:153.31, 3:75 [1, -4, -1]
401:2.00, 3:10 [4, 5150, -4]
fe: 1, se: 1

Day: 1, Time: 160
Total Cost: 257.47
 11:66.27, 3:75 [2, -5, -2]
 12:66.27, 3:75 [2, -5, -2]
501:57.72, 3:10 [5, 5196, -5]
502:67.20, 3:10 [5, 4026, -5]
fe: 2, se: 2

Day: 1, Time: 165
Total Cost: 177.25
 11:136.01, 4:75 [1, -3, -1]
301:41.23, 4:10 [3, 4848, -3]
fe: 1, se: 1

Day: 1, Time: 175
Total Cost: 331.06
 11:66.27, 4:75 [2, -5, -2]
 12:66.27, 1:75 [2, -5, -2]
501:156.32, 4:10 [5, 5149, 5528, -5]
503:42.19, 1:10 [5, 4811, -5]
fe: 2, se: 2

Day: 1, Time: 220
Total Cost: 465.89
 11:153.31, 12:75 [1, -4, -1]
401:84.08, 4:10 [4, 3393, 3744, -4]
402:228.50, 8:10 [4, 6248, 3448, 5644, 4082, -4]
fe: 1, se: 2

Day: 1, Time: 320
Total Cost: 1096.49
 11:136.01, 33:75 [1, 3, -3, -1]
 12:153.31, 23:75 [1, 4, -4, -1]
301:49.89, 7:10 [3, 55, 4260, 108, 3010, -3]
302:98.77, 9:10 [3, 51, 50, 61, -3]
303:162.85, 9:10 [3, 2312, 65, 33, 5307, 4012, 8, -3]
304:28.34, 8:10 [3, 14, 22, -3]
401:176.56, 8:10 [4, 3033, 70, 74, 5804, 66, 4596, 3676, -4]
402:70.68, 2:10 [4, 5019, -4]
403:49.91, 7:10 [4, 9, 4387, 30, -4]
404:47.07, 6:10 [4, 4139, 5812, 5810, -4]
405:123.09, 10:10 [4, 16, 3391, 19, 965, -4]
fe: 2, se: 9

Day: 1, Time: 325
Total Cost: 700.65
 11:66.27, 30:75 [2, 5, -5, -2]
 12:145.23, 15:75 [2, 6, -6, -2]
501:163.18, 10:10 [5, 5912, 3667, 1754, 6166, 4157, -5]
502:106.60, 9:10 [5, 5975, 4417, 5442, -5]
503:76.54, 9:10 [5, 5286, 4359, 3611, -5]
504:14.14, 2:10 [5, 5397, -5]
601:87.27, 7:10 [6, 3537, 4198, 3631, -6]
602:41.42, 10:10 [6, 6162, 4015, 2125, -6]
fe: 2, se: 6

Day: 1, Time: 400
Total Cost: 849.09
 11:136.01, 18:75 [1, -3, -1]
 12:153.31, 8:75 [1, -4, -1]
301:69.10, 6:10 [3, 3895, 4908, -3]
302:126.81, 6:10 [3, 4283, 4853, -3]
303:97.82, 6:10 [3, 4447, 3685, -3]
401:114.86, 6:10 [4, 3680, 3518, 3425, 5359, -4]
402:151.17, 2:10 [4, 4228, -4]
fe: 2, se: 5

Day: 1, Time: 405
Total Cost: 993.39
 11:136.01, 38:75 [1, 3, -1]
 12:153.31, 22:75 [1, 4, -1]
301:88.08, 8:10 [3, 122, 726, 40, 25, -3]
302:72.81, 10:10 [3, 1913, 49, 114, 1339, -3]
303:148.51, 9:10 [3, 83, 102, 81, 31, -3]
305:74.93, 7:10 [3, 46, 67, 2006, -3]
306:13.42, 4:10 [3, 223, -3]
401:34.00, 3:10 [4, 48, -4]
402:51.01, 6:10 [4, 2450, 104, 103, -4]
403:92.84, 6:10 [4, 119, 36, 105, -4]
405:128.49, 7:10 [4, 1621, 41, 123, -4]
fe: 2, se: 9

Day: 1, Time: 405
Total Cost: 1061.34
 11:66.27, 60:75 [2, 5, -5, -2]
501:107.21, 9:10 [5, 24, 5093, 78, 4111, 97, -5]
502:86.56, 8:10 [5, 2522, 82, 1419, -5]
503:118.43, 9:10 [5, 5967, 15, 23, 42, -5]
504:159.98, 5:10 [5, 118, 120, 99, 37, -5]
505:138.04, 10:10 [5, 3364, 28, 4491, 62, 38, -5]
506:111.19, 9:10 [5, 90, 45, 44, 71, 3029, -5]
507:147.42, 9:10 [5, 39, 88, 64, -5]
509:126.23, 10:10 [5, 4728, 84, 43, -5]
fe: 1, se: 8

Day: 1, Time: 450
Total Cost: 230.47
 11:136.01, 4:75 [1, 3, -3, -1]
301:34.53, 4:10 [3, 3944, -3]
302:59.93, 4:10 [3, 21, -3]
fe: 1, se: 2

Day: 1, Time: 450
Total Cost: 875.65
 11:66.27, 51:75 [2, 5, -2]
501:162.48, 6:10 [5, 12, 73, -5]
502:66.03, 3:10 [5, 1960, -5]
503:70.93, 8:10 [5, 1658, 52, -5]
504:81.28, 7:10 [5, 124, 79, -5]
505:149.27, 7:10 [5, 117, 106, 1785, -5]
506:162.58, 9:10 [5, 587, 96, 29, -5]
507:27.20, 4:10 [5, 10, -5]
508:89.61, 7:10 [5, 11, 110, -5]
fe: 1, se: 8

Day: 1, Time: 460
Total Cost: 130.90
 11:66.27, 5:75 [2, 5, -2]
501:26.00, 1:10 [5, 13, -5]
502:38.63, 4:10 [5, 109, -5]
fe: 1, se: 2

Day: 1, Time: 495
Total Cost: 313.13
 11:66.27, 16:75 [2, 5, -2]
501:60.83, 3:10 [5, 111, -5]
502:32.94, 7:10 [5, 32, 20, -5]
503:93.06, 3:10 [5, 190, -5]
504:60.03, 3:10 [5, 76, -5]
fe: 1, se: 4


Day	Area	ID	Time	Load	Utilization	NoOrders	AssignmentCost
1	1	 6	225	  5	0.08	 2	125.00
1	1	 8	315	 60	1.00	26	675.00
1	1	 9	360	 51	0.85	16	585.00
1	1	43	400	  5	0.04	 2	250.00
1	1	10	405	 19	0.32	 6	265.00
1	1	15	630	 57	0.95	21	645.00
1	1	18	765	 27	0.56	12	414.00
1	1	19	810	 48	1.00	24	666.00
1	2	25	225	 55	0.92	21	625.00
1	2	27	315	 60	1.00	26	675.00
1	2	28	360	  4	0.07	 1	115.00
1	2	32	540	 43	0.60	13	404.00
1	2	34	630	 48	0.80	16	555.00
1	2	38	810	 48	1.00	21	666.00


Day	Area	Time	Pickup	Delivery	Direct	FEVehicles	SEVehicles	ALNSTime	ALNSBestTime	RoutingCostArea
1	1	0	62	52	0	4	27	75.18	47.08	3406.82
1	1	40	7	0	0	2	2	0.48	0.00	475.00
1	1	50	1	0	0	1	1	0.24	0.00	265.26
1	1	85	2	0	0	1	2	0.29	0.00	306.70
1	1	90	1	0	0	1	1	0.24	0.00	253.66
1	1	125	3	0	0	2	2	0.49	0.00	465.31
1	1	135	1	0	0	1	1	0.20	0.00	309.83
1	1	155	1	0	0	1	1	0.18	0.00	155.31
1	1	165	1	0	0	1	1	0.19	0.00	177.25
1	1	220	6	0	0	1	2	0.59	0.00	465.89
1	1	320	12	21	0	2	9	3.14	0.00	1096.49
1	1	400	11	0	0	2	5	1.03	0.00	849.09
1	1	405	0	26	0	2	9	1.56	0.00	993.39
1	1	450	1	1	0	1	2	0.30	0.00	230.47
1	2	20	58	58	0	9	34	47.93	33.69	3910.71
1	2	35	3	0	0	2	2	0.41	0.00	310.35
1	2	45	1	0	0	1	1	0.19	0.00	129.83
1	2	90	3	0	0	2	2	0.36	0.00	361.58
1	2	125	2	0	0	2	2	0.28	0.00	315.58
1	2	140	4	0	0	2	2	0.51	0.00	423.11
1	2	160	2	0	0	2	2	0.30	0.00	257.47
1	2	175	3	0	0	2	2	0.40	0.00	331.06
1	2	325	16	2	0	2	6	1.44	0.00	700.65
1	2	405	6	26	0	1	8	2.98	0.57	1061.34
1	2	450	0	16	0	1	8	1.25	0.24	875.65
1	2	460	0	2	0	1	2	0.22	0.00	130.90
1	2	495	0	5	0	1	4	0.37	0.00	313.13

Day	SL	Own	DispatchTimes	AssignmentCost	RoutingCost	TotalCost
1	13	1	27	6665.00	18571.83	25236.83

Total Cost: 25236.828876435287
Cost per Day: 25236.828876435287
Running time in Seconds: 1265.903
Running time in minutes: 21.098383333333334