INSTANCE: 2hubs_A_11_x.csv
PARAMETER: tuning_standard.txt
POLICY: MIP
ALPHA: 0.387023956898126
BETA: 78
OMEGA: 586
EPSILON: 1.00597325044486

Day: 1, Time: 0
Total Cost: 3077.75
 11:136.01, 71:75 [1, 3, -3, -1]
 12:136.01, 33:75 [1, 3, -3, -1]
 13:153.31, 1:75 [1, -4, -1]
 14:153.31, 52:75 [1, 4, -4, -1]
 15:153.31, 29:75 [1, 4, -4, -1]
301:135.99, 9:10 [3, 3094, 3196, 3238, 3135, 3090, 3265, 3299, -3]
302:123.35, 10:10 [3, 3277, 3263, 3143, 3306, 3201, -3]
303:72.27, 10:10 [3, 3296, 3248, 3218, 3155, 3237, -3]
304:132.93, 10:10 [3, 3251, 3309, 3283, -3]
305:137.44, 10:10 [3, 3105, 3159, 3313, 3249, 3165, 3131, -3]
306:89.08, 10:10 [3, 3244, 3126, 3262, 3205, 3204, 3279, -3]
307:69.73, 10:10 [3, 3236, 3191, 3185, -3]
308:76.97, 8:10 [3, 3127, 3137, 3122, -3]
309:84.07, 8:10 [3, 3167, 3175, 3207, 3190, 3138, -3]
310:136.05, 5:10 [3, 3240, 3297, -3]
311:62.29, 8:10 [3, 3150, 3269, 3092, 3169, -3]
312:90.80, 10:10 [3, 3220, 3098, 3214, 3256, 3260, -3]
313:54.73, 7:10 [3, 3259, 3200, -3]
314:123.83, 9:10 [3, 3093, 3221, 3288, 3268, -3]
401:82.62, 10:10 [4, 3172, 3125, 3187, 3151, -4]
402:74.35, 10:10 [4, 3255, 3276, 3312, -4]
403:70.39, 10:10 [4, 3188, 3112, 3254, 3091, -4]
404:35.40, 10:10 [4, 3230, 3157, 3104, -4]
405:93.20, 10:10 [4, 3250, 3243, 3149, 3272, 3208, -4]
406:164.10, 10:10 [4, 3088, 3133, 3314, 3225, 3183, 3171, 3273, -4]
407:140.43, 1:10 [4, 3199, -4]
408:36.58, 5:10 [4, 3102, 3189, -4]
409:73.65, 5:10 [4, 3123, 3216, 3307, 3158, -4]
410:114.89, 5:10 [4, 3215, 3252, -4]
411:70.68, 10:10 [4, 3120, 3156, 3116, 3210, -4]
fe: 5, se: 25

Day: 1, Time: 5
Total Cost: 4149.16
 11:66.27, 74:75 [2, 5, -5, -2]
 12:66.27, 72:75 [2, 5, -5, -2]
 13:66.27, 19:75 [2, 5, -5, -2]
 14:145.23, 4:75 [2, -6, -2]
 15:145.23, 11:75 [2, -6, -2]
 20:66.27, 10:75 [2, 5, -5, -2]
 21:151.76, 14:75 [2, -6, 5, -2]
 24:145.23, 46:75 [2, 6, -6, -2]
 33:66.27, 11:75 [2, -5, -2]
501:114.77, 2:10 [5, 3222, -5]
502:80.76, 8:10 [5, 3275, 3286, -5]
503:146.77, 10:10 [5, 3146, 3304, 3192, 3287, 3174, 3231, -5]
504:148.86, 1:10 [5, 3245, -5]
505:83.70, 10:10 [5, 3109, 3217, 3087, 3121, -5]
506:124.58, 3:10 [5, 3233, -5]
507:99.89, 10:10 [5, 3194, 3095, 3186, 3161, 3303, -5]
508:111.25, 10:10 [5, 3223, 3145, 3128, 3099, 3305, -5]
509:87.55, 10:10 [5, 3206, 3242, 3235, 3212, -5]
510:154.05, 10:10 [5, 3234, 3184, 3278, 3182, 3232, 3124, 3219, 3302, -5]
511:110.17, 10:10 [5, 3100, 3226, 3203, 3106, 3301, -5]
512:145.12, 10:10 [5, 3153, 3115, 3292, 3315, 3140, 3152, 3170, -5]
513:171.38, 10:10 [5, 3178, 3101, 3096, 3097, 3118, 3148, -5]
514:93.19, 9:10 [5, 3227, 3136, 3271, 3162, 3241, 3246, -5]
515:101.12, 8:10 [5, 3107, 3264, 3267, 3295, -5]
517:52.07, 10:10 [5, 3130, 3110, 3270, 3111, -5]
518:101.71, 7:10 [5, 3103, 3300, 3228, 3291, -5]
519:61.30, 10:10 [5, 3282, 3289, 3257, 3298, -5]
523:124.76, 8:10 [5, 3119, 3202, 3180, 3113, -5]
525:108.27, 10:10 [5, 3281, 3311, 3229, -5]
527:32.29, 8:10 [5, 3177, 3308, 3247, -5]
528:79.80, 9:10 [5, 3173, 3193, 3164, 3166, -5]
529:94.42, 10:10 [5, 3211, 3198, 3310, -5]
536:90.67, 9:10 [5, 3239, 3261, 3266, 3258, -5]
601:36.22, 4:10 [6, 3290, -6]
602:73.72, 6:10 [6, 3179, 3139, 3117, -6]
603:26.00, 4:10 [6, 3280, -6]
604:51.81, 10:10 [6, 3132, 3089, 3163, 3181, 3129, -6]
605:17.20, 3:10 [6, 3284, -6]
606:100.09, 10:10 [6, 3285, 3209, 3160, 3274, -6]
607:103.84, 10:10 [6, 3195, 3114, 3134, 3154, -6]
608:60.93, 4:10 [6, 3293, -6]
609:73.59, 4:10 [6, 3213, -6]
610:79.29, 10:10 [6, 3147, 3168, 3176, 3141, -6]
613:89.19, 10:10 [6, 3144, 3108, 3224, 3142, 3253, 3294, -6]
fe: 9, se: 35

Day: 1, Time: 20
Total Cost: 262.29
 11:153.31, 2:75 [1, -4, -1]
401:108.98, 2:10 [4, 5637, -4]
fe: 1, se: 1

Day: 1, Time: 45
Total Cost: 386.75
 11:136.01, 3:75 [1, -3, -1]
 12:153.31, 1:75 [1, -4, -1]
301:65.12, 3:10 [3, 5840, -3]
401:32.31, 1:10 [4, 4325, -4]
fe: 2, se: 2

Day: 1, Time: 60
Total Cost: 404.43
 11:66.27, 8:75 [2, -5, -2]
 12:66.27, 3:75 [2, -5, -2]
501:57.99, 8:10 [5, 6173, 3441, -5]
502:213.90, 3:10 [5, 3576, 5771, -5]
fe: 2, se: 2

Day: 1, Time: 75
Total Cost: 164.46
 11:66.27, 3:75 [2, -5, -2]
501:98.18, 3:10 [5, 3658, -5]
fe: 1, se: 1

Day: 1, Time: 80
Total Cost: 492.28
 11:66.27, 5:75 [2, -5, -2]
 12:145.23, 1:75 [2, -6, -2]
501:50.00, 3:10 [5, 3697, -5]
502:108.81, 1:10 [5, 5240, -5]
503:85.91, 1:10 [5, 4411, -5]
601:36.06, 1:10 [6, 3736, -6]
fe: 2, se: 4

Day: 1, Time: 95
Total Cost: 462.96
 11:136.01, 8:75 [1, -3, -1]
 12:153.31, 4:75 [1, -4, -1]
301:128.51, 8:10 [3, 4903, 4747, -3]
402:45.12, 4:10 [4, 5587, -4]
fe: 2, se: 2

Day: 1, Time: 105
Total Cost: 208.26
 11:136.01, 4:75 [1, -3, -1]
301:72.25, 4:10 [3, 5508, -3]
fe: 1, se: 1

Day: 1, Time: 115
Total Cost: 432.96
 11:153.31, 2:75 [1, -4, -1]
 12:136.01, 3:75 [1, -3, -1]
301:63.78, 3:10 [3, 5252, -3]
401:79.85, 2:10 [4, 5399, -4]
fe: 2, se: 2

Day: 1, Time: 125
Total Cost: 717.18
 11:153.31, 8:75 [1, -4, -1]
 12:136.01, 3:75 [1, -3, -1]
 13:136.01, 3:75 [1, -3, -1]
301:44.72, 3:10 [3, 5124, -3]
302:86.16, 3:10 [3, 3537, -3]
401:76.11, 3:10 [4, 4952, -4]
402:14.14, 4:10 [4, 5544, -4]
403:70.71, 1:10 [4, 4111, -4]
fe: 3, se: 5

Day: 1, Time: 135
Total Cost: 156.63
 11:66.27, 1:75 [2, -5, -2]
501:90.35, 1:10 [5, 5333, -5]
fe: 1, se: 1

Day: 1, Time: 150
Total Cost: 270.91
 11:66.27, 2:75 [2, -5, -2]
 12:66.27, 2:75 [2, -5, -2]
501:116.28, 2:10 [5, 5546, -5]
502:22.09, 2:10 [5, 3551, -5]
fe: 2, se: 2

Day: 1, Time: 180
Total Cost: 423.04
 11:136.01, 4:75 [1, -3, -1]
 12:153.31, 2:75 [1, -4, -1]
301:103.25, 4:10 [3, 4776, -3]
401:30.46, 2:10 [4, 4097, -4]
fe: 2, se: 2

Day: 1, Time: 270
Total Cost: 759.96
 11:136.01, 49:75 [1, -3, -1]
301:18.87, 4:10 [3, 3672, -3]
302:64.78, 8:10 [3, 3622, 4094, -3]
303:103.28, 10:10 [3, 5413, 3902, 5259, -3]
304:212.40, 9:10 [3, 6179, 5636, 4624, -3]
305:144.93, 10:10 [3, 3661, 5998, 5366, 3440, -3]
306:79.68, 8:10 [3, 3355, 5117, 4636, -3]
fe: 1, se: 6

Day: 1, Time: 300
Total Cost: 295.63
 11:136.01, 4:75 [1, -3, -1]
302:159.62, 4:10 [3, 6070, 3554, -3]
fe: 1, se: 1

Day: 1, Time: 300
Total Cost: 524.03
 11:66.27, 33:75 [2, -5, -2]
501:141.23, 8:10 [5, 4200, 5203, 3532, -5]
502:88.91, 8:10 [5, 6109, 5375, -5]
503:123.12, 7:10 [5, 4323, 5607, 4253, -5]
504:104.49, 10:10 [5, 3404, 4647, 5102, -5]
fe: 1, se: 4

Day: 1, Time: 320
Total Cost: 987.27
 11:179.78, 75:75 [1, 3, 4, -4, -1]
301:94.03, 10:10 [3, 39, 51, 55, 77, -3]
302:130.55, 10:10 [3, 251, 37, 92, 121, 32, -3]
303:140.61, 9:10 [3, 68, 101, 110, 100, -3]
304:73.18, 8:10 [3, 76, 108, 21, -3]
305:92.10, 10:10 [3, 49, 85, 43, -3]
401:64.57, 10:10 [4, 23, 94, 38, -4]
402:112.46, 10:10 [4, 5115, 90, 99, 5470, 96, -4]
403:100.00, 9:10 [4, 22, 74, 3715, 105, 52, -4]
fe: 1, se: 8

Day: 1, Time: 360
Total Cost: 937.06
 11:136.01, 41:75 [1, 3, -3, -1]
301:145.95, 8:10 [3, 118, 6137, 56, 3923, 1221, -3]
302:112.81, 7:10 [3, 120, 4190, 3379, 4960, -3]
303:119.86, 7:10 [3, 3936, 8, 2050, -3]
304:137.55, 10:10 [3, 5617, 81, 472, -3]
305:165.86, 10:10 [3, 546, 5489, 2983, 361, 2143, -3]
306:119.02, 8:10 [3, 103, 3610, 67, 5941, -3]
fe: 1, se: 6

Day: 1, Time: 360
Total Cost: 529.03
 11:66.27, 10:75 [2, 5, -5, -2]
502:170.25, 5:10 [5, 5851, 2447, 4220, 1135, 9, -5]
503:120.53, 6:10 [5, 3363, 4746, 1225, -5]
505:171.98, 3:10 [5, 2650, 3425, 6164, -5]
fe: 1, se: 3

Day: 1, Time: 375
Total Cost: 303.68
 11:153.31, 1:75 [1, -4, -1]
401:150.37, 1:10 [4, 3606, -4]
fe: 1, se: 1

Day: 1, Time: 405
Total Cost: 830.37
 11:136.01, 24:75 [1, 3, -3, -1]
 12:153.31, 10:75 [1, 4, -4, -1]
301:84.41, 5:10 [3, 88, 34, -3]
302:88.27, 6:10 [3, 104, 63, -3]
304:78.52, 6:10 [3, 44, 13, -3]
306:57.16, 8:10 [3, 5381, 468, 95, -3]
401:114.94, 7:10 [4, 19, 507, 36, -4]
402:38.63, 4:10 [4, 4555, -4]
403:79.12, 3:10 [4, 42, -4]
fe: 2, se: 7

Day: 1, Time: 405
Total Cost: 1151.52
 11:66.27, 75:75 [2, 5, -5, -2]
501:103.86, 8:10 [5, 72, 50, 6203, 31, -5]
502:159.42, 10:10 [5, 11, 10, 116, 1934, -5]
503:122.48, 10:10 [5, 4682, 60, 107, 65, -5]
504:76.40, 6:10 [5, 1762, 2062, -5]
505:142.13, 10:10 [5, 58, 25, 14, 73, -5]
506:106.42, 9:10 [5, 117, 82, 28, -5]
507:106.19, 10:10 [5, 54, 2397, 66, 921, -5]
509:141.59, 6:10 [5, 2318, 53, 62, -5]
512:126.75, 10:10 [5, 119, 5218, 15, 122, 61, -5]
fe: 1, se: 9

Day: 1, Time: 420
Total Cost: 234.94
 11:153.31, 2:75 [1, -4, -1]
401:81.63, 2:10 [4, 4912, -4]
fe: 1, se: 1

Day: 1, Time: 420
Total Cost: 181.91
 11:66.27, 5:75 [2, -5, -2]
501:115.64, 5:10 [5, 4633, 6055, -5]
fe: 1, se: 1

Day: 1, Time: 450
Total Cost: 536.80
 11:66.27, 36:75 [2, 5, -2]
501:108.10, 8:10 [5, 93, 2354, -5]
502:109.92, 10:10 [5, 30, 18, 907, -5]
503:140.56, 8:10 [5, 78, 86, -5]
504:111.96, 10:10 [5, 69, 98, 2209, -5]
fe: 1, se: 4

Day: 1, Time: 525
Total Cost: 118.88
 11:66.27, 4:75 [2, 5, -2]
501:52.61, 4:10 [5, 1586, -5]
fe: 1, se: 1


Day	Area	ID	Time	Load	Utilization	NoOrders	AssignmentCost
1	1	 7	270	  8	0.11	 5	155.00
1	1	 8	315	 75	1.00	30	825.00
1	1	 9	360	 36	0.48	10	435.00
1	1	11	450	  4	0.04	 1	92.00
1	1	15	630	 75	1.00	24	825.00
1	1	18	765	 13	0.22	 7	246.00
1	1	19	810	 60	1.00	28	810.00
1	2	25	225	 75	1.00	29	825.00
1	2	26	270	 37	0.49	10	445.00
1	2	51	300	  4	0.03	 4	230.00
1	2	27	315	 34	0.45	12	415.00
1	2	34	630	 57	0.76	18	645.00
1	2	38	810	 60	1.00	27	810.00


Day	Area	Time	Pickup	Delivery	Direct	FEVehicles	SEVehicles	ALNSTime	ALNSBestTime	RoutingCostArea
1	1	0	53	46	0	5	25	62.19	51.53	3077.75
1	1	20	1	0	0	1	1	0.21	0.00	262.29
1	1	45	2	0	0	2	2	0.33	0.00	386.75
1	1	95	3	0	1	2	2	0.46	0.00	962.96
1	1	105	1	0	0	1	1	0.19	0.00	208.26
1	1	115	2	0	0	2	2	0.32	0.00	432.96
1	1	125	5	0	0	3	5	0.66	0.01	717.18
1	1	180	2	0	0	2	2	0.31	0.00	423.04
1	1	270	16	0	0	1	6	1.31	0.00	759.96
1	1	300	2	0	0	1	1	0.26	0.00	295.63
1	1	320	3	29	0	1	8	5.14	2.25	987.27
1	1	360	10	14	0	1	6	3.40	1.44	937.06
1	1	375	1	0	0	1	1	0.21	0.00	303.68
1	1	405	2	12	0	2	7	1.15	0.00	830.37
1	1	420	1	0	0	1	1	0.19	0.00	234.94
1	2	5	65	64	0	9	35	129.09	103.93	4149.16
1	2	60	4	0	0	2	2	0.52	0.00	404.43
1	2	75	1	0	0	1	1	0.21	0.00	164.46
1	2	80	4	0	0	2	4	0.49	0.00	492.28
1	2	135	1	0	0	1	1	0.19	0.00	156.63
1	2	150	2	0	0	2	2	0.29	0.00	270.91
1	2	170	0	0	1	0	0	0.00	0.00	500.00
1	2	300	11	0	0	1	4	0.79	0.00	524.03
1	2	360	6	5	0	1	3	0.87	0.00	529.03
1	2	405	3	30	0	1	9	3.47	2.16	1151.52
1	2	420	2	0	0	1	1	0.28	0.00	181.91
1	2	450	0	10	0	1	4	0.70	0.00	536.80
1	2	525	0	1	0	1	1	0.20	0.00	118.88

Day	SL	Own	DispatchTimes	AssignmentCost	RoutingCost	TotalCost
1	12	1	28	6758.00	20000.14	26758.14

Total Cost: 26758.143587530983
Cost per Day: 26758.143587530983
Running time in Seconds: 256.273
Running time in minutes: 4.271216666666667