INSTANCE: 3hubs_MSD_A_28_x.csv
PARAMETER: tuning_standard.txt
POLICY: MIP
ALPHA: 0.120066886123027
BETA: 45
OMEGA: 586
EPSILON: 1.18873192208298

Day: 1, Time: 0
Total Cost: 5563.36
 11:136.01, 75:75 [1, 4, -4, -1]
 12:136.01, 68:75 [1, 4, -4, -1]
 14:153.31, 74:75 [1, 5, -5, -1]
 15:153.31, 39:75 [1, 5, -5, -1]
 16:153.31, 19:75 [1, 5, -5, -1]
 19:153.31, 13:75 [1, -5, -1]
 20:136.01, 10:75 [1, 4, -4, -1]
401:205.57, 10:10 [4, 8575, 8606, 8867, 8640, 8587, 8910, -4]
402:74.78, 9:10 [4, 8900, 8917, 8871, 8944, -4]
403:110.13, 10:10 [4, 9005, 8834, 8703, 8836, -4]
404:102.39, 8:10 [4, 8813, 8701, 8963, 8786, -4]
405:93.99, 10:10 [4, 8584, 8663, 8654, 8693, -4]
406:132.20, 10:10 [4, 8839, 8878, 8780, -4]
407:54.53, 9:10 [4, 8797, 8897, 8769, -4]
408:125.12, 10:10 [4, 8551, 8687, 8658, 8695, 8591, -4]
409:67.06, 10:10 [4, 8791, 8891, 9002, -4]
410:143.39, 4:10 [4, 8953, -4]
411:121.08, 8:10 [4, 8795, 8926, 8857, 8822, 8668, -4]
412:58.64, 10:10 [4, 8747, 8709, 8903, -4]
413:72.82, 10:10 [4, 8531, 8537, 8610, -4]
414:136.13, 10:10 [4, 8569, 8540, 8550, -4]
415:46.35, 9:10 [4, 8880, 8883, 8958, -4]
416:78.48, 10:10 [4, 8909, 8734, 8802, 8697, -4]
417:6.32, 4:10 [4, 8968, -4]
418:88.53, 10:10 [4, 8912, 8860, 8739, 8694, 8775, -4]
419:32.63, 10:10 [4, 8928, 8870, 8800, -4]
420:56.91, 10:10 [4, 8876, 8948, 8844, 8740, -4]
422:68.07, 10:10 [4, 8627, 8686, 8534, -4]
423:112.07, 10:10 [4, 8711, 8904, 8733, 8727, 8708, -4]
426:129.11, 8:10 [4, 8865, 8777, 8768, -4]
427:128.67, 7:10 [4, 8528, 8602, 8633, -4]
501:67.88, 8:10 [5, 8586, 8583, 8580, -5]
502:57.26, 10:10 [5, 8579, 8520, 8559, -5]
503:126.02, 2:10 [5, 8731, -5]
504:178.31, 10:10 [5, 8529, 8557, 8549, -5]
505:109.63, 8:10 [5, 8725, 8741, 8773, 9001, -5]
506:67.06, 9:10 [5, 8751, 8535, 8884, 9003, 8943, 8901, -5]
507:80.32, 10:10 [5, 8838, 8705, 8814, 8852, 8914, -5]
508:84.86, 7:10 [5, 8908, 8721, 8565, -5]
509:20.40, 4:10 [5, 8617, -5]
510:150.37, 3:10 [5, 8793, -5]
511:45.98, 9:10 [5, 8863, 8874, 8949, -5]
512:115.26, 5:10 [5, 8555, 8924, 8831, -5]
513:129.55, 10:10 [5, 8666, 8568, 8665, 8637, -5]
514:72.84, 10:10 [5, 8712, 8955, 8969, 8811, -5]
515:153.99, 10:10 [5, 8983, 8765, 8916, 8921, -5]
516:92.48, 10:10 [5, 8941, 8938, 8905, 8752, 8824, -5]
517:115.32, 9:10 [5, 8991, 9006, 8946, -5]
519:53.95, 10:10 [5, 8873, 8896, 8840, 8700, 8809, -5]
520:92.24, 8:10 [5, 8681, 8570, 8675, -5]
521:133.03, 6:10 [5, 8716, 8854, 8875, -5]
522:86.99, 10:10 [5, 8536, 8578, 8653, -5]
523:8.25, 4:10 [5, 8971, -5]
524:119.67, 10:10 [5, 8593, 8609, 8521, 8527, -5]
525:135.45, 10:10 [5, 8603, 8659, 8608, -5]
fe: 7, se: 48

Day: 1, Time: 5
Total Cost: 5840.91
 11:66.27, 75:75 [2, 6, -6, -2]
 12:151.76, 29:75 [2, -7, 6, -2]
 13:66.27, 58:75 [2, 6, -6, -2]
 14:66.27, 4:75 [2, -6, -2]
 15:66.27, 61:75 [2, -6, -2]
 16:66.27, 36:75 [2, -6, -2]
 17:145.23, 27:75 [2, 7, -7, -2]
 18:66.27, 4:75 [2, -6, -2]
 19:145.23, 9:75 [2, -7, -2]
 20:66.27, 4:75 [2, -6, -2]
 21:66.27, 3:75 [2, -6, -2]
601:187.12, 10:10 [6, 8977, 8976, 8940, 8581, -6]
602:159.50, 10:10 [6, 8649, 8611, 8629, 8573, -6]
603:27.66, 8:10 [6, 8696, 8677, -6]
604:150.82, 10:10 [6, 8784, 8845, 8890, 8736, 8841, 8599, -6]
605:68.89, 10:10 [6, 8826, 8899, 8754, -6]
606:113.84, 2:10 [6, 8853, -6]
607:59.57, 10:10 [6, 8774, 8859, 8961, -6]
608:83.66, 10:10 [6, 8729, 8930, 8913, 8851, -6]
609:117.83, 10:10 [6, 8667, 8589, 8623, -6]
610:105.76, 10:10 [6, 8879, 8942, 8749, -6]
611:127.61, 10:10 [6, 8626, 8552, 8613, 8538, 8652, 8554, -6]
612:120.83, 4:10 [6, 8974, -6]
613:112.66, 8:10 [6, 8830, 8999, 8843, 8812, 8724, -6]
614:127.03, 4:10 [6, 8894, -6]
615:64.45, 10:10 [6, 14711, 8710, 8992, 8770, -6]
616:112.88, 10:10 [6, 8750, 8945, 8846, -6]
617:134.07, 6:10 [6, 8755, 8760, -6]
618:100.65, 9:10 [6, 8935, 8967, 8881, 8855, -6]
619:107.62, 8:10 [6, 8539, 8644, -6]
620:101.31, 6:10 [6, 8730, 8576, 8932, 8746, -6]
621:144.18, 4:10 [6, 8810, -6]
622:99.73, 10:10 [6, 8952, 8757, 8985, 9000, -6]
623:119.70, 10:10 [6, 8607, 8886, 12777, 8738, 8825, 8728, -6]
624:110.92, 8:10 [6, 8950, 8827, -6]
625:57.15, 9:10 [6, 8657, 8564, 8562, -6]
626:105.47, 7:10 [6, 8837, 8820, 8702, -6]
627:61.20, 6:10 [6, 8758, 8927, -6]
628:58.51, 10:10 [6, 8707, 8732, 8915, 8807, -6]
629:50.74, 10:10 [6, 8574, 8577, 8631, -6]
630:108.72, 8:10 [6, 8862, 8962, 8887, -6]
631:125.60, 3:10 [6, 8715, -6]
633:115.66, 8:10 [6, 8556, 8619, 8618, 8601, -6]
634:108.36, 6:10 [6, 8726, 8723, 8781, -6]
635:76.88, 7:10 [6, 8763, 8975, 8994, 8864, -6]
636:83.57, 10:10 [6, 8798, 8964, 8850, 8756, 8868, 8861, -6]
637:123.72, 10:10 [6, 8542, 8638, 8567, 8532, 8650, -6]
638:93.31, 10:10 [6, 8872, 8947, 8989, -6]
639:67.43, 10:10 [6, 8523, 8630, 8620, -6]
641:92.45, 10:10 [6, 8776, 9009, 9007, 8717, -6]
642:106.29, 10:10 [6, 8906, 8823, 8888, -6]
644:87.91, 10:10 [6, 8704, 8951, 8995, -6]
701:72.64, 8:10 [7, 8621, 8698, -7]
702:39.85, 3:10 [7, 8524, -7]
703:82.91, 7:10 [7, 8782, 8918, 8762, -7]
704:74.89, 1:10 [7, 8821, -7]
705:57.58, 2:10 [7, 8847, -7]
706:130.63, 10:10 [7, 8596, 8634, 8530, 8571, -7]
707:73.92, 10:10 [7, 8893, 16623, 8764, 8656, -7]
709:77.78, 10:10 [7, 8902, 8722, 8966, -7]
710:77.04, 10:10 [7, 8858, 8713, 8604, 8828, 8804, -7]
fe: 11, se: 50

Day: 1, Time: 5
Total Cost: 5733.10
 11:94.59, 59:75 [3, 8, -8, -3]
 12:94.59, 75:75 [3, 8, -8, -3]
 13:94.59, 37:75 [3, -8, -3]
 14:94.59, 23:75 [3, -8, -3]
 15:90.24, 67:75 [3, 9, -9, -3]
 16:90.24, 41:75 [3, 9, -9, -3]
 17:90.24, 3:75 [3, -9, -3]
 18:94.59, 2:75 [3, -8, -3]
 19:90.24, 2:75 [3, -9, -3]
 20:90.24, 6:75 [3, -9, -3]
801:112.93, 9:10 [8, 8625, 8688, 8691, 8612, -8]
802:14.56, 4:10 [8, 8832, -8]
803:70.42, 9:10 [8, 8856, 8892, 8973, 8803, -8]
804:154.03, 10:10 [8, 8744, 8526, 8849, 8960, 8920, -8]
805:112.48, 10:10 [8, 8674, 8639, 8643, 8662, 8996, 8642, 8636, -8]
807:140.68, 9:10 [8, 8645, 8799, 8682, 8661, 8965, -8]
808:128.50, 6:10 [8, 8783, 8714, -8]
809:95.63, 8:10 [8, 8818, 8790, -8]
810:112.23, 10:10 [8, 8743, 8980, 8664, 8815, 8993, -8]
811:77.22, 9:10 [8, 8808, 8957, 8934, -8]
812:127.64, 10:10 [8, 8819, 8931, 8933, -8]
813:12.65, 4:10 [8, 8882, -8]
814:162.02, 10:10 [8, 8671, 8632, 8669, 8525, -8]
815:128.05, 10:10 [8, 8923, 8585, 8833, 8635, 8972, 8590, -8]
816:99.86, 4:10 [8, 8848, -8]
817:68.60, 10:10 [8, 8869, 8937, 8929, 8801, -8]
818:24.48, 7:10 [8, 8616, 8624, -8]
819:105.08, 10:10 [8, 8745, 8978, 8988, 8785, -8]
820:109.45, 10:10 [8, 8676, 8990, 8987, 8939, 8718, 8835, -8]
821:140.69, 10:10 [8, 8889, 8742, 8806, 8911, 8753, -8]
822:89.11, 7:10 [8, 8816, 8789, 8981, -8]
823:104.92, 7:10 [8, 8572, 8648, 8600, 8545, -8]
824:86.25, 9:10 [8, 8558, 8597, 8622, -8]
825:128.56, 9:10 [8, 8779, 8720, 8615, -8]
826:54.77, 7:10 [8, 8646, 8533, 8614, -8]
827:95.41, 2:10 [8, 8866, -8]
901:53.25, 5:10 [9, 9917, 9008, 8761, -9]
902:120.75, 3:10 [9, 8986, -9]
903:136.20, 10:10 [9, 8548, 8592, 8672, 8543, 8655, -9]
904:81.95, 6:10 [9, 8982, 8898, 8885, -9]
905:100.00, 2:10 [9, 8970, -9]
906:76.86, 10:10 [9, 8735, 8771, 8766, 8737, -9]
907:121.38, 4:10 [9, 8706, 8997, 8842, -9]
908:115.53, 5:10 [9, 8748, 8788, -9]
909:93.04, 3:10 [9, 8984, -9]
910:92.10, 10:10 [9, 8954, 8919, 8772, 8767, -9]
911:94.71, 10:10 [9, 8660, 8670, 8598, 8641, -9]
912:66.07, 10:10 [9, 8925, 8805, 8796, 8792, -9]
913:126.52, 10:10 [9, 8719, 8979, 8787, 8959, 8877, -9]
914:116.52, 10:10 [9, 8690, 8544, 8685, 8563, 8679, 8541, -9]
915:69.16, 10:10 [9, 8956, 8922, 8759, 8829, 8936, -9]
916:47.74, 8:10 [9, 8628, 8683, -9]
917:89.45, 3:10 [9, 8998, 8794, -9]
919:57.04, 10:10 [9, 8547, 8546, 8553, 8680, -9]
920:112.34, 10:10 [9, 8678, 8605, 8699, 8522, -9]
921:119.86, 10:10 [9, 8582, 8689, 8692, -9]
922:81.91, 10:10 [9, 8566, 8560, 8651, -9]
923:84.86, 9:10 [9, 9004, 8907, 8817, 8895, 8778, -9]
924:89.93, 9:10 [9, 8561, 8647, 8673, 8684, -9]
928:105.53, 10:10 [9, 8594, 8595, 8588, -9]
fe: 10, se: 50

Day: 1, Time: 20
Total Cost: 423.04
 11:94.59, 8:75 [3, -8, -3]
 12:90.24, 11:75 [3, -9, -3]
801:46.49, 8:10 [8, 12015, 11721, -8]
901:101.19, 5:10 [9, 15832, 13503, -9]
902:90.52, 6:10 [9, 9397, 11003, -9]
fe: 2, se: 3

Day: 1, Time: 25
Total Cost: 340.19
 11:66.27, 15:75 [2, -6, -2]
601:79.12, 4:10 [6, 13286, -6]
602:104.40, 3:10 [6, 12839, -6]
603:90.40, 8:10 [6, 16107, 14542, -6]
fe: 1, se: 3

Day: 1, Time: 25
Total Cost: 175.07
 11:94.59, 4:75 [3, -8, -3]
801:80.47, 4:10 [8, 11267, 17144, -8]
fe: 1, se: 1

Day: 1, Time: 30
Total Cost: 218.74
 11:66.27, 5:75 [2, -6, -2]
601:112.02, 2:10 [6, 9612, -6]
602:40.45, 3:10 [6, 17082, -6]
fe: 1, se: 2

Day: 1, Time: 30
Total Cost: 331.94
 11:94.59, 5:75 [3, -8, -3]
 12:90.24, 1:75 [3, -9, -3]
801:45.89, 5:10 [8, 9636, 16380, -8]
901:101.21, 1:10 [9, 10324, -9]
fe: 2, se: 2

Day: 1, Time: 45
Total Cost: 850.30
 11:94.59, 8:75 [3, -8, -3]
 12:94.59, 11:75 [3, -8, -3]
801:83.45, 4:10 [8, 16475, -8]
802:111.53, 6:10 [8, 12564, 14595, -8]
803:94.02, 1:10 [8, 14883, -8]
804:86.02, 3:10 [8, 14768, -8]
805:96.17, 3:10 [8, 16972, -8]
806:95.52, 1:10 [8, 12443, -8]
807:94.40, 1:10 [8, 13021, -8]
fe: 2, se: 7

Day: 1, Time: 50
Total Cost: 344.38
 11:94.59, 4:75 [3, -8, -3]
 12:90.24, 3:75 [3, -9, -3]
801:58.41, 4:10 [8, 16607, -8]
901:101.13, 3:10 [9, 12431, -9]
fe: 2, se: 2

Day: 1, Time: 60
Total Cost: 291.19
 11:66.27, 11:75 [2, -6, -2]
601:92.65, 2:10 [6, 12742, -6]
602:60.88, 6:10 [6, 14941, 13820, 13777, -6]
603:71.39, 3:10 [6, 15243, -6]
fe: 1, se: 3

Day: 1, Time: 70
Total Cost: 577.32
 11:94.59, 4:75 [3, -8, -3]
 12:90.24, 3:75 [3, -9, -3]
 13:90.24, 4:75 [3, -9, -3]
801:98.08, 3:10 [8, 14562, 14088, -8]
802:70.03, 1:10 [8, 15230, -8]
901:93.34, 3:10 [9, 16025, -9]
902:40.79, 4:10 [9, 12722, -9]
fe: 3, se: 4

Day: 1, Time: 85
Total Cost: 431.40
 11:136.01, 10:75 [1, -4, -1]
 12:153.31, 3:75 [1, -5, -1]
401:69.77, 10:10 [4, 15981, 13397, 9868, 11196, -4]
502:72.31, 3:10 [5, 10857, 11286, -5]
fe: 2, se: 2

Day: 1, Time: 95
Total Cost: 506.86
 11:136.01, 3:75 [1, -4, -1]
 12:153.31, 1:75 [1, -5, -1]
401:155.24, 3:10 [4, 16761, -4]
501:62.29, 1:10 [5, 16669, -5]
fe: 2, se: 2

Day: 1, Time: 95
Total Cost: 697.86
 11:66.27, 13:75 [2, -6, -2]
 12:145.23, 4:75 [2, -7, -2]
601:110.73, 6:10 [6, 16554, 12175, 16163, -6]
602:130.00, 2:10 [6, 9318, -6]
603:95.27, 3:10 [6, 9475, -6]
604:111.52, 2:10 [6, 15819, -6]
701:38.83, 4:10 [7, 17195, -7]
fe: 2, se: 5

Day: 1, Time: 95
Total Cost: 200.92
 11:90.24, 8:75 [3, -9, -3]
901:110.67, 8:10 [9, 13413, 15557, -9]
fe: 1, se: 1

Day: 1, Time: 100
Total Cost: 290.84
 11:153.31, 5:75 [1, -5, -1]
501:137.53, 5:10 [5, 12714, 13341, -5]
fe: 1, se: 1

Day: 1, Time: 100
Total Cost: 369.70
 11:66.27, 7:75 [2, -6, -2]
601:131.94, 1:10 [6, 16462, -6]
602:62.80, 4:10 [6, 11542, -6]
603:108.68, 2:10 [6, 16414, -6]
fe: 1, se: 3

Day: 1, Time: 105
Total Cost: 263.66
 11:153.31, 2:75 [1, -5, -1]
501:110.34, 2:10 [5, 9379, -5]
fe: 1, se: 1

Day: 1, Time: 110
Total Cost: 398.64
 11:94.59, 4:75 [3, -8, -3]
 12:94.59, 3:75 [3, -8, -3]
801:34.00, 2:10 [8, 15102, -8]
802:77.18, 2:10 [8, 14676, -8]
803:24.17, 1:10 [8, 14782, -8]
804:28.07, 1:10 [8, 10512, -8]
805:46.04, 1:10 [8, 12926, -8]
fe: 2, se: 5

Day: 1, Time: 115
Total Cost: 916.41
 11:136.01, 10:75 [1, -4, -1]
 12:136.01, 5:75 [1, -4, -1]
 13:153.31, 2:75 [1, -5, -1]
401:48.41, 4:10 [4, 16612, -4]
402:140.79, 4:10 [4, 16328, 10237, -4]
403:62.80, 6:10 [4, 16756, 14114, -4]
404:154.31, 1:10 [4, 13845, -4]
501:84.76, 2:10 [5, 14882, -5]
fe: 3, se: 5

Day: 1, Time: 115
Total Cost: 247.24
 11:66.27, 10:75 [2, -6, -2]
601:90.44, 2:10 [6, 15842, -6]
602:90.53, 8:10 [6, 11841, 9593, -6]
fe: 1, se: 2

Day: 1, Time: 115
Total Cost: 304.52
 11:90.24, 4:75 [3, -9, -3]
 12:90.24, 1:75 [3, -9, -3]
901:34.93, 4:10 [9, 12740, -9]
902:89.11, 1:10 [9, 13676, -9]
fe: 2, se: 2

Day: 1, Time: 120
Total Cost: 267.08
 11:153.31, 2:75 [1, -5, -1]
501:113.77, 2:10 [5, 15096, -5]
fe: 1, se: 1

Day: 1, Time: 125
Total Cost: 209.71
 11:90.24, 5:75 [3, -9, -3]
901:119.47, 5:10 [9, 9287, 14578, -9]
fe: 1, se: 1

Day: 1, Time: 130
Total Cost: 284.74
 11:66.27, 4:75 [2, -6, -2]
 12:66.27, 3:75 [2, -6, -2]
601:74.03, 4:10 [6, 15907, -6]
602:14.14, 2:10 [6, 14572, -6]
603:64.03, 1:10 [6, 16345, -6]
fe: 2, se: 3

Day: 1, Time: 130
Total Cost: 113.57
 11:94.59, 3:75 [3, -8, -3]
801:18.97, 3:10 [8, 12586, -8]
fe: 1, se: 1

Day: 1, Time: 135
Total Cost: 126.30
 11:90.24, 3:75 [3, -9, -3]
901:36.06, 3:10 [9, 14378, -9]
fe: 1, se: 1

Day: 1, Time: 140
Total Cost: 419.86
 11:153.31, 1:75 [1, -5, -1]
 12:136.01, 3:75 [1, -4, -1]
401:88.77, 3:10 [4, 15377, -4]
501:41.76, 1:10 [5, 10953, -5]
fe: 2, se: 2

Day: 1, Time: 140
Total Cost: 208.48
 11:145.23, 2:75 [2, -7, -2]
701:63.25, 2:10 [7, 14197, -7]
fe: 1, se: 1

Day: 1, Time: 145
Total Cost: 201.33
 11:94.59, 3:75 [3, -8, -3]
801:106.73, 3:10 [8, 16152, -8]
fe: 1, se: 1

Day: 1, Time: 150
Total Cost: 195.48
 11:136.01, 2:75 [1, -4, -1]
401:59.46, 2:10 [4, 15580, -4]
fe: 1, se: 1

Day: 1, Time: 150
Total Cost: 92.35
 11:66.27, 4:75 [2, -6, -2]
601:26.08, 4:10 [6, 14140, -6]
fe: 1, se: 1

Day: 1, Time: 155
Total Cost: 370.14
 11:136.01, 4:75 [1, -4, -1]
 12:136.01, 4:75 [1, -4, -1]
401:17.89, 4:10 [4, 12415, -4]
402:80.22, 4:10 [4, 13889, -4]
fe: 2, se: 2

Day: 1, Time: 160
Total Cost: 246.65
 11:136.01, 2:75 [1, -4, -1]
401:110.63, 2:10 [4, 15356, -4]
fe: 1, se: 1

Day: 1, Time: 165
Total Cost: 176.52
 11:90.24, 3:75 [3, -9, -3]
901:86.28, 3:10 [9, 14759, -9]
fe: 1, se: 1

Day: 1, Time: 175
Total Cost: 220.67
 11:90.24, 4:75 [3, -9, -3]
901:130.43, 4:10 [9, 15850, -9]
fe: 1, se: 1

Day: 1, Time: 200
Total Cost: 556.46
 11:66.27, 16:75 [2, -6, -2]
 12:145.23, 4:75 [2, -7, -2]
601:124.34, 9:10 [6, 16170, 15864, 13053, -6]
602:199.08, 7:10 [6, 13862, 13583, 12453, -6]
702:21.54, 4:10 [7, 9930, -7]
fe: 2, se: 3

Day: 1, Time: 305
Total Cost: 959.31
 11:136.01, 28:75 [1, -4, -1]
 12:153.31, 29:75 [1, -5, -1]
402:114.17, 9:10 [4, 16587, 13253, 9596, 12613, -4]
403:145.79, 10:10 [4, 11880, 15620, 15900, 14104, -4]
404:80.07, 9:10 [4, 16909, 16784, 12901, -4]
501:140.48, 9:10 [5, 14384, 14702, 16501, 10616, 10657, 16837, -5]
502:102.84, 10:10 [5, 9902, 14027, 17032, 13427, -5]
503:86.63, 10:10 [5, 15693, 11658, 15770, 10551, -5]
fe: 2, se: 6

Day: 1, Time: 305
Total Cost: 933.82
 11:66.27, 57:75 [2, -6, -2]
 12:145.23, 11:75 [2, -7, -2]
602:63.46, 10:10 [6, 10894, 11202, 15173, -6]
603:37.38, 9:10 [6, 14548, 15070, 14049, -6]
604:64.05, 9:10 [6, 9398, 16969, 14392, -6]
605:133.31, 9:10 [6, 16716, 16401, 14873, 13917, -6]
606:133.50, 10:10 [6, 14270, 14626, 16564, 9146, -6]
607:162.79, 10:10 [6, 16499, 15702, 12341, 12398, -6]
701:37.34, 2:10 [7, 12364, 11773, -7]
702:90.49, 9:10 [7, 13135, 9725, 10915, 14972, -7]
fe: 2, se: 8

Day: 1, Time: 305
Total Cost: 858.33
 11:94.59, 20:75 [3, -8, -3]
 12:90.24, 41:75 [3, -9, -3]
801:119.09, 10:10 [8, 9619, 12069, 12054, 11431, -8]
802:99.08, 10:10 [8, 13735, 9870, 9182, -8]
901:117.55, 10:10 [9, 16421, 16613, 15808, 17093, 16024, 13785, -9]
902:97.65, 6:10 [9, 13025, 12966, 9995, -9]
903:125.83, 9:10 [9, 9675, 16476, 13105, -9]
904:45.82, 7:10 [9, 13709, 10080, -9]
905:68.47, 9:10 [9, 13387, 13798, 11583, -9]
fe: 2, se: 7

Day: 1, Time: 325
Total Cost: 1943.86
 11:136.01, 73:75 [1, 4, -4, -1]
 12:179.78, 60:75 [1, 4, 5, -1]
 13:153.31, 18:75 [1, 5, -5, -1]
401:17.89, 4:10 [4, 247, -4]
402:89.92, 10:10 [4, 8392, 257, 7917, -4]
403:185.27, 10:10 [4, 42, 163, 14820, 241, 139, 11641, 244, -4]
404:66.69, 9:10 [4, 73, 296, 261, -4]
405:80.99, 10:10 [4, 308, 243, 160, 202, 310, -4]
406:64.54, 10:10 [4, 117, 274, 14, 17, 266, -4]
407:102.76, 10:10 [4, 25, 91, 7690, 16087, 5130, -4]
408:90.18, 10:10 [4, 93, 12, 129, -4]
409:64.46, 10:10 [4, 7785, 178, 5087, 67, -4]
410:176.90, 10:10 [4, 272, 208, 2577, 197, 102, -4]
501:68.87, 9:10 [5, 195, 7142, 228, 24, -5]
502:30.66, 8:10 [5, 4032, 277, -5]
503:72.51, 10:10 [5, 304, 237, 36, 8454, -5]
504:181.73, 10:10 [5, 69, 56, 707, 40, 11255, 239, 27, -5]
505:90.42, 8:10 [5, 130, 235, 16059, 106, -5]
506:79.31, 10:10 [5, 284, 285, 16030, 3031, -5]
507:11.66, 3:10 [5, 191, -5]
fe: 3, se: 17

Day: 1, Time: 360
Total Cost: 1374.17
 11:136.01, 48:75 [1, 4, -4, -1]
 12:153.31, 26:75 [1, 5, -5, -1]
401:106.66, 9:10 [4, 6412, 3874, 10077, 7335, 16364, -4]
402:70.55, 4:10 [4, 5882, 8165, -4]
403:135.91, 9:10 [4, 189, 68, 12509, 88, -4]
405:91.44, 10:10 [4, 5852, 192, 307, 14845, -4]
406:128.56, 9:10 [4, 10577, 127, 204, 1227, -4]
407:156.02, 10:10 [4, 318, 11337, 182, 299, 6092, -4]
501:165.81, 8:10 [5, 294, 280, 217, 97, -5]
502:118.75, 8:10 [5, 3896, 4331, 1822, 5688, -5]
503:111.15, 10:10 [5, 8440, 4050, 17099, 229, 289, -5]
fe: 2, se: 9

Day: 1, Time: 375
Total Cost: 1735.78
 11:66.27, 68:75 [2, 6, -6, -2]
 12:66.27, 38:75 [2, 6, -2]
 13:145.23, 50:75 [2, 7, -2]
601:105.53, 10:10 [6, 219, 47, 12313, 232, 13614, 21, -6]
602:79.30, 10:10 [6, 194, 292, 3325, 183, -6]
603:53.05, 10:10 [6, 100, 179, 118, -6]
604:77.78, 9:10 [6, 82, 10928, 201, 3753, 193, -6]
605:122.27, 9:10 [6, 2167, 1634, 115, 45, 9732, 314, -6]
607:68.01, 10:10 [6, 166, 10069, 128, 76, -6]
609:84.55, 10:10 [6, 104, 1055, 283, 2313, 9953, 210, -6]
610:107.17, 10:10 [6, 312, 176, 9370, 150, 10646, 111, -6]
612:158.11, 10:10 [6, 71, 6193, 58, 79, -6]
613:124.33, 10:10 [6, 113, 5905, 181, 29, 10331, 9622, -6]
614:88.95, 9:10 [6, 175, 267, 4813, 119, -6]
701:74.79, 10:10 [7, 946, 15, 44, 78, 152, -7]
702:8.25, 2:10 [7, 207, -7]
703:107.94, 10:10 [7, 206, 3741, 61, 264, -7]
704:50.74, 9:10 [7, 6078, 158, 2596, -7]
705:53.42, 9:10 [7, 224, 77, 2717, 16, -7]
706:93.81, 10:10 [7, 81, 98, 246, 205, 269, -7]
fe: 3, se: 17

Day: 1, Time: 375
Total Cost: 1743.91
 11:94.59, 74:75 [3, 8, -8, -3]
 14:90.24, 73:75 [3, 9, -9, -3]
801:116.10, 10:10 [8, 161, 10254, 124, 66, 133, 17209, 112, -8]
802:85.93, 10:10 [8, 223, 225, 13952, 43, 18, 13392, -8]
803:88.75, 9:10 [8, 103, 7417, 157, 12721, -8]
804:21.29, 7:10 [8, 319, 59, -8]
805:78.71, 9:10 [8, 148, 240, 171, 216, -8]
806:111.38, 10:10 [8, 227, 11109, 295, 198, 16995, 11311, 4149, -8]
807:111.46, 10:10 [8, 242, 4596, 13896, 11057, 188, -8]
809:131.03, 10:10 [8, 6251, 70, 14332, 17163, 7655, 262, -8]
901:86.93, 10:10 [9, 317, 108, 305, 172, -9]
902:67.16, 8:10 [9, 101, 4052, 165, 33, -9]
903:105.76, 10:10 [9, 39, 6553, 245, 65, 72, -9]
904:100.51, 10:10 [9, 162, 5450, 12549, 131, 253, -9]
905:135.11, 10:10 [9, 211, 260, 14557, 174, 37, -9]
906:118.63, 10:10 [9, 190, 3453, 15977, 92, 12225, -9]
907:82.94, 8:10 [9, 137, 120, -9]
909:117.38, 7:10 [9, 313, 922, 602, 11374, 6509, 16080, -9]
fe: 2, se: 16

Day: 1, Time: 405
Total Cost: 2017.50
 11:136.01, 73:75 [1, 4, -4, -1]
 12:153.31, 40:75 [1, 5, -5, -1]
401:151.87, 9:10 [4, 300, 297, 63, 7864, -4]
402:149.36, 10:10 [4, 15213, 122, 38, 628, -4]
403:135.30, 9:10 [4, 7772, 250, 80, 138, 153, -4]
404:63.48, 7:10 [4, 12845, 15646, 64, -4]
405:57.77, 6:10 [4, 156, 249, -4]
406:122.56, 10:10 [4, 74, 84, 99, -4]
407:77.68, 10:10 [4, 30, 271, 135, -4]
409:89.01, 6:10 [4, 14300, 89, 145, 151, -4]
412:54.80, 10:10 [4, 60, 9277, 142, 12825, 196, -4]
415:82.64, 5:10 [4, 233, 5507, 4986, 6540, -4]
501:54.41, 6:10 [5, 13030, 13585, -5]
502:143.86, 10:10 [5, 282, 4236, 136, 303, -5]
503:99.01, 10:10 [5, 16062, 143, 203, 46, -5]
505:106.02, 9:10 [5, 187, 785, 221, 5986, -5]
506:64.99, 9:10 [5, 169, 94, 11440, 276, 8505, -5]
507:132.80, 4:10 [5, 13270, -5]
508:142.62, 5:10 [5, 53, 4399, 287, -5]
fe: 2, se: 17

Day: 1, Time: 405
Total Cost: 1824.34
 11:66.27, 74:75 [2, 6, -6, -2]
 13:145.23, 32:75 [2, 7, -7, -2]
 17:66.27, 13:75 [2, 6, -2]
601:114.04, 10:10 [6, 7922, 265, 11970, 90, -6]
602:162.60, 4:10 [6, 13094, 173, -6]
603:112.64, 9:10 [6, 149, 263, 15914, 28, -6]
604:83.73, 10:10 [6, 159, 281, 11395, 50, -6]
605:91.88, 9:10 [6, 154, 11775, 2506, 5398, -6]
606:158.40, 10:10 [6, 4723, 278, 125, 95, -6]
607:117.45, 9:10 [6, 6890, 126, 7979, 116, 291, -6]
608:32.06, 3:10 [6, 54, -6]
610:133.61, 9:10 [6, 5872, 144, 5424, 170, 13591, 52, -6]
611:113.90, 9:10 [6, 19, 14029, 236, 87, -6]
614:144.18, 10:10 [6, 213, 22, 6867, 13, -6]
701:91.96, 9:10 [7, 16441, 123, 270, 238, -7]
702:84.84, 6:10 [7, 2263, 234, 110, -7]
703:58.61, 9:10 [7, 180, 315, 41, -7]
704:2.83, 1:10 [7, 10507, -7]
705:43.81, 9:10 [7, 259, 5947, 301, 10665, -7]
fe: 3, se: 16

Day: 1, Time: 405
Total Cost: 1573.02
 11:94.59, 57:75 [3, 8, -8, -3]
 12:90.24, 74:75 [3, 9, -9, -3]
801:128.32, 7:10 [8, 214, 184, -8]
802:72.47, 10:10 [8, 286, 15145, 222, 7291, 302, 12792, -8]
803:96.47, 9:10 [8, 168, 316, 105, -8]
804:107.03, 9:10 [8, 7129, 4087, 3151, -8]
805:43.31, 5:10 [8, 32, 7933, -8]
806:116.41, 10:10 [8, 48, 23, 7217, 3485, 200, -8]
807:93.73, 9:10 [8, 15506, 8066, 255, 4707, -8]
901:101.99, 10:10 [9, 212, 7724, 13904, 85, 34, -9]
902:85.26, 10:10 [9, 107, 186, 2852, -9]
903:84.51, 10:10 [9, 279, 96, 20, 256, -9]
904:118.40, 9:10 [9, 3725, 309, 16203, 167, -9]
905:99.45, 9:10 [9, 141, 6021, 273, -9]
906:72.32, 9:10 [9, 254, 7473, 258, -9]
907:110.47, 8:10 [9, 114, 49, 7152, 132, 146, -9]
908:58.07, 9:10 [9, 209, 140, 155, 15553, -9]
fe: 2, se: 15

Day: 1, Time: 420
Total Cost: 362.37
 11:113.51, 13:75 [3, -8, -9, -3]
801:100.96, 3:10 [8, 15357, -8]
901:147.90, 10:10 [9, 15534, 12091, 11316, 14528, -9]
fe: 1, se: 2

Day: 1, Time: 450
Total Cost: 407.66
 11:153.31, 11:75 [1, 5, -1]
501:92.20, 4:10 [5, 298, -5]
502:62.80, 4:10 [5, 199, -5]
503:99.36, 3:10 [5, 55, -5]
fe: 1, se: 3

Day: 1, Time: 450
Total Cost: 889.78
 11:66.27, 56:75 [2, 6, -6, -2]
601:114.39, 7:10 [6, 6406, 293, 597, -6]
602:125.78, 10:10 [6, 6687, 5199, 7462, -6]
603:65.51, 4:10 [6, 290, -6]
604:120.72, 10:10 [6, 75, 185, 218, 226, -6]
605:132.17, 10:10 [6, 31, 248, 35, 268, -6]
606:143.89, 10:10 [6, 57, 4024, 6069, -6]
607:73.97, 5:10 [6, 4651, 215, 26, -6]
609:47.07, 2:10 [6, 13996, -6]
fe: 1, se: 8

Day: 1, Time: 450
Total Cost: 678.13
 11:94.59, 15:75 [3, 8, -3]
 12:90.24, 17:75 [3, 9, -3]
801:117.17, 10:10 [8, 251, 11, 121, -8]
802:126.21, 5:10 [8, 164, 8071, 51, -8]
901:38.38, 3:10 [9, 689, 311, -9]
902:116.27, 6:10 [9, 6192, 1178, -9]
903:95.26, 8:10 [9, 10, 62, 83, -9]
fe: 2, se: 5

Day: 1, Time: 460
Total Cost: 147.03
 11:66.27, 5:75 [2, 6, -2]
602:80.76, 5:10 [6, 7160, 7638, -6]
fe: 1, se: 1

Day: 1, Time: 460
Total Cost: 222.67
 12:90.24, 6:75 [3, 9, -3]
901:32.56, 2:10 [9, 6666, -9]
902:99.87, 4:10 [9, 1547, 5155, -9]
fe: 1, se: 2

Day: 1, Time: 495
Total Cost: 171.29
 11:90.24, 4:75 [3, 9, -3]
901:81.04, 4:10 [9, 1240, -9]
fe: 1, se: 1


Day	Area	ID	Time	Load	Utilization	NoOrders	AssignmentCost
1	1	 7	270	 28	0.37	11	355.00
1	1	127	300	 62	0.41	31	1390.00
1	1	 8	315	 75	1.00	28	825.00
1	1	27	315	 75	1.00	28	825.00
1	1	 9	360	 74	0.99	30	815.00
1	1	128	400	  7	0.05	 4	290.00
1	1	34	630	 20	0.27	 8	275.00
1	1	38	810	 59	0.98	21	798.00
1	1	19	810	 52	0.87	24	714.00
1	2	44	225	 75	1.00	37	825.00
1	2	63	225	 75	1.00	27	825.00
1	2	45	270	 63	0.84	18	705.00
1	2	65	315	 63	0.84	29	705.00
1	2	46	315	 75	1.00	27	825.00
1	2	67	405	  4	0.05	 1	115.00
1	2	53	630	 27	0.36	 8	345.00
1	2	57	810	 60	1.00	26	810.00
1	2	76	810	 60	1.00	24	810.00
1	3	101	225	 75	1.00	27	825.00
1	3	82	225	 75	1.00	30	825.00
1	3	102	270	 75	1.00	35	825.00
1	3	103	315	 75	1.00	34	825.00
1	3	104	360	 25	0.33	 7	325.00
1	3	164	400	  4	0.03	 1	230.00
1	3	110	630	 21	0.28	 6	285.00
1	3	95	810	 60	1.00	22	810.00
1	3	114	810	 60	1.00	32	810.00


Day	Area	Time	Pickup	Delivery	Direct	FEVehicles	SEVehicles	ALNSTime	ALNSBestTime	RoutingCostArea
1	1	0	105	58	0	7	48	138.85	62.69	5563.36
1	1	85	6	0	2	2	2	0.50	0.00	1431.40
1	1	95	2	0	0	2	2	0.30	0.00	506.86
1	1	100	2	0	0	1	1	0.32	0.00	290.84
1	1	105	1	0	0	1	1	0.19	0.00	263.66
1	1	115	7	0	0	3	5	0.48	0.00	916.41
1	1	120	1	0	0	1	1	0.20	0.00	267.08
1	1	135	0	0	1	0	0	0.00	0.00	500.00
1	1	140	2	0	0	2	2	0.31	0.00	419.86
1	1	150	1	0	0	1	1	0.23	0.00	195.48
1	1	155	2	0	0	2	2	0.30	0.00	370.14
1	1	160	1	0	0	1	1	0.20	0.00	246.65
1	1	165	0	0	1	0	0	0.00	0.00	500.00
1	1	170	0	0	2	0	0	0.00	0.00	1000.00
1	1	305	25	0	0	2	6	2.15	0.00	959.31
1	1	325	6	61	0	3	17	18.07	13.52	1943.86
1	1	360	7	30	0	2	9	3.95	2.06	1374.17
1	1	405	11	49	0	2	17	12.68	4.55	2017.50
1	1	450	0	3	0	1	3	0.32	0.00	407.66
1	2	5	111	48	0	11	50	111.72	73.88	5840.91
1	2	25	4	0	0	1	3	0.43	0.01	340.19
1	2	30	2	0	0	1	2	0.31	0.00	218.74
1	2	60	5	0	0	1	3	0.61	0.00	291.19
1	2	95	7	0	0	2	5	0.40	0.00	697.86
1	2	100	3	0	0	1	3	0.35	0.00	369.70
1	2	115	3	0	0	1	2	0.29	0.00	247.24
1	2	130	3	0	0	2	3	0.37	0.00	284.74
1	2	135	0	0	1	0	0	0.00	0.00	500.00
1	2	140	1	0	0	1	1	0.18	0.00	208.48
1	2	150	1	0	0	1	1	0.18	0.00	92.35
1	2	170	0	0	1	0	0	0.00	0.00	500.00
1	2	200	7	0	0	2	3	0.59	0.00	556.46
1	2	305	27	0	0	2	8	2.32	0.00	933.82
1	2	375	10	66	0	3	17	21.80	10.21	1735.78
1	2	405	10	47	0	3	16	15.35	8.26	1824.34
1	2	450	1	21	0	1	8	1.74	0.82	889.78
1	2	460	0	2	0	1	1	0.23	0.00	147.03
1	3	5	98	74	0	10	50	146.59	0.00	5733.10
1	3	20	6	0	0	2	3	0.57	0.00	423.04
1	3	25	2	0	0	1	1	0.27	0.00	175.07
1	3	30	3	0	0	2	2	0.37	0.00	331.94
1	3	45	8	0	0	2	7	0.79	0.00	850.30
1	3	50	2	0	0	2	2	0.32	0.00	344.38
1	3	70	5	0	0	3	4	0.65	0.00	577.32
1	3	95	2	0	0	1	1	0.28	0.00	200.92
1	3	110	5	0	0	2	5	0.85	0.00	398.64
1	3	115	2	0	0	2	2	0.30	0.00	304.52
1	3	125	2	0	0	1	1	0.28	0.00	209.71
1	3	130	1	0	0	1	1	0.22	0.00	113.57
1	3	135	1	0	0	1	1	0.19	0.00	126.30
1	3	145	1	0	0	1	1	0.18	0.00	201.33
1	3	165	1	0	1	1	1	0.18	0.00	676.52
1	3	175	1	0	0	1	1	0.19	0.00	220.67
1	3	305	24	0	0	2	7	2.73	0.00	858.33
1	3	375	18	59	0	2	16	48.10	29.38	1743.91
1	3	405	6	50	0	2	15	10.33	0.29	1573.02
1	3	420	5	0	0	1	2	0.53	0.00	362.37
1	3	450	0	13	0	2	5	0.84	0.00	678.13
1	3	460	0	3	0	1	2	0.31	0.00	222.67
1	3	495	0	1	0	1	1	0.18	0.00	171.29

Day	SL	Own	DispatchTimes	AssignmentCost	RoutingCost	TotalCost
1	24	3	37	18012.00	51349.93	69361.93

Total Cost: 69361.93178138451
Cost per Day: 69361.93178138451
Running time in Seconds: 791.198
Running time in minutes: 13.186633333333333