INSTANCE: 2hubs_MSD_A_9_x.csv
PARAMETER: tuning_loose.txt
POLICY: MIP
ALPHA: 0.387023956898126
BETA: 78
OMEGA: 586
EPSILON: 1.00597325044486

Day: 1, Time: 0
Total Cost: 3427.61
 11:136.01, 37:75 [1, 3, -3, -1]
 12:136.01, 41:75 [1, 3, -3, -1]
 14:136.01, 8:75 [1, 3, -3, -1]
 15:153.31, 37:75 [1, 4, -4, -1]
 16:153.31, 49:75 [1, 4, -4, -1]
301:49.03, 7:10 [3, 3187, 3128, -3]
302:130.03, 8:10 [3, 3173, 3154, 3141, 3183, -3]
303:127.82, 8:10 [3, 3247, 3206, 3239, -3]
304:95.87, 10:10 [3, 3130, 3196, 3175, 3178, -3]
305:49.16, 8:10 [3, 3267, 3257, 3258, -3]
306:133.45, 9:10 [3, 3246, 3310, 3307, -3]
307:95.21, 10:10 [3, 3263, 3251, 3226, 3303, 3249, 3306, -3]
308:53.36, 8:10 [3, 3137, 3129, -3]
310:81.47, 9:10 [3, 3244, 3203, 3289, -3]
311:35.61, 4:10 [3, 3167, -3]
312:116.87, 10:10 [3, 3248, 3182, 3185, -3]
313:180.48, 8:10 [3, 3261, 3275, 3184, 3287, -3]
314:85.83, 10:10 [3, 3245, 3202, 3134, 3262, -3]
317:91.15, 9:10 [3, 3235, 3309, 3234, 3217, -3]
401:57.36, 10:10 [4, 3198, 3304, 3232, 3288, -4]
402:62.10, 10:10 [4, 3210, 3311, 3243, 3193, -4]
403:188.76, 9:10 [4, 3145, 3170, 3157, 3142, 3160, 3195, -4]
404:64.75, 8:10 [4, 3229, 3264, 3233, 3260, -4]
405:91.79, 8:10 [4, 3228, 3227, 3237, -4]
406:85.71, 10:10 [4, 3152, 3177, 3155, 3158, -4]
407:46.30, 8:10 [4, 3132, 3174, -4]
408:119.04, 8:10 [4, 3220, 3298, -4]
410:92.97, 10:10 [4, 3153, 3189, 3179, 3194, -4]
411:106.71, 9:10 [4, 3271, 3224, 3208, 3211, -4]
412:66.32, 8:10 [4, 3205, 3215, 3294, -4]
414:90.92, 10:10 [4, 3240, 3293, 3270, 3290, -4]
415:163.46, 5:10 [4, 3269, 3305, -4]
416:151.42, 2:10 [4, 3201, -4]
fe: 5, se: 28

Day: 1, Time: 5
Total Cost: 3889.30
 11:66.27, 60:75 [2, 5, -5, -2]
 12:66.27, 53:75 [2, -5, -2]
 13:66.27, 4:75 [2, -5, -2]
 14:66.27, 3:75 [2, -5, -2]
 15:145.23, 23:75 [2, 6, -6, -2]
 16:145.23, 22:75 [2, -6, -2]
 17:66.27, 10:75 [2, -5, -2]
 18:145.23, 6:75 [2, -6, -2]
 19:66.27, 3:75 [2, -5, -2]
 20:66.27, 8:75 [2, -5, -2]
501:138.58, 4:10 [5, 3286, -5]
502:133.99, 9:10 [5, 3256, 3209, 3199, 3295, -5]
503:88.46, 10:10 [5, 3312, 3276, 3221, 3282, -5]
504:87.20, 10:10 [5, 3212, 3280, 3265, -5]
505:85.04, 9:10 [5, 3180, 3133, 3148, -5]
506:130.98, 3:10 [5, 3272, -5]
507:174.29, 10:10 [5, 3314, 3302, 3223, 3169, -5]
508:104.56, 7:10 [5, 3204, 3297, -5]
509:140.32, 10:10 [5, 3135, 3165, 3176, 3140, -5]
510:98.51, 10:10 [5, 3299, 3241, 3218, 3283, -5]
511:188.15, 8:10 [5, 3192, 3191, 3190, 3147, -5]
512:61.62, 7:10 [5, 3292, 3284, 3285, -5]
513:106.59, 9:10 [5, 3313, 3242, 3250, 3266, -5]
514:127.20, 10:10 [5, 3131, 3181, 3146, 3162, -5]
516:99.87, 9:10 [5, 3216, 3279, 3214, -5]
520:129.29, 10:10 [5, 3168, 3143, 3144, 3156, -5]
521:90.26, 10:10 [5, 3255, 3252, 3230, 3254, -5]
523:140.95, 3:10 [5, 3278, 3236, -5]
526:91.68, 9:10 [5, 3150, 3139, 3172, 3136, 3166, -5]
527:105.24, 8:10 [5, 3273, 3200, 3219, -5]
601:97.83, 7:10 [6, 3300, 3274, -6]
602:72.01, 6:10 [6, 3213, 3315, 3301, -6]
603:71.47, 6:10 [6, 3222, 3291, -6]
604:82.28, 10:10 [6, 3163, 3188, 3171, 3159, 3164, -6]
605:31.86, 3:10 [6, 3225, 3231, -6]
606:82.61, 10:10 [6, 3296, 3308, 3281, 3186, 3207, -6]
607:27.22, 5:10 [6, 4540, 3253, -6]
608:36.72, 1:10 [6, 3268, -6]
609:94.41, 9:10 [6, 3127, 3238, 3259, 3277, -6]
610:70.54, 10:10 [6, 3161, 3151, 3149, 3138, -6]
fe: 10, se: 30

Day: 1, Time: 20
Total Cost: 165.00
 11:66.27, 3:75 [2, -5, -2]
501:98.73, 3:10 [5, 4286, -5]
fe: 1, se: 1

Day: 1, Time: 25
Total Cost: 202.30
 11:66.27, 4:75 [2, -5, -2]
501:136.03, 4:10 [5, 3351, -5]
fe: 1, se: 1

Day: 1, Time: 30
Total Cost: 149.15
 11:66.27, 1:75 [2, -5, -2]
501:82.87, 1:10 [5, 3535, -5]
fe: 1, se: 1

Day: 1, Time: 35
Total Cost: 251.18
 11:136.01, 6:75 [1, -3, -1]
301:115.17, 6:10 [3, 5101, 4593, -3]
fe: 1, se: 1

Day: 1, Time: 40
Total Cost: 206.64
 11:66.27, 4:75 [2, -5, -2]
502:140.37, 4:10 [5, 5485, 5664, -5]
fe: 1, se: 1

Day: 1, Time: 45
Total Cost: 143.21
 11:66.27, 4:75 [2, -5, -2]
501:76.94, 4:10 [5, 5216, -5]
fe: 1, se: 1

Day: 1, Time: 55
Total Cost: 428.17
 11:136.01, 1:75 [1, -3, -1]
 12:153.31, 6:75 [1, -4, -1]
301:31.05, 1:10 [3, 4046, -3]
401:64.62, 3:10 [4, 5052, -4]
402:43.17, 3:10 [4, 5511, -4]
fe: 2, se: 3

Day: 1, Time: 70
Total Cost: 166.45
 11:66.27, 2:75 [2, -5, -2]
501:100.18, 2:10 [5, 5593, -5]
fe: 1, se: 1

Day: 1, Time: 80
Total Cost: 392.54
 11:153.31, 8:75 [1, -4, -1]
 12:136.01, 1:75 [1, -3, -1]
301:34.99, 1:10 [3, 6006, -3]
401:39.94, 7:10 [4, 5258, 3545, -4]
402:28.28, 1:10 [4, 5556, -4]
fe: 2, se: 3

Day: 1, Time: 90
Total Cost: 247.58
 11:136.01, 5:75 [1, -3, -1]
301:111.56, 5:10 [3, 5345, 3639, -3]
fe: 1, se: 1

Day: 1, Time: 90
Total Cost: 230.12
 11:66.27, 5:75 [2, -5, -2]
501:82.22, 4:10 [5, 4067, -5]
502:81.63, 1:10 [5, 5152, -5]
fe: 1, se: 2

Day: 1, Time: 100
Total Cost: 135.24
 11:66.27, 2:75 [2, -5, -2]
501:68.96, 2:10 [5, 6206, -5]
fe: 1, se: 1

Day: 1, Time: 105
Total Cost: 149.24
 11:66.27, 3:75 [2, -5, -2]
501:82.97, 3:10 [5, 3416, -5]
fe: 1, se: 1

Day: 1, Time: 110
Total Cost: 157.40
 11:145.23, 3:75 [2, -6, -2]
601:12.17, 3:10 [6, 3860, -6]
fe: 1, se: 1

Day: 1, Time: 115
Total Cost: 165.14
 11:136.01, 1:75 [1, -3, -1]
301:29.12, 1:10 [3, 3869, -3]
fe: 1, se: 1

Day: 1, Time: 120
Total Cost: 215.91
 11:145.23, 4:75 [2, -6, -2]
601:70.68, 4:10 [6, 6088, -6]
fe: 1, se: 1

Day: 1, Time: 130
Total Cost: 258.56
 11:66.27, 8:75 [2, -5, -2]
501:108.17, 4:10 [5, 6093, -5]
502:84.12, 4:10 [5, 4971, -5]
fe: 1, se: 2

Day: 1, Time: 140
Total Cost: 336.79
 11:136.01, 6:75 [1, -3, -1]
301:69.86, 4:10 [3, 4660, -3]
302:130.92, 2:10 [3, 3927, -3]
fe: 1, se: 2

Day: 1, Time: 140
Total Cost: 160.29
 11:66.27, 3:75 [2, -5, -2]
501:94.02, 3:10 [5, 6160, -5]
fe: 1, se: 1

Day: 1, Time: 145
Total Cost: 246.32
 11:66.27, 4:75 [2, -5, -2]
501:74.03, 3:10 [5, 5198, -5]
502:106.02, 1:10 [5, 5513, -5]
fe: 1, se: 2

Day: 1, Time: 150
Total Cost: 262.80
 11:66.27, 2:75 [2, -5, -2]
 12:145.23, 1:75 [2, -6, -2]
501:14.42, 2:10 [5, 5222, -5]
601:36.88, 1:10 [6, 5790, -6]
fe: 2, se: 2

Day: 1, Time: 155
Total Cost: 127.49
 11:66.27, 1:75 [2, -5, -2]
501:61.22, 1:10 [5, 5079, -5]
fe: 1, se: 1

Day: 1, Time: 170
Total Cost: 154.64
 11:66.27, 3:75 [2, -5, -2]
501:88.36, 3:10 [5, 4294, -5]
fe: 1, se: 1

Day: 1, Time: 275
Total Cost: 538.97
 11:179.78, 17:75 [1, -3, -4, -1]
301:150.09, 9:10 [3, 4736, 4349, 3814, 4064, -3]
302:125.30, 3:10 [3, 5801, -3]
401:83.80, 5:10 [4, 5118, 5089, 5155, -4]
fe: 1, se: 3

Day: 1, Time: 295
Total Cost: 748.88
 11:66.27, 45:75 [2, -5, -2]
501:61.12, 7:10 [5, 3526, 5189, -5]
502:176.34, 9:10 [5, 5183, 4905, 3942, 4411, -5]
503:141.91, 10:10 [5, 4096, 4621, 3544, -5]
504:120.37, 10:10 [5, 4190, 5908, 5023, 4399, -5]
505:182.86, 9:10 [5, 3413, 3551, 5260, 3870, -5]
fe: 1, se: 5

Day: 1, Time: 300
Total Cost: 162.55
 11:66.27, 5:75 [2, -5, -2]
501:96.28, 5:10 [5, 5964, 3750, -5]
fe: 1, se: 1

Day: 1, Time: 320
Total Cost: 1168.41
 11:136.01, 43:75 [1, 3, -3, -1]
 12:153.31, 47:75 [1, 4, -4, -1]
301:30.05, 5:10 [3, 1096, 75, -3]
302:50.53, 9:10 [3, 101, 89, 65, 51, -3]
303:80.01, 9:10 [3, 82, 62, 10, 93, -3]
304:140.73, 10:10 [3, 23, 31, 1350, 83, 4404, 94, 78, -3]
305:80.37, 10:10 [3, 29, 345, 41, 46, 96, -3]
401:30.07, 4:10 [4, 90, -4]
402:143.60, 9:10 [4, 64, 95, 102, -4]
403:131.83, 10:10 [4, 111, 26, 63, 40, -4]
404:89.03, 9:10 [4, 84, 92, 86, 35, -4]
405:58.08, 10:10 [4, 14, 32, 122, -4]
406:44.78, 8:10 [4, 4464, 88, 109, -4]
fe: 2, se: 11

Day: 1, Time: 360
Total Cost: 1198.28
 11:136.01, 22:75 [1, 3, -3, -1]
 12:153.31, 28:75 [1, 4, -4, -1]
302:143.66, 5:10 [3, 118, 5857, 107, 2226, -3]
303:132.22, 9:10 [3, 1889, 2032, 2026, 3016, -3]
304:143.87, 8:10 [3, 91, 2474, 24, 5148, 124, -3]
401:105.38, 10:10 [4, 2295, 110, 28, -4]
402:165.28, 7:10 [4, 4861, 22, 3605, 2200, 123, -4]
403:142.21, 10:10 [4, 161, 3915, 125, 4478, 105, 1962, -4]
404:76.33, 3:10 [4, 3349, 700, -4]
fe: 2, se: 7

Day: 1, Time: 360
Total Cost: 1138.86
 11:66.27, 52:75 [2, 5, -5, -2]
 12:145.23, 30:75 [2, 6, -6, -2]
501:119.13, 10:10 [5, 61, 98, 18, 15, 79, 47, -5]
502:136.17, 10:10 [5, 59, 856, 5224, 81, 1260, 13, 44, -5]
503:131.66, 10:10 [5, 12, 68, 27, 73, 70, 74, 5920, -5]
504:79.87, 10:10 [5, 104, 3498, 3560, 113, 679, -5]
505:75.81, 9:10 [5, 16, 121, 5789, 1862, 119, 8, -5]
508:185.78, 10:10 [5, 117, 6117, 1911, 1202, 67, -5]
601:57.66, 10:10 [6, 120, 116, 56, -6]
602:82.53, 10:10 [6, 2816, 1403, 5244, 80, 77, -6]
605:58.75, 10:10 [6, 43, 2321, 45, 50, -6]
fe: 2, se: 9

Day: 1, Time: 395
Total Cost: 294.09
 11:66.27, 3:75 [2, -5, -2]
501:106.15, 1:10 [5, 5440, -5]
502:121.67, 2:10 [5, 4754, -5]
fe: 1, se: 2

Day: 1, Time: 400
Total Cost: 449.35
 11:179.78, 14:75 [1, -3, -4, -1]
301:108.99, 9:10 [3, 4199, 4623, 4897, -3]
302:59.36, 4:10 [3, 4465, -3]
401:101.21, 1:10 [4, 4180, -4]
fe: 1, se: 3

Day: 1, Time: 405
Total Cost: 1055.96
 11:136.01, 30:75 [1, 3, -1]
 14:153.31, 34:75 [1, 4, -1]
301:126.00, 7:10 [3, 48, 2600, 2898, -3]
302:135.26, 9:10 [3, 52, 76, 2970, -3]
303:36.06, 4:10 [3, 17, -3]
304:54.32, 10:10 [3, 877, 226, 33, -3]
401:72.83, 10:10 [4, 69, 87, 670, -4]
402:58.68, 4:10 [4, 112, 66, -4]
403:54.92, 2:10 [4, 9, -4]
404:165.28, 10:10 [4, 2403, 1781, 19, -4]
405:63.30, 8:10 [4, 2903, 106, -4]
fe: 2, se: 9

Day: 1, Time: 405
Total Cost: 1125.13
 11:66.27, 61:75 [2, 5, -2]
 12:145.23, 29:75 [2, 6, -2]
501:154.74, 10:10 [5, 53, 11, 100, 99, -5]
502:101.01, 8:10 [5, 25, 38, -5]
503:144.67, 10:10 [5, 2068, 72, 34, -5]
504:99.06, 10:10 [5, 37, 36, 20, -5]
505:54.94, 9:10 [5, 103, 55, 2366, -5]
506:153.70, 10:10 [5, 21, 57, 39, -5]
507:48.04, 4:10 [5, 108, -5]
601:57.30, 10:10 [6, 49, 30, 114, -6]
602:36.88, 3:10 [6, 42, -6]
603:18.78, 8:10 [6, 58, 355, -6]
604:44.51, 8:10 [6, 54, 115, -6]
fe: 2, se: 11

Day: 1, Time: 420
Total Cost: 296.02
 11:66.27, 5:75 [2, -5, -2]
501:125.25, 1:10 [5, 5013, -5]
502:104.50, 4:10 [5, 4374, 5683, -5]
fe: 1, se: 2

Day: 1, Time: 440
Total Cost: 171.42
 11:153.31, 3:75 [1, -4, -1]
401:18.11, 3:10 [4, 6000, -4]
fe: 1, se: 1

Day: 1, Time: 450
Total Cost: 620.78
 11:136.01, 4:75 [1, 3, -1]
 12:153.31, 3:75 [1, 4, -1]
301:129.27, 1:10 [3, 2323, -3]
302:108.46, 3:10 [3, 1104, -3]
401:93.72, 3:10 [4, 2008, -4]
fe: 2, se: 3

Day: 1, Time: 450
Total Cost: 265.28
 11:66.27, 5:75 [2, 5, -2]
501:73.76, 4:10 [5, 449, -5]
502:125.25, 1:10 [5, 2155, -5]
fe: 1, se: 2

Day: 1, Time: 460
Total Cost: 120.68
 11:66.27, 2:75 [2, 5, -2]
501:54.41, 2:10 [5, 737, -5]
fe: 1, se: 1

Day: 1, Time: 525
Total Cost: 143.80
 11:66.27, 5:75 [2, 5, -2]
501:32.80, 1:10 [5, 85, -5]
502:44.72, 4:10 [5, 71, -5]
fe: 1, se: 2


Day	Area	ID	Time	Load	Utilization	NoOrders	AssignmentCost
1	1	 7	270	 45	0.50	17	525.00
1	1	42	300	 37	0.21	24	890.00
1	1	 8	315	 90	1.00	27	975.00
1	1	 9	360	  5	0.06	 2	125.00
1	1	43	400	  2	0.01	 1	190.00
1	1	11	450	  5	0.05	 2	100.00
1	1	19	810	 59	0.82	25	798.00
1	2	25	225	 90	1.00	38	975.00
1	2	26	270	 42	0.47	14	495.00
1	2	51	300	  8	0.04	 8	310.00
1	2	27	315	 64	0.71	21	715.00
1	2	28	360	  7	0.08	 3	145.00
1	2	34	630	  8	0.09	 3	155.00
1	2	38	810	 72	1.00	29	954.00


Day	Area	Time	Pickup	Delivery	Direct	FEVehicles	SEVehicles	ALNSTime	ALNSBestTime	RoutingCostArea
1	1	0	59	34	0	5	28	40.06	15.36	3427.61
1	1	35	2	0	0	1	1	0.26	0.00	251.18
1	1	55	3	0	0	2	3	0.41	0.00	428.17
1	1	80	4	0	0	2	3	0.51	0.00	392.54
1	1	85	0	0	1	0	0	0.00	0.00	500.00
1	1	90	2	0	0	1	1	0.29	0.00	247.58
1	1	115	1	0	0	1	1	0.19	0.00	165.14
1	1	140	2	0	0	1	2	0.29	0.00	336.79
1	1	175	0	0	1	0	0	0.00	0.00	500.00
1	1	275	8	0	0	1	3	0.73	0.00	538.97
1	1	320	2	38	0	2	11	3.59	0.00	1168.41
1	1	360	7	22	0	2	7	3.16	1.99	1198.28
1	1	400	5	0	0	1	3	0.52	0.00	449.35
1	1	405	0	21	0	2	9	2.25	0.69	1055.96
1	1	440	1	0	0	1	1	0.23	0.00	171.42
1	1	450	0	3	0	2	3	0.36	0.00	620.78
1	2	5	60	36	0	10	30	36.05	0.02	3889.30
1	2	20	1	0	0	1	1	0.21	0.00	165.00
1	2	25	1	0	0	1	1	0.22	0.00	202.30
1	2	30	1	0	0	1	1	0.20	0.00	149.15
1	2	40	2	0	0	1	1	0.25	0.00	206.64
1	2	45	1	0	0	1	1	0.19	0.00	143.21
1	2	70	1	0	0	1	1	0.19	0.00	166.45
1	2	90	2	0	0	1	2	0.35	0.00	230.12
1	2	100	1	0	0	1	1	0.18	0.00	135.24
1	2	105	1	0	0	1	1	0.19	0.00	149.24
1	2	110	1	0	0	1	1	0.18	0.00	157.40
1	2	120	1	0	0	1	1	0.19	0.00	215.91
1	2	125	0	0	1	0	0	0.00	0.00	500.00
1	2	130	2	0	0	1	2	0.27	0.00	258.56
1	2	140	1	0	0	1	1	0.18	0.00	160.29
1	2	145	2	0	0	1	2	0.24	0.00	246.32
1	2	150	2	0	0	2	2	0.30	0.00	262.80
1	2	155	1	0	0	1	1	0.18	0.00	127.49
1	2	165	0	0	1	0	0	0.00	0.00	500.00
1	2	170	1	0	0	1	1	0.20	0.00	154.64
1	2	180	0	0	1	0	0	0.00	0.00	500.00
1	2	295	17	0	0	1	5	2.68	1.17	748.88
1	2	300	2	0	0	1	1	0.24	0.00	162.55
1	2	360	7	41	0	2	9	6.09	3.79	1138.86
1	2	395	2	0	0	1	2	0.27	0.00	294.09
1	2	405	0	27	0	2	11	3.35	1.72	1125.13
1	2	420	3	0	0	1	2	0.34	0.00	296.02
1	2	450	0	2	0	1	2	0.22	0.00	265.28
1	2	460	0	1	0	1	1	0.19	0.00	120.68
1	2	525	0	2	0	1	2	0.23	0.00	143.80

Day	SL	Own	DispatchTimes	AssignmentCost	RoutingCost	TotalCost
1	11	3	46	7352.00	24267.55	31619.55

Total Cost: 31619.549080490193
Cost per Day: 31619.549080490193
Running time in Seconds: 134.569
Running time in minutes: 2.2428166666666667