INSTANCE: 4hubs_MND_A_1_x.csv
PARAMETER: tuning_loose.txt
POLICY: MIP
ALPHA: 0.110743182921128
BETA: 66
OMEGA: 586
EPSILON: 1.0309977123467

Day: 1, Time: 0
Total Cost: 9403.28
 11:136.01, 75:75 [1, 5, -5, -1]
 12:136.01, 74:75 [1, 5, -5, -1]
 13:136.01, 67:75 [1, 5, -5, -1]
 14:136.01, 66:75 [1, 5, -5, -1]
 15:153.31, 47:75 [1, 6, -6, -1]
 16:136.01, 49:75 [1, 5, -5, -1]
 18:153.31, 47:75 [1, 6, -6, -1]
 19:153.31, 19:75 [1, 6, -1]
 20:136.01, 19:75 [1, 5, -5, -1]
 21:153.31, 74:75 [1, 6, -6, -1]
 40:153.31, 67:75 [1, 6, -6, -1]
501:125.93, 10:10 [5, 16766, 17379, 17147, 16985, 17095, 17426, 17491, -5]
502:111.86, 8:10 [5, 16950, 17588, 17770, 17176, -5]
503:130.96, 8:10 [5, 17377, 17567, 16643, -5]
504:86.86, 8:10 [5, 16972, 16580, -5]
505:137.33, 9:10 [5, 17778, 17033, 17359, 16653, -5]
506:41.23, 4:10 [5, 16808, -5]
507:109.96, 9:10 [5, 17484, 17827, 16942, 17354, 17495, 16829, 17631, -5]
508:86.27, 10:10 [5, 16872, 16623, 17648, 17754, 16684, 16693, -5]
509:42.17, 7:10 [5, 17170, 16674, -5]
510:17.12, 8:10 [5, 17381, 17252, -5]
511:124.30, 10:10 [5, 16691, 16921, 17258, 17297, 16783, 17610, 16805, -5]
512:95.89, 10:10 [5, 16387, 17494, 17797, 17429, 17470, 17427, -5]
513:139.48, 10:10 [5, 17710, 16538, 16668, 16820, 17467, -5]
514:68.11, 10:10 [5, 17497, 17045, 17513, 17493, -5]
515:171.41, 10:10 [5, 17131, 17096, 17700, 17608, 16807, 17682, 16996, -5]
516:169.99, 9:10 [5, 16642, 17384, 17316, 17818, 16487, 17713, -5]
517:48.35, 10:10 [5, 16406, 17162, 16638, -5]
518:186.51, 10:10 [5, 16995, 17525, 16862, 17160, 17732, 17447, 16659, 17480, 16911, -5]
520:151.46, 10:10 [5, 16384, 17051, 17744, 16390, 17283, 16728, -5]
521:82.37, 10:10 [5, 16604, 16922, 16554, -5]
523:93.63, 9:10 [5, 17745, 16572, 16459, 17691, 17609, 16595, 17259, -5]
524:150.42, 10:10 [5, 17166, 17807, 17614, 16920, 17783, 17213, -5]
525:147.30, 10:10 [5, 16709, 16715, 17769, 17121, 16636, 17355, -5]
526:95.79, 10:10 [5, 16889, 17065, 16465, 16851, 17561, 17082, 17731, 17652, 17768, -5]
527:61.16, 9:10 [5, 17616, 16689, 17048, 16391, -5]
528:112.35, 10:10 [5, 16557, 17699, 16449, 17016, 16499, 17773, 17024, -5]
530:87.24, 10:10 [5, 16690, 16869, 16978, 17076, -5]
531:90.00, 9:10 [5, 16392, 16979, 17698, 16379, -5]
532:131.34, 9:10 [5, 17656, 17403, 16504, 17473, -5]
533:79.64, 10:10 [5, 17063, 16871, 17053, 16866, 16561, 17702, -5]
535:107.64, 10:10 [5, 16800, 17262, 17774, 16864, 17056, -5]
537:111.17, 10:10 [5, 16877, 17766, 16620, 16401, 17245, -5]
538:185.08, 10:10 [5, 17489, 16686, 17843, 17124, 17440, 16478, 17468, -5]
539:154.58, 10:10 [5, 16794, 16792, 17019, 17310, 16579, 17626, 17508, 17317, -5]
540:92.99, 9:10 [5, 17703, 17483, 16955, 17743, 17522, -5]
541:176.90, 9:10 [5, 17431, 17687, 17058, 17475, 17844, -5]
542:161.73, 10:10 [5, 17074, 17590, 16769, 17046, 17755, 17273, -5]
543:141.42, 10:10 [5, 16388, 17073, 17281, 16510, 17503, 17528, 17081, -5]
547:94.67, 10:10 [5, 17212, 16859, 17112, 17597, 17593, 17753, -5]
550:131.67, 10:10 [5, 17158, 17594, 16928, 16929, 17476, -5]
551:97.79, 10:10 [5, 17009, 16901, 17243, 16393, 17601, 16904, 17809, -5]
601:149.68, 10:10 [6, 16748, 17219, 16945, 16899, -6]
602:125.94, 4:10 [6, 17541, -6]
603:92.82, 10:10 [6, 17234, 16506, 17329, 17187, 17618, 17622, -6]
604:117.25, 6:10 [6, 17752, 17424, -6]
605:64.23, 8:10 [6, 16664, 16442, 16467, 17025, -6]
606:64.59, 10:10 [6, 17194, 16697, 16952, 17052, 17078, -6]
607:82.92, 10:10 [6, 17370, 17277, 17286, -6]
608:91.66, 10:10 [6, 17775, 17123, 17275, 16542, 17521, 16403, 17451, -6]
609:51.94, 9:10 [6, 17635, 17214, 17068, 17435, 17665, -6]
610:86.46, 9:10 [6, 16815, 17142, 17195, 17269, 16960, 17606, -6]
611:79.50, 10:10 [6, 16677, 16791, 16458, 17103, -6]
612:69.78, 10:10 [6, 17627, 17637, 17040, 17715, -6]
613:93.63, 10:10 [6, 17105, 16534, 17184, 16797, 16987, -6]
614:94.97, 10:10 [6, 16602, 17539, 16878, 17623, 17099, 17253, -6]
615:156.80, 10:10 [6, 17177, 16887, 17180, 17036, 17410, -6]
616:36.10, 7:10 [6, 17109, 17646, 16431, 17017, -6]
617:38.95, 9:10 [6, 17705, 16926, 17510, 16599, -6]
618:55.67, 10:10 [6, 17530, 17181, 17077, -6]
619:56.61, 9:10 [6, 17458, 17067, 16461, 16814, -6]
620:143.40, 10:10 [6, 16685, 16774, 17511, 17172, 17688, 16727, 16381, 16819, 17555, -6]
621:197.66, 10:10 [6, 16856, 17330, 17042, 16828, 16445, 17502, 17641, 17280, 17326, -6]
622:77.07, 10:10 [6, 17146, 16588, 17100, 17308, 17028, 16703, 16624, -6]
623:169.44, 9:10 [6, 16600, 16394, 16718, 17825, 16407, 17313, 17472, -6]
624:25.11, 6:10 [6, 17430, 16726, -6]
625:160.57, 10:10 [6, 16785, 16891, 16415, 16578, 17338, -6]
626:72.85, 10:10 [6, 16918, 16823, 16385, 16526, 17374, -6]
627:135.73, 9:10 [6, 17670, 17089, 17383, 16969, 16954, 17730, 17551, -6]
628:91.07, 10:10 [6, 16833, 17320, 16678, 16842, 16669, -6]
629:123.23, 10:10 [6, 16947, 17217, 16494, 16771, -6]
630:143.14, 3:10 [6, 17445, -6]
631:86.64, 9:10 [6, 16756, 16472, 16404, 16713, -6]
632:103.65, 10:10 [6, 16817, 16662, 16473, 16683, 16447, -6]
633:49.57, 8:10 [6, 17104, 17284, 17169, 17490, 16488, 17357, 17605, -6]
fe: 11, se: 74

Day: 1, Time: 0
Total Cost: 8187.78
 11:66.27, 75:75 [2, 7, -7, -2]
 12:66.27, 73:75 [2, 7, -7, -2]
 13:66.27, 70:75 [2, 7, -7, -2]
 14:66.27, 75:75 [2, 7, -7, -2]
 15:66.27, 50:75 [2, 7, -7, -2]
 16:145.23, 75:75 [2, 8, -8, -2]
 17:66.27, 10:75 [2, 7, -7, -2]
 18:66.27, 10:75 [2, 7, -7, -2]
 19:145.23, 74:75 [2, 8, -8, -2]
 20:151.76, 58:75 [2, 7, 8, -8, -2]
 21:145.23, 10:75 [2, 8, -8, -2]
 22:66.27, 8:75 [2, 7, -7, -2]
701:41.59, 10:10 [7, 16563, 16436, 16663, 17677, -7]
702:99.26, 10:10 [7, 17387, 16764, 17256, 17612, 16660, 17153, -7]
703:88.26, 9:10 [7, 17192, 17296, 17001, 16746, 17639, 17816, -7]
704:68.93, 10:10 [7, 17568, 16617, 17486, 16855, -7]
705:102.84, 10:10 [7, 17130, 17749, 17010, 16475, 17244, 16470, -7]
706:130.20, 10:10 [7, 16989, 17018, 16898, 16593, -7]
707:114.75, 10:10 [7, 17516, 16957, 16702, 17800, 17537, 17524, 16508, 17369, -7]
708:77.94, 10:10 [7, 16758, 17026, 16831, 17817, 17808, 17235, -7]
709:158.23, 10:10 [7, 16627, 16428, 16671, 17175, 16809, 17210, 16517, -7]
710:119.36, 10:10 [7, 16971, 16735, 16767, 16597, 16650, 17535, 17531, -7]
711:93.13, 9:10 [7, 16890, 17182, 17049, 17027, -7]
713:10.40, 7:10 [7, 16628, 16865, -7]
714:135.81, 10:10 [7, 17726, 16983, 17190, 17741, 17232, 17556, -7]
715:52.12, 10:10 [7, 17203, 16657, 17453, 16959, -7]
716:118.11, 9:10 [7, 16626, 16589, 17734, 16938, 16453, 17718, 17072, -7]
717:22.24, 6:10 [7, 17719, 16755, 16559, -7]
718:154.23, 10:10 [7, 16838, 16736, 17294, 17611, 17050, 16909, 17765, 17532, -7]
719:127.19, 8:10 [7, 16695, 17747, 17573, 17617, 17265, -7]
720:65.82, 10:10 [7, 17091, 16621, 16915, 17291, -7]
721:126.18, 10:10 [7, 16457, 17418, 16908, 16681, 16418, 17322, -7]
722:148.35, 10:10 [7, 16533, 16868, 16463, 17337, 17681, 16997, 17226, -7]
723:26.74, 5:10 [7, 17580, 16647, -7]
724:108.92, 10:10 [7, 16452, 17708, 16622, 16484, 17407, 16558, -7]
725:105.10, 10:10 [7, 16919, 16704, 16680, 17810, -7]
726:123.37, 10:10 [7, 17738, 16402, 17386, 17163, 16830, 17823, -7]
727:38.83, 4:10 [7, 16803, -7]
728:24.53, 8:10 [7, 17690, 16535, -7]
729:50.74, 10:10 [7, 16710, 17758, 16400, 16482, -7]
730:88.31, 10:10 [7, 17080, 17583, 17327, 16632, 16984, 17621, 17351, -7]
731:80.63, 10:10 [7, 16765, 17092, 16949, 16770, 16425, -7]
732:106.13, 10:10 [7, 16486, 17116, 17416, 17457, 17102, 17173, 17664, -7]
733:192.45, 10:10 [7, 16936, 16544, 17649, 31334, 17108, 16941, 17820, -7]
734:103.56, 10:10 [7, 17324, 17149, 16585, 17406, 17644, -7]
735:143.19, 10:10 [7, 16806, 16733, 16930, 16451, 17666, 17144, 17471, 17461, 17347, -7]
737:108.14, 10:10 [7, 17094, 16550, 16951, -7]
738:78.02, 10:10 [7, 17563, 17299, 16852, -7]
739:30.75, 4:10 [7, 17043, 17438, -7]
740:170.51, 10:10 [7, 16527, 17227, 17154, 17114, 17302, 16977, 17363, 16894, -7]
742:101.72, 10:10 [7, 16584, 16483, 16723, 16419, -7]
744:118.65, 10:10 [7, 16813, 17366, 16456, 16845, 16776, 17396, 17118, -7]
745:93.23, 10:10 [7, 17055, 16625, 17315, 17564, 17314, 16434, -7]
746:91.72, 9:10 [7, 17659, 16532, 17733, 16880, 17717, 17506, -7]
748:69.76, 10:10 [7, 16847, 16986, 17032, 17784, 17231, 17391, -7]
749:101.00, 8:10 [7, 17422, 16399, 17547, 17678, -7]
750:116.18, 10:10 [7, 16590, 16826, 17332, 16757, 17761, 16827, 17388, 16675, -7]
754:164.94, 10:10 [7, 17463, 16516, 17137, 17434, 17831, 17070, 17570, 17069, -7]
755:101.44, 10:10 [7, 17628, 16601, 17527, 17188, 16990, 17662, -7]
756:121.69, 10:10 [7, 17343, 16666, 17723, 17436, 16375, 17382, -7]
758:87.22, 10:10 [7, 16503, 17815, 16716, 16405, -7]
801:88.53, 9:10 [8, 17054, 16443, 17779, 17191, 16848, 17565, 17711, -8]
802:67.11, 10:10 [8, 16749, 17684, 16509, 17764, 17411, 17759, -8]
803:100.77, 9:10 [8, 16944, 16793, 16598, -8]
804:87.58, 10:10 [8, 17803, 16514, 16731, 17554, -8]
805:35.96, 10:10 [8, 17578, 17289, 17204, 17560, -8]
806:65.48, 8:10 [8, 17420, 17654, 16476, -8]
807:140.04, 10:10 [8, 17138, 16520, 16933, 17496, 16498, 16975, 17798, 17376, -8]
809:115.44, 10:10 [8, 16586, 17716, 16858, 16722, 17292, 17529, -8]
810:176.39, 9:10 [8, 17428, 16606, 16948, 17459, 17805, 17452, -8]
811:80.83, 10:10 [8, 16935, 17811, 17579, 17437, 17538, -8]
812:64.51, 7:10 [8, 16435, 16519, 17582, 17735, 17492, -8]
813:49.20, 10:10 [8, 17304, 17246, 17196, -8]
814:42.46, 9:10 [8, 16687, 16667, 16673, -8]
815:85.12, 10:10 [8, 16492, 16594, 17111, 17097, -8]
816:86.45, 10:10 [8, 17686, 16502, 16672, 16953, 17630, -8]
817:89.93, 8:10 [8, 16999, 16761, 17309, 17230, 17371, -8]
818:89.61, 10:10 [8, 16907, 16779, 16546, 17117, -8]
819:67.14, 10:10 [8, 17200, 17523, 17620, 17290, 17174, -8]
821:86.70, 10:10 [8, 17075, 17442, 16378, 16571, 16932, -8]
824:56.38, 10:10 [8, 17368, 17268, 17140, 16816, -8]
825:62.37, 10:10 [8, 16958, 16946, 17079, 17505, -8]
827:92.32, 10:10 [8, 16824, 16840, 17031, 16974, -8]
828:89.31, 10:10 [8, 17788, 16873, 16741, 17401, 17090, 17220, 17448, -8]
829:79.64, 10:10 [8, 17643, 16553, 16705, 17796, 16874, -8]
830:94.17, 10:10 [8, 16455, 17647, 17022, 17587, 17804, -8]
831:78.74, 10:10 [8, 17821, 17464, 16906, 16567, -8]
833:95.59, 7:10 [8, 17222, 17361, 16967, 17254, 17346, -8]
fe: 12, se: 76

Day: 1, Time: 0
Total Cost: 8043.06
 11:94.59, 75:75 [3, 9, -9, -3]
 12:94.59, 70:75 [3, 9, -9, -3]
 13:113.51, 74:75 [3, 10, 9, -9, -3]
 14:94.59, 34:75 [3, 9, -9, -3]
 15:90.24, 69:75 [3, 10, -10, -3]
 16:90.24, 74:75 [3, 10, -10, -3]
 17:90.24, 57:75 [3, 10, -10, -3]
 18:90.24, 73:75 [3, 10, -10, -3]
 19:90.24, 60:75 [3, 10, -10, -3]
901:38.00, 10:10 [9, 16395, 17143, 16965, -9]
902:101.75, 10:10 [9, 17780, 16648, 17263, 17680, 16750, -9]
903:113.35, 10:10 [9, 16412, 16530, 16477, 16976, 17512, 17634, -9]
904:76.93, 9:10 [9, 16505, 16973, 16923, -9]
905:73.34, 10:10 [9, 16491, 16882, 16812, -9]
906:162.87, 10:10 [9, 17288, 17013, 17341, 17141, 17771, 16573, 17478, -9]
907:100.62, 9:10 [9, 16618, 16696, 17482, 17186, 17270, 17501, -9]
908:99.64, 10:10 [9, 16699, 17318, 16943, 16991, 17566, -9]
909:118.92, 10:10 [9, 17248, 17178, 17679, 17120, 16850, 17552, 17638, -9]
910:116.89, 9:10 [9, 16603, 17548, 17645, 17584, 17793, 16849, 17553, -9]
911:103.84, 8:10 [9, 17408, 17412, 17348, -9]
912:118.73, 10:10 [9, 17164, 16610, 17098, 16843, 17546, 16577, 16994, -9]
913:109.82, 7:10 [9, 17260, 16566, 17423, -9]
914:46.52, 9:10 [9, 17748, 16884, 17202, 16790, -9]
915:26.00, 7:10 [9, 17695, 17276, -9]
916:143.30, 10:10 [9, 16416, 17507, 16811, 16489, 16854, 17668, 16439, 17325, -9]
917:91.02, 10:10 [9, 17012, 16939, 16888, 17339, 17215, 17709, -9]
918:45.32, 4:10 [9, 16876, 17624, -9]
919:142.90, 10:10 [9, 16818, 16511, 17667, 17132, 16605, 17340, 17812, -9]
920:110.53, 10:10 [9, 17389, 17519, 17110, -9]
921:85.57, 10:10 [9, 17061, 17433, 17693, 17833, 16925, 17571, 17671, -9]
922:55.57, 8:10 [9, 16515, 16836, -9]
924:76.37, 7:10 [9, 17767, 16524, 16670, -9]
925:92.97, 10:10 [9, 17830, 17663, 17782, 17576, -9]
926:79.11, 8:10 [9, 17183, 16914, 16450, 16560, -9]
927:102.47, 10:10 [9, 17640, 16411, 16528, 16438, 16835, -9]
928:87.76, 10:10 [9, 17064, 17421, 17742, 17599, 17789, 17257, -9]
929:52.70, 6:10 [9, 17841, 17557, 16714, -9]
930:13.42, 1:10 [9, 16397, -9]
932:70.72, 10:10 [9, 16639, 17500, 16433, 17156, -9]
933:87.25, 8:10 [9, 17264, 17790, 17613, 16549, -9]
934:117.86, 9:10 [9, 16437, 16576, 17750, 17007, 16844, 17819, -9]
936:116.51, 10:10 [9, 16521, 16867, 17439, 17399, 16633, 16661, 17372, -9]
937:98.87, 10:10 [9, 16940, 17721, 17405, 17199, 17272, 17835, -9]
942:77.37, 9:10 [9, 17650, 16665, 17034, -9]
1001:58.09, 10:10 [10, 16917, 16651, 17029, 16555, -10]
1002:78.20, 9:10 [10, 16837, 16541, 17683, 16956, 17261, 17540, 17714, -10]
1003:105.27, 10:10 [10, 17274, 17534, 17344, 16788, -10]
1004:53.16, 10:10 [10, 17432, 17233, 16537, -10]
1005:145.83, 10:10 [10, 16441, 16513, 17674, 16376, 17353, -10]
1006:80.91, 10:10 [10, 17392, 17786, 17113, 16423, 17119, -10]
1007:107.70, 9:10 [10, 17127, 17443, 16762, 17629, 17152, -10]
1008:113.45, 10:10 [10, 16853, 17306, 17520, 16802, 16870, 17791, 17107, -10]
1009:58.95, 9:10 [10, 16389, 16607, 16903, -10]
1010:63.54, 10:10 [10, 16471, 17135, 16988, -10]
1011:82.20, 10:10 [10, 17842, 17356, 16479, 16706, -10]
1012:90.64, 9:10 [10, 16879, 16993, 16629, -10]
1013:112.42, 10:10 [10, 17450, 17060, 16698, 17323, 17542, -10]
1014:71.29, 10:10 [10, 16729, 16641, 17088, -10]
1015:65.84, 10:10 [10, 17106, 16608, 16875, -10]
1016:70.25, 10:10 [10, 17133, 16860, 17189, -10]
1017:86.61, 10:10 [10, 16912, 17673, 17101, 16892, -10]
1018:78.10, 10:10 [10, 16562, 16551, 16708, 16543, -10]
1019:53.01, 10:10 [10, 16410, 16924, 16732, -10]
1020:85.27, 10:10 [10, 17003, 17236, 16981, 17373, 17193, -10]
1021:139.48, 10:10 [10, 17021, 17008, 17334, 17598, 17004, 16742, -10]
1022:54.12, 8:10 [10, 17792, 17712, -10]
1023:105.80, 10:10 [10, 16540, 17400, 17207, 16759, 16649, -10]
1024:59.72, 9:10 [10, 17266, 16637, 16724, -10]
1025:133.95, 10:10 [10, 17037, 16485, 17795, 16614, 16417, 17198, 17736, -10]
1026:92.13, 10:10 [10, 16408, 17239, 16846, 17836, 17813, -10]
1027:84.59, 10:10 [10, 17221, 17241, 17636, -10]
1028:96.07, 9:10 [10, 16772, 17161, 17278, 16474, 16998, 17364, -10]
1029:136.14, 10:10 [10, 16796, 17349, 17223, 16422, 16398, 17402, 17460, -10]
1030:49.88, 10:10 [10, 17720, 17653, 16382, -10]
1031:88.07, 9:10 [10, 17785, 16426, 16717, 17824, -10]
1032:86.87, 8:10 [10, 17558, 16536, 16784, -10]
1033:104.58, 10:10 [10, 16780, 17179, 17787, 16743, 17005, -10]
1034:88.03, 10:10 [10, 16916, 16931, 16531, 16466, 17201, -10]
1035:17.20, 4:10 [10, 16966, -10]
1040:78.80, 10:10 [10, 17595, 17150, 16754, 17020, 16635, -10]
1041:106.34, 10:10 [10, 16934, 17596, 17282, 17044, 17781, 17602, -10]
1042:135.61, 10:10 [10, 16552, 16518, 17801, 17390, 16481, 16429, 17669, 17465, -10]
1043:118.13, 10:10 [10, 17737, 16712, 17023, 17729, 16564, 17619, 17014, -10]
1044:137.94, 10:10 [10, 16682, 16897, 17763, 17697, 17319, 17139, 17229, -10]
1047:150.10, 10:10 [10, 16613, 16821, 16857, 17725, 17205, 17444, 17517, 17251, -10]
1048:120.62, 10:10 [10, 17549, 16822, 16795, 17409, 17303, 16574, 17335, 17834, -10]
1049:114.75, 10:10 [10, 16739, 17577, 17581, 17030, 17126, 17441, 17225, -10]
1051:80.10, 10:10 [10, 16587, 16676, 16522, 17165, -10]
fe: 9, se: 79

Day: 1, Time: 0
Total Cost: 6838.62
 11:64.00, 72:75 [4, 12, -12, -4]
 12:64.00, 75:75 [4, 12, -12, -4]
 13:64.00, 37:75 [4, 12, -12, -4]
 14:64.00, 75:75 [4, 12, -12, -4]
 15:64.00, 19:75 [4, 12, -12, -4]
 16:120.02, 33:75 [4, 11, -11, -4]
 17:120.02, 27:75 [4, 11, -11, -4]
 18:64.00, 20:75 [4, 12, -12, -4]
 24:64.00, 20:75 [4, 12, -12, -4]
 25:120.02, 75:75 [4, 11, -11, -4]
 27:64.00, 26:75 [4, 12, -12, -4]
 28:64.00, 10:75 [4, 12, -4]
1101:97.17, 10:10 [11, 17479, 16910, 17829, 16619, 17295, -11]
1102:123.39, 9:10 [11, 17393, 16507, 16386, 17307, 17625, 17515, 17148, 17586, -11]
1103:59.68, 10:10 [11, 16446, 17760, 17342, 16740, 17218, 16825, -11]
1104:18.69, 5:10 [11, 17632, 16778, -11]
1105:59.82, 9:10 [11, 17839, 16383, 16581, 17425, 17455, -11]
1106:36.23, 7:10 [11, 16913, 17185, 17633, -11]
1107:27.75, 7:10 [11, 16525, 16468, -11]
1108:93.86, 10:10 [11, 17380, 17838, 17015, 16751, 17057, 17806, 17772, -11]
1109:78.18, 10:10 [11, 17762, 16655, 16582, -11]
1110:63.53, 10:10 [11, 16658, 17211, 16982, 17498, 17085, -11]
1111:108.19, 8:10 [11, 16700, 16462, 17419, 17794, 16427, 17701, 17378, -11]
1112:83.73, 10:10 [11, 16631, 17362, 16688, 27145, 17311, -11]
1113:75.32, 10:10 [11, 17466, 16424, 17301, 17059, 17696, -11]
1114:38.58, 5:10 [11, 16568, 17574, 17417, -11]
1115:112.99, 10:10 [11, 17011, 17171, 17550, 16523, 16500, 17740, -11]
1117:32.09, 9:10 [11, 17651, 17469, 17456, -11]
1118:77.19, 10:10 [11, 16413, 17751, 17267, 16962, 16775, -11]
1119:136.89, 10:10 [11, 16615, 17607, 17545, 17084, 17727, 17062, 16752, -11]
1122:59.12, 10:10 [11, 17395, 16634, 17499, 17093, 17279, -11]
1123:124.20, 10:10 [11, 16569, 16886, 17449, 16707, 17533, 17672, 17397, 17087, 16448, -11]
1201:141.96, 10:10 [12, 17038, 17228, 16512, 17287, 16786, 17367, 17514, -12]
1202:125.25, 10:10 [12, 16646, 16937, 16964, 16539, 17724, 17414, 17242, 17247, -12]
1203:67.23, 10:10 [12, 17474, 17692, 17041, 17300, 17206, -12]
1204:122.60, 10:10 [12, 17039, 16763, 17321, 17237, 16570, 17271, 16493, -12]
1205:132.73, 10:10 [12, 16781, 16970, 17352, 16556, 16905, 17592, 17481, 16980, -12]
1206:100.58, 10:10 [12, 17385, 17589, 17814, 16841, 17375, 17208, -12]
1207:153.90, 10:10 [12, 17151, 17676, 16789, 17224, 16927, -12]
1208:122.27, 10:10 [12, 17255, 16721, 17777, 16787, 17360, 17155, -12]
1209:165.33, 10:10 [12, 16640, 16744, 16725, 17454, 16396, 17591, 17159, 16464, 17305, 17840, -12]
1210:88.71, 10:10 [12, 16377, 16839, 16454, 16992, 16583, 16883, -12]
1211:157.75, 10:10 [12, 16609, 17756, 16900, 17006, 16616, 16832, 17802, 16773, 17446, -12]
1212:150.63, 10:10 [12, 16896, 17739, 16834, 16777, 17746, 17345, 17832, -12]
1213:107.12, 10:10 [12, 16863, 17035, 16798, 16592, 16737, -12]
1214:152.16, 10:10 [12, 17293, 16730, 17488, 16547, 17350, 16596, 17333, -12]
1215:136.36, 10:10 [12, 16810, 17504, 17129, 17728, 17569, 16432, 17615, -12]
1216:75.94, 10:10 [12, 16738, 16961, 16768, 16575, -12]
1217:54.92, 10:10 [12, 17157, 16679, 17086, 16460, -12]
1218:21.98, 7:10 [12, 17331, 17642, -12]
1219:86.14, 9:10 [12, 17002, 17216, 17398, 17585, 17250, -12]
1220:144.14, 10:10 [12, 17122, 16497, 17685, 17707, 16692, 16645, -12]
1221:167.70, 9:10 [12, 16421, 17047, 17365, 16760, 17238, 17509, -12]
1222:56.91, 8:10 [12, 16545, 16501, 17312, 16529, 16414, -12]
1223:121.34, 10:10 [12, 17167, 17168, 16644, 16701, 17600, 17394, -12]
1224:48.48, 9:10 [12, 16799, 16881, 17128, 17462, -12]
1226:135.21, 10:10 [12, 17209, 16801, 16804, 17115, 17657, 17487, -12]
1227:102.63, 10:10 [12, 16719, 17518, 16694, 16612, 17298, 17544, 17704, -12]
1228:134.25, 10:10 [12, 16734, 17559, 17562, 16753, 17413, 16490, 17336, -12]
1229:57.39, 10:10 [12, 17826, 16591, 17660, 17485, 16444, -12]
1230:128.51, 10:10 [12, 16548, 16720, 17828, 16968, 16440, -12]
1231:55.97, 10:10 [12, 17694, 16782, 17404, 17136, -12]
1233:152.00, 10:10 [12, 16469, 17197, 16565, 17249, 16652, 17572, 16656, 17822, -12]
1235:122.55, 10:10 [12, 17066, 16430, 17661, 17757, 16630, 16885, 17477, -12]
1237:101.17, 10:10 [12, 16409, 17415, 17240, 17543, 17526, -12]
1239:63.38, 10:10 [12, 17328, 17689, 17285, 17603, -12]
1240:130.80, 10:10 [12, 16902, 16496, 16893, 17706, 17776, 16611, 17837, 16654, -12]
1241:109.70, 10:10 [12, 17000, 16711, 16480, 17071, 16963, -12]
1249:76.96, 9:10 [12, 16420, 17658, 17675, 17722, -12]
1254:98.41, 9:10 [12, 17799, 16895, 16861, 17358, -12]
1257:116.26, 10:10 [12, 17655, 17125, 17145, 16745, 16380, 17575, -12]
1260:108.66, 10:10 [12, 17604, 16747, 17134, 16495, 17083, 17536, -12]
fe: 12, se: 60

Day: 1, Time: 15
Total Cost: 285.51
 11:153.31, 4:75 [1, -6, -1]
601:132.20, 4:10 [6, 24047, -6]
fe: 1, se: 1

Day: 1, Time: 50
Total Cost: 1180.51
 11:94.59, 15:75 [3, -9, -3]
 12:90.24, 9:75 [3, -10, -3]
 13:90.24, 16:75 [3, -10, -3]
 14:90.24, 10:75 [3, -10, -3]
901:112.78, 9:10 [9, 25000, 29715, 23604, -9]
902:88.77, 6:10 [9, 21500, 33249, -9]
1001:122.32, 8:10 [10, 26383, 26574, 19277, -10]
1002:169.35, 8:10 [10, 24871, 27708, 26643, 21741, 29140, -10]
1003:103.84, 5:10 [10, 30917, 29890, 32171, 28823, -10]
1004:121.51, 9:10 [10, 32295, 22526, 24797, -10]
1005:96.61, 5:10 [10, 25086, 24501, -10]
fe: 4, se: 7

Day: 1, Time: 55
Total Cost: 1037.99
 11:136.01, 6:75 [1, -5, -1]
 12:153.31, 21:75 [1, -6, -1]
 13:153.31, 5:75 [1, -6, -1]
501:73.73, 4:10 [5, 22028, 21493, -5]
502:81.22, 1:10 [5, 22847, -5]
503:22.00, 1:10 [5, 28779, -5]
601:124.87, 9:10 [6, 32859, 32940, 28501, 22291, -6]
602:158.61, 10:10 [6, 19423, 25603, 28074, -6]
603:85.74, 5:10 [6, 20085, 31786, -6]
604:49.19, 2:10 [6, 26851, -6]
fe: 3, se: 7

Day: 1, Time: 55
Total Cost: 206.29
 11:94.59, 6:75 [3, -9, -3]
901:111.70, 6:10 [9, 22184, 19866, -9]
fe: 1, se: 1

Day: 1, Time: 60
Total Cost: 259.38
 11:136.01, 2:75 [1, -5, -1]
501:123.37, 2:10 [5, 28959, -5]
fe: 1, se: 1

Day: 1, Time: 60
Total Cost: 622.09
 11:66.27, 8:75 [2, -7, -2]
 12:66.27, 21:75 [2, -7, -2]
701:16.12, 2:10 [7, 26825, -7]
702:101.44, 6:10 [7, 18181, 23538, 18680, 25166, -7]
703:112.38, 10:10 [7, 26695, 31680, 18882, -7]
704:167.58, 10:10 [7, 20583, 28697, 18953, 24668, -7]
705:92.02, 1:10 [7, 27754, -7]
fe: 2, se: 5

Day: 1, Time: 60
Total Cost: 211.46
 11:90.24, 5:75 [3, -10, -3]
1001:121.21, 5:10 [10, 19639, 26115, -10]
fe: 1, se: 1

Day: 1, Time: 60
Total Cost: 773.53
 12:64.00, 10:75 [4, -12, -4]
 13:64.00, 9:75 [4, -12, -4]
 14:64.00, 18:75 [4, -12, -4]
1201:203.40, 10:10 [12, 27970, 32000, 30108, 24472, -12]
1202:125.01, 8:10 [12, 22597, 20949, 22848, -12]
1205:97.45, 9:10 [12, 30226, 30958, 21494, 28960, -12]
1206:155.67, 10:10 [12, 33437, 27294, 30191, 25500, 21956, -12]
fe: 3, se: 4

Day: 1, Time: 75
Total Cost: 357.08
 11:120.02, 2:75 [4, -11, -4]
 12:64.00, 4:75 [4, -12, -4]
1101:82.00, 2:10 [11, 29877, -11]
1201:91.06, 4:10 [12, 25198, 19504, -12]
fe: 2, se: 2

Day: 1, Time: 85
Total Cost: 631.61
 11:136.01, 18:75 [1, -5, -1]
 12:153.31, 3:75 [1, -6, -1]
501:134.87, 9:10 [5, 33089, 20938, 21345, -5]
502:184.62, 9:10 [5, 31422, 33435, 20543, 20876, -5]
602:22.80, 3:10 [6, 23356, -6]
fe: 2, se: 3

Day: 1, Time: 90
Total Cost: 735.29
 11:94.59, 17:75 [3, -9, -3]
 14:90.24, 19:75 [3, -10, -3]
901:122.84, 10:10 [9, 21813, 28132, 20633, 24866, -9]
902:147.40, 7:10 [9, 33305, 21606, 31801, 24496, -9]
1002:93.38, 8:10 [10, 23214, 23376, -10]
1004:77.42, 9:10 [10, 31114, 29620, 31307, -10]
1005:109.42, 2:10 [10, 32783, -10]
fe: 2, se: 5

Day: 1, Time: 95
Total Cost: 523.57
 11:66.27, 10:75 [2, -7, -2]
 12:66.27, 15:75 [2, -7, -2]
701:224.03, 10:10 [7, 20162, 22630, 20847, 24379, -7]
702:108.83, 7:10 [7, 22179, 28474, -7]
703:58.17, 8:10 [7, 32337, 25506, -7]
fe: 2, se: 3

Day: 1, Time: 100
Total Cost: 230.01
 11:136.01, 8:75 [1, -5, -1]
501:55.95, 5:10 [5, 23749, 26261, -5]
502:38.05, 3:10 [5, 19629, -5]
fe: 1, se: 2

Day: 1, Time: 105
Total Cost: 181.36
 11:136.01, 2:75 [1, -5, -1]
501:45.34, 2:10 [5, 30998, -5]
fe: 1, se: 1

Day: 1, Time: 110
Total Cost: 524.73
 11:64.00, 17:75 [4, -12, -4]
 12:64.00, 3:75 [4, -12, -4]
1201:162.87, 10:10 [12, 26936, 25261, 19726, -12]
1202:42.80, 2:10 [12, 29308, -12]
1203:115.04, 7:10 [12, 25331, 18877, -12]
1204:76.03, 1:10 [12, 32007, -12]
fe: 2, se: 4

Day: 1, Time: 115
Total Cost: 206.99
 12:125.25, 8:75 [4, -11, -12, -4]
1101:58.41, 4:10 [11, 31977, -11]
1201:23.32, 4:10 [12, 26114, -12]
fe: 1, se: 2

Day: 1, Time: 120
Total Cost: 355.87
 11:64.00, 1:75 [4, -12, -4]
 12:64.00, 7:75 [4, -12, -4]
1201:121.21, 1:10 [12, 23181, -12]
1202:106.66, 7:10 [12, 30021, 24673, -12]
fe: 2, se: 2

Day: 1, Time: 125
Total Cost: 680.31
 11:179.78, 12:75 [1, -5, -6, -1]
 12:153.31, 5:75 [1, -6, -1]
501:50.00, 3:10 [5, 22150, -5]
601:127.89, 9:10 [6, 18782, 18475, 24405, 24652, -6]
602:169.34, 5:10 [6, 19667, 27470, -6]
fe: 2, se: 3

Day: 1, Time: 130
Total Cost: 360.42
 11:64.00, 3:75 [4, -12, -4]
 12:64.00, 2:75 [4, -12, -4]
1201:111.14, 3:10 [12, 19865, -12]
1202:121.28, 2:10 [12, 21508, -12]
fe: 2, se: 2

Day: 1, Time: 135
Total Cost: 565.23
 11:66.27, 3:75 [2, -7, -2]
 12:145.23, 15:75 [2, -8, -2]
701:63.56, 2:10 [7, 27552, -7]
704:110.15, 1:10 [7, 19329, -7]
801:101.50, 10:10 [8, 27569, 19790, 28385, -8]
802:78.52, 5:10 [8, 24981, 23768, -8]
fe: 2, se: 4

Day: 1, Time: 145
Total Cost: 539.99
 11:136.01, 7:75 [1, -5, -1]
 12:136.01, 9:75 [1, -5, -1]
501:60.46, 4:10 [5, 21445, -5]
502:176.20, 9:10 [5, 30622, 33315, 24427, 31230, 18117, -5]
503:31.30, 3:10 [5, 33414, -5]
fe: 2, se: 3

Day: 1, Time: 160
Total Cost: 423.96
 11:153.31, 4:75 [1, -6, -1]
 12:153.31, 1:75 [1, -6, -1]
601:85.09, 4:10 [6, 31630, -6]
602:32.25, 1:10 [6, 23678, -6]
fe: 2, se: 2

Day: 1, Time: 160
Total Cost: 493.03
 11:66.27, 3:75 [2, -7, -2]
 12:66.27, 7:75 [2, -7, -2]
701:51.88, 1:10 [7, 28253, -7]
703:239.52, 7:10 [7, 19209, 29921, 18539, -7]
704:69.08, 2:10 [7, 25482, -7]
fe: 2, se: 3

Day: 1, Time: 165
Total Cost: 387.54
 11:136.01, 2:75 [1, -5, -1]
 12:153.31, 1:75 [1, -6, -1]
501:52.61, 2:10 [5, 32834, -5]
601:45.61, 1:10 [6, 29527, -6]
fe: 2, se: 2

Day: 1, Time: 165
Total Cost: 1143.32
 12:94.59, 29:75 [3, -9, -3]
 14:90.24, 11:75 [3, -10, -3]
 15:94.59, 25:75 [3, -9, -3]
901:123.81, 10:10 [9, 20334, 31412, 31635, -9]
902:176.58, 10:10 [9, 31196, 29123, 22873, 18792, -9]
903:93.93, 10:10 [9, 27438, 21730, 22603, -9]
904:122.09, 5:10 [9, 29233, 26551, 29579, -9]
905:79.91, 10:10 [9, 22137, 28523, 27398, -9]
906:95.11, 9:10 [9, 31369, 23357, 32353, -9]
1001:90.74, 3:10 [10, 29528, 19432, -10]
1003:81.71, 8:10 [10, 20793, 32915, 20952, 21986, -10]
fe: 3, se: 8

Day: 1, Time: 170
Total Cost: 173.71
 11:153.31, 2:75 [1, -6, -1]
601:20.40, 2:10 [6, 22652, -6]
fe: 1, se: 1

Day: 1, Time: 175
Total Cost: 353.18
 11:179.78, 3:75 [1, -5, -6, -1]
501:110.63, 1:10 [5, 19830, -5]
601:62.77, 2:10 [6, 27364, -6]
fe: 1, se: 2

Day: 1, Time: 175
Total Cost: 358.54
 11:90.24, 8:75 [3, -10, -3]
1001:96.52, 1:10 [10, 28390, -10]
1002:171.77, 7:10 [10, 20846, 28012, 33034, -10]
fe: 1, se: 2

Day: 1, Time: 180
Total Cost: 318.78
 11:66.27, 4:75 [2, -7, -2]
 12:66.27, 3:75 [2, -7, -2]
701:133.58, 4:10 [7, 25327, 33170, -7]
702:52.66, 3:10 [7, 30141, 20371, -7]
fe: 2, se: 2

Day: 1, Time: 180
Total Cost: 258.33
 11:94.59, 7:75 [3, -9, -3]
901:82.02, 3:10 [9, 30358, -9]
902:81.71, 4:10 [9, 27861, -9]
fe: 1, se: 2

Day: 1, Time: 185
Total Cost: 556.94
 11:120.02, 3:75 [4, -11, -4]
 12:64.00, 15:75 [4, -12, -4]
1101:27.20, 3:10 [11, 24732, -11]
1201:126.30, 7:10 [12, 21576, 24560, 20536, -12]
1203:219.43, 8:10 [12, 21580, 31133, 31015, 24785, 29572, -12]
fe: 2, se: 3

Day: 1, Time: 205
Total Cost: 455.82
 11:179.78, 16:75 [1, -5, -6, -1]
501:48.89, 6:10 [5, 20902, 25579, -5]
502:124.53, 1:10 [5, 28016, -5]
601:102.62, 9:10 [6, 23564, 18575, 30792, -6]
fe: 1, se: 3

Day: 1, Time: 250
Total Cost: 826.31
 11:94.59, 4:75 [3, -9, -3]
 13:90.24, 44:75 [3, -10, -3]
901:90.91, 4:10 [9, 31434, -9]
1001:103.86, 10:10 [10, 21898, 24176, 33413, -10]
1002:24.74, 4:10 [10, 18511, -10]
1003:141.38, 10:10 [10, 23275, 32796, 26247, 31620, -10]
1004:182.32, 10:10 [10, 19967, 31560, 26252, 26633, 20053, 29860, -10]
1005:98.26, 10:10 [10, 31542, 29639, 22885, -10]
fe: 2, se: 6

Day: 1, Time: 270
Total Cost: 1067.46
 11:64.00, 45:75 [4, -12, -4]
 12:120.02, 35:75 [4, -11, -4]
1101:20.26, 7:10 [11, 26085, 31106, -11]
1102:108.20, 8:10 [11, 28351, 20303, 32312, -11]
1103:113.05, 10:10 [11, 20711, 29871, 31452, 26614, 24565, -11]
1104:112.75, 10:10 [11, 30036, 30529, 32670, 21407, -11]
1201:163.25, 10:10 [12, 31202, 33489, 27658, -12]
1202:140.72, 10:10 [12, 26362, 29508, 27768, 26778, -12]
1203:24.04, 5:10 [12, 22500, 31742, -12]
1204:105.96, 10:10 [12, 27037, 19319, 29172, -12]
1205:95.21, 10:10 [12, 25813, 22201, 21337, 22399, -12]
fe: 2, se: 9

Day: 1, Time: 285
Total Cost: 906.70
 11:66.27, 47:75 [2, -7, -2]
 12:145.23, 24:75 [2, -8, -2]
701:109.71, 9:10 [7, 24143, 23164, 18048, -7]
702:146.37, 10:10 [7, 23051, 23495, 22438, 30949, 24287, 32253, -7]
703:34.09, 9:10 [7, 33395, 20329, 30566, -7]
704:127.94, 9:10 [7, 23688, 23382, 25234, 22778, 25964, -7]
705:80.50, 10:10 [7, 31304, 21697, 30963, 29155, 24856, -7]
801:8.94, 4:10 [8, 24383, -8]
802:99.51, 10:10 [8, 23831, 33496, 24574, 25044, -8]
803:88.12, 10:10 [8, 18535, 18784, 30432, -8]
fe: 2, se: 8

Day: 1, Time: 285
Total Cost: 508.05
 11:90.24, 26:75 [3, -10, -3]
1001:113.61, 8:10 [10, 18631, 33503, 32062, 20200, 23187, -10]
1002:136.97, 7:10 [10, 25565, 26974, 21720, -10]
1003:155.06, 7:10 [10, 33332, 27694, 20513, -10]
1004:12.17, 4:10 [10, 25121, -10]
fe: 1, se: 4

Day: 1, Time: 290
Total Cost: 757.28
 11:136.01, 19:75 [1, -5, -1]
 12:153.31, 14:75 [1, -6, -1]
501:159.18, 10:10 [5, 20017, 30485, 19703, -5]
503:123.01, 9:10 [5, 32068, 29296, 30591, -5]
601:109.09, 5:10 [6, 28894, 27536, 24133, -6]
602:76.67, 9:10 [6, 26534, 19302, 25061, 29581, 26127, -6]
fe: 2, se: 4

Day: 1, Time: 295
Total Cost: 321.37
 11:113.51, 13:75 [3, -9, -10, -3]
901:101.87, 9:10 [9, 33213, 24100, 33467, -9]
1001:105.99, 4:10 [10, 27270, 19781, -10]
fe: 1, se: 2

Day: 1, Time: 320
Total Cost: 830.70
 11:136.01, 19:75 [1, -5, -1]
 12:153.31, 17:75 [1, -6, -1]
501:153.13, 10:10 [5, 33288, 24617, 28993, -5]
503:100.39, 9:10 [5, 25083, 25630, 33302, 23388, -5]
601:125.90, 8:10 [6, 19459, 30199, 28732, -6]
602:161.95, 9:10 [6, 25707, 22168, 21152, -6]
fe: 2, se: 4

Day: 1, Time: 330
Total Cost: 597.74
 11:66.27, 45:75 [2, -7, -2]
701:86.63, 9:10 [7, 32579, 20826, 22091, -7]
702:159.56, 9:10 [7, 25700, 32339, 23719, -7]
703:130.78, 9:10 [7, 32262, 18274, 26001, 18134, -7]
705:40.55, 8:10 [7, 32808, 31163, 24147, -7]
706:113.95, 10:10 [7, 23992, 25123, 28197, 29011, -7]
fe: 1, se: 5

Day: 1, Time: 360
Total Cost: 1016.83
 11:136.01, 26:75 [1, 5, -5, -1]
 12:153.31, 7:75 [1, 6, -6, -1]
501:137.99, 9:10 [5, 629, 20720, 216, 217, -5]
502:124.70, 9:10 [5, 463, 29309, 27393, 29136, -5]
503:142.56, 10:10 [5, 20819, 20398, 18278, 565, -5]
504:81.88, 4:10 [5, 19946, 32492, -5]
601:141.68, 6:10 [6, 66, 540, 179, -6]
602:98.69, 7:10 [6, 19477, 26058, 32429, -6]
fe: 2, se: 6

Day: 1, Time: 370
Total Cost: 712.10
 11:90.24, 39:75 [3, 10, -10, -3]
1001:130.84, 9:10 [10, 21855, 18988, 2903, 30078, -10]
1002:157.95, 10:10 [10, 22394, 6865, 31693, 4311, 7087, -10]
1004:131.21, 10:10 [10, 29997, 31166, 22003, 27252, -10]
1005:157.40, 10:10 [10, 26103, 28365, 28579, 18622, -10]
1006:44.46, 6:10 [10, 25934, 23493, -10]
fe: 1, se: 5

Day: 1, Time: 375
Total Cost: 724.35
 11:66.27, 46:75 [2, 7, -7, -2]
701:16.49, 3:10 [7, 30002, -7]
702:104.44, 10:10 [7, 32009, 30681, 30137, -7]
703:134.74, 9:10 [7, 25468, 18650, 56, 13606, -7]
704:158.54, 9:10 [7, 5050, 14604, 21415, 32707, 29801, -7]
705:106.72, 10:10 [7, 20253, 29198, 23278, -7]
707:137.16, 9:10 [7, 32884, 18225, 29163, 30739, 20758, -7]
fe: 1, se: 6

Day: 1, Time: 380
Total Cost: 982.92
 11:120.02, 30:75 [4, 11, -11, -4]
 12:64.00, 47:75 [4, -12, -4]
1101:86.09, 9:10 [11, 5665, 23674, 28776, 19428, -11]
1102:101.02, 8:10 [11, 20293, 31411, 30224, -11]
1103:94.53, 10:10 [11, 25973, 21275, 11660, 26981, -11]
1104:39.70, 3:10 [11, 22376, -11]
1201:110.57, 9:10 [12, 30112, 25060, 24233, 21586, -12]
1202:81.31, 10:10 [12, 20681, 18542, 28800, -12]
1203:105.68, 10:10 [12, 19685, 27291, 20590, 27799, -12]
1204:147.39, 10:10 [12, 27157, 18760, 27489, 22063, 29595, -12]
1205:32.61, 8:10 [12, 28750, 28849, -12]
fe: 2, se: 9

Day: 1, Time: 395
Total Cost: 445.72
 11:125.25, 11:75 [4, -11, -12, -4]
1101:48.37, 2:10 [11, 24663, -11]
1201:178.35, 6:10 [12, 23675, 18185, 25456, -12]
1202:93.74, 3:10 [12, 28108, -12]
fe: 1, se: 3

Day: 1, Time: 400
Total Cost: 525.01
 11:66.27, 16:75 [2, -7, -2]
701:144.43, 4:10 [7, 30250, 25625, 18871, -7]
702:98.10, 8:10 [7, 28426, 27987, 28648, -7]
703:140.19, 1:10 [7, 28257, -7]
704:76.03, 3:10 [7, 20234, -7]
fe: 1, se: 4

Day: 1, Time: 405
Total Cost: 1916.06
 11:136.01, 67:75 [1, 5, -5, -1]
 12:153.31, 4:75 [1, -6, -1]
 13:153.31, 41:75 [1, 6, -6, -1]
501:50.48, 1:10 [5, 68, -5]
502:130.01, 10:10 [5, 250, 262, 435, 21, 538, -5]
503:83.19, 8:10 [5, 496, 252, 15601, 193, -5]
504:85.27, 10:10 [5, 129, 28996, 327, 281, 67, -5]
505:59.80, 8:10 [5, 578, 127, 529, 26504, -5]
506:56.11, 6:10 [5, 20721, 632, 34, 519, -5]
508:41.53, 9:10 [5, 608, 11292, 6422, 24825, -5]
509:88.17, 10:10 [5, 32357, 25584, 12839, 606, -5]
510:73.68, 9:10 [5, 297, 19873, 460, 396, -5]
601:60.16, 5:10 [6, 292, 530, -6]
602:165.34, 6:10 [6, 211, 511, 2147, 336, -6]
603:37.17, 1:10 [6, 649, 31408, -6]
604:115.68, 4:10 [6, 31767, 32682, -6]
605:78.71, 2:10 [6, 607, -6]
606:46.92, 6:10 [6, 12708, 11071, 345, -6]
608:63.10, 8:10 [6, 14989, 378, 438, 544, -6]
609:148.36, 5:10 [6, 23920, 6356, 342, -6]
613:89.75, 10:10 [6, 6285, 51, 18819, 116, 600, 334, -6]
fe: 3, se: 18

Day: 1, Time: 405
Total Cost: 1472.21
 11:66.27, 62:75 [2, 7, -7, -2]
 12:145.23, 53:75 [2, 8, -2]
701:130.23, 9:10 [7, 427, 542, 440, -7]
702:134.35, 9:10 [7, 2447, 23907, 17, 20887, 367, 59, -7]
703:108.27, 10:10 [7, 563, 195, 235, 443, 433, -7]
704:129.39, 10:10 [7, 172, 23950, 6032, 20537, 6194, -7]
705:65.23, 5:10 [7, 659, 385, 20905, -7]
706:123.22, 10:10 [7, 39, 612, 4312, 82, 23, -7]
708:93.03, 9:10 [7, 453, 14825, 199, 226, -7]
801:42.39, 9:10 [8, 392, 58, 631, -8]
802:39.85, 7:10 [8, 94, 654, 366, -8]
803:91.92, 10:10 [8, 12533, 242, 417, 648, -8]
804:101.74, 9:10 [8, 12438, 611, 5002, -8]
805:148.51, 9:10 [8, 359, 361, 469, -8]
806:52.57, 9:10 [8, 8618, 12695, 16232, 375, -8]
fe: 2, se: 13

Day: 1, Time: 405
Total Cost: 1655.06
 11:94.59, 68:75 [3, 9, -9, -3]
 12:90.24, 68:75 [3, 10, -10, -3]
901:37.22, 10:10 [9, 238, 633, 14, 6174, -9]
902:104.05, 10:10 [9, 287, 18712, 240, 472, -9]
903:129.40, 10:10 [9, 142, 13816, 254, 253, -9]
904:82.26, 10:10 [9, 559, 999, 304, -9]
905:129.02, 10:10 [9, 446, 407, 322, 509, -9]
907:94.88, 10:10 [9, 83, 313, 237, -9]
908:140.24, 10:10 [9, 331, 30666, 333, 38, 10370, -9]
1001:80.84, 9:10 [10, 386, 232, 271, 32127, 365, -10]
1002:142.26, 8:10 [10, 8300, 219, 149, 26, -10]
1003:74.63, 10:10 [10, 32108, 133, 374, 189, -10]
1004:94.30, 10:10 [10, 8324, 9643, 18, -10]
1006:90.11, 9:10 [10, 161, 19599, 12126, 14795, 401, -10]
1007:110.11, 10:10 [10, 411, 436, 597, 493, -10]
1008:129.15, 10:10 [10, 30, 33448, 263, 49, 546, -10]
1011:31.75, 7:10 [10, 255, 13044, 70, 21194, -10]
fe: 2, se: 15

Day: 1, Time: 405
Total Cost: 1700.83
 11:120.02, 63:75 [4, 11, -11, -4]
 12:64.00, 59:75 [4, 12, -4]
 14:64.00, 17:75 [4, 12, -12, -4]
1101:30.30, 7:10 [11, 57, 15155, -11]
1102:101.74, 9:10 [11, 356, 4997, 16067, 108, -11]
1103:104.51, 10:10 [11, 239, 645, 145, 571, 175, -11]
1104:100.29, 10:10 [11, 610, 541, 32976, 508, -11]
1105:60.98, 9:10 [11, 40, 6567, 445, -11]
1106:94.99, 8:10 [11, 570, 64, 653, -11]
1107:89.68, 10:10 [11, 4318, 462, 87, -11]
1201:170.59, 10:10 [12, 121, 7904, 397, 2684, 7319, -12]
1202:98.65, 10:10 [12, 257, 302, 622, 29112, -12]
1203:83.62, 9:10 [12, 12959, 471, 371, 539, -12]
1204:139.22, 10:10 [12, 429, 22, 166, 224, 13735, -12]
1205:68.24, 10:10 [12, 466, 153, 122, 497, -12]
1206:72.19, 7:10 [12, 454, 19437, 112, -12]
1207:97.66, 10:10 [12, 88, 602, 95, -12]
1208:140.13, 10:10 [12, 465, 13, 319, 90, -12]
fe: 3, se: 15

Day: 1, Time: 415
Total Cost: 345.97
 11:179.78, 8:75 [1, -5, -6, -1]
501:12.81, 2:10 [5, 24043, -5]
601:118.41, 4:10 [6, 22210, -6]
602:34.99, 2:10 [6, 27502, -6]
fe: 1, se: 3

Day: 1, Time: 415
Total Cost: 227.55
 11:90.24, 3:75 [3, -10, -3]
1001:46.69, 1:10 [10, 28857, -10]
1002:90.62, 2:10 [10, 31707, -10]
fe: 1, se: 2

Day: 1, Time: 420
Total Cost: 268.74
 11:66.27, 9:75 [2, -7, -2]
701:104.55, 4:10 [7, 21243, 32205, -7]
702:97.91, 5:10 [7, 25555, 30625, -7]
fe: 1, se: 2

Day: 1, Time: 420
Total Cost: 248.85
 11:64.00, 13:75 [4, -12, -4]
1201:107.05, 9:10 [12, 18775, 28994, 26190, -12]
1202:77.79, 4:10 [12, 28407, -12]
fe: 1, se: 2

Day: 1, Time: 435
Total Cost: 168.91
 11:94.59, 7:75 [3, -9, -3]
901:50.99, 4:10 [9, 22685, -9]
902:23.32, 3:10 [9, 25169, -9]
fe: 1, se: 2

Day: 1, Time: 450
Total Cost: 400.75
 11:136.01, 15:75 [1, 5, -1]
501:72.87, 8:10 [5, 362, 13776, -5]
502:94.19, 3:10 [5, 9963, -5]
503:97.67, 4:10 [5, 183, -5]
fe: 1, se: 3

Day: 1, Time: 450
Total Cost: 360.59
 11:66.27, 18:75 [2, 7, -2]
701:67.23, 3:10 [7, 403, -7]
702:50.56, 7:10 [7, 188, 390, -7]
703:72.03, 2:10 [7, 4326, -7]
704:104.50, 6:10 [7, 625, 311, -7]
fe: 1, se: 4

Day: 1, Time: 450
Total Cost: 375.14
 12:90.24, 27:75 [3, 10, -3]
1001:101.74, 10:10 [10, 203, 315, 7550, -10]
1002:117.34, 9:10 [10, 474, 647, 11777, -10]
1004:65.82, 8:10 [10, 7491, 180, -10]
fe: 1, se: 3

Day: 1, Time: 450
Total Cost: 425.27
 11:64.00, 19:75 [4, 12, -4]
1201:70.71, 2:10 [12, 221, -12]
1202:53.85, 4:10 [12, 14448, -12]
1203:77.53, 6:10 [12, 15652, 533, -12]
1204:159.18, 7:10 [12, 4263, 432, -12]
fe: 1, se: 4

Day: 1, Time: 460
Total Cost: 335.62
 11:136.01, 5:75 [1, 5, -1]
501:106.83, 2:10 [5, 532, -5]
502:92.78, 3:10 [5, 501, -5]
fe: 1, se: 2

Day: 1, Time: 460
Total Cost: 239.70
 11:66.27, 6:75 [2, 7, -2]
701:43.27, 1:10 [7, 162, -7]
702:130.16, 5:10 [7, 2250, 512, -7]
fe: 1, se: 2

Day: 1, Time: 460
Total Cost: 183.48
 11:90.24, 1:75 [3, 10, -3]
1001:93.23, 1:10 [10, 55, -10]
fe: 1, se: 1

Day: 1, Time: 460
Total Cost: 200.85
 11:64.00, 2:75 [4, 12, -4]
1202:136.85, 2:10 [12, 358, 79, -12]
fe: 1, se: 1

Day: 1, Time: 495
Total Cost: 164.04
 11:136.01, 6:75 [1, 5, -1]
501:28.03, 6:10 [5, 10112, 10256, -5]
fe: 1, se: 1

Day: 1, Time: 495
Total Cost: 863.16
 11:66.27, 18:75 [2, 7, -2]
 12:145.23, 6:75 [2, 8, -2]
701:85.98, 3:10 [7, 555, 406, -7]
702:112.45, 2:10 [7, 100, -7]
703:72.72, 4:10 [7, 105, -7]
704:92.00, 3:10 [7, 46, 547, -7]
705:91.76, 3:10 [7, 4955, -7]
706:85.91, 1:10 [7, 434, -7]
707:78.23, 2:10 [7, 507, -7]
801:16.49, 2:10 [8, 5415, -8]
802:16.12, 4:10 [8, 222, -8]
fe: 2, se: 9

Day: 1, Time: 495
Total Cost: 309.99
 11:94.59, 7:75 [3, 9, -3]
901:69.52, 3:10 [9, 134, 89, -9]
902:66.03, 2:10 [9, 249, -9]
903:79.85, 2:10 [9, 3767, -9]
fe: 1, se: 3

Day: 1, Time: 495
Total Cost: 579.53
 11:64.00, 25:75 [4, 12, -4]
1201:102.86, 4:10 [12, 515, -12]
1202:68.88, 4:10 [12, 636, -12]
1203:67.08, 4:10 [12, 11341, -12]
1204:75.82, 5:10 [12, 6175, 92, -12]
1205:97.02, 3:10 [12, 15733, -12]
1207:103.88, 5:10 [12, 3770, 437, -12]
fe: 1, se: 6

Day: 1, Time: 525
Total Cost: 164.08
 11:66.27, 8:75 [2, 7, -2]
701:45.65, 4:10 [7, 15171, -7]
702:52.15, 4:10 [7, 352, -7]
fe: 1, se: 2

Day: 1, Time: 525
Total Cost: 103.45
 11:64.00, 4:75 [4, 12, -4]
1201:39.45, 4:10 [12, 619, -12]
fe: 1, se: 1


Day	Area	ID	Time	Load	Utilization	NoOrders	AssignmentCost
1	1	 7	270	 19	0.21	 9	265.00
1	1	27	315	 90	1.00	34	975.00
1	1	 9	360	 38	0.42	12	455.00
1	1	48	405	 10	0.11	 5	175.00
1	1	30	450	 48	0.44	14	444.00
1	1	32	540	 32	0.30	12	316.00
1	1	53	630	 90	1.00	32	975.00
1	1	15	630	 90	1.00	27	975.00
1	1	17	720	 46	0.64	17	642.00
1	1	57	810	 72	1.00	37	954.00
1	1	38	810	 72	1.00	40	954.00
1	1	19	810	 72	1.00	35	954.00
1	2	277	300	  7	0.04	 3	290.00
1	2	84	315	 87	0.97	39	945.00
1	2	103	315	 88	0.98	31	955.00
1	2	70	540	 90	0.83	33	780.00
1	2	91	630	 67	0.74	20	745.00
1	2	72	630	 87	0.97	27	945.00
1	2	110	630	 80	0.89	28	875.00
1	2	95	810	 72	1.00	35	954.00
1	2	114	810	 72	1.00	24	954.00
1	2	76	810	 72	1.00	48	954.00
1	3	286	300	  7	0.04	 3	290.00
1	3	141	315	 89	0.99	36	965.00
1	3	160	315	 54	0.60	22	615.00
1	3	287	400	  9	0.05	 6	330.00
1	3	143	405	 32	0.36	12	395.00
1	3	125	450	 51	0.47	14	468.00
1	3	146	540	 54	0.50	17	492.00
1	3	128	585	 73	0.81	23	805.00
1	3	167	630	 81	0.90	28	885.00
1	3	148	630	 79	0.88	24	865.00
1	3	152	810	 72	1.00	34	954.00
1	3	171	810	 72	1.00	36	954.00
1	3	133	810	 72	1.00	42	954.00
1	4	313	300	  6	0.03	 3	270.00
1	4	198	315	 90	1.00	41	975.00
1	4	180	360	 41	0.46	12	485.00
1	4	314	400	  5	0.03	 2	250.00
1	4	181	405	 28	0.31	10	355.00
1	4	222	540	 67	0.62	20	596.00
1	4	204	585	 90	1.00	28	975.00
1	4	224	630	 90	1.00	24	975.00
1	4	186	630	 54	0.60	25	615.00
1	4	228	810	 72	1.00	36	954.00
1	4	209	810	 72	1.00	36	954.00
1	4	190	810	 72	1.00	33	954.00


Day	Area	Time	Pickup	Delivery	Direct	FEVehicles	SEVehicles	ALNSTime	ALNSBestTime	RoutingCostArea
1	1	0	161	215	0	11	74	802.87	617.45	9403.28
1	1	15	1	0	0	1	1	0.22	0.00	285.51
1	1	55	14	0	0	3	7	1.19	0.00	1037.99
1	1	60	1	0	1	1	1	0.20	0.00	759.38
1	1	85	8	0	1	2	3	0.90	0.00	1131.61
1	1	100	3	0	0	1	2	0.34	0.00	230.01
1	1	105	1	0	0	1	1	0.20	0.00	181.36
1	1	125	7	0	0	2	3	0.82	0.00	680.31
1	1	145	7	0	0	2	3	0.76	0.00	539.99
1	1	160	2	0	0	2	2	0.30	0.00	423.96
1	1	165	2	0	1	2	2	0.40	0.00	887.54
1	1	170	1	0	1	1	1	0.25	0.00	673.71
1	1	175	2	0	0	1	2	0.38	0.00	353.18
1	1	205	6	0	0	1	3	0.76	0.00	455.82
1	1	290	14	0	0	2	4	1.47	0.00	757.28
1	1	320	13	0	0	2	4	1.06	0.00	830.70
1	1	360	12	8	0	2	6	2.00	0.07	1016.83
1	1	405	12	50	0	3	18	14.41	5.67	1916.06
1	1	415	3	0	0	1	3	0.52	0.00	345.97
1	1	450	0	4	0	1	3	0.52	0.00	400.75
1	1	460	0	2	0	1	2	0.45	0.00	335.62
1	1	495	0	2	0	1	1	0.26	0.00	164.04
1	2	0	170	219	0	12	76	833.07	468.41	8187.78
1	2	60	13	0	0	2	5	1.03	0.00	622.09
1	2	95	8	0	0	2	3	0.56	0.00	523.57
1	2	135	7	0	0	2	4	0.79	0.00	565.23
1	2	160	5	0	0	2	3	0.57	0.00	493.03
1	2	180	4	0	0	2	2	0.58	0.00	318.78
1	2	285	30	0	0	2	8	3.36	1.95	906.70
1	2	330	17	0	0	1	5	2.45	0.90	597.74
1	2	375	17	4	0	1	6	2.88	0.42	724.35
1	2	400	8	0	0	1	4	1.06	0.12	525.01
1	2	405	5	46	0	2	13	14.86	9.72	1472.21
1	2	420	4	0	0	1	2	0.52	0.00	268.74
1	2	450	0	6	0	1	4	0.48	0.00	360.59
1	2	460	0	3	0	1	2	0.27	0.00	239.70
1	2	495	0	11	0	2	9	0.91	0.00	863.16
1	2	525	0	2	0	1	2	0.30	0.00	164.08
1	3	0	163	207	0	9	79	636.52	432.20	8043.06
1	3	50	22	0	0	4	7	2.71	0.00	1180.51
1	3	55	2	0	0	1	1	0.26	0.00	206.29
1	3	60	2	0	0	1	1	0.26	0.00	211.46
1	3	90	14	0	0	2	5	1.22	0.02	735.29
1	3	165	25	0	1	3	8	2.32	0.08	1643.32
1	3	175	4	0	1	1	2	0.61	0.00	858.54
1	3	180	2	0	0	1	2	0.34	0.00	258.33
1	3	250	18	0	0	2	6	3.07	1.22	826.31
1	3	285	12	0	0	1	4	1.20	0.00	508.05
1	3	295	5	0	0	1	2	0.74	0.00	321.37
1	3	370	15	4	0	1	5	4.10	1.16	712.10
1	3	405	7	54	0	2	15	16.40	12.33	1655.06
1	3	415	2	0	0	1	2	0.38	0.00	227.55
1	3	435	2	0	0	1	2	0.35	0.00	168.91
1	3	450	0	8	0	1	3	1.03	0.00	375.14
1	3	460	0	1	0	1	1	0.25	0.00	183.48
1	3	495	0	4	0	1	3	0.47	0.00	309.99
1	3	525	0	0	1	0	0	0.00	0.00	500.00
1	4	0	158	179	0	12	60	987.11	536.68	6838.62
1	4	60	16	0	0	3	4	1.63	0.00	773.53
1	4	75	3	0	0	2	2	0.40	0.00	357.08
1	4	110	7	0	0	2	4	0.57	0.00	524.73
1	4	115	2	0	0	1	2	0.31	0.00	206.99
1	4	120	3	0	0	2	2	0.49	0.00	355.87
1	4	130	2	0	0	2	2	0.31	0.00	360.42
1	4	185	9	0	0	2	3	1.04	0.00	556.94
1	4	270	30	0	0	2	9	7.68	4.57	1067.46
1	4	380	28	2	0	2	9	5.29	1.35	982.92
1	4	395	5	0	0	1	3	0.68	0.00	445.72
1	4	405	3	53	0	3	15	15.79	12.02	1700.83
1	4	420	4	0	0	1	2	0.55	0.00	248.85
1	4	450	0	6	0	1	4	0.60	0.00	425.27
1	4	460	0	2	0	1	1	0.32	0.00	200.85
1	4	495	0	8	0	1	6	0.71	0.00	579.53
1	4	525	0	1	2	1	1	0.69	0.00	1103.45

Day	SL	Own	DispatchTimes	AssignmentCost	RoutingCost	TotalCost
1	42	5	38	33811.00	75297.47	109108.47

Total Cost: 109108.47365453416
Cost per Day: 109108.47365453416
Running time in Seconds: 5317.547
Running time in minutes: 88.62578333333333