INSTANCE: 2hubs_MSD_A_34_x.csv
PARAMETER: sp_msd_loose_20_120_2hubs.txt
POLICY: Stochastic Programming
ALPHA: 0.0713371858167109
BETA: 33
OMEGA: 586
EPSILON: 1.01802066220244

Day: 1, Time: 15
Total Cost: 3755.49
 11:136.01, 64:75 [1, 3, -3, -1]
 12:136.01, 17:75 [1, -3, -1]
 14:153.31, 45:75 [1, 4, -4, -1]
 15:153.31, 60:75 [1, -4, -1]
 16:136.01, 22:75 [1, -3, -1]
301:122.68, 6:10 [3, 3221, 3277, -3]
302:91.15, 10:10 [3, 3260, 3264, 3293, -3]
303:106.25, 10:10 [3, 3183, 3172, 3174, 3177, -3]
304:118.21, 9:10 [3, 3300, 3251, 3206, -3]
305:91.41, 9:10 [3, 3161, 3133, 3145, -3]
306:147.58, 7:10 [3, 3298, 3313, -3]
307:111.16, 7:10 [3, 3306, 3231, 3148, -3]
308:105.43, 10:10 [3, 3286, 3294, 3215, 3274, 3212, -3]
309:84.40, 5:10 [3, 3287, 3153, 3270, -3]
310:128.02, 1:10 [3, 3266, -3]
311:70.18, 10:10 [3, 3233, 3299, 3296, 3202, -3]
312:112.91, 9:10 [3, 3268, 3234, 3275, -3]
313:123.25, 6:10 [3, 3209, 3213, -3]
314:97.46, 8:10 [3, 3214, 3288, 3272, 3211, -3]
315:62.60, 10:10 [3, 3304, 3230, 3261, 3278, -3]
317:149.21, 8:10 [3, 3208, 3258, -3]
401:44.10, 8:10 [4, 3144, 3131, -4]
402:58.26, 8:10 [4, 3135, 3152, -4]
403:153.17, 10:10 [4, 3315, 3291, 3226, -4]
404:63.18, 10:10 [4, 3311, 3207, 3309, 3305, -4]
405:182.78, 10:10 [4, 3195, 3129, 3280, 3179, 3140, -4]
406:158.09, 8:10 [4, 3216, 3217, 3256, -4]
407:66.02, 7:10 [4, 3295, 3238, -4]
409:157.56, 9:10 [4, 3302, 3312, 3851, 3227, -4]
410:143.93, 9:10 [4, 3308, 3201, 3246, -4]
411:155.89, 10:10 [4, 3162, 3170, 3127, -4]
412:76.25, 9:10 [4, 3146, 3143, 3147, -4]
413:59.69, 7:10 [4, 3250, 3285, -4]
fe: 5, se: 28

Day: 1, Time: 20
Total Cost: 3070.03
 11:66.27, 52:75 [2, 5, -5, -2]
 12:66.27, 50:75 [2, 5, -5, -2]
 13:66.27, 10:75 [2, -5, -2]
 15:145.23, 21:75 [2, 6, -6, -2]
 17:66.27, 13:75 [2, -5, -2]
 29:145.23, 29:75 [2, 6, -6, -2]
501:67.68, 9:10 [5, 3192, 3190, 3189, -5]
502:100.37, 8:10 [5, 3141, 3220, 3223, 3224, -5]
503:2.00, 3:10 [5, 3151, -5]
504:57.64, 8:10 [5, 3156, 3160, -5]
505:102.52, 10:10 [5, 3240, 3157, 3244, 3301, 3283, 3198, -5]
506:125.28, 10:10 [5, 3137, 3166, 3158, 3155, 3182, 3149, -5]
507:102.36, 10:10 [5, 3289, 3255, 3243, 3307, 3225, -5]
508:149.37, 3:10 [5, 3218, -5]
509:131.38, 10:10 [5, 3203, 3279, 3199, 3273, -5]
510:121.48, 10:10 [5, 3235, 3247, 3282, 3262, -5]
511:67.01, 10:10 [5, 3267, 3253, 3254, 3259, -5]
512:145.34, 10:10 [5, 3168, 3169, 3163, 3167, 3176, 3159, -5]
513:39.54, 8:10 [5, 3249, 3245, 3222, -5]
514:50.37, 10:10 [5, 3180, 3194, 3186, -5]
515:130.63, 9:10 [5, 3200, 3252, 3242, 3290, -5]
516:117.44, 10:10 [5, 3185, 3184, 3164, 3193, 3171, -5]
517:71.64, 10:10 [5, 3204, 3248, 3276, -5]
518:108.33, 10:10 [5, 3228, 3303, 3210, 3232, 3197, 3239, -5]
519:110.44, 10:10 [5, 3265, 3281, 3142, 3297, -5]
520:96.24, 10:10 [5, 3269, 3271, 3241, 3205, 3132, 3229, -5]
601:157.90, 10:10 [6, 3191, 3187, 3139, 3136, -6]
602:76.02, 9:10 [6, 3154, 3236, 3310, 3292, -6]
603:75.16, 10:10 [6, 4710, 3150, 3188, -6]
604:11.31, 3:10 [6, 3165, -6]
605:79.50, 9:10 [6, 3284, 3257, 3314, 3130, 3219, -6]
606:100.65, 9:10 [6, 3178, 3181, 3263, 3196, 3173, -6]
607:12.81, 1:10 [6, 3237, -6]
609:104.05, 10:10 [6, 3175, 3138, 3128, 3134, -6]
fe: 6, se: 28

Day: 1, Time: 50
Total Cost: 632.33
 11:136.01, 9:75 [1, -3, -1]
 12:153.31, 6:75 [1, -4, -1]
301:133.46, 3:10 [3, 5718, -3]
302:141.52, 6:10 [3, 5832, 5299, -3]
401:68.03, 6:10 [4, 5077, 4477, 3556, -4]
fe: 2, se: 3

Day: 1, Time: 70
Total Cost: 247.15
 11:136.01, 3:75 [1, -3, -1]
301:111.14, 3:10 [3, 5873, -3]
fe: 1, se: 1

Day: 1, Time: 70
Total Cost: 590.79
 11:66.27, 6:75 [2, -5, -2]
 12:66.27, 6:75 [2, -5, -2]
 13:145.23, 1:75 [2, -6, -2]
501:109.90, 6:10 [5, 4820, 3623, 5091, -5]
502:140.83, 6:10 [5, 5758, 3777, -5]
601:62.29, 1:10 [6, 4668, -6]
fe: 3, se: 3

Day: 1, Time: 110
Total Cost: 367.71
 11:66.27, 5:75 [2, -5, -2]
 12:145.23, 2:75 [2, -6, -2]
501:34.18, 4:10 [5, 5574, -5]
502:59.23, 1:10 [5, 5255, -5]
601:62.80, 2:10 [6, 4656, -6]
fe: 2, se: 3

Day: 1, Time: 120
Total Cost: 237.14
 11:136.01, 7:75 [1, -3, -1]
301:38.83, 4:10 [3, 4767, -3]
302:62.29, 3:10 [3, 4152, -3]
fe: 1, se: 2

Day: 1, Time: 120
Total Cost: 242.42
 11:66.27, 4:75 [2, -5, -2]
501:98.33, 1:10 [5, 5432, -5]
502:77.82, 3:10 [5, 4834, -5]
fe: 1, se: 2

Day: 1, Time: 130
Total Cost: 164.10
 11:145.23, 1:75 [2, -6, -2]
601:18.87, 1:10 [6, 5871, -6]
fe: 1, se: 1

Day: 1, Time: 135
Total Cost: 195.20
 11:136.01, 7:75 [1, -3, -1]
301:59.19, 7:10 [3, 5071, 4056, -3]
fe: 1, se: 1

Day: 1, Time: 160
Total Cost: 221.38
 11:136.01, 6:75 [1, -3, -1]
301:85.36, 6:10 [3, 3352, 6114, -3]
fe: 1, se: 1

Day: 1, Time: 160
Total Cost: 132.85
 11:66.27, 2:75 [2, -5, -2]
501:66.57, 2:10 [5, 4812, -5]
fe: 1, se: 1

Day: 1, Time: 170
Total Cost: 248.18
 11:136.01, 2:75 [1, -3, -1]
301:112.16, 2:10 [3, 4733, -3]
fe: 1, se: 1

Day: 1, Time: 170
Total Cost: 246.45
 11:66.27, 1:75 [2, -5, -2]
 12:66.27, 4:75 [2, -5, -2]
501:62.80, 1:10 [5, 5294, -5]
502:51.11, 4:10 [5, 4915, -5]
fe: 2, se: 2

Day: 1, Time: 315
Total Cost: 629.00
 11:66.27, 28:75 [2, -5, -2]
 12:66.27, 11:75 [2, -5, -2]
501:134.95, 10:10 [5, 5733, 3898, 3409, 5101, -5]
502:146.45, 8:10 [5, 5594, 4856, 4900, 5088, -5]
503:33.29, 7:10 [5, 5651, 5359, -5]
504:62.67, 10:10 [5, 5016, 6038, 4658, -5]
505:119.10, 4:10 [5, 6277, -5]
fe: 2, se: 5

Day: 1, Time: 335
Total Cost: 662.94
 11:179.78, 28:75 [1, -3, -4, -1]
301:118.14, 10:10 [3, 3888, 3947, 5191, 6201, -3]
302:149.42, 5:10 [3, 3562, 5087, -3]
401:75.02, 4:10 [4, 5046, 4567, 5384, -4]
402:140.59, 9:10 [4, 4479, 4433, 3842, 5778, -4]
fe: 1, se: 4

Day: 1, Time: 360
Total Cost: 1464.61
 11:136.01, 36:75 [1, 3, -3, -1]
 12:153.31, 61:75 [1, 4, -4, -1]
301:46.35, 8:10 [3, 33, 2065, 30, -3]
303:130.50, 10:10 [3, 35, 62, 587, 433, 50, -3]
304:85.90, 10:10 [3, 8, 13, 63, 79, 111, -3]
305:136.54, 9:10 [3, 5959, 72, 252, 38, 113, 34, 53, -3]
401:114.86, 9:10 [4, 77, 100, 81, 15, 10, -4]
402:95.69, 10:10 [4, 99, 65, 69, 57, -4]
403:146.07, 10:10 [4, 52, 1725, 2384, -4]
404:159.58, 10:10 [4, 49, 107, 28, 1901, 51, -4]
405:140.48, 10:10 [4, 7, 86, 92, 1630, -4]
406:52.11, 5:10 [4, 1478, 20, 55, 54, -4]
407:67.20, 8:10 [4, 39, 5994, 64, 14, 9, -4]
fe: 2, se: 11

Day: 1, Time: 390
Total Cost: 746.50
 11:66.27, 36:75 [2, 5, -5, -2]
501:148.89, 9:10 [5, 19, 2364, 2678, -5]
503:118.78, 10:10 [5, 1887, 2052, 4747, 71, -5]
504:151.57, 7:10 [5, 40, 114, 1287, 76, -5]
505:128.63, 10:10 [5, 655, 23, 366, 88, -5]
506:132.35, 6:10 [5, 4185, 4802, -5]
fe: 1, se: 5

Day: 1, Time: 405
Total Cost: 1229.21
 11:136.01, 16:75 [1, 3, -3, -1]
 12:153.31, 59:75 [1, 4, -4, -1]
301:54.67, 4:10 [3, 29, 4402, -3]
302:62.61, 5:10 [3, 89, 2104, -3]
305:144.34, 9:10 [3, 58, 1644, 124, -3]
401:54.54, 7:10 [4, 93, 91, -4]
402:103.14, 8:10 [4, 75, 47, 2568, -4]
403:61.19, 8:10 [4, 32, 4457, 46, 120, -4]
404:54.04, 4:10 [4, 42, -4]
405:120.11, 10:10 [4, 83, 67, 102, -4]
406:54.55, 9:10 [4, 3907, 59, 1622, -4]
407:154.78, 9:10 [4, 94, 2242, 1520, 117, -4]
409:75.93, 7:10 [4, 45, 2681, 1466, -4]
fe: 2, se: 11

Day: 1, Time: 405
Total Cost: 1387.66
 11:66.27, 47:75 [2, 5, -5, -2]
 12:145.23, 43:75 [2, 6, -2]
501:107.62, 7:10 [5, 4364, 3620, 43, -5]
502:73.34, 7:10 [5, 80, 41, 5124, 16, -5]
503:151.26, 10:10 [5, 866, 2683, 97, -5]
504:115.33, 10:10 [5, 661, 115, 12, 116, 37, -5]
505:147.11, 10:10 [5, 27, 110, 36, 87, -5]
507:144.61, 9:10 [5, 74, 44, 962, 24, -5]
601:61.97, 10:10 [6, 121, 48, 101, 60, -6]
602:74.24, 2:10 [6, 26, -6]
603:66.01, 5:10 [6, 118, 84, 82, -6]
604:74.90, 8:10 [6, 95, 85, -6]
605:67.44, 10:10 [6, 105, 25, 106, 96, -6]
608:92.31, 8:10 [6, 17, 104, 122, 98, -6]
fe: 2, se: 12

Day: 1, Time: 435
Total Cost: 354.93
 11:179.78, 5:75 [1, -3, -4, -1]
301:52.50, 1:10 [3, 3783, -3]
401:122.65, 4:10 [4, 4035, -4]
fe: 1, se: 2

Day: 1, Time: 450
Total Cost: 1090.57
 11:66.27, 70:75 [2, 5, -5, -2]
501:149.36, 10:10 [5, 61, 1881, 21, -5]
502:92.24, 8:10 [5, 1577, 162, -5]
503:50.67, 4:10 [5, 125, 3805, -5]
504:55.96, 7:10 [5, 31, 2109, -5]
505:50.36, 4:10 [5, 78, -5]
506:50.99, 3:10 [5, 2642, -5]
507:150.45, 10:10 [5, 22, 119, 2528, -5]
508:151.70, 8:10 [5, 56, 103, -5]
509:103.07, 5:10 [5, 6068, 70, -5]
510:51.92, 3:10 [5, 123, -5]
513:117.57, 9:10 [5, 2924, 112, 18, -5]
fe: 1, se: 11

Day: 1, Time: 495
Total Cost: 290.26
 11:66.27, 18:75 [2, 5, -2]
502:69.64, 8:10 [5, 66, 109, -5]
503:96.11, 6:10 [5, 68, 1543, -5]
504:58.24, 4:10 [5, 108, -5]
fe: 1, se: 3


Day	Area	ID	Time	Load	Utilization	NoOrders	AssignmentCost
1	1	 7	270	 36	0.40	14	435.00
1	1	 8	315	 90	1.00	38	975.00
1	1	 9	360	 70	0.78	20	775.00
1	1	10	405	 18	0.20	 5	255.00
1	1	19	810	 48	0.67	22	666.00
1	2	26	270	 90	1.00	46	975.00
1	2	51	300	  7	0.04	 2	290.00
1	2	27	315	 75	0.83	27	825.00
1	2	38	810	 61	0.85	23	822.00


Day	Area	Time	Pickup	Delivery	Direct	FEVehicles	SEVehicles	ALNSTime	ALNSBestTime	RoutingCostArea
1	1	15	61	23	0	5	28	33.70	0.18	3755.49
1	1	50	6	0	0	2	3	0.66	0.00	632.33
1	1	70	1	0	0	1	1	0.19	0.00	247.15
1	1	75	0	0	1	0	0	0.00	0.00	500.00
1	1	120	2	0	1	1	2	0.31	0.00	737.14
1	1	135	2	0	0	1	1	0.28	0.00	195.20
1	1	160	2	0	0	1	1	0.29	0.00	221.38
1	1	170	1	0	0	1	1	0.18	0.00	248.18
1	1	175	0	0	2	0	0	0.00	0.00	1000.00
1	1	335	13	0	0	1	4	1.15	0.00	662.94
1	1	360	2	48	0	2	11	8.88	3.71	1464.61
1	1	405	3	27	0	2	11	2.33	0.00	1229.21
1	1	435	2	0	0	1	2	0.28	0.00	354.93
1	2	20	60	47	0	6	28	54.43	26.42	3070.03
1	2	70	6	0	0	3	3	0.54	0.00	590.79
1	2	110	3	0	0	2	3	0.41	0.00	367.71
1	2	120	2	0	0	1	2	0.28	0.00	242.42
1	2	130	1	0	0	1	1	0.23	0.00	164.10
1	2	160	1	0	0	1	1	0.18	0.00	132.85
1	2	170	2	0	0	2	2	0.28	0.00	246.45
1	2	175	0	0	1	0	0	0.00	0.00	500.00
1	2	315	14	0	0	2	5	1.08	0.00	629.00
1	2	390	3	14	0	1	5	1.26	0.00	746.50
1	2	405	3	38	0	2	12	8.23	4.58	1387.66
1	2	450	2	20	0	1	11	1.58	0.00	1090.57
1	2	495	0	5	0	1	3	0.33	0.00	290.26

Day	SL	Own	DispatchTimes	AssignmentCost	RoutingCost	TotalCost
1	8	1	26	6018.00	20706.90	26724.90

Total Cost: 26724.897527552832
Cost per Day: 26724.897527552832
Running time in Seconds: 529.605
Running time in minutes: 8.82675