INSTANCE: 3hubs_A_47_x.csv
PARAMETER: sp_balance_standard_20_120_3hubs.txt
POLICY: Stochastic Programming
ALPHA: 0.174776391313598
BETA: 69
OMEGA: 586
EPSILON: 1.16584841641329

Day: 1, Time: 0
Total Cost: 6306.56
 11:136.01, 44:75 [1, 4, -4, -1]
 12:136.01, 63:75 [1, 4, -4, -1]
 13:136.01, 66:75 [1, -4, -1]
 14:136.01, 32:75 [1, 4, -4, -1]
 15:136.01, 6:75 [1, -4, -1]
 16:136.01, 19:75 [1, 4, -4, -1]
 17:153.31, 60:75 [1, 5, -5, -1]
 18:153.31, 40:75 [1, 5, -5, -1]
 19:153.31, 31:75 [1, 5, -5, -1]
 23:136.01, 10:75 [1, 4, -4, -1]
401:160.31, 3:10 [4, 8710, -4]
402:65.54, 6:10 [4, 8540, 8684, -4]
403:84.91, 10:10 [4, 8493, 8660, 8545, -4]
404:90.41, 9:10 [4, 8434, 8688, 8520, 8876, 8592, -4]
406:83.12, 9:10 [4, 8844, 8818, 8732, -4]
407:127.49, 9:10 [4, 8870, 8766, 8556, 8715, 8441, 8867, -4]
408:121.94, 10:10 [4, 8714, 8832, 8916, 8994, -4]
409:141.27, 10:10 [4, 8438, 8535, 8623, 8641, -4]
410:180.42, 3:10 [4, 8886, 8772, -4]
411:139.34, 8:10 [4, 8484, 8471, 8559, -4]
413:99.86, 10:10 [4, 8814, 8724, 8965, 8859, 8778, 8858, -4]
414:111.69, 10:10 [4, 8470, 8567, 8671, 8440, 8628, 8709, -4]
416:130.79, 9:10 [4, 8962, 9031, 8738, -4]
418:73.10, 8:10 [4, 8745, 8781, 8933, 9021, -4]
419:154.17, 10:10 [4, 8576, 8482, 8757, 8632, 8740, 8554, -4]
422:74.25, 10:10 [4, 8785, 8855, 8950, 8982, 8883, -4]
423:149.86, 10:10 [4, 8669, 8968, 8473, 8587, -4]
425:95.73, 10:10 [4, 8707, 8820, 8838, 8539, 8849, -4]
426:115.01, 9:10 [4, 8863, 8890, 8943, 8894, 9025, -4]
427:42.36, 5:10 [4, 8422, 8458, 8430, -4]
428:145.04, 10:10 [4, 8565, 8992, 8782, 8668, -4]
429:140.16, 10:10 [4, 8589, 8972, 8995, 8841, 8885, 8775, -4]
430:51.64, 10:10 [4, 8505, 8682, 8530, -4]
431:160.41, 10:10 [4, 8575, 8701, 8905, 8993, 8677, 9004, 8499, -4]
432:208.70, 10:10 [4, 8635, 8424, 8624, 8807, 8513, 8692, -4]
433:71.55, 4:10 [4, 8717, -4]
434:95.93, 9:10 [4, 8557, 8552, 8562, -4]
435:124.34, 10:10 [4, 9023, 8852, 8816, 8824, -4]
436:117.82, 10:10 [4, 8854, 8673, 9030, 8795, 8731, -4]
501:50.67, 9:10 [5, 8584, 8619, 8508, 8694, 8654, -5]
502:80.93, 10:10 [5, 8596, 8747, 8702, 8822, 8920, 8528, -5]
503:61.04, 10:10 [5, 8585, 8541, 8674, 8658, 8754, -5]
504:107.44, 10:10 [5, 8826, 8936, 8996, 8449, -5]
505:156.77, 10:10 [5, 8504, 9020, 8839, 8601, 8476, 8997, -5]
506:81.72, 10:10 [5, 9024, 8653, 8983, 8689, 8477, -5]
507:87.94, 6:10 [5, 9011, 8954, 8969, 8743, -5]
508:86.15, 9:10 [5, 9006, 8794, 9032, 8948, -5]
509:74.64, 7:10 [5, 8723, 8597, 8910, 8502, 8744, -5]
510:31.87, 5:10 [5, 8651, 8598, -5]
511:42.05, 1:10 [5, 8786, -5]
513:22.78, 9:10 [5, 8718, 8897, 8742, -5]
514:161.09, 10:10 [5, 8446, 8501, 8462, 8664, 8495, 8756, 9002, 8831, 8529, -5]
515:61.37, 9:10 [5, 8447, 9007, 8427, 8432, -5]
516:124.98, 9:10 [5, 8548, 8527, 8857, 8485, 8522, 8463, -5]
519:136.00, 8:10 [5, 8553, 8555, 8893, 8801, 8720, -5]
520:169.91, 10:10 [5, 8974, 8748, 8939, 8588, 8780, -5]
fe: 10, se: 46

Day: 1, Time: 5
Total Cost: 6906.61
 11:66.27, 75:75 [2, 6, -6, -2]
 12:66.27, 60:75 [2, 6, -6, -2]
 13:66.27, 30:75 [2, 6, -6, -2]
 14:66.27, 36:75 [2, 6, -6, -2]
 15:66.27, 1:75 [2, -6, -2]
 16:66.27, 3:75 [2, -6, -2]
 17:66.27, 13:75 [2, 6, -6, -2]
 18:145.23, 42:75 [2, 7, -7, -2]
 19:66.27, 10:75 [2, -6, -2]
 21:145.23, 66:75 [2, 7, -7, -2]
 22:66.27, 2:75 [2, -6, -2]
 24:66.27, 10:75 [2, -6, -2]
 25:66.27, 10:75 [2, -6, -2]
 27:66.27, 10:75 [2, 6, -6, -2]
 28:66.27, 9:75 [2, 6, -6, -2]
 30:151.76, 12:75 [2, -7, 6, -2]
 32:66.27, 10:75 [2, -6, -2]
 37:66.27, 12:75 [2, -6, -2]
601:109.69, 7:10 [6, 8706, 8904, -6]
602:127.12, 3:10 [6, 8828, -6]
603:131.21, 3:10 [6, 8942, -6]
604:132.38, 1:10 [6, 8833, -6]
605:89.63, 10:10 [6, 8874, 8873, 8928, -6]
606:192.78, 10:10 [6, 8650, 8442, 8498, 8763, 8636, 9027, 8961, -6]
607:98.10, 10:10 [6, 9008, 8771, 8837, 8815, -6]
608:121.49, 2:10 [6, 8789, -6]
609:178.10, 10:10 [6, 8787, 8496, 8733, 8639, 8728, 8574, -6]
610:74.78, 10:10 [6, 8977, 8875, 8827, 8922, -6]
611:82.12, 10:10 [6, 8534, 8853, 9029, 8586, -6]
612:103.35, 10:10 [6, 8612, 8580, 8617, 8558, 8796, -6]
613:102.70, 10:10 [6, 8843, 8929, 8755, 8868, -6]
614:158.13, 10:10 [6, 8467, 8437, 8518, 8679, 8970, -6]
615:99.50, 10:10 [6, 8719, 9009, 8802, 8579, 8813, -6]
616:137.42, 10:10 [6, 8521, 8672, 8466, 8594, 8609, -6]
617:72.73, 8:10 [6, 8930, 8749, 8713, 8979, -6]
619:146.70, 2:10 [6, 8805, -6]
620:123.00, 10:10 [6, 8652, 8420, 8625, 8489, 8615, 8769, -6]
621:57.57, 10:10 [6, 8616, 8788, 9014, 8906, -6]
622:75.57, 10:10 [6, 8721, 8531, 8934, 8698, 8656, 8941, -6]
623:180.18, 10:10 [6, 8783, 8798, 8896, 8536, 8931, 8850, -6]
624:90.93, 10:10 [6, 8773, 8606, 8790, 8951, 8444, 8973, -6]
625:83.48, 10:10 [6, 8618, 8945, 8741, 8751, -6]
626:168.01, 10:10 [6, 8691, 8900, 8985, 8433, 8779, -6]
627:67.24, 10:10 [6, 8610, 8608, 8523, -6]
628:81.72, 9:10 [6, 8918, 8525, 9010, 8800, 8915, 8561, 9013, 8869, -6]
629:89.16, 10:10 [6, 8846, 8512, 8478, 8902, 8938, -6]
631:151.06, 9:10 [6, 8643, 8661, 10447, 8987, 8634, -6]
632:175.38, 10:10 [6, 9033, 8712, 8811, 9028, 8506, -6]
633:16.12, 2:10 [6, 8487, -6]
634:115.43, 9:10 [6, 8999, 8917, 8450, -6]
635:83.06, 9:10 [6, 8469, 8646, 8543, 8577, -6]
636:153.52, 9:10 [6, 8542, 8659, 8638, -6]
637:144.04, 10:10 [6, 8770, 8457, 8670, 8727, 8600, 8676, -6]
638:122.51, 9:10 [6, 8637, 8946, 8507, 8475, 9034, 8435, 8764, -6]
639:81.86, 6:10 [6, 8570, 8455, 8919, 8517, -6]
641:129.00, 10:10 [6, 8891, 8806, 8812, -6]
642:104.60, 10:10 [6, 9012, 9016, 8892, -6]
701:69.06, 10:10 [7, 8958, 8821, 8760, 8602, 8729, 8963, 8767, -7]
702:32.51, 7:10 [7, 8524, 8630, -7]
703:58.14, 3:10 [7, 8971, -7]
704:94.55, 10:10 [7, 8967, 8935, 8746, 8774, -7]
705:38.14, 7:10 [7, 8750, 8956, 8949, 8711, -7]
706:78.00, 9:10 [7, 9022, 8901, 8736, 8871, -7]
707:50.16, 3:10 [7, 8817, -7]
708:49.70, 10:10 [7, 8964, 8856, 8881, -7]
709:117.57, 10:10 [7, 8445, 8483, 8550, 8488, 8662, -7]
710:33.69, 5:10 [7, 8590, 8645, -7]
711:108.05, 10:10 [7, 8468, 8761, 9019, 8940, 8998, -7]
712:47.59, 10:10 [7, 8666, 8681, 8431, 8683, -7]
714:112.14, 10:10 [7, 8481, 8560, 8443, 8516, -7]
715:59.06, 10:10 [7, 8649, 8642, 8686, -7]
717:70.59, 10:10 [7, 8888, 8835, 8725, -7]
fe: 18, se: 54

Day: 1, Time: 5
Total Cost: 5778.89
 11:90.24, 71:75 [3, 9, -9, -3]
 12:94.59, 74:75 [3, 8, -8, -3]
 13:94.59, 1:75 [3, -8, -3]
 14:94.59, 16:75 [3, 8, -8, -3]
 15:113.51, 40:75 [3, -8, 9, -3]
 16:90.24, 51:75 [3, 9, -9, -3]
 17:90.24, 17:75 [3, 9, -9, -3]
 18:94.59, 4:75 [3, -8, -3]
 19:94.59, 4:75 [3, -8, -3]
 21:90.24, 26:75 [3, 9, -9, -3]
 22:94.59, 73:75 [3, 8, -8, -3]
801:117.81, 10:10 [8, 8622, 8633, 8693, 8758, 8907, 8898, 8700, -8]
802:71.22, 10:10 [8, 9005, 8829, 8877, 8882, -8]
803:95.03, 10:10 [8, 8428, 8511, 8573, 8739, 8667, 8737, 8989, 8460, -8]
804:29.96, 7:10 [8, 8465, 8571, -8]
805:84.94, 9:10 [8, 8860, 9000, 8492, 8887, 8848, 8791, -8]
806:90.02, 4:10 [8, 8861, -8]
807:110.92, 10:10 [8, 8490, 8604, 8678, 8472, 8865, -8]
808:74.21, 9:10 [8, 8546, 8563, 8564, -8]
809:160.77, 10:10 [8, 8607, 8722, 8464, 8620, -8]
810:156.70, 10:10 [8, 8880, 8611, 8921, 8913, 8593, 8834, 8803, 8515, 8899, 8960, -8]
811:108.21, 10:10 [8, 8976, 8704, 8932, 8734, -8]
812:152.82, 9:10 [8, 8680, 8926, 8436, 8819, 8551, 8544, 8503, -8]
813:91.53, 10:10 [8, 8663, 8753, 9015, 8903, -8]
814:94.02, 1:10 [8, 8864, -8]
815:70.60, 10:10 [8, 8810, 8480, 8629, -8]
816:103.68, 9:10 [8, 8735, 8836, 8908, 9001, 8953, -8]
817:24.69, 6:10 [8, 8895, 8823, -8]
818:139.31, 9:10 [8, 8866, 8479, 8429, 8547, 8912, -8]
819:133.77, 10:10 [8, 8581, 8583, 8665, 8582, 8500, -8]
820:118.07, 4:10 [8, 8986, -8]
821:126.75, 10:10 [8, 8439, 8825, 8762, 8784, 8456, 8988, -8]
822:105.00, 4:10 [8, 8759, -8]
823:82.62, 9:10 [8, 8793, 8425, 8752, 8591, -8]
824:90.93, 10:10 [8, 8595, 8911, 8840, 8944, 8491, -8]
825:95.76, 7:10 [8, 8776, 8526, 8657, 8809, -8]
901:126.36, 8:10 [9, 8486, 8626, 8923, 8716, 8685, 8448, -9]
903:76.08, 10:10 [9, 8705, 8640, 8621, -9]
904:134.71, 9:10 [9, 8452, 8847, 8966, 8984, 8830, 8845, -9]
905:79.02, 10:10 [9, 8568, 8461, 8599, 8453, -9]
906:48.95, 10:10 [9, 8533, 8509, 8459, 8690, -9]
907:127.73, 10:10 [9, 8614, 9026, 8862, 8578, 8569, 8909, -9]
908:33.71, 10:10 [9, 8879, 8603, 8474, -9]
909:76.84, 8:10 [9, 8937, 8730, 8768, 8696, 8978, -9]
910:118.65, 9:10 [9, 8925, 8613, 8426, 8451, -9]
911:81.84, 10:10 [9, 8537, 8687, 8695, 8510, -9]
912:95.85, 10:10 [9, 8423, 9018, 8947, 8927, 8842, -9]
913:138.08, 10:10 [9, 8454, 8952, 8981, 8726, 8889, 8872, -9]
914:48.26, 5:10 [9, 8799, 8519, 8991, -9]
915:118.15, 8:10 [9, 8538, 8647, 8566, -9]
916:78.87, 10:10 [9, 8878, 8955, 8884, -9]
917:94.75, 10:10 [9, 8494, 8497, 8572, 8644, -9]
918:108.94, 10:10 [9, 8708, 8990, 8804, 8851, -9]
919:109.32, 10:10 [9, 8959, 8797, 8975, 8648, 8924, -9]
921:98.85, 10:10 [9, 8914, 9017, 8703, 8675, -9]
923:82.93, 7:10 [9, 8421, 8777, 8808, -9]
928:79.52, 10:10 [9, 8514, 8605, 8627, 8699, 8655, -9]
932:132.57, 10:10 [9, 8549, 8980, 9003, 8631, 8697, -9]
936:117.53, 10:10 [9, 8765, 8792, 8957, 8532, -9]
fe: 11, se: 48

Day: 1, Time: 25
Total Cost: 783.57
 11:136.01, 10:75 [1, -4, -1]
 12:153.31, 8:75 [1, -5, -1]
 13:153.31, 5:75 [1, -5, -1]
401:66.51, 10:10 [4, 13639, 10633, 14510, -4]
501:82.65, 6:10 [5, 11994, 12786, -5]
502:85.91, 2:10 [5, 16696, -5]
503:105.87, 5:10 [5, 14528, 12886, -5]
fe: 3, se: 4

Day: 1, Time: 35
Total Cost: 497.44
 11:66.27, 11:75 [2, -6, -2]
 12:145.23, 6:75 [2, -7, -2]
601:130.95, 8:10 [6, 10892, 9850, -6]
602:39.70, 3:10 [6, 12647, -6]
701:62.03, 3:10 [7, 16626, -7]
702:53.25, 3:10 [7, 11584, -7]
fe: 2, se: 4

Day: 1, Time: 45
Total Cost: 684.09
 11:153.31, 1:75 [1, -5, -1]
 12:153.31, 8:75 [1, -5, -1]
 13:136.01, 2:75 [1, -4, -1]
401:101.21, 2:10 [4, 15445, -4]
501:91.91, 8:10 [5, 15598, 12985, -5]
502:48.33, 1:10 [5, 16444, -5]
fe: 3, se: 3

Day: 1, Time: 50
Total Cost: 417.10
 11:90.24, 3:75 [3, -9, -3]
 12:90.24, 8:75 [3, -9, -3]
901:87.47, 5:10 [9, 11595, 11488, -9]
902:40.00, 3:10 [9, 10348, -9]
903:109.14, 3:10 [9, 15282, 11804, -9]
fe: 2, se: 3

Day: 1, Time: 55
Total Cost: 291.85
 11:136.01, 7:75 [1, -4, -1]
401:155.83, 7:10 [4, 16949, 15031, -4]
fe: 1, se: 1

Day: 1, Time: 55
Total Cost: 153.40
 11:66.27, 2:75 [2, -6, -2]
601:87.13, 2:10 [6, 9630, -6]
fe: 1, se: 1

Day: 1, Time: 60
Total Cost: 319.88
 11:66.27, 7:75 [2, -6, -2]
601:110.22, 6:10 [6, 10212, 11958, -6]
602:143.39, 1:10 [6, 13228, -6]
fe: 1, se: 2

Day: 1, Time: 60
Total Cost: 230.19
 11:90.24, 5:75 [3, -9, -3]
901:86.28, 4:10 [9, 13989, -9]
902:53.67, 1:10 [9, 13797, -9]
fe: 1, se: 2

Day: 1, Time: 70
Total Cost: 436.94
 11:136.01, 5:75 [1, -4, -1]
 12:136.01, 3:75 [1, -4, -1]
401:156.43, 5:10 [4, 11676, 15375, -4]
402:8.49, 3:10 [4, 10630, -4]
fe: 2, se: 2

Day: 1, Time: 75
Total Cost: 495.53
 11:66.27, 6:75 [2, -6, -2]
 12:66.27, 6:75 [2, -6, -2]
601:54.59, 2:10 [6, 11557, -6]
602:37.58, 4:10 [6, 12559, -6]
603:113.28, 4:10 [6, 14165, -6]
604:157.54, 2:10 [6, 10300, -6]
fe: 2, se: 4

Day: 1, Time: 80
Total Cost: 385.17
 11:66.27, 4:75 [2, -6, -2]
 12:145.23, 2:75 [2, -7, -2]
601:140.87, 4:10 [6, 15982, -6]
701:32.80, 2:10 [7, 10981, -7]
fe: 2, se: 2

Day: 1, Time: 80
Total Cost: 544.04
 11:90.24, 2:75 [3, -9, -3]
 12:94.59, 10:75 [3, -8, -3]
801:96.68, 5:10 [8, 11200, 10987, -8]
802:87.48, 1:10 [8, 14960, -8]
803:71.81, 4:10 [8, 15858, -8]
901:103.25, 2:10 [9, 12560, -9]
fe: 2, se: 4

Day: 1, Time: 90
Total Cost: 294.08
 11:66.27, 3:75 [2, -6, -2]
 12:66.27, 2:75 [2, -6, -2]
601:106.62, 3:10 [6, 16026, -6]
602:54.92, 2:10 [6, 11927, -6]
fe: 2, se: 2

Day: 1, Time: 95
Total Cost: 286.59
 11:153.31, 2:75 [1, -5, -1]
501:133.28, 2:10 [5, 12604, -5]
fe: 1, se: 1

Day: 1, Time: 95
Total Cost: 542.92
 11:90.24, 9:75 [3, -9, -3]
 13:94.59, 3:75 [3, -8, -3]
801:83.99, 3:10 [8, 10606, 12694, -8]
901:98.08, 3:10 [9, 12007, -9]
902:85.32, 4:10 [9, 10297, 13804, -9]
903:90.69, 2:10 [9, 11371, -9]
fe: 2, se: 4

Day: 1, Time: 110
Total Cost: 435.83
 11:136.01, 2:75 [1, -4, -1]
 12:153.31, 1:75 [1, -5, -1]
401:110.45, 2:10 [4, 11565, -4]
501:36.06, 1:10 [5, 11674, -5]
fe: 2, se: 2

Day: 1, Time: 135
Total Cost: 530.66
 11:66.27, 5:75 [2, -6, -2]
 12:66.27, 10:75 [2, -6, -2]
601:44.72, 2:10 [6, 16124, -6]
602:263.57, 10:10 [6, 10963, 11904, 11430, -6]
603:89.82, 3:10 [6, 14323, -6]
fe: 2, se: 3

Day: 1, Time: 140
Total Cost: 152.30
 11:66.27, 1:75 [2, -6, -2]
601:86.02, 1:10 [6, 9931, -6]
fe: 1, se: 1

Day: 1, Time: 140
Total Cost: 375.40
 11:94.59, 2:75 [3, -8, -3]
 12:90.24, 3:75 [3, -9, -3]
801:122.15, 2:10 [8, 13909, -8]
901:68.41, 3:10 [9, 10478, -9]
fe: 2, se: 2

Day: 1, Time: 145
Total Cost: 1097.29
 11:136.01, 20:75 [1, -4, -1]
 12:136.01, 3:75 [1, -4, -1]
 13:136.01, 7:75 [1, -4, -1]
 14:153.31, 1:75 [1, -5, -1]
401:153.13, 10:10 [4, 13067, 11185, 14183, -4]
402:63.81, 3:10 [4, 9269, -4]
403:127.15, 7:10 [4, 16531, 13955, -4]
404:163.84, 10:10 [4, 16662, 15482, 11492, -4]
501:28.00, 1:10 [5, 13417, -5]
fe: 4, se: 5

Day: 1, Time: 150
Total Cost: 289.09
 11:136.01, 6:75 [1, -4, -1]
401:52.00, 3:10 [4, 14044, -4]
402:101.07, 3:10 [4, 16136, -4]
fe: 1, se: 2

Day: 1, Time: 150
Total Cost: 384.66
 11:66.27, 2:75 [2, -6, -2]
 12:66.27, 4:75 [2, -6, -2]
 13:66.27, 1:75 [2, -6, -2]
601:106.77, 2:10 [6, 11197, 15298, -6]
602:68.88, 4:10 [6, 14995, -6]
603:10.20, 1:10 [6, 11323, -6]
fe: 3, se: 3

Day: 1, Time: 155
Total Cost: 238.41
 11:66.27, 6:75 [2, -6, -2]
601:58.00, 2:10 [6, 16365, -6]
602:114.14, 4:10 [6, 11270, -6]
fe: 1, se: 2

Day: 1, Time: 165
Total Cost: 242.09
 11:136.01, 1:75 [1, -4, -1]
401:106.08, 1:10 [4, 14605, -4]
fe: 1, se: 1

Day: 1, Time: 165
Total Cost: 248.43
 11:66.27, 2:75 [2, -6, -2]
 12:66.27, 2:75 [2, -6, -2]
601:64.90, 2:10 [6, 10789, -6]
602:50.99, 2:10 [6, 10714, -6]
fe: 2, se: 2

Day: 1, Time: 170
Total Cost: 381.77
 11:94.59, 2:75 [3, -8, -3]
 12:113.51, 10:75 [3, -8, -9, -3]
801:32.00, 2:10 [8, 11688, -8]
802:62.01, 9:10 [8, 10244, 14829, 16460, -8]
901:79.65, 1:10 [9, 15483, -9]
fe: 2, se: 3

Day: 1, Time: 175
Total Cost: 171.42
 11:153.31, 1:75 [1, -5, -1]
501:18.11, 1:10 [5, 13013, -5]
fe: 1, se: 1

Day: 1, Time: 180
Total Cost: 101.88
 11:66.27, 1:75 [2, -6, -2]
601:35.61, 1:10 [6, 12345, -6]
fe: 1, se: 1

Day: 1, Time: 180
Total Cost: 175.85
 11:90.24, 2:75 [3, -9, -3]
901:85.60, 2:10 [9, 10354, -9]
fe: 1, se: 1

Day: 1, Time: 275
Total Cost: 605.63
 11:66.27, 35:75 [2, -6, -2]
601:200.34, 9:10 [6, 12703, 14146, 11177, 9617, 10833, -6]
602:161.24, 9:10 [6, 9828, 14035, 11768, 16114, 9400, -6]
603:70.90, 7:10 [6, 9344, 11528, 9652, -6]
604:106.89, 10:10 [6, 10425, 15014, 17047, -6]
fe: 1, se: 4

Day: 1, Time: 280
Total Cost: 774.42
 11:136.01, 20:75 [1, -4, -1]
 12:153.31, 18:75 [1, -5, -1]
401:142.58, 10:10 [4, 14387, 14193, 16936, 11471, -4]
403:105.92, 10:10 [4, 15250, 13817, 13509, 16981, -4]
501:90.92, 9:10 [5, 12911, 16737, 12302, 9926, -5]
502:145.67, 9:10 [5, 14243, 9649, 13588, -5]
fe: 2, se: 4

Day: 1, Time: 285
Total Cost: 696.61
 12:94.59, 43:75 [3, -8, -3]
801:91.89, 10:10 [8, 16596, 14039, 10407, -8]
802:136.48, 8:10 [8, 13652, 11618, -8]
803:117.24, 7:10 [8, 10609, 14867, -8]
804:124.00, 10:10 [8, 9910, 15750, 16800, -8]
805:132.40, 8:10 [8, 12851, 13387, 16252, 10756, -8]
fe: 1, se: 5

Day: 1, Time: 295
Total Cost: 412.81
 11:179.78, 12:75 [1, -4, -5, -1]
401:138.79, 8:10 [4, 10121, 14736, -4]
501:94.25, 4:10 [5, 11032, 12157, -5]
fe: 1, se: 2

Day: 1, Time: 315
Total Cost: 1136.90
 12:153.31, 66:75 [1, 5, -5, -1]
501:159.65, 10:10 [5, 138, 320, 214, 283, -5]
502:93.54, 9:10 [5, 2798, 99, 183, -5]
503:222.01, 10:10 [5, 174, 14687, 69, 14216, 228, 143, -5]
504:109.77, 10:10 [5, 179, 265, 14310, 202, 12211, -5]
505:89.12, 10:10 [5, 281, 98, 323, 1658, -5]
506:171.62, 10:10 [5, 287, 185, 188, 137, -5]
508:137.89, 10:10 [5, 239, 238, 115, 81, -5]
fe: 1, se: 7

Day: 1, Time: 320
Total Cost: 546.48
 11:66.27, 29:75 [2, 6, -6, -2]
601:43.87, 6:10 [6, 15174, 5820, -6]
602:142.18, 8:10 [6, 87, 3304, 10039, 9826, 12365, -6]
603:165.46, 8:10 [6, 171, 16099, 296, 13166, -6]
605:128.70, 10:10 [6, 6256, 14809, 16293, 2905, 194, 118, 9304, 10806, -6]
fe: 1, se: 4

Day: 1, Time: 355
Total Cost: 1065.99
 11:94.59, 45:75 [3, 8, -8, -3]
 12:90.24, 27:75 [3, 9, -9, -3]
801:112.75, 10:10 [8, 322, 6184, 16, 10715, 16134, 11970, -8]
802:115.31, 10:10 [8, 125, 61, 184, 9336, 12741, -8]
803:140.77, 10:10 [8, 15026, 178, 11235, 16634, 7936, -8]
804:108.67, 10:10 [8, 216, 8006, 110, 10025, 225, 9680, 14469, -8]
805:73.88, 8:10 [8, 940, 127, 51, 10974, -8]
901:12.65, 4:10 [9, 232, -9]
902:94.52, 10:10 [9, 318, 261, 15648, 9600, 10785, 252, -9]
903:106.06, 9:10 [9, 147, 1943, 9625, 11613, 13998, 2894, -9]
904:116.55, 9:10 [9, 4096, 100, 83, 9827, 11159, 15227, -9]
fe: 2, se: 9

Day: 1, Time: 360
Total Cost: 1067.08
 11:136.01, 25:75 [1, 4, -4, -1]
 12:153.31, 24:75 [1, 5, -5, -1]
401:64.31, 7:10 [4, 182, 797, 6356, -4]
402:113.10, 10:10 [4, 2921, 109, 123, 78, -4]
403:153.11, 8:10 [4, 2202, 14633, 14101, 2633, 328, 2867, -4]
501:56.63, 5:10 [5, 10316, 247, -5]
502:105.01, 10:10 [5, 11410, 161, 224, 13255, 29, 16966, 140, 5107, -5]
503:172.67, 8:10 [5, 2998, 10631, 3869, -5]
504:112.92, 8:10 [5, 319, 15907, 112, 11361, -5]
fe: 2, se: 7

Day: 1, Time: 375
Total Cost: 655.44
 12:90.24, 27:75 [3, 9, -9, -3]
901:156.29, 3:10 [9, 11788, 148, 2984, 10635, -9]
902:148.84, 8:10 [9, 24, 3237, 17, 169, 3341, 154, 165, -9]
903:139.36, 10:10 [9, 196, 124, 1160, 253, 14959, 3957, -9]
904:120.71, 7:10 [9, 162, 88, 91, 34, 292, -9]
fe: 1, se: 4

Day: 1, Time: 380
Total Cost: 720.55
 11:66.27, 33:75 [2, 6, -6, -2]
601:115.43, 5:10 [6, 9815, 193, 16164, 13489, 204, -6]
602:163.82, 10:10 [6, 107, 40, 14989, 15626, 157, 199, 200, -6]
604:164.60, 6:10 [6, 16774, 11076, -6]
605:100.04, 10:10 [6, 14646, 16277, 13493, 243, -6]
606:110.40, 9:10 [6, 14382, 12668, 275, 13625, 11138, -6]
fe: 1, se: 5

Day: 1, Time: 390
Total Cost: 362.03
 11:179.78, 2:75 [1, -4, -5, -1]
401:46.69, 1:10 [4, 13115, -4]
501:135.56, 1:10 [5, 13076, -5]
fe: 1, se: 2

Day: 1, Time: 395
Total Cost: 449.31
 11:66.27, 9:75 [2, -6, -2]
601:133.41, 3:10 [6, 10353, 9402, 15276, -6]
602:154.78, 2:10 [6, 13153, 13674, -6]
603:94.85, 4:10 [6, 9951, -6]
fe: 1, se: 3

Day: 1, Time: 405
Total Cost: 2088.43
 11:136.01, 75:75 [1, 4, -4, -1]
 12:136.01, 32:75 [1, 4, -1]
 13:153.31, 39:75 [1, 5, -1]
401:123.57, 10:10 [4, 285, 35, 23, 218, -4]
402:98.14, 4:10 [4, 245, 1241, -4]
403:39.37, 9:10 [4, 266, 6305, 217, -4]
404:64.73, 7:10 [4, 102, 145, -4]
405:86.92, 10:10 [4, 338, 14574, 212, 269, 4538, -4]
406:187.15, 7:10 [4, 291, 70, 5114, 158, -4]
407:70.21, 10:10 [4, 208, 146, 18, 21, -4]
408:73.51, 10:10 [4, 72, 7434, 339, 237, -4]
409:67.21, 8:10 [4, 187, 2510, -4]
410:77.71, 8:10 [4, 210, 6270, 44, 45, -4]
411:83.86, 8:10 [4, 273, 14116, 201, -4]
412:73.54, 10:10 [4, 31, 240, 13, -4]
414:86.31, 6:10 [4, 300, 114, -4]
501:156.60, 10:10 [5, 2297, 2681, 192, 7292, -5]
502:42.94, 2:10 [5, 3268, -5]
503:45.73, 6:10 [5, 1788, 139, 71, -5]
504:88.28, 5:10 [5, 131, 211, 60, -5]
506:93.40, 7:10 [5, 94, 3317, 286, -5]
507:103.91, 9:10 [5, 56, 156, 308, -5]
fe: 3, se: 19

Day: 1, Time: 405
Total Cost: 1623.58
 11:66.27, 75:75 [2, 6, -6, -2]
 12:66.27, 17:75 [2, 6, -2]
 13:145.23, 45:75 [2, 7, -2]
601:149.91, 10:10 [6, 205, 128, 13843, 104, 4727, -6]
602:75.07, 8:10 [6, 331, 155, 316, 311, -6]
603:100.67, 10:10 [6, 95, 28, 55, -6]
604:97.25, 9:10 [6, 68, 267, 262, -6]
605:100.92, 10:10 [6, 135, 306, 197, 10, 142, -6]
606:101.40, 10:10 [6, 264, 4295, 7168, 279, -6]
607:88.73, 9:10 [6, 36, 15851, 101, 341, 1607, -6]
608:114.81, 10:10 [6, 263, 327, 6755, 272, -6]
614:24.81, 7:10 [6, 257, 310, 12, -6]
616:97.19, 9:10 [6, 132, 230, 63, 340, -6]
701:111.73, 10:10 [7, 5299, 301, 75, -7]
702:79.81, 9:10 [7, 133, 6976, 226, -7]
703:66.87, 10:10 [7, 315, 342, 242, -7]
704:77.09, 8:10 [7, 207, 159, -7]
705:59.54, 8:10 [7, 53, 213, 294, -7]
fe: 3, se: 15

Day: 1, Time: 405
Total Cost: 1421.89
 11:94.59, 51:75 [3, 8, -8, -3]
 12:90.24, 53:75 [3, 9, -9, -3]
801:85.93, 7:10 [8, 130, 198, -8]
802:132.31, 10:10 [8, 246, 14978, 6908, 164, -8]
803:83.19, 9:10 [8, 163, 173, 9476, 579, -8]
804:105.38, 8:10 [8, 289, 277, 5633, 116, -8]
805:132.78, 10:10 [8, 16646, 13620, 105, 244, 46, -8]
807:88.90, 10:10 [8, 321, 1940, 134, 258, -8]
901:93.04, 10:10 [9, 5475, 259, 2291, 20, -9]
902:112.73, 8:10 [9, 9576, 126, 250, 9199, 22, -9]
903:128.23, 8:10 [9, 77, 42, 2024, 96, -9]
904:77.98, 10:10 [9, 59, 260, 274, -9]
906:74.43, 9:10 [9, 121, 82, 12385, 295, 343, -9]
907:122.15, 10:10 [9, 41, 17058, 57, 3655, 84, -9]
fe: 2, se: 12

Day: 1, Time: 415
Total Cost: 354.49
 11:179.78, 3:75 [1, -4, -5, -1]
401:98.06, 1:10 [4, 9377, -4]
501:76.66, 2:10 [5, 12129, -5]
fe: 1, se: 2

Day: 1, Time: 420
Total Cost: 323.45
 11:179.78, 4:75 [1, -4, -5, -1]
401:86.09, 2:10 [4, 11975, -4]
501:57.58, 2:10 [5, 13185, -5]
fe: 1, se: 2

Day: 1, Time: 420
Total Cost: 432.75
 11:66.27, 18:75 [2, -6, -2]
601:101.39, 4:10 [6, 15899, -6]
602:65.23, 5:10 [6, 12268, 14069, -6]
603:122.26, 5:10 [6, 14985, 9639, -6]
604:77.60, 4:10 [6, 13715, 12988, -6]
fe: 1, se: 4

Day: 1, Time: 420
Total Cost: 267.81
 11:113.51, 12:75 [3, -8, -9, -3]
801:73.35, 5:10 [8, 13052, 9144, -8]
901:80.95, 7:10 [9, 14241, 13272, -9]
fe: 1, se: 2

Day: 1, Time: 450
Total Cost: 279.85
 12:153.31, 4:75 [1, 5, -1]
501:83.74, 2:10 [5, 231, -5]
502:42.80, 2:10 [5, 176, -5]
fe: 1, se: 2

Day: 1, Time: 450
Total Cost: 282.34
 11:66.27, 15:75 [2, 6, -2]
602:70.56, 6:10 [6, 223, 1664, 190, 6685, -6]
603:145.51, 9:10 [6, 6341, 113, 144, 7446, -6]
fe: 1, se: 2

Day: 1, Time: 450
Total Cost: 407.74
 11:94.59, 25:75 [3, 8, -3]
801:88.17, 9:10 [8, 2986, 2580, 108, -8]
802:99.08, 9:10 [8, 8259, 206, 7675, -8]
803:125.90, 7:10 [8, 93, 5354, 3914, -8]
fe: 1, se: 3

Day: 1, Time: 460
Total Cost: 380.88
 11:66.27, 11:75 [2, 6, -2]
601:34.93, 3:10 [6, 25, -6]
602:165.65, 4:10 [6, 203, 282, -6]
603:114.03, 4:10 [6, 249, 58, 303, -6]
fe: 1, se: 3

Day: 1, Time: 460
Total Cost: 420.90
 12:113.51, 17:75 [3, 9, 8, -3]
801:32.25, 1:10 [8, 33, -8]
901:114.43, 6:10 [9, 11, 76, 27, -9]
902:55.04, 5:10 [9, 220, 180, -9]
903:105.67, 5:10 [9, 149, 330, -9]
fe: 1, se: 4

Day: 1, Time: 495
Total Cost: 212.59
 11:136.01, 6:75 [1, 4, -1]
401:38.63, 2:10 [4, 80, -4]
402:37.95, 4:10 [4, 309, -4]
fe: 1, se: 2

Day: 1, Time: 495
Total Cost: 445.26
 11:66.27, 15:75 [2, 6, -2]
601:90.76, 7:10 [6, 5265, 215, -6]
602:110.00, 3:10 [6, 284, -6]
603:107.20, 2:10 [6, 6592, -6]
604:71.02, 3:10 [6, 151, -6]
fe: 1, se: 4

Day: 1, Time: 495
Total Cost: 354.32
 11:94.59, 2:75 [3, 8, -3]
 12:90.24, 6:75 [3, 9, -3]
801:79.12, 2:10 [8, 227, -8]
901:25.06, 2:10 [9, 305, -9]
902:65.30, 4:10 [9, 177, -9]
fe: 2, se: 3

Day: 1, Time: 525
Total Cost: 72.60
 11:66.27, 2:75 [2, 6, -2]
601:6.32, 2:10 [6, 302, -6]
fe: 1, se: 1


Day	Area	ID	Time	Load	Utilization	NoOrders	AssignmentCost
1	1	25	225	 23	0.31	 7	305.00
1	1	127	300	 24	0.16	21	630.00
1	1	 8	315	 75	1.00	29	825.00
1	1	27	315	 41	0.55	15	485.00
1	1	 9	360	 20	0.27	 7	275.00
1	1	128	400	 28	0.19	14	710.00
1	1	29	405	 19	0.25	 6	265.00
1	1	30	450	  2	0.02	 1	76.00
1	1	15	630	 69	0.92	23	765.00
1	1	37	765	 26	0.43	 9	402.00
1	1	38	810	 60	1.00	29	810.00
1	1	19	810	 60	1.00	23	810.00
1	2	63	225	 38	0.51	13	455.00
1	2	44	225	 68	0.91	28	755.00
1	2	45	270	 39	0.52	14	465.00
1	2	65	315	 50	0.67	25	575.00
1	2	46	315	 72	0.96	25	795.00
1	2	47	360	 12	0.16	 5	195.00
1	2	48	405	  8	0.11	 3	155.00
1	2	72	630	 65	0.87	20	725.00
1	2	75	765	 44	0.73	12	618.00
1	2	76	810	 60	1.00	39	810.00
1	2	57	810	 60	1.00	27	810.00
1	3	101	225	 38	0.51	12	455.00
1	3	163	300	 17	0.11	14	490.00
1	3	84	315	 74	0.99	33	815.00
1	3	103	315	 75	1.00	23	825.00
1	3	85	360	 12	0.16	 7	195.00
1	3	86	405	  2	0.03	 1	95.00
1	3	91	630	 74	0.99	24	815.00
1	3	94	765	 35	0.58	 9	510.00
1	3	114	810	 60	1.00	36	810.00
1	3	95	810	 60	1.00	26	810.00


Day	Area	Time	Pickup	Delivery	Direct	FEVehicles	SEVehicles	ALNSTime	ALNSBestTime	RoutingCostArea
1	1	0	107	91	0	10	46	151.00	51.56	6306.56
1	1	25	8	0	0	3	4	0.95	0.00	783.57
1	1	45	4	0	0	3	3	0.60	0.00	684.09
1	1	55	2	0	0	1	1	0.36	0.00	291.85
1	1	70	3	0	0	2	2	0.72	0.00	436.94
1	1	95	1	0	0	1	1	0.25	0.00	286.59
1	1	110	2	0	0	2	2	0.54	0.00	435.83
1	1	145	10	0	1	4	5	1.16	0.00	1597.29
1	1	150	2	0	0	1	2	0.36	0.00	289.09
1	1	165	1	0	1	1	1	0.26	0.00	742.09
1	1	175	1	0	1	1	1	0.27	0.00	671.42
1	1	280	15	0	0	2	4	1.56	0.00	774.42
1	1	295	4	0	0	1	2	0.65	0.00	412.81
1	1	315	4	26	0	1	7	5.50	3.77	1136.90
1	1	360	9	21	0	2	7	4.01	1.02	1067.08
1	1	390	2	0	0	1	2	0.42	0.00	362.03
1	1	405	2	57	0	3	19	11.12	7.83	2088.43
1	1	415	2	0	0	1	2	0.28	0.00	354.49
1	1	420	2	0	0	1	2	0.30	0.00	323.45
1	1	450	0	2	0	1	2	0.28	0.00	279.85
1	1	495	0	2	0	1	2	0.27	0.00	212.59
1	2	5	121	91	0	18	54	227.15	100.64	6906.61
1	2	35	5	0	0	2	4	0.84	0.00	497.44
1	2	55	1	0	0	1	1	0.38	0.00	153.40
1	2	60	3	0	0	1	2	0.46	0.00	319.88
1	2	75	4	0	0	2	4	0.76	0.00	495.53
1	2	80	2	0	0	2	2	0.61	0.00	385.17
1	2	90	2	0	0	2	2	0.38	0.00	294.08
1	2	135	5	0	0	2	3	0.85	0.00	530.66
1	2	140	1	0	0	1	1	0.24	0.00	152.30
1	2	150	4	0	0	3	3	0.81	0.00	384.66
1	2	155	2	0	0	1	2	0.57	0.00	238.41
1	2	165	2	0	1	2	2	0.42	0.00	748.43
1	2	180	1	0	2	1	1	0.25	0.00	1101.88
1	2	275	16	0	0	1	4	1.52	0.35	605.63
1	2	320	10	9	0	1	4	1.68	0.00	546.48
1	2	380	14	9	0	1	5	2.29	0.00	720.55
1	2	395	6	0	0	1	3	0.49	0.00	449.31
1	2	405	2	52	0	3	15	13.22	7.82	1623.58
1	2	420	7	0	0	1	4	0.81	0.52	432.75
1	2	450	0	8	0	1	2	0.50	0.00	282.34
1	2	460	0	6	0	1	3	0.42	0.00	380.88
1	2	495	0	5	0	1	4	0.46	0.00	445.26
1	2	525	0	1	0	1	1	0.23	0.00	72.60
1	3	5	108	98	0	11	48	192.91	134.53	5778.89
1	3	50	5	0	0	2	3	0.73	0.00	417.10
1	3	60	2	0	0	1	2	0.42	0.00	230.19
1	3	80	5	0	0	2	4	0.75	0.00	544.04
1	3	95	6	0	0	2	4	0.80	0.29	542.92
1	3	140	2	0	1	2	2	0.50	0.00	875.40
1	3	170	5	0	0	2	3	1.01	0.00	381.77
1	3	180	1	0	0	1	1	0.41	0.00	175.85
1	3	285	14	0	0	1	5	1.44	0.00	696.61
1	3	355	21	25	0	2	9	5.42	0.00	1065.99
1	3	375	3	19	0	1	4	3.46	0.17	655.44
1	3	405	8	41	0	2	12	7.79	4.96	1421.89
1	3	420	4	0	0	1	2	0.33	0.00	267.81
1	3	450	0	9	0	1	3	0.78	0.00	407.74
1	3	460	0	8	0	1	4	0.57	0.00	420.90
1	3	495	0	3	0	2	3	0.47	0.00	354.32

Day	SL	Own	DispatchTimes	AssignmentCost	RoutingCost	TotalCost
1	30	3	44	18536.00	51542.06	70078.06

Total Cost: 70078.06426239017
Cost per Day: 70078.06426239017
Running time in Seconds: 24441.959
Running time in minutes: 407.36598333333336