INSTANCE: 3hubs_A_10_x.csv
PARAMETER: ldp_standard.txt
POLICY: LATEST DEPARTURE
ALPHA: 0.0
BETA: 69
OMEGA: 586
EPSILON: 1.0

Day: 1, Time: 0
Total Cost: 6131.91
 11:136.01, 62:75 [1, 4, -4, -1]
 12:136.01, 74:75 [1, 4, -4, -1]
 13:136.01, 67:75 [1, 4, -4, -1]
 14:153.31, 62:75 [1, 5, -5, -1]
 15:153.31, 39:75 [1, 5, -5, -1]
 17:153.31, 74:75 [1, 5, -5, -1]
 18:153.31, 3:75 [1, -5, -1]
401:53.85, 10:10 [4, 8655, 8443, 8452, -4]
402:142.90, 2:10 [4, 9018, -4]
403:75.87, 10:10 [4, 8770, 8928, 8521, 8791, 8963, -4]
404:21.31, 8:10 [4, 8571, 8988, 8648, -4]
405:38.80, 8:10 [4, 8774, 8695, 8653, -4]
406:57.04, 7:10 [4, 8688, 8636, 8432, -4]
407:81.00, 9:10 [4, 8858, 8522, 8616, 8674, 8888, 8605, 8840, -4]
408:49.11, 10:10 [4, 8704, 8826, 8900, 8947, 8876, -4]
409:34.88, 9:10 [4, 8719, 8859, 8969, -4]
410:82.74, 9:10 [4, 8591, 8967, 8767, 8800, -4]
411:65.32, 9:10 [4, 8740, 8856, 8456, 8922, -4]
412:95.47, 10:10 [4, 8824, 8717, 8722, 8899, -4]
413:70.59, 7:10 [4, 8547, 8565, -4]
414:85.49, 9:10 [4, 8574, 8995, 9000, 8713, 8830, -4]
415:121.64, 10:10 [4, 9025, 8465, 8976, 8847, 8842, -4]
416:108.11, 9:10 [4, 8545, 8690, 8692, 8594, -4]
417:96.35, 8:10 [4, 8769, 8735, 8949, 8973, -4]
418:144.89, 9:10 [4, 8515, 8602, 8467, -4]
419:107.36, 8:10 [4, 8441, 9034, 8725, 8727, 8912, 8730, 8936, -4]
420:81.50, 9:10 [4, 8428, 8925, 8865, 8962, 8998, 8734, -4]
421:126.71, 9:10 [4, 8718, 8851, 8939, 9007, -4]
422:96.21, 10:10 [4, 8627, 8652, 8442, -4]
423:119.71, 10:10 [4, 8794, 8915, 8788, 8436, -4]
424:131.07, 6:10 [4, 8996, 8752, 9005, -4]
425:146.78, 10:10 [4, 8697, 8952, 8838, 8649, 8726, 8510, 8768, -4]
426:24.00, 3:10 [4, 8872, -4]
427:113.34, 9:10 [4, 8893, 8849, 9020, 8643, 8766, 8931, -4]
428:70.71, 8:10 [4, 8620, 9033, 8651, -4]
429:148.53, 10:10 [4, 8528, 8750, 8635, 8749, 8421, 8644, -4]
501:160.02, 7:10 [5, 9002, 8854, 8729, -5]
502:120.46, 2:10 [5, 8906, 8833, -5]
503:25.59, 10:10 [5, 8896, 8885, 8944, -5]
504:107.30, 10:10 [5, 8453, 8630, 8458, 8940, -5]
505:70.60, 10:10 [5, 8461, 8666, 8477, 8911, -5]
506:125.62, 10:10 [5, 8743, 8913, 8901, 8797, 9015, -5]
507:36.72, 8:10 [5, 8694, 8541, -5]
508:162.40, 4:10 [5, 8951, 8886, -5]
509:160.21, 10:10 [5, 8844, 8668, 8745, 8549, 8579, 8992, -5]
510:137.20, 3:10 [5, 8917, -5]
511:87.30, 9:10 [5, 8703, 8891, 8487, -5]
512:152.60, 10:10 [5, 8807, 8518, 8820, 8534, 8914, -5]
513:24.09, 10:10 [5, 8468, 8671, 8475, -5]
514:44.65, 8:10 [5, 8439, 8930, 8784, 9010, -5]
515:32.46, 9:10 [5, 8808, 8880, 8799, -5]
516:98.35, 10:10 [5, 8531, 8450, 8440, 8966, 8514, 8864, -5]
517:90.03, 10:10 [5, 8818, 8744, 9028, 8429, 8724, -5]
518:140.59, 10:10 [5, 8780, 8903, 8558, 8560, 8772, 8617, -5]
520:132.58, 10:10 [5, 8584, 8625, 8980, 8523, 8532, 8498, 8581, -5]
521:131.78, 8:10 [5, 8686, 8778, 8927, 9022, 8423, 8448, -5]
523:55.32, 9:10 [5, 8960, 8832, 9023, -5]
524:52.46, 9:10 [5, 8661, 8502, 8519, 8445, -5]
525:190.56, 10:10 [5, 8520, 8533, 8943, 8556, 8890, 8576, 8582, 8559, 8535, -5]
526:83.81, 9:10 [5, 8887, 8755, 8816, 8751, 8950, -5]
527:96.62, 8:10 [5, 9016, 8512, 8746, -5]
fe: 7, se: 54

Day: 1, Time: 0
Total Cost: 5013.56
 11:66.27, 75:75 [2, 6, -6, -2]
 12:66.27, 65:75 [2, 6, -6, -2]
 13:145.23, 32:75 [2, 7, -7, -2]
 14:66.27, 67:75 [2, 6, -6, -2]
 15:145.23, 37:75 [2, 7, -7, -2]
 20:66.27, 10:75 [2, 6, -6, -2]
 22:66.27, 8:75 [2, 6, -2]
 23:145.23, 56:75 [2, 7, -7, -2]
 25:66.27, 9:75 [2, 6, -2]
601:110.22, 10:10 [6, 9014, 8920, 8796, -6]
602:71.82, 10:10 [6, 8660, 8495, 8640, 8632, -6]
603:92.22, 10:10 [6, 8982, 8489, 8505, 8792, 8974, 8959, -6]
604:128.40, 10:10 [6, 8586, 8537, 8819, 8867, 8434, 8446, 8607, 8955, -6]
605:39.43, 6:10 [6, 8561, 8524, 8860, -6]
606:51.12, 10:10 [6, 8478, 8641, 8598, 8612, 8782, -6]
607:36.07, 10:10 [6, 8676, 8623, 8650, -6]
608:141.55, 10:10 [6, 8496, 8993, 8754, 8665, 8438, 8631, -6]
609:89.50, 9:10 [6, 8883, 8946, 8763, -6]
610:93.92, 10:10 [6, 8975, 8897, 8881, 8907, -6]
611:72.79, 8:10 [6, 8923, 12349, 8798, -6]
612:117.80, 9:10 [6, 8789, 8621, 8593, 8747, 8828, -6]
613:45.06, 10:10 [6, 8455, 8551, 8575, -6]
614:166.38, 10:10 [6, 8700, 8609, 8983, 8707, 8761, 8733, -6]
615:64.08, 10:10 [6, 8981, 8599, 8869, 8810, -6]
616:90.76, 10:10 [6, 8932, 8926, 8685, 8978, -6]
617:72.76, 8:10 [6, 8662, 8760, 8526, 8451, -6]
618:112.66, 10:10 [6, 8595, 8550, 8497, -6]
620:64.48, 8:10 [6, 8680, 8539, 8476, -6]
621:98.13, 10:10 [6, 8793, 8935, 8848, 8431, 8783, -6]
622:94.14, 9:10 [6, 9032, 8806, 8529, 8536, -6]
625:132.42, 10:10 [6, 8511, 8422, 8501, 8731, 8449, 8753, -6]
626:56.13, 10:10 [6, 8987, 8997, 8691, -6]
627:131.25, 10:10 [6, 8567, 8970, 8481, 8781, 8809, 8658, -6]
628:77.68, 10:10 [6, 8879, 8862, 8902, 8972, -6]
629:135.64, 10:10 [6, 8702, 8604, 8677, 8611, 8596, 8493, 8817, -6]
632:72.36, 8:10 [6, 8994, 8673, 8684, -6]
633:197.26, 10:10 [6, 8464, 8910, 8572, 8460, 8592, -6]
634:83.64, 10:10 [6, 8804, 8812, 9013, 8773, -6]
635:150.40, 10:10 [6, 8499, 8639, 8683, 9021, 8728, 8720, 8866, 8479, -6]
636:139.90, 10:10 [6, 8934, 8857, 8462, 8667, -6]
701:21.47, 6:10 [7, 8474, 8484, -7]
702:70.29, 9:10 [7, 8785, 8942, 8836, 8908, -7]
703:98.85, 10:10 [7, 8779, 9004, 9006, 8989, 8843, -7]
704:79.51, 10:10 [7, 8979, 8904, 8457, 8878, 8948, 8711, 8669, -7]
705:87.74, 10:10 [7, 8491, 8615, 8646, 8634, -7]
706:84.26, 10:10 [7, 8954, 8552, 8600, 8508, -7]
707:87.40, 9:10 [7, 8500, 8663, 8737, 8486, 8689, 8762, -7]
708:78.24, 10:10 [7, 8470, 8687, 8619, 8964, 8999, 8835, -7]
709:61.48, 9:10 [7, 8506, 8563, 8557, -7]
710:37.63, 10:10 [7, 8984, 8850, 8918, 8756, -7]
711:10.77, 4:10 [7, 8834, -7]
712:54.01, 9:10 [7, 8629, 8573, 8664, -7]
714:71.38, 10:10 [7, 8613, 8892, 8814, 9029, 8488, 8871, 8710, -7]
715:83.74, 9:10 [7, 8638, 8507, 8564, 8815, 8426, 8708, -7]
716:40.14, 10:10 [7, 8841, 8916, 8870, 8875, -7]
718:78.34, 10:10 [7, 8578, 8764, 8681, 8525, 8853, -7]
720:105.00, 10:10 [7, 8601, 8437, 8546, 8716, -7]
fe: 9, se: 48

Day: 1, Time: 0
Total Cost: 4157.48
 11:90.24, 75:75 [3, 9, -9, -3]
 12:94.59, 73:75 [3, 8, -8, -3]
 13:94.59, 49:75 [3, 8, -8, -3]
 14:94.59, 63:75 [3, 8, -8, -3]
 15:90.24, 53:75 [3, 9, -9, -3]
801:82.68, 10:10 [8, 8509, 8933, 8787, 8837, 8485, -8]
802:79.75, 10:10 [8, 8977, 8909, 8480, 8965, -8]
803:85.62, 10:10 [8, 8706, 8803, 8895, 8958, -8]
804:116.57, 9:10 [8, 8424, 8427, 8937, 9017, 8846, 8823, -8]
805:49.05, 9:10 [8, 8839, 8956, 8990, -8]
806:90.48, 10:10 [8, 8777, 8741, 8566, 14061, -8]
807:130.22, 10:10 [8, 8889, 8827, 8953, 8775, 8482, -8]
808:130.40, 10:10 [8, 8748, 9012, 8466, 8855, -8]
810:128.67, 9:10 [8, 8590, 8905, 8805, 8811, 8801, -8]
811:59.07, 10:10 [8, 8790, 8709, 8739, 8861, -8]
812:96.37, 10:10 [8, 8589, 8608, 8490, -8]
813:107.20, 9:10 [8, 8570, 8776, 8516, 9009, 8715, -8]
814:84.32, 10:10 [8, 8603, 8472, 9011, 8802, 8929, 8765, 8821, -8]
815:89.82, 10:10 [8, 8877, 8469, 8583, 8924, 8723, -8]
816:62.64, 10:10 [8, 8957, 8433, 8759, 8863, -8]
817:92.84, 8:10 [8, 8562, 8642, 8580, 8696, -8]
818:33.23, 10:10 [8, 8657, 8538, 8670, -8]
819:76.69, 10:10 [8, 8425, 8628, 8606, -8]
822:87.86, 10:10 [8, 8693, 8672, 8633, 8645, -8]
823:114.58, 10:10 [8, 8825, 8597, 8985, 8517, 8492, 9003, -8]
824:112.31, 10:10 [8, 8898, 8543, 8463, 8654, 8588, -8]
825:143.58, 10:10 [8, 8540, 8483, 8513, 8585, 8679, 8971, 8647, 8945, -8]
901:34.86, 7:10 [9, 8738, 8678, -9]
902:115.14, 8:10 [9, 8919, 9027, 8622, 9008, 8829, -9]
903:115.81, 10:10 [9, 8637, 8447, 8554, 8831, -9]
904:104.38, 10:10 [9, 8435, 8504, 8736, 8542, 8471, 8712, 8884, -9]
905:82.08, 9:10 [9, 8986, 8822, 8705, 8714, -9]
906:96.64, 10:10 [9, 8813, 8656, 8444, 8577, -9]
907:41.74, 9:10 [9, 8786, 8873, 8868, -9]
908:114.04, 10:10 [9, 8938, 8420, 8454, 9026, -9]
909:69.11, 10:10 [9, 8659, 8548, 8527, -9]
910:128.35, 10:10 [9, 8459, 8555, 8503, 8568, 8742, -9]
911:115.80, 10:10 [9, 8430, 8757, 8845, 8587, 8882, 8852, -9]
912:117.34, 10:10 [9, 9024, 8701, 8698, 8675, 8626, -9]
913:62.85, 10:10 [9, 8961, 9019, 9001, 8874, -9]
914:110.77, 10:10 [9, 8771, 8682, 8553, 8795, 8991, 8530, -9]
916:113.89, 9:10 [9, 9030, 8614, 8473, 8921, 8544, 8721, -9]
917:133.37, 10:10 [9, 8624, 8968, 8569, 8699, 8894, 8494, 8758, -9]
918:83.09, 10:10 [9, 8732, 8610, 8618, 8941, 9031, -9]
fe: 5, se: 39

Day: 1, Time: 40
Total Cost: 727.60
 11:136.01, 6:75 [1, -4, -1]
 12:136.01, 4:75 [1, -4, -1]
 13:153.31, 8:75 [1, -5, -1]
401:111.72, 6:10 [4, 9193, 12305, -4]
402:84.73, 4:10 [4, 13737, 12174, 10608, -4]
501:105.81, 8:10 [5, 15291, 15054, 16761, -5]
fe: 3, se: 3

Day: 1, Time: 40
Total Cost: 596.62
 11:66.27, 4:75 [2, -6, -2]
 12:66.27, 8:75 [2, -6, -2]
 13:145.23, 6:75 [2, -7, -2]
601:104.71, 4:10 [6, 12327, -6]
602:125.61, 8:10 [6, 12284, 14867, 9917, -6]
701:88.53, 6:10 [7, 9975, 11191, -7]
fe: 3, se: 3

Day: 1, Time: 55
Total Cost: 348.05
 11:179.78, 10:75 [1, -4, -5, -1]
401:20.10, 4:10 [4, 15418, -4]
501:148.18, 6:10 [5, 17005, 9841, 15335, -5]
fe: 1, se: 2

Day: 1, Time: 55
Total Cost: 917.01
 11:94.59, 32:75 [3, -8, -3]
 12:90.24, 9:75 [3, -9, -3]
801:85.39, 10:10 [8, 13670, 12153, 11517, -8]
802:111.88, 2:10 [8, 10132, 10262, -8]
803:102.79, 3:10 [8, 10340, 10222, -8]
804:91.16, 7:10 [8, 17095, 12468, 12673, -8]
807:99.35, 10:10 [8, 14518, 9219, 9952, 9987, -8]
901:241.61, 9:10 [9, 15302, 16980, 15107, 11343, 13129, -9]
fe: 2, se: 6

Day: 1, Time: 60
Total Cost: 242.82
 11:136.01, 6:75 [1, -4, -1]
401:106.81, 6:10 [4, 14180, 10225, -4]
fe: 1, se: 1

Day: 1, Time: 60
Total Cost: 274.83
 11:66.27, 4:75 [2, -6, -2]
601:136.31, 3:10 [6, 12724, -6]
602:72.25, 1:10 [6, 10705, -6]
fe: 1, se: 2

Day: 1, Time: 70
Total Cost: 619.10
 11:136.01, 3:75 [1, -4, -1]
 12:153.31, 4:75 [1, -5, -1]
401:94.02, 3:10 [4, 16586, -4]
501:167.34, 1:10 [5, 15998, -5]
502:68.41, 3:10 [5, 14909, -5]
fe: 2, se: 3

Day: 1, Time: 90
Total Cost: 751.36
 11:66.27, 19:75 [2, -6, -2]
 12:66.27, 1:75 [2, -6, -2]
 13:66.27, 9:75 [2, -6, -2]
601:78.39, 9:10 [6, 16271, 15865, 12374, -6]
602:82.24, 5:10 [6, 15519, 15518, -6]
604:112.13, 5:10 [6, 15004, 14834, -6]
605:156.54, 9:10 [6, 15510, 16436, 15766, -6]
606:123.24, 1:10 [6, 16112, -6]
fe: 3, se: 5

Day: 1, Time: 95
Total Cost: 845.56
 12:153.31, 4:75 [1, -5, -1]
 13:136.01, 8:75 [1, -4, -1]
 14:153.31, 3:75 [1, -5, -1]
401:102.38, 4:10 [4, 10687, 14728, -4]
402:122.93, 4:10 [4, 15264, -4]
501:73.76, 4:10 [5, 9710, -5]
502:34.99, 2:10 [5, 9287, -5]
503:68.88, 1:10 [5, 16608, -5]
fe: 3, se: 5

Day: 1, Time: 95
Total Cost: 195.39
 11:66.27, 1:75 [2, -6, -2]
601:129.12, 1:10 [6, 11709, -6]
fe: 1, se: 1

Day: 1, Time: 105
Total Cost: 736.11
 11:94.59, 2:75 [3, -8, -3]
 12:90.24, 10:75 [3, -9, -3]
 13:90.24, 13:75 [3, -9, -3]
801:58.14, 2:10 [8, 15464, -8]
901:239.57, 10:10 [9, 13215, 11157, 14771, 11276, -9]
902:81.96, 5:10 [9, 16693, 15883, -9]
903:81.36, 8:10 [9, 15824, 11974, -9]
fe: 3, se: 4

Day: 1, Time: 125
Total Cost: 436.11
 11:66.27, 10:75 [2, -6, -2]
 12:66.27, 3:75 [2, -6, -2]
602:240.01, 10:10 [6, 15669, 15001, 15895, 10606, -6]
603:63.56, 3:10 [6, 10488, -6]
fe: 2, se: 2

Day: 1, Time: 130
Total Cost: 623.19
 11:136.01, 4:75 [1, -4, -1]
 12:136.01, 2:75 [1, -4, -1]
 13:136.01, 4:75 [1, -4, -1]
401:90.58, 4:10 [4, 10797, 16846, -4]
402:107.48, 2:10 [4, 11997, -4]
403:17.09, 4:10 [4, 9251, -4]
fe: 3, se: 3

Day: 1, Time: 130
Total Cost: 371.60
 11:66.27, 4:75 [2, -6, -2]
 12:66.27, 1:75 [2, -6, -2]
601:124.15, 4:10 [6, 10018, -6]
602:114.91, 1:10 [6, 16572, -6]
fe: 2, se: 2

Day: 1, Time: 140
Total Cost: 437.97
 11:136.01, 7:75 [1, -4, -1]
 12:153.31, 3:75 [1, -5, -1]
401:120.36, 7:10 [4, 16030, 10708, -4]
501:28.28, 3:10 [5, 14010, -5]
fe: 2, se: 2

Day: 1, Time: 145
Total Cost: 699.39
 11:94.59, 6:75 [3, -8, -3]
 12:90.24, 14:75 [3, -9, -3]
801:78.81, 4:10 [8, 13649, 10969, -8]
802:80.92, 2:10 [8, 16107, -8]
901:216.51, 8:10 [9, 12712, 14236, 15579, 11947, -9]
902:138.32, 6:10 [9, 10108, 12510, 11745, -9]
fe: 2, se: 4

Day: 1, Time: 155
Total Cost: 296.99
 11:136.01, 4:75 [1, -4, -1]
401:48.33, 1:10 [4, 13938, -4]
402:112.64, 3:10 [4, 11942, -4]
fe: 1, se: 2

Day: 1, Time: 155
Total Cost: 132.58
 11:66.27, 3:75 [2, -6, -2]
601:66.31, 3:10 [6, 15840, 15160, -6]
fe: 1, se: 1

Day: 1, Time: 155
Total Cost: 541.41
 11:90.24, 8:75 [3, -9, -3]
 12:90.24, 3:75 [3, -9, -3]
901:96.19, 4:10 [9, 15176, 10547, -9]
902:109.56, 1:10 [9, 13109, -9]
903:107.63, 3:10 [9, 14716, -9]
904:47.54, 3:10 [9, 11434, -9]
fe: 2, se: 4

Day: 1, Time: 170
Total Cost: 209.34
 11:66.27, 3:75 [2, -6, -2]
601:143.07, 3:10 [6, 13716, 14668, -6]
fe: 1, se: 1

Day: 1, Time: 170
Total Cost: 247.82
 11:90.24, 10:75 [3, -9, -3]
901:85.88, 6:10 [9, 12899, 16286, -9]
902:71.69, 4:10 [9, 14127, -9]
fe: 1, se: 2

Day: 1, Time: 175
Total Cost: 110.14
 11:66.27, 4:75 [2, -6, -2]
601:43.86, 4:10 [6, 10245, -6]
fe: 1, se: 1

Day: 1, Time: 195
Total Cost: 140.40
 11:90.24, 4:75 [3, -9, -3]
901:50.16, 4:10 [9, 14575, -9]
fe: 1, se: 1

Day: 1, Time: 200
Total Cost: 424.83
 11:153.31, 5:75 [1, -5, -1]
 12:153.31, 5:75 [1, -5, -1]
501:58.32, 5:10 [5, 10204, 13178, -5]
502:59.88, 5:10 [5, 11285, 11014, -5]
fe: 2, se: 2

Day: 1, Time: 275
Total Cost: 785.51
 11:66.27, 55:75 [2, -6, -2]
601:121.47, 9:10 [6, 16650, 16866, 12055, -6]
602:161.99, 10:10 [6, 16257, 15204, 16763, -6]
603:125.20, 10:10 [6, 13520, 15358, 12936, -6]
604:41.53, 7:10 [6, 14251, 10823, -6]
605:192.02, 10:10 [6, 10439, 10913, 14294, 12353, 11842, -6]
606:77.03, 9:10 [6, 12733, 11783, 12645, 11576, -6]
fe: 1, se: 6

Day: 1, Time: 275
Total Cost: 734.00
 12:94.59, 39:75 [3, -8, -3]
801:98.03, 10:10 [8, 10964, 16646, 9221, -8]
803:134.00, 10:10 [8, 16237, 14020, 16279, 15814, -8]
804:249.56, 9:10 [8, 11960, 16612, 13141, 12758, 11547, 13590, -8]
805:157.83, 10:10 [8, 14747, 12398, 15835, -8]
fe: 1, se: 4

Day: 1, Time: 285
Total Cost: 696.22
 11:179.78, 31:75 [1, -4, -5, -1]
401:105.56, 5:10 [4, 14593, 13464, 11621, -4]
402:8.94, 4:10 [4, 14519, -4]
403:26.83, 2:10 [4, 14839, -4]
501:173.47, 10:10 [5, 11894, 14282, 16229, 13124, 10392, -5]
502:201.63, 10:10 [5, 12027, 13576, 15105, 10624, -5]
fe: 1, se: 5

Day: 1, Time: 285
Total Cost: 329.81
 11:113.51, 10:75 [3, -8, -9, -3]
801:93.19, 6:10 [8, 15931, 14291, -8]
901:123.11, 4:10 [9, 11785, 16404, -9]
fe: 1, se: 2

Day: 1, Time: 300
Total Cost: 284.87
 11:66.27, 13:75 [2, -6, -2]
601:127.93, 6:10 [6, 16348, 13580, -6]
602:90.67, 7:10 [6, 16367, 10534, -6]
fe: 1, se: 2

Day: 1, Time: 310
Total Cost: 415.40
 11:90.24, 15:75 [3, -9, -3]
901:126.43, 7:10 [9, 14968, 16810, 14599, -9]
902:198.73, 8:10 [9, 9685, 14658, 14222, -9]
fe: 1, se: 2

Day: 1, Time: 320
Total Cost: 444.98
 11:179.78, 18:75 [1, -4, -5, -1]
401:60.16, 7:10 [4, 11586, 13385, -4]
501:158.65, 8:10 [5, 11051, 12322, 9154, 16181, -5]
502:46.39, 3:10 [5, 15613, -5]
fe: 1, se: 3

Day: 1, Time: 360
Total Cost: 1168.67
 11:136.01, 12:75 [1, 4, -4, -1]
 12:153.31, 10:75 [1, 5, -5, -1]
401:172.70, 3:10 [4, 245, 4896, -4]
402:76.05, 8:10 [4, 16721, 16085, -4]
403:137.85, 2:10 [4, 2255, 95, -4]
404:146.19, 7:10 [4, 13843, 8003, 323, -4]
501:154.05, 6:10 [5, 146, 24, -5]
502:79.22, 7:10 [5, 9534, 14887, 10603, 12927, -5]
503:113.28, 4:10 [5, 149, 3065, -5]
fe: 2, se: 7

Day: 1, Time: 385
Total Cost: 553.41
 12:66.27, 28:75 [2, -6, -2]
601:68.96, 3:10 [6, 13026, -6]
602:163.85, 8:10 [6, 10695, 11854, 10671, -6]
603:155.65, 8:10 [6, 14763, 12236, 14047, 13735, -6]
605:98.68, 9:10 [6, 15886, 14640, 16705, -6]
fe: 1, se: 4

Day: 1, Time: 400
Total Cost: 683.45
 11:136.01, 18:75 [1, -4, -1]
 12:153.31, 5:75 [1, -5, -1]
401:122.93, 8:10 [4, 13988, 12750, 12509, -4]
402:156.57, 10:10 [4, 16539, 11874, 15055, -4]
501:114.63, 5:10 [5, 10631, 15735, 15084, -5]
fe: 2, se: 3

Day: 1, Time: 405
Total Cost: 1652.31
 11:136.01, 57:75 [1, 4, -1]
 12:153.31, 57:75 [1, 5, -1]
401:85.17, 5:10 [4, 318, 193, -4]
402:58.36, 6:10 [4, 93, 16, 81, -4]
403:73.15, 5:10 [4, 1798, 103, -4]
404:60.39, 8:10 [4, 6829, 83, 2827, -4]
405:100.18, 1:10 [4, 258, -4]
406:64.31, 9:10 [4, 112, 3684, 100, -4]
407:74.14, 9:10 [4, 122, 113, 167, -4]
408:26.08, 4:10 [4, 294, -4]
409:78.27, 10:10 [4, 192, 269, 1555, -4]
501:40.90, 9:10 [5, 4959, 307, 181, 236, -5]
502:146.82, 5:10 [5, 1442, 218, 267, -5]
503:26.31, 4:10 [5, 179, -5]
504:69.07, 5:10 [5, 172, 120, -5]
505:49.03, 3:10 [5, 6314, -5]
506:66.94, 8:10 [5, 138, 329, -5]
507:66.12, 4:10 [5, 89, 289, -5]
508:83.52, 3:10 [5, 8405, -5]
509:66.97, 7:10 [5, 3284, 87, -5]
510:80.99, 2:10 [5, 183, -5]
511:46.29, 7:10 [5, 296, 321, 2744, -5]
fe: 2, se: 20

Day: 1, Time: 405
Total Cost: 1296.61
 11:66.27, 42:75 [2, 6, -6, -2]
 12:145.23, 35:75 [2, 7, -7, -2]
601:105.25, 8:10 [6, 4980, 165, 1572, -6]
602:122.43, 8:10 [6, 61, 79, 1532, -6]
603:131.19, 10:10 [6, 28, 7417, 234, -6]
604:113.02, 9:10 [6, 15746, 54, 12196, 338, -6]
605:109.01, 6:10 [6, 62, 134, 175, -6]
606:119.10, 6:10 [6, 16927, 132, 161, 315, -6]
701:65.05, 5:10 [7, 270, 101, -7]
702:47.79, 10:10 [7, 197, 77, 330, 37, -7]
703:16.12, 1:10 [7, 75, -7]
704:53.67, 7:10 [7, 109, 35, 561, -7]
705:69.86, 4:10 [7, 51, 166, -7]
706:56.85, 5:10 [7, 529, 12084, 34, -7]
707:75.76, 4:10 [7, 227, 16538, -7]
fe: 2, se: 13

Day: 1, Time: 405
Total Cost: 1739.32
 11:94.59, 53:75 [3, 8, -8, -3]
 12:90.24, 30:75 [3, 9, -9, -3]
801:104.55, 7:10 [8, 12329, 7581, 14221, 283, -8]
802:120.31, 6:10 [8, 17065, 228, 288, -8]
803:110.92, 8:10 [8, 291, 297, 310, -8]
804:77.69, 7:10 [8, 260, 2015, 80, -8]
805:85.93, 9:10 [8, 11348, 6364, 203, 233, -8]
806:81.07, 8:10 [8, 328, 244, 207, -8]
807:106.17, 9:10 [8, 12957, 503, 15182, 186, -8]
813:95.08, 10:10 [8, 9903, 143, 144, 286, 309, -8]
901:87.46, 10:10 [9, 9818, 9497, 9802, 176, -9]
902:120.10, 6:10 [9, 10084, 14523, 7918, -9]
903:130.08, 4:10 [9, 3019, 6119, -9]
904:17.20, 3:10 [9, 14068, -9]
905:103.04, 7:10 [9, 15654, 10539, 6144, 274, -9]
906:121.62, 5:10 [9, 257, 189, 2501, -9]
909:93.74, 10:10 [9, 256, 10505, 10784, 324, -9]
911:99.52, 9:10 [9, 15145, 66, 185, -9]
fe: 2, se: 16

Day: 1, Time: 410
Total Cost: 378.25
 11:179.78, 5:75 [1, -4, -5, -1]
401:46.52, 2:10 [4, 16353, -4]
501:151.95, 3:10 [5, 13730, 10757, -5]
fe: 1, se: 2

Day: 1, Time: 420
Total Cost: 264.19
 11:66.27, 8:75 [2, -6, -2]
601:131.89, 6:10 [6, 10063, 10380, -6]
602:66.03, 2:10 [6, 16707, -6]
fe: 1, se: 2

Day: 1, Time: 440
Total Cost: 168.57
 11:136.01, 2:75 [1, -4, -1]
401:32.56, 2:10 [4, 10087, -4]
fe: 1, se: 1

Day: 1, Time: 450
Total Cost: 768.82
 11:136.01, 8:75 [1, 4, -1]
 12:153.31, 3:75 [1, 5, -1]
401:123.04, 3:10 [4, 199, 1262, -4]
403:119.36, 4:10 [4, 1328, -4]
404:123.37, 1:10 [4, 17, -4]
501:113.72, 3:10 [5, 217, -5]
fe: 2, se: 4

Day: 1, Time: 450
Total Cost: 631.76
 11:66.27, 16:75 [2, 6, -2]
601:64.56, 1:10 [6, 32, -6]
602:66.48, 2:10 [6, 49, -6]
603:64.62, 3:10 [6, 337, -6]
604:70.71, 2:10 [6, 597, -6]
605:76.11, 3:10 [6, 196, -6]
606:70.71, 1:10 [6, 107, -6]
607:70.68, 3:10 [6, 335, -6]
608:81.61, 1:10 [6, 126, -6]
fe: 1, se: 8

Day: 1, Time: 450
Total Cost: 420.50
 11:94.59, 5:75 [3, 8, -3]
 12:90.24, 11:75 [3, 9, -3]
801:41.23, 4:10 [8, 6574, -8]
802:48.17, 1:10 [8, 43, -8]
901:53.81, 3:10 [9, 235, -9]
902:40.45, 4:10 [9, 331, -9]
903:52.00, 4:10 [9, 6828, -9]
fe: 2, se: 5

Day: 1, Time: 460
Total Cost: 1704.22
 11:136.01, 50:75 [1, 4, -1]
 12:153.31, 36:75 [1, 5, -1]
401:97.61, 8:10 [4, 7134, 266, -4]
402:66.75, 7:10 [4, 4209, 58, -4]
403:89.80, 7:10 [4, 247, 226, 202, -4]
404:106.53, 4:10 [4, 243, -4]
405:55.42, 5:10 [4, 57, 30, -4]
406:100.50, 4:10 [4, 105, -4]
407:80.43, 7:10 [4, 10, 67, -4]
408:88.27, 6:10 [4, 316, 21, 285, -4]
410:102.18, 2:10 [4, 5828, -4]
501:77.18, 3:10 [5, 287, -5]
502:77.11, 4:10 [5, 111, 171, -5]
503:66.22, 4:10 [5, 299, 99, -5]
504:90.51, 3:10 [5, 311, -5]
505:78.94, 8:10 [5, 158, 33, -5]
506:56.04, 3:10 [5, 230, -5]
507:43.17, 4:10 [5, 114, -5]
508:82.00, 3:10 [5, 3659, -5]
509:56.25, 4:10 [5, 85, 73, -5]
fe: 2, se: 18

Day: 1, Time: 460
Total Cost: 1070.36
 11:66.27, 60:75 [2, 6, -2]
601:136.36, 10:10 [6, 268, 121, 195, 205, -6]
602:144.61, 9:10 [6, 147, 219, 169, -6]
603:12.81, 1:10 [6, 133, -6]
604:47.48, 2:10 [6, 301, 137, -6]
605:140.96, 9:10 [6, 222, 7340, 259, -6]
606:47.59, 8:10 [6, 190, 215, -6]
607:52.52, 4:10 [6, 6026, 7308, -6]
608:44.26, 4:10 [6, 142, 44, -6]
609:159.55, 3:10 [6, 65, 1650, -6]
611:48.78, 6:10 [6, 156, 115, -6]
612:60.73, 1:10 [6, 6601, -6]
613:53.81, 1:10 [6, 136, -6]
614:54.63, 2:10 [6, 1997, -6]
fe: 1, se: 13

Day: 1, Time: 460
Total Cost: 1013.85
 11:94.59, 39:75 [3, 8, -3]
 12:90.24, 16:75 [3, 9, -3]
801:20.88, 4:10 [8, 1285, -8]
803:114.02, 7:10 [8, 191, 23, 29, -8]
804:26.00, 3:10 [8, 280, -8]
805:128.76, 8:10 [8, 254, 6038, 2018, -8]
807:29.53, 1:10 [8, 216, -8]
808:115.54, 8:10 [8, 206, 50, 124, -8]
809:121.58, 8:10 [8, 284, 308, 7896, -8]
901:26.08, 2:10 [9, 306, -9]
903:130.02, 7:10 [9, 241, 164, 240, -9]
904:116.61, 7:10 [9, 182, 211, -9]
fe: 2, se: 10

Day: 1, Time: 495
Total Cost: 429.56
 11:136.01, 11:75 [1, 4, -1]
 12:153.31, 6:75 [1, 5, -1]
401:26.95, 4:10 [4, 327, 19, -4]
402:41.23, 4:10 [4, 7746, -4]
403:41.62, 3:10 [4, 145, -4]
501:13.47, 5:10 [5, 15, 6486, -5]
502:16.97, 1:10 [5, 131, -5]
fe: 2, se: 5

Day: 1, Time: 495
Total Cost: 1326.22
 11:66.27, 46:75 [2, 6, -2]
 12:145.23, 7:75 [2, 7, -2]
601:83.32, 5:10 [6, 173, 159, -6]
602:89.75, 3:10 [6, 7596, 344, -6]
603:87.68, 5:10 [6, 69, 139, -6]
604:82.35, 9:10 [6, 5437, 271, 209, -6]
605:81.66, 6:10 [6, 312, 118, 272, -6]
606:110.72, 2:10 [6, 3307, -6]
608:73.10, 3:10 [6, 238, 90, -6]
609:94.34, 2:10 [6, 261, 4419, -6]
611:70.23, 2:10 [6, 6774, -6]
612:92.93, 5:10 [6, 322, 3778, -6]
614:80.83, 3:10 [6, 277, 14, 246, -6]
616:106.02, 1:10 [6, 1857, -6]
701:31.30, 4:10 [7, 201, -7]
702:30.46, 3:10 [7, 53, -7]
fe: 2, se: 14

Day: 1, Time: 495
Total Cost: 1444.12
 11:94.59, 46:75 [3, 8, -3]
 12:90.24, 32:75 [3, 9, -3]
801:50.77, 8:10 [8, 213, 151, 71, -8]
802:82.00, 3:10 [8, 305, -8]
803:76.03, 2:10 [8, 3594, -8]
804:52.57, 10:10 [8, 108, 102, 104, -8]
805:74.53, 7:10 [8, 326, 279, -8]
806:33.11, 4:10 [8, 3615, -8]
807:80.99, 3:10 [8, 342, -8]
808:71.00, 4:10 [8, 3252, 7175, -8]
809:62.36, 5:10 [8, 160, 180, -8]
901:82.37, 3:10 [9, 94, -9]
902:87.86, 3:10 [9, 8071, -9]
903:75.18, 2:10 [9, 5026, -9]
904:87.68, 4:10 [9, 333, -9]
905:82.87, 1:10 [9, 325, -9]
906:74.20, 6:10 [9, 1535, 5490, -9]
907:63.61, 6:10 [9, 119, 314, 320, -9]
909:63.40, 5:10 [9, 7076, 6219, -9]
912:58.75, 2:10 [9, 76, 225, -9]
fe: 2, se: 18

Day: 1, Time: 525
Total Cost: 368.60
 11:66.27, 26:75 [2, 6, -2]
601:35.78, 4:10 [6, 263, -6]
602:33.46, 8:10 [6, 128, 210, -6]
603:50.16, 4:10 [6, 27, -6]
604:33.55, 5:10 [6, 162, 96, -6]
605:52.84, 1:10 [6, 45, -6]
606:44.05, 1:10 [6, 184, -6]
607:52.50, 3:10 [6, 3983, -6]
fe: 1, se: 7

Day: 1, Time: 525
Total Cost: 247.00
 11:94.59, 5:75 [3, 8, -3]
 12:90.24, 4:75 [3, 9, -3]
801:15.23, 3:10 [8, 1514, -8]
802:21.63, 2:10 [8, 188, -8]
901:25.30, 4:10 [9, 13, -9]
fe: 2, se: 3


Day	Area	ID	Time	Load	Utilization	NoOrders	AssignmentCost
1	1	 8	315	 75	1.00	35	825.00
1	1	27	315	  3	0.04	 1	105.00
1	1	 9	360	 18	0.24	 8	255.00
1	1	119	400	 72	0.48	29	1590.00
1	1	10	405	 73	0.97	31	805.00
1	1	29	405	  3	0.04	 1	105.00
1	1	11	450	 20	0.22	 6	220.00
1	1	123	800	102	0.85	42	2628.00
1	1	19	810	 60	1.00	29	810.00
1	1	38	810	 60	1.00	27	810.00
1	2	136	300	 11	0.07	 6	370.00
1	2	46	315	 75	1.00	29	825.00
1	2	65	315	 45	0.60	16	525.00
1	2	47	360	 17	0.23	 6	245.00
1	2	137	400	 53	0.35	20	1210.00
1	2	48	405	 36	0.48	15	435.00
1	2	49	450	  5	0.06	 2	100.00
1	2	141	800	119	0.99	42	3036.00
1	2	57	810	 60	1.00	23	810.00
1	2	76	810	 60	1.00	27	810.00
1	3	154	300	  7	0.05	 4	290.00
1	3	84	315	 74	0.99	29	815.00
1	3	85	360	  8	0.11	 4	155.00
1	3	155	400	 76	0.51	28	1670.00
1	3	86	405	 36	0.48	16	435.00
1	3	87	450	 15	0.17	 6	180.00
1	3	159	800	119	0.99	49	3036.00
1	3	168	800	 15	0.13	 5	540.00
1	3	95	810	 60	1.00	23	810.00
1	3	114	810	 60	1.00	25	810.00


Day	Area	Time	Pickup	Delivery	Direct	FEVehicles	SEVehicles	ALNSTime	ALNSBestTime	RoutingCostArea
1	1	0	131	91	0	7	54	439.61	306.84	6131.91
1	1	40	8	0	0	3	3	0.87	0.00	727.60
1	1	55	4	0	0	1	2	0.43	0.00	348.05
1	1	60	2	0	0	1	1	0.29	0.00	242.82
1	1	70	3	0	0	2	3	0.38	0.00	619.10
1	1	95	6	0	0	3	5	0.91	0.01	845.56
1	1	130	4	0	0	3	3	0.51	0.00	623.19
1	1	140	3	0	0	2	2	0.41	0.00	437.97
1	1	155	2	0	1	1	2	0.30	0.00	796.99
1	1	200	4	0	0	2	2	0.53	0.00	424.83
1	1	285	14	0	0	1	5	1.17	0.00	696.22
1	1	320	7	0	0	1	3	0.64	0.00	444.98
1	1	360	7	10	0	2	7	1.41	0.00	1168.67
1	1	400	9	0	0	2	3	0.85	0.00	683.45
1	1	405	0	43	0	2	20	7.64	3.19	1652.31
1	1	410	3	0	0	1	2	0.31	0.00	378.25
1	1	440	1	0	0	1	1	0.18	0.00	168.57
1	1	450	0	5	0	2	4	0.53	0.00	768.82
1	1	460	0	30	0	2	18	2.64	0.00	1704.22
1	1	495	0	7	0	2	5	0.51	0.00	429.56
1	2	0	109	105	0	9	48	256.56	189.84	5013.56
1	2	40	6	0	0	3	3	0.62	0.00	596.62
1	2	60	2	0	0	1	2	0.24	0.00	274.83
1	2	90	11	0	0	3	5	1.00	0.05	751.36
1	2	95	1	0	0	1	1	0.19	0.00	195.39
1	2	125	5	0	0	2	2	0.48	0.00	436.11
1	2	130	2	0	0	2	2	0.30	0.00	371.60
1	2	155	2	0	1	1	1	0.24	0.00	632.58
1	2	170	2	0	1	1	1	0.26	0.00	709.34
1	2	175	1	0	0	1	1	0.18	0.00	110.14
1	2	275	20	0	0	1	6	2.41	0.72	785.51
1	2	300	4	0	0	1	2	0.31	0.00	284.87
1	2	385	11	0	0	1	4	0.77	0.00	553.41
1	2	405	5	32	0	2	13	4.08	2.42	1296.61
1	2	420	3	0	0	1	2	0.33	0.00	264.19
1	2	450	0	8	0	1	8	0.53	0.00	631.76
1	2	460	0	26	0	1	13	2.09	0.00	1070.36
1	2	495	0	26	0	2	14	1.88	0.00	1326.22
1	2	525	0	9	1	1	7	0.59	0.00	868.60
1	3	0	97	84	0	5	39	311.21	267.47	4157.48
1	3	55	19	0	0	2	6	1.59	0.04	917.01
1	3	105	9	0	0	3	4	1.04	0.00	736.11
1	3	145	10	0	0	2	4	0.89	0.00	699.39
1	3	155	5	0	0	2	4	0.51	0.00	541.41
1	3	170	3	0	1	1	2	0.44	0.26	747.82
1	3	195	1	0	0	1	1	0.18	0.00	140.40
1	3	275	16	0	0	1	4	1.41	0.04	734.00
1	3	285	4	0	0	1	2	0.46	0.00	329.81
1	3	310	6	0	0	1	2	0.55	0.00	415.40
1	3	405	18	35	0	2	16	21.99	10.55	1739.32
1	3	450	0	5	0	2	5	0.56	0.00	420.50
1	3	460	0	21	0	2	10	1.35	0.00	1013.85
1	3	495	0	30	0	2	18	2.44	0.00	1444.12
1	3	525	0	3	1	2	3	0.35	0.00	747.00

Day	SL	Own	DispatchTimes	AssignmentCost	RoutingCost	TotalCost
1	21	9	39	25260.00	50249.75	75509.75

Total Cost: 75509.75293105732
Cost per Day: 75509.75293105732
Running time in Seconds: 1170.353
Running time in minutes: 19.505883333333333