INSTANCE: 3hubs_A_45_x.csv
PARAMETER: ldp_standard.txt
POLICY: LATEST DEPARTURE
ALPHA: 0.0
BETA: 69
OMEGA: 586
EPSILON: 1.0

Day: 1, Time: 0
Total Cost: 5756.77
 11:136.01, 73:75 [1, 4, -4, -1]
 12:136.01, 28:75 [1, 4, -4, -1]
 13:136.01, 20:75 [1, 4, -4, -1]
 16:153.31, 74:75 [1, 5, -5, -1]
 18:153.31, 50:75 [1, 5, -5, -1]
 19:153.31, 63:75 [1, 5, -5, -1]
401:114.80, 8:10 [4, 8660, 8821, 8804, 8882, -4]
402:81.15, 9:10 [4, 8525, 8926, 8931, 8865, 8768, -4]
403:51.55, 9:10 [4, 8626, 8622, 8593, -4]
404:104.41, 10:10 [4, 8687, 8933, 8782, 8479, 8568, 8716, -4]
405:121.76, 10:10 [4, 8564, 8992, 8866, 8874, -4]
407:87.19, 10:10 [4, 8706, 8948, 8810, 8817, -4]
408:136.35, 3:10 [4, 8480, 8727, -4]
409:61.27, 10:10 [4, 8988, 8987, 8796, 8837, -4]
411:71.17, 9:10 [4, 8726, 8884, 8950, 8952, -4]
412:98.55, 10:10 [4, 8953, 8607, 8780, 8749, 8546, -4]
414:168.81, 2:10 [4, 8828, -4]
415:111.30, 9:10 [4, 8794, 8539, 8581, 8493, -4]
416:59.34, 9:10 [4, 8894, 8757, 8701, -4]
417:86.92, 10:10 [4, 8548, 8506, 8697, 8450, 8613, -4]
420:68.30, 10:10 [4, 8482, 8601, 8504, 8451, -4]
421:129.04, 10:10 [4, 8492, 8422, 8808, 8495, 8683, -4]
422:120.93, 10:10 [4, 8420, 8439, 8448, 8429, 8457, -4]
423:106.88, 10:10 [4, 8556, 8975, 8600, 8573, -4]
424:136.41, 2:10 [4, 8795, 9002, -4]
425:135.04, 10:10 [4, 8545, 8635, 8509, 8711, 8428, 8585, 8636, -4]
426:46.49, 8:10 [4, 8628, 8505, 8854, -4]
501:64.32, 10:10 [5, 8541, 8690, 8685, -5]
503:135.27, 10:10 [5, 9016, 8847, 8991, 8959, -5]
504:132.39, 10:10 [5, 8870, 8972, 8659, 8971, 8458, -5]
505:146.04, 10:10 [5, 8446, 8620, 8518, 8436, -5]
506:170.43, 10:10 [5, 9024, 8981, 8595, 8642, 8994, -5]
507:77.04, 9:10 [5, 8712, 8983, 8776, 8640, 8784, -5]
508:189.61, 10:10 [5, 8489, 8816, 8544, 8698, 8577, -5]
509:176.84, 10:10 [5, 8512, 8571, 8507, 8578, 8750, 8566, 8623, 9025, 8466, 8696, -5]
510:74.19, 10:10 [5, 8710, 8899, 8786, -5]
511:92.86, 9:10 [5, 8947, 8997, 8850, -5]
512:51.80, 8:10 [5, 8809, 8430, 8444, 8805, -5]
513:142.39, 9:10 [5, 8759, 8709, 8746, 9000, -5]
514:63.20, 9:10 [5, 8857, 8999, 8961, -5]
515:108.63, 10:10 [5, 8586, 8633, 8643, 8494, -5]
516:181.37, 10:10 [5, 8879, 8771, 8788, 8814, -5]
517:75.08, 8:10 [5, 8876, 8434, 8815, 8929, -5]
518:216.36, 10:10 [5, 8670, 8714, 8695, 8993, 8552, 9023, 8641, -5]
519:102.69, 10:10 [5, 8887, 8835, 8848, 8619, 8621, 8737, 8674, -5]
520:42.19, 8:10 [5, 8849, 8616, 8575, -5]
521:94.96, 8:10 [5, 9019, 8740, 8985, 8435, 8734, -5]
522:50.55, 8:10 [5, 8898, 8833, 8491, 8756, -5]
524:98.90, 7:10 [5, 8893, 8860, 8484, 8523, -5]
525:107.66, 9:10 [5, 8624, 8677, 8536, -5]
527:90.75, 10:10 [5, 8487, 8911, 8675, 8671, 8954, -5]
528:105.63, 10:10 [5, 8603, 8693, 8646, -5]
fe: 6, se: 46

Day: 1, Time: 0
Total Cost: 4453.65
 11:94.59, 68:75 [3, 8, -8, -3]
 12:90.24, 74:75 [3, 9, -9, -3]
 13:94.59, 57:75 [3, 8, -8, -3]
 14:90.24, 64:75 [3, 9, -9, -3]
 15:90.24, 30:75 [3, 9, -9, -3]
801:46.16, 9:10 [8, 8801, 8878, 8901, -8]
802:117.36, 10:10 [8, 8703, 8735, 8682, 8868, 8519, -8]
803:129.68, 10:10 [8, 8678, 8538, 8949, 8732, 8803, 8806, -8]
804:73.67, 8:10 [8, 8627, 8463, -8]
805:78.28, 10:10 [8, 8472, 8864, 8725, 8427, -8]
806:101.62, 10:10 [8, 8811, 8790, 8844, 8908, 8914, -8]
807:85.94, 10:10 [8, 8535, 8630, 8534, 8618, 8511, -8]
808:90.96, 10:10 [8, 8691, 8449, 8602, 8517, -8]
809:102.60, 10:10 [8, 8895, 8644, 8905, 8930, 8769, 8964, -8]
810:68.50, 10:10 [8, 8529, 8486, 8591, -8]
811:123.17, 10:10 [8, 8531, 8688, 8526, 8502, 8657, -8]
812:4.00, 3:10 [8, 8471, -8]
813:31.42, 6:10 [8, 9022, 8598, -8]
814:50.84, 8:10 [8, 8822, 8665, 8851, 8751, -8]
816:85.33, 10:10 [8, 8915, 8869, 8766, 8858, -8]
817:96.49, 9:10 [8, 8922, 8977, 8754, 8916, -8]
818:117.70, 10:10 [8, 8442, 8425, 8731, 8824, 8755, 8827, -8]
819:88.03, 10:10 [8, 8455, 8986, 8960, 8464, 8996, -8]
820:102.68, 10:10 [8, 8978, 8669, 8453, 8969, 8807, 9030, 8713, -8]
821:118.63, 10:10 [8, 8631, 8617, 8485, 8452, -8]
822:41.55, 10:10 [8, 8459, 8928, 8668, 8717, 9014, -8]
901:99.85, 9:10 [9, 8527, 8984, 8648, 8842, 8663, -9]
902:100.81, 9:10 [9, 8802, 8474, 8770, 8520, 8650, -9]
903:182.01, 10:10 [9, 8570, 8421, 9005, 8454, 8649, 8889, 8499, 8938, 8955, -9]
904:116.67, 10:10 [9, 8587, 8748, 8543, 8606, 8632, -9]
905:172.63, 10:10 [9, 8941, 8555, 8488, 9001, 8924, 8615, 8867, -9]
906:99.12, 9:10 [9, 8469, 8513, 8672, 8424, -9]
907:139.90, 9:10 [9, 8721, 8549, 8664, 8447, 9007, -9]
908:122.57, 10:10 [9, 8503, 8639, 8605, 8910, 8919, 8532, 8610, 8862, -9]
909:30.68, 8:10 [9, 8980, 8700, 8995, -9]
910:116.27, 10:10 [9, 8927, 8818, 8778, 8667, 8836, -9]
911:95.69, 10:10 [9, 8498, 8841, 8524, 8563, 8470, -9]
912:103.43, 10:10 [9, 8443, 8812, 8891, 8760, 8885, 8625, -9]
913:20.74, 4:10 [9, 8557, 8692, -9]
914:120.48, 10:10 [9, 8856, 8789, 8723, 8840, 8797, -9]
915:61.50, 10:10 [9, 8774, 9011, 8902, -9]
916:30.53, 9:10 [9, 8877, 8859, 9028, 8934, -9]
919:63.48, 10:10 [9, 8468, 8956, 8798, 8787, 8904, -9]
920:92.88, 10:10 [9, 8912, 8704, 8968, 9013, -9]
922:139.76, 10:10 [9, 8881, 8582, 8738, 9020, 8834, -9]
923:128.10, 10:10 [9, 8951, 9009, 8742, 8515, 9006, 8853, 8967, -9]
924:139.17, 10:10 [9, 8800, 8594, 8990, 8937, 9034, 8694, 8976, -9]
925:62.83, 10:10 [9, 8440, 8673, 8497, 8562, -9]
fe: 5, se: 43

Day: 1, Time: 5
Total Cost: 5051.24
 11:66.27, 75:75 [2, 6, -6, -2]
 12:66.27, 50:75 [2, 6, -6, -2]
 13:66.27, 72:75 [2, 6, -6, -2]
 14:66.27, 61:75 [2, 6, -6, -2]
 15:145.23, 43:75 [2, 7, -7, -2]
 16:145.23, 64:75 [2, 7, -7, -2]
 22:66.27, 7:75 [2, 6, -6, -2]
 24:66.27, 10:75 [2, 6, -2]
601:54.61, 9:10 [6, 8875, 8718, 8826, -6]
602:132.85, 10:10 [6, 8656, 8608, 8637, 8574, 8476, -6]
603:98.46, 9:10 [6, 8823, 8558, 8913, 8921, 8580, -6]
604:55.38, 9:10 [6, 8982, 8920, 8707, -6]
605:162.75, 10:10 [6, 8729, 8647, 8962, 8942, 8490, -6]
606:113.04, 10:10 [6, 8863, 8597, 8989, 8583, 11329, -6]
607:74.10, 10:10 [6, 8880, 8588, 8658, 16428, 8599, -6]
608:143.95, 10:10 [6, 8478, 8892, 8772, 8634, 8433, 8736, 8475, -6]
609:87.62, 10:10 [6, 8699, 8514, 8426, 8745, 8481, -6]
610:134.52, 10:10 [6, 8510, 9010, 8728, 8462, 8974, 8932, 8917, 9032, -6]
611:86.68, 9:10 [6, 8943, 14763, 8855, -6]
612:126.60, 8:10 [6, 9015, 8886, 8903, -6]
613:73.87, 9:10 [6, 8579, 8883, 8560, 8432, 8940, -6]
614:97.78, 10:10 [6, 8820, 8918, 8830, 8925, -6]
615:115.33, 9:10 [6, 8456, 9021, 8431, 8551, 8799, -6]
616:43.22, 8:10 [6, 8785, 8839, -6]
617:160.10, 10:10 [6, 8652, 8923, 8829, 8963, 8781, -6]
618:76.06, 8:10 [6, 8945, 8681, 8970, 8819, -6]
619:13.88, 7:10 [6, 8661, 8496, -6]
620:103.38, 8:10 [6, 8958, 8965, 8516, 8845, 8441, -6]
621:48.40, 10:10 [6, 8957, 8614, 8423, -6]
622:127.49, 9:10 [6, 8565, 8501, 8752, 8846, 8651, 8831, 8445, 8719, -6]
623:105.37, 10:10 [6, 8705, 8998, 8753, 8720, -6]
624:131.31, 10:10 [6, 8662, 8946, 8460, 8530, 8744, -6]
625:85.64, 10:10 [6, 8584, 8612, 8437, 8477, 8554, -6]
626:45.71, 9:10 [6, 9017, 8936, 8724, 8473, -6]
627:91.88, 10:10 [6, 8852, 8521, 8730, 8832, 8777, -6]
628:104.12, 10:10 [6, 8873, 8888, 8764, 8722, 9033, 8743, -6]
629:110.35, 10:10 [6, 9004, 8739, 9031, -6]
630:28.28, 4:10 [6, 8572, -6]
631:139.37, 10:10 [6, 8979, 8900, 8872, 9012, -6]
632:77.73, 9:10 [6, 8773, 8589, 8679, 8550, -6]
633:108.61, 10:10 [6, 8569, 8793, 8537, 8528, 8629, -6]
634:86.10, 10:10 [6, 8461, 8655, 8553, 8896, -6]
635:76.53, 9:10 [6, 8686, 8500, 8542, -6]
638:77.63, 10:10 [6, 8762, 8939, 8567, 8680, 8825, 8508, -6]
701:4.00, 4:10 [7, 8765, -7]
702:69.24, 7:10 [7, 8838, 8676, 8609, 9008, 8604, -7]
703:35.87, 9:10 [7, 8708, 8861, 8935, -7]
704:185.13, 10:10 [7, 9026, 8561, 8758, 8576, 8638, 8645, 8483, 9027, 9029, -7]
705:70.36, 10:10 [7, 8747, 8813, 8763, 8791, -7]
706:61.22, 7:10 [7, 8702, 8890, 8653, 8733, 8522, -7]
707:56.01, 9:10 [7, 8783, 8684, 8909, 8654, -7]
708:38.28, 7:10 [7, 8666, 8689, 8559, -7]
709:34.29, 9:10 [7, 8907, 8547, 8715, 8775, -7]
710:49.35, 9:10 [7, 8944, 8843, 8779, -7]
711:90.51, 9:10 [7, 8767, 8897, 8761, 8966, -7]
712:62.41, 8:10 [7, 8596, 8973, 9003, 8592, -7]
713:145.31, 10:10 [7, 8467, 8533, 8792, 8906, 8590, 8611, 8540, -7]
714:62.47, 10:10 [7, 8438, 8871, 8465, 8741, 9018, -7]
fe: 8, se: 50

Day: 1, Time: 40
Total Cost: 352.36
 11:66.27, 13:75 [2, -6, -2]
601:139.97, 8:10 [6, 11701, 13409, -6]
602:146.12, 5:10 [6, 12663, 15946, -6]
fe: 1, se: 2

Day: 1, Time: 45
Total Cost: 174.68
 11:66.27, 1:75 [2, -6, -2]
601:108.41, 1:10 [6, 10887, -6]
fe: 1, se: 1

Day: 1, Time: 50
Total Cost: 176.11
 11:66.27, 1:75 [2, -6, -2]
601:109.84, 1:10 [6, 12201, -6]
fe: 1, se: 1

Day: 1, Time: 60
Total Cost: 217.82
 11:66.27, 4:75 [2, -6, -2]
601:72.50, 2:10 [6, 13505, -6]
602:79.05, 2:10 [6, 9899, 15310, -6]
fe: 1, se: 2

Day: 1, Time: 60
Total Cost: 596.97
 11:94.59, 5:75 [3, -8, -3]
 12:90.24, 5:75 [3, -9, -3]
 13:90.24, 4:75 [3, -9, -3]
801:120.69, 5:10 [8, 9266, 13228, 14026, -8]
901:98.24, 5:10 [9, 15729, 15668, 10467, -9]
902:102.97, 4:10 [9, 15624, 10523, -9]
fe: 3, se: 3

Day: 1, Time: 65
Total Cost: 519.06
 11:136.01, 5:75 [1, -4, -1]
 12:153.31, 6:75 [1, -5, -1]
401:52.95, 5:10 [4, 12142, 10020, -4]
501:131.67, 5:10 [5, 13997, 10155, -5]
502:45.12, 1:10 [5, 10008, -5]
fe: 2, se: 3

Day: 1, Time: 85
Total Cost: 177.72
 11:153.31, 3:75 [1, -5, -1]
501:24.41, 3:10 [5, 14703, -5]
fe: 1, se: 1

Day: 1, Time: 90
Total Cost: 383.13
 11:66.27, 8:75 [2, -6, -2]
 12:66.27, 3:75 [2, -6, -2]
601:42.52, 3:10 [6, 15575, -6]
602:119.50, 5:10 [6, 9402, 10325, -6]
603:88.57, 3:10 [6, 14214, -6]
fe: 2, se: 3

Day: 1, Time: 100
Total Cost: 994.99
 11:136.01, 7:75 [1, -4, -1]
 12:136.01, 4:75 [1, -4, -1]
 13:153.31, 6:75 [1, -5, -1]
401:89.31, 4:10 [4, 9634, -4]
402:229.70, 4:10 [4, 16321, 15997, -4]
403:88.57, 3:10 [4, 10166, -4]
501:162.07, 6:10 [5, 16224, 15143, -5]
fe: 3, se: 4

Day: 1, Time: 110
Total Cost: 538.33
 11:90.24, 11:75 [3, -9, -3]
 12:90.24, 7:75 [3, -9, -3]
901:109.44, 7:10 [9, 15218, 11950, -9]
902:70.94, 3:10 [9, 15815, -9]
903:114.34, 4:10 [9, 16478, 15202, -9]
904:63.13, 4:10 [9, 14812, 10834, -9]
fe: 2, se: 4

Day: 1, Time: 115
Total Cost: 183.28
 11:90.24, 3:75 [3, -9, -3]
901:93.04, 3:10 [9, 14337, -9]
fe: 1, se: 1

Day: 1, Time: 120
Total Cost: 242.16
 12:66.27, 19:75 [2, -6, -2]
601:92.19, 9:10 [6, 11097, 16845, 12749, -6]
602:83.70, 10:10 [6, 12219, 15322, 11782, -6]
fe: 1, se: 2

Day: 1, Time: 125
Total Cost: 356.52
 11:90.24, 6:75 [3, -9, -3]
 12:90.24, 7:75 [3, -9, -3]
901:80.65, 7:10 [9, 9482, 13155, -9]
902:95.38, 6:10 [9, 9149, 13377, -9]
fe: 2, se: 2

Day: 1, Time: 130
Total Cost: 812.59
 11:136.01, 7:75 [1, -4, -1]
 12:136.01, 3:75 [1, -4, -1]
 13:153.31, 5:75 [1, -5, -1]
401:207.78, 7:10 [4, 9548, 16771, 14416, -4]
402:101.55, 3:10 [4, 12938, -4]
501:51.61, 4:10 [5, 13011, -5]
502:26.31, 1:10 [5, 16663, -5]
fe: 3, se: 4

Day: 1, Time: 130
Total Cost: 259.60
 11:66.27, 3:75 [2, -6, -2]
601:110.45, 2:10 [6, 13972, -6]
602:82.87, 1:10 [6, 10484, -6]
fe: 1, se: 2

Day: 1, Time: 140
Total Cost: 516.95
 11:153.31, 9:75 [1, -5, -1]
 12:136.01, 2:75 [1, -4, -1]
401:68.88, 2:10 [4, 10534, -4]
501:158.75, 9:10 [5, 16796, 14099, 10975, -5]
fe: 2, se: 2

Day: 1, Time: 140
Total Cost: 181.36
 11:94.59, 4:75 [3, -8, -3]
801:86.76, 4:10 [8, 12519, -8]
fe: 1, se: 1

Day: 1, Time: 145
Total Cost: 173.90
 11:153.31, 1:75 [1, -5, -1]
501:20.59, 1:10 [5, 13048, -5]
fe: 1, se: 1

Day: 1, Time: 150
Total Cost: 235.54
 11:94.59, 8:75 [3, -8, -3]
801:100.50, 4:10 [8, 12418, -8]
802:40.45, 4:10 [8, 16222, -8]
fe: 1, se: 2

Day: 1, Time: 155
Total Cost: 660.60
 11:66.27, 6:75 [2, -6, -2]
 12:66.27, 1:75 [2, -6, -2]
 13:145.23, 4:75 [2, -7, -2]
601:108.82, 5:10 [6, 16904, 16172, 9181, -6]
602:153.70, 1:10 [6, 12734, -6]
603:62.61, 1:10 [6, 15424, -6]
701:57.69, 4:10 [7, 16520, -7]
fe: 3, se: 4

Day: 1, Time: 160
Total Cost: 189.37
 11:153.31, 2:75 [1, -5, -1]
501:36.06, 2:10 [5, 14922, -5]
fe: 1, se: 1

Day: 1, Time: 165
Total Cost: 282.82
 12:90.24, 4:75 [3, -9, -3]
901:94.90, 2:10 [9, 11938, 15704, -9]
902:97.67, 2:10 [9, 11642, -9]
fe: 1, se: 2

Day: 1, Time: 170
Total Cost: 221.57
 11:153.31, 1:75 [1, -5, -1]
501:68.26, 1:10 [5, 9902, -5]
fe: 1, se: 1

Day: 1, Time: 170
Total Cost: 89.12
 11:66.27, 6:75 [2, -6, -2]
601:22.85, 6:10 [6, 16956, 16426, -6]
fe: 1, se: 1

Day: 1, Time: 180
Total Cost: 382.84
 11:94.59, 3:75 [3, -8, -3]
 12:90.24, 7:75 [3, -9, -3]
801:70.46, 3:10 [8, 13386, -8]
901:127.54, 7:10 [9, 11588, 10480, -9]
fe: 2, se: 2

Day: 1, Time: 200
Total Cost: 415.75
 11:136.01, 17:75 [1, -4, -1]
401:167.23, 10:10 [4, 9209, 15888, 14010, 11890, -4]
402:112.50, 7:10 [4, 16770, 13601, 13634, 9519, -4]
fe: 1, se: 2

Day: 1, Time: 285
Total Cost: 998.16
 11:90.24, 48:75 [3, -9, -3]
 12:94.59, 15:75 [3, -8, -3]
801:112.35, 7:10 [8, 13644, 12829, 12886, -8]
803:98.19, 8:10 [8, 14048, 15016, 12240, 11249, -8]
901:129.61, 9:10 [9, 15019, 11495, 16599, 11617, -9]
902:134.54, 10:10 [9, 11041, 11797, 9169, 11619, -9]
903:134.30, 9:10 [9, 14956, 11109, 9576, 15599, 9662, -9]
904:111.31, 10:10 [9, 14790, 12847, 14146, -9]
905:93.01, 10:10 [9, 15335, 10792, 10436, -9]
fe: 2, se: 7

Day: 1, Time: 290
Total Cost: 778.88
 11:66.27, 56:75 [2, -6, -2]
601:89.39, 10:10 [6, 11092, 13698, 13602, 10596, 17005, -6]
602:98.17, 10:10 [6, 12451, 14188, 11121, 16286, 10440, -6]
603:64.79, 8:10 [6, 9627, 10157, -6]
604:166.08, 10:10 [6, 14872, 13245, 10474, 14834, -6]
605:130.91, 10:10 [6, 9793, 13043, 16386, -6]
607:163.27, 8:10 [6, 15960, 16124, 13368, 14573, 13079, -6]
fe: 1, se: 6

Day: 1, Time: 295
Total Cost: 368.11
 11:94.59, 12:75 [3, -8, -3]
801:86.91, 5:10 [8, 14486, 12216, 11476, -8]
802:186.61, 7:10 [8, 14869, 15359, 11177, 16040, -8]
fe: 1, se: 2

Day: 1, Time: 300
Total Cost: 748.82
 11:136.01, 27:75 [1, -4, -1]
 12:153.31, 10:75 [1, -5, -1]
401:99.42, 8:10 [4, 9660, 9593, 10683, -4]
402:106.21, 10:10 [4, 14515, 16641, 16167, 11443, -4]
403:112.23, 9:10 [4, 13039, 13692, 14826, 12837, -4]
501:65.06, 2:10 [5, 14294, 15087, -5]
502:76.57, 8:10 [5, 16689, 15373, 16581, 15462, -5]
fe: 2, se: 5

Day: 1, Time: 300
Total Cost: 237.27
 11:90.24, 6:75 [3, -9, -3]
901:147.02, 6:10 [9, 11558, 16680, -9]
fe: 1, se: 1

Day: 1, Time: 305
Total Cost: 258.79
 11:145.23, 5:75 [2, -7, -2]
701:113.56, 5:10 [7, 15688, 16436, -7]
fe: 1, se: 1

Day: 1, Time: 360
Total Cost: 1189.38
 11:136.01, 24:75 [1, 4, -4, -1]
 12:153.31, 10:75 [1, 5, -5, -1]
401:146.42, 7:10 [4, 51, 212, 11429, -4]
402:140.10, 3:10 [4, 140, 279, 15558, -4]
403:131.94, 7:10 [4, 75, 6676, 107, 53, -4]
404:61.61, 2:10 [4, 10016, -4]
405:174.37, 7:10 [4, 286, 792, -4]
501:147.37, 10:10 [5, 232, 73, 95, -5]
502:98.24, 8:10 [5, 16471, 16217, 13481, -5]
fe: 2, se: 7

Day: 1, Time: 390
Total Cost: 643.06
 11:66.27, 40:75 [2, -6, -2]
601:114.58, 5:10 [6, 11942, 9527, -6]
603:64.99, 9:10 [6, 11417, 15199, 14946, -6]
604:150.39, 10:10 [6, 16676, 12598, 9690, 10943, -6]
605:114.98, 6:10 [6, 11930, 15225, 10716, -6]
606:131.84, 10:10 [6, 11611, 10735, 15784, 9268, -6]
fe: 1, se: 5

Day: 1, Time: 405
Total Cost: 2046.06
 11:136.01, 39:75 [1, 4, -4, -1]
 12:153.31, 53:75 [1, 5, -5, -1]
401:47.23, 2:10 [4, 33, 576, 10785, -4]
402:87.44, 5:10 [4, 141, 290, -4]
403:86.73, 2:10 [4, 218, 2197, -4]
404:63.98, 8:10 [4, 323, 215, 134, -4]
405:69.78, 6:10 [4, 196, 319, 49, -4]
406:88.57, 2:10 [4, 3973, -4]
407:84.41, 5:10 [4, 10504, 155, -4]
409:67.87, 5:10 [4, 11040, 287, -4]
410:177.61, 8:10 [4, 153, 5647, 4815, -4]
411:41.23, 1:10 [4, 6620, -4]
501:72.50, 3:10 [5, 200, 259, -5]
502:67.07, 5:10 [5, 2144, 101, -5]
503:82.22, 2:10 [5, 1548, -5]
504:131.83, 6:10 [5, 11295, 328, -5]
505:79.32, 3:10 [5, 35, -5]
506:70.62, 4:10 [5, 4538, 274, -5]
507:79.70, 2:10 [5, 116, -5]
508:60.01, 7:10 [5, 261, 340, 85, -5]
509:59.34, 8:10 [5, 185, 191, 113, -5]
510:29.69, 7:10 [5, 4465, 12277, 122, -5]
511:79.62, 3:10 [5, 10, -5]
513:49.07, 5:10 [5, 87, 99, -5]
514:80.89, 1:10 [5, 275, -5]
fe: 2, se: 23

Day: 1, Time: 405
Total Cost: 1112.11
 11:66.27, 29:75 [2, 6, -6, -2]
 12:145.23, 30:75 [2, 7, -7, -2]
601:131.96, 7:10 [6, 295, 298, 4057, -6]
602:129.41, 6:10 [6, 9807, 187, -6]
603:127.45, 5:10 [6, 10481, 263, 184, -6]
604:129.29, 9:10 [6, 11828, 192, 270, -6]
605:121.34, 10:10 [6, 1318, 111, 293, 76, -6]
701:62.48, 8:10 [7, 4321, 117, 131, -7]
702:59.65, 7:10 [7, 15525, 37, 3829, -7]
703:45.77, 6:10 [7, 79, 278, 7039, 225, -7]
704:10.00, 3:10 [7, 59, -7]
706:83.27, 7:10 [7, 1476, 8240, -7]
fe: 2, se: 10

Day: 1, Time: 405
Total Cost: 1622.18
 11:94.59, 33:75 [3, 8, -8, -3]
 13:90.24, 33:75 [3, 9, -9, -3]
801:120.48, 4:10 [8, 15269, 15167, 12580, -8]
802:111.44, 10:10 [8, 5524, 3529, 32, -8]
803:91.59, 6:10 [8, 7973, 77, 105, -8]
804:117.37, 5:10 [8, 322, 34, 10118, -8]
805:106.87, 9:10 [8, 6632, 257, 120, -8]
807:95.60, 7:10 [8, 9554, 11539, 119, -8]
901:102.98, 10:10 [9, 28, 149, 94, 241, -9]
902:111.03, 8:10 [9, 17040, 12792, 162, -9]
903:105.07, 7:10 [9, 16163, 13882, 30, -9]
904:108.63, 7:10 [9, 4719, 329, 2554, -9]
905:105.93, 9:10 [9, 138, 16920, 14419, 7731, -9]
906:118.96, 9:10 [9, 10765, 245, 5282, -9]
907:53.37, 3:10 [9, 12816, -9]
908:88.03, 7:10 [9, 13376, 12, 320, 14982, -9]
fe: 2, se: 14

Day: 1, Time: 410
Total Cost: 320.10
 11:151.76, 6:75 [2, -6, -7, -2]
601:134.16, 2:10 [6, 14448, -6]
701:34.18, 4:10 [7, 14361, -7]
fe: 1, se: 2

Day: 1, Time: 415
Total Cost: 275.51
 11:153.31, 1:75 [1, -5, -1]
501:122.20, 1:10 [5, 14890, -5]
fe: 1, se: 1

Day: 1, Time: 420
Total Cost: 265.95
 11:153.31, 4:75 [1, -5, -1]
501:112.64, 4:10 [5, 9357, -5]
fe: 1, se: 1

Day: 1, Time: 435
Total Cost: 161.40
 11:90.24, 6:75 [3, -9, -3]
901:71.16, 6:10 [9, 11281, 14961, -9]
fe: 1, se: 1

Day: 1, Time: 440
Total Cost: 107.50
 11:66.27, 2:75 [2, -6, -2]
601:41.23, 2:10 [6, 10488, -6]
fe: 1, se: 1

Day: 1, Time: 450
Total Cost: 903.53
 11:136.01, 20:75 [1, 4, -1]
 12:153.31, 2:75 [1, 5, -1]
401:8.00, 4:10 [4, 226, -4]
402:10.00, 1:10 [4, 156, -4]
403:116.68, 7:10 [4, 228, 255, -4]
404:131.10, 2:10 [4, 6512, -4]
405:127.01, 3:10 [4, 332, -4]
406:118.96, 3:10 [4, 7125, -4]
501:102.45, 2:10 [5, 154, -5]
fe: 2, se: 7

Day: 1, Time: 450
Total Cost: 877.13
 11:66.27, 25:75 [2, 6, -2]
601:71.22, 4:10 [6, 307, -6]
602:78.59, 2:10 [6, 1844, -6]
603:76.16, 2:10 [6, 262, -6]
604:72.28, 4:10 [6, 3728, -6]
605:69.34, 2:10 [6, 7788, -6]
606:82.10, 1:10 [6, 260, -6]
607:73.24, 2:10 [6, 2952, -6]
608:82.39, 2:10 [6, 205, -6]
609:75.39, 1:10 [6, 312, -6]
610:66.03, 4:10 [6, 45, -6]
611:64.12, 1:10 [6, 64, -6]
fe: 1, se: 11

Day: 1, Time: 450
Total Cost: 539.33
 11:94.59, 7:75 [3, 8, -3]
 12:90.24, 12:75 [3, 9, -3]
801:41.23, 1:10 [8, 204, -8]
802:44.72, 1:10 [8, 198, -8]
803:43.17, 1:10 [8, 8214, -8]
804:36.06, 4:10 [8, 944, -8]
901:53.37, 2:10 [9, 289, -9]
902:42.19, 5:10 [9, 22, 114, -9]
903:49.48, 1:10 [9, 1794, -9]
904:44.27, 4:10 [9, 16, -9]
fe: 2, se: 8

Day: 1, Time: 460
Total Cost: 1272.67
 11:136.01, 33:75 [1, 4, -1]
 12:153.31, 40:75 [1, 5, -1]
401:102.70, 4:10 [4, 136, -4]
402:70.91, 6:10 [4, 139, 168, -4]
403:67.47, 10:10 [4, 280, 65, 130, -4]
404:88.72, 6:10 [4, 296, 242, -4]
405:71.37, 7:10 [4, 325, 14, 13, -4]
501:91.30, 2:10 [5, 217, -5]
502:75.47, 5:10 [5, 235, 213, -5]
503:75.46, 5:10 [5, 4696, 3092, -5]
504:83.74, 7:10 [5, 7256, 341, -5]
505:44.81, 5:10 [5, 324, 223, -5]
506:80.05, 5:10 [5, 89, 17, -5]
507:69.37, 5:10 [5, 459, 227, -5]
508:61.97, 6:10 [5, 144, 343, -5]
fe: 2, se: 13

Day: 1, Time: 460
Total Cost: 945.15
 11:66.27, 47:75 [2, 6, -2]
601:58.82, 3:10 [6, 161, -6]
602:51.22, 6:10 [6, 4248, 281, -6]
603:147.35, 9:10 [6, 189, 27, 266, -6]
604:150.12, 8:10 [6, 42, 243, 211, -6]
605:42.43, 1:10 [6, 201, -6]
606:145.32, 5:10 [6, 1790, 214, -6]
607:165.44, 6:10 [6, 240, 67, -6]
608:118.18, 9:10 [6, 92, 288, 6232, 321, -6]
fe: 1, se: 8

Day: 1, Time: 460
Total Cost: 1164.64
 11:94.59, 41:75 [3, 8, -3]
 12:90.24, 34:75 [3, 9, -3]
801:103.46, 3:10 [8, 246, 127, 6734, -8]
802:119.53, 10:10 [8, 193, 165, 19, 62, -8]
803:112.59, 8:10 [8, 63, 210, -8]
804:17.42, 7:10 [8, 271, 7534, -8]
805:111.70, 9:10 [8, 2407, 712, 183, -8]
806:33.53, 4:10 [8, 310, -8]
901:34.18, 1:10 [9, 297, -9]
902:125.68, 9:10 [9, 253, 249, 302, -9]
903:134.47, 5:10 [9, 276, 231, 291, -9]
904:112.71, 10:10 [9, 7482, 180, 8155, -9]
905:24.30, 3:10 [9, 182, 43, -9]
906:24.94, 4:10 [9, 50, 239, -9]
907:25.30, 2:10 [9, 56, -9]
fe: 2, se: 13

Day: 1, Time: 495
Total Cost: 560.54
 11:136.01, 24:75 [1, 4, -1]
 12:153.31, 12:75 [1, 5, -1]
401:27.20, 3:10 [4, 15, -4]
402:22.41, 5:10 [4, 166, 188, -4]
403:36.50, 3:10 [4, 300, -4]
404:37.58, 4:10 [4, 181, -4]
405:30.44, 5:10 [4, 344, 238, -4]
406:34.41, 4:10 [4, 18, -4]
501:11.40, 3:10 [5, 3248, 40, -5]
502:14.14, 1:10 [5, 3511, -5]
503:8.25, 1:10 [5, 23, -5]
504:26.08, 3:10 [5, 277, -5]
505:22.80, 4:10 [5, 267, -5]
fe: 2, se: 11

Day: 1, Time: 495
Total Cost: 1685.38
 11:66.27, 66:75 [2, 6, -2]
 12:145.23, 6:75 [2, 7, -2]
601:93.51, 5:10 [6, 301, 169, -6]
602:81.86, 3:10 [6, 61, 209, -6]
603:78.71, 4:10 [6, 143, -6]
604:80.64, 7:10 [6, 179, 208, 108, -6]
605:85.16, 6:10 [6, 247, 7532, -6]
606:72.80, 3:10 [6, 224, -6]
607:68.63, 3:10 [6, 330, 110, -6]
608:88.17, 2:10 [6, 121, 7014, -6]
609:97.17, 5:10 [6, 316, 186, -6]
610:95.32, 4:10 [6, 78, 97, -6]
611:89.06, 7:10 [6, 194, 269, -6]
612:111.57, 2:10 [6, 147, -6]
613:104.65, 3:10 [6, 6013, -6]
614:105.77, 2:10 [6, 163, -6]
615:99.07, 8:10 [6, 222, 11, -6]
616:71.61, 2:10 [6, 48, -6]
701:24.08, 4:10 [7, 150, -7]
702:26.08, 2:10 [7, 244, -7]
fe: 2, se: 18

Day: 1, Time: 495
Total Cost: 1497.46
 11:94.59, 19:75 [3, 8, -3]
 12:90.24, 51:75 [3, 9, -3]
801:61.08, 5:10 [8, 38, 39, -8]
802:68.78, 3:10 [8, 4044, 171, -8]
803:70.34, 3:10 [8, 133, -8]
804:48.41, 3:10 [8, 8266, -8]
805:79.65, 4:10 [8, 176, -8]
806:68.96, 1:10 [8, 4059, -8]
901:75.21, 4:10 [9, 74, 309, -9]
902:61.11, 9:10 [9, 175, 314, 6453, -9]
903:75.33, 5:10 [9, 90, 72, -9]
904:48.83, 1:10 [9, 129, -9]
905:36.77, 3:10 [9, 125, -9]
906:65.79, 8:10 [9, 167, 81, -9]
907:89.44, 4:10 [9, 96, -9]
908:89.29, 1:10 [9, 4358, -9]
909:79.12, 3:10 [9, 36, -9]
910:86.83, 2:10 [9, 284, -9]
911:88.54, 4:10 [9, 3011, -9]
912:60.03, 4:10 [9, 258, -9]
913:59.09, 3:10 [9, 6073, -9]
fe: 2, se: 19

Day: 1, Time: 525
Total Cost: 298.33
 11:66.27, 25:75 [2, 6, -2]
601:29.20, 7:10 [6, 115, 132, -6]
602:29.74, 6:10 [6, 2898, 100, -6]
603:48.37, 2:10 [6, 5307, -6]
604:47.54, 4:10 [6, 84, -6]
605:37.21, 5:10 [6, 195, 20, -6]
606:40.00, 1:10 [6, 52, -6]
fe: 1, se: 6

Day: 1, Time: 525
Total Cost: 261.40
 11:94.59, 5:75 [3, 8, -3]
 12:90.24, 4:75 [3, 9, -3]
801:21.54, 4:10 [8, 190, -8]
802:18.44, 1:10 [8, 157, -8]
901:24.41, 1:10 [9, 207, -9]
902:12.17, 3:10 [9, 44, -9]
fe: 2, se: 4


Day	Area	ID	Time	Load	Utilization	NoOrders	AssignmentCost
1	1	 8	315	 55	0.73	25	625.00
1	1	 9	360	 24	0.32	10	315.00
1	1	119	400	 50	0.33	19	1150.00
1	1	10	405	 69	0.92	23	765.00
1	1	11	450	 15	0.17	 7	180.00
1	1	123	800	 70	0.58	30	1860.00
1	1	19	810	 60	1.00	26	810.00
1	1	38	810	 60	1.00	25	810.00
1	2	136	300	 17	0.11	 7	490.00
1	2	46	315	 75	1.00	30	825.00
1	2	65	315	  8	0.11	 3	155.00
1	2	47	360	 13	0.17	 7	205.00
1	2	137	400	 92	0.61	35	1990.00
1	2	48	405	 52	0.69	20	595.00
1	2	49	450	  5	0.06	 2	100.00
1	2	141	800	120	1.00	49	3060.00
1	2	150	800	  9	0.08	 3	396.00
1	2	57	810	 60	1.00	25	810.00
1	2	76	810	 60	1.00	25	810.00
1	3	154	300	 17	0.11	 6	490.00
1	3	84	315	 74	0.99	33	815.00
1	3	103	315	  4	0.05	 1	115.00
1	3	85	360	 29	0.39	11	365.00
1	3	155	400	 53	0.35	20	1210.00
1	3	86	405	 57	0.76	26	645.00
1	3	87	450	 16	0.18	 6	188.00
1	3	159	800	112	0.93	44	2868.00
1	3	95	810	 60	1.00	25	810.00
1	3	114	810	 60	1.00	24	810.00


Day	Area	Time	Pickup	Delivery	Direct	FEVehicles	SEVehicles	ALNSTime	ALNSBestTime	RoutingCostArea
1	1	0	98	97	0	6	46	177.18	130.34	5756.77
1	1	65	5	0	0	2	3	0.61	0.00	519.06
1	1	85	1	0	1	1	1	0.19	0.00	677.72
1	1	100	6	0	0	3	4	0.74	0.00	994.99
1	1	130	6	0	0	3	4	0.64	0.00	812.59
1	1	140	4	0	0	2	2	0.52	0.00	516.95
1	1	145	1	0	1	1	1	0.18	0.00	673.90
1	1	160	1	0	1	1	1	0.18	0.00	689.37
1	1	170	1	0	1	1	1	0.19	0.00	721.57
1	1	200	8	0	0	1	2	0.65	0.00	415.75
1	1	300	17	0	0	2	5	1.35	0.00	748.82
1	1	360	6	13	0	2	7	1.84	0.14	1189.38
1	1	405	5	41	0	2	23	5.43	0.00	2046.06
1	1	415	1	0	0	1	1	0.19	0.00	275.51
1	1	420	1	0	0	1	1	0.19	0.00	265.95
1	1	450	0	8	0	2	7	0.44	0.00	903.53
1	1	460	0	26	0	2	13	2.91	0.77	1272.67
1	1	495	0	14	0	2	11	0.94	0.00	560.54
1	2	5	126	94	0	8	50	372.15	261.25	5051.24
1	2	40	4	0	0	1	2	0.42	0.00	352.36
1	2	45	1	0	0	1	1	0.20	0.00	174.68
1	2	50	1	0	0	1	1	0.19	0.00	176.11
1	2	60	3	0	0	1	2	0.30	0.00	217.82
1	2	90	4	0	0	2	3	0.38	0.00	383.13
1	2	120	6	0	0	1	2	0.50	0.02	242.16
1	2	130	2	0	0	1	2	0.27	0.00	259.60
1	2	155	6	0	1	3	4	0.52	0.00	1160.60
1	2	170	2	0	1	1	1	0.24	0.00	589.12
1	2	290	24	0	0	1	6	2.59	0.57	778.88
1	2	305	2	0	0	1	1	0.29	0.00	258.79
1	2	390	16	0	0	1	5	1.29	0.00	643.06
1	2	405	4	24	0	2	10	3.96	2.56	1112.11
1	2	410	2	0	0	1	2	0.28	0.00	320.10
1	2	440	1	0	0	1	1	0.18	0.00	107.50
1	2	450	0	11	0	1	11	0.73	0.00	877.13
1	2	460	0	18	0	1	8	2.18	0.59	945.15
1	2	495	0	29	0	2	18	2.29	0.00	1685.38
1	2	525	0	9	2	1	6	0.62	0.00	1298.33
1	3	0	114	89	0	5	43	330.66	287.68	4453.65
1	3	60	8	0	0	3	3	0.82	0.00	596.97
1	3	110	7	0	0	2	4	0.90	0.16	538.33
1	3	115	1	0	0	1	1	0.18	0.00	183.28
1	3	125	4	0	0	2	2	0.55	0.00	356.52
1	3	140	1	0	0	1	1	0.19	0.00	181.36
1	3	150	2	0	0	1	2	0.27	0.00	235.54
1	3	165	3	0	0	1	2	0.39	0.12	282.82
1	3	180	3	0	0	2	2	0.27	0.00	382.84
1	3	285	26	0	0	2	7	3.16	2.13	998.16
1	3	295	7	0	0	1	2	0.60	0.00	368.11
1	3	300	2	0	0	1	1	0.29	0.00	237.27
1	3	405	16	27	0	2	14	15.12	12.14	1622.18
1	3	435	2	0	0	1	1	0.31	0.00	161.40
1	3	450	0	9	0	2	8	0.57	0.00	539.33
1	3	460	0	30	0	2	13	2.14	0.07	1164.64
1	3	495	0	26	0	2	19	2.19	0.00	1497.46
1	3	525	0	4	0	2	4	0.44	0.00	261.40

Day	SL	Own	DispatchTimes	AssignmentCost	RoutingCost	TotalCost
1	20	9	38	24267.00	49735.64	74002.64

Total Cost: 74002.64414650215
Cost per Day: 74002.64414650215
Running time in Seconds: 1022.03
Running time in minutes: 17.033833333333334