INSTANCE: 3hubs_A_41_x.csv
PARAMETER: ldp_standard.txt
POLICY: LATEST DEPARTURE
ALPHA: 0.0
BETA: 69
OMEGA: 586
EPSILON: 1.0

Day: 1, Time: 0
Total Cost: 5226.82
 11:136.01, 71:75 [1, 4, -4, -1]
 12:136.01, 48:75 [1, 4, -4, -1]
 13:136.01, 56:75 [1, 4, -4, -1]
 14:136.01, 18:75 [1, 4, -4, -1]
 15:153.31, 55:75 [1, 5, -5, -1]
 16:153.31, 64:75 [1, 5, -5, -1]
 17:153.31, 20:75 [1, 5, -5, -1]
401:46.27, 9:10 [4, 8722, 8779, 8803, -4]
402:103.38, 10:10 [4, 8600, 8911, 8529, 8508, -4]
403:81.99, 10:10 [4, 9027, 8995, 8750, -4]
404:86.23, 10:10 [4, 8839, 8454, 8703, 8852, 8882, -4]
405:114.90, 10:10 [4, 8749, 8977, 8933, 8488, -4]
407:168.08, 10:10 [4, 8466, 8817, 8486, 8564, -4]
408:143.81, 10:10 [4, 9021, 8798, 8765, 8545, 8953, -4]
409:96.30, 10:10 [4, 8896, 8625, 9026, 8617, 8957, -4]
410:126.54, 10:10 [4, 8507, 8490, 8424, 8687, 8715, 8441, -4]
411:143.57, 10:10 [4, 8757, 8761, 8847, 8695, 8819, 8728, -4]
412:158.81, 1:10 [4, 8890, -4]
413:63.88, 10:10 [4, 8858, 8637, 8643, 8662, 8934, -4]
414:149.08, 10:10 [4, 8891, 8717, 8834, 8913, -4]
416:101.44, 9:10 [4, 8660, 8428, 8611, -4]
418:112.44, 9:10 [4, 8796, 8707, 8994, 9000, -4]
419:86.56, 10:10 [4, 8810, 9012, 8808, 8772, -4]
420:95.06, 8:10 [4, 8788, 8829, 8909, 8554, 8755, -4]
423:75.11, 8:10 [4, 8887, 8672, 8680, 8952, 8965, 8904, 8868, -4]
424:115.44, 9:10 [4, 8878, 8997, 8543, 8766, 8690, -4]
425:67.07, 8:10 [4, 8498, 8442, 8446, -4]
427:65.55, 10:10 [4, 8607, 8701, 8491, 8805, 8773, 8489, 8885, -4]
428:154.75, 9:10 [4, 8763, 9030, 8774, 8874, 8538, 9003, 8992, -4]
430:154.19, 10:10 [4, 8861, 8856, 8505, 8450, 8628, -4]
501:40.86, 4:10 [5, 8432, 8530, -5]
502:73.25, 10:10 [5, 8928, 8721, 9002, 8811, -5]
503:118.02, 9:10 [5, 8456, 8423, 8647, 8764, 8747, 8674, 8472, 8439, -5]
504:113.42, 9:10 [5, 8493, 8500, 8675, -5]
505:87.92, 9:10 [5, 9024, 8797, 8919, 8801, -5]
506:163.25, 10:10 [5, 8524, 8528, 8444, 8612, -5]
507:59.84, 8:10 [5, 8866, 8754, 8734, -5]
508:30.59, 10:10 [5, 9022, 8976, 8443, -5]
509:81.17, 10:10 [5, 8916, 8469, 8562, 8551, 8596, -5]
510:85.18, 9:10 [5, 8792, 8830, 9009, 8462, -5]
511:119.03, 10:10 [5, 8987, 8561, 8780, 8548, 8582, 8924, 8468, -5]
512:73.47, 10:10 [5, 8883, 8961, 8962, 8492, -5]
513:169.93, 10:10 [5, 8431, 8696, 8630, -5]
514:128.92, 10:10 [5, 9005, 8857, 8706, 8914, 8960, -5]
515:88.44, 7:10 [5, 8931, 8435, 8782, 8759, -5]
516:178.51, 6:10 [5, 8838, 8686, 8837, 8586, -5]
517:47.44, 6:10 [5, 8884, 8714, -5]
519:53.14, 7:10 [5, 8906, 8907, 8573, 8864, -5]
fe: 7, se: 41

Day: 1, Time: 0
Total Cost: 4951.17
 11:66.27, 74:75 [2, 6, -6, -2]
 12:66.27, 50:75 [2, 6, -6, -2]
 13:66.27, 63:75 [2, 6, -6, -2]
 14:66.27, 27:75 [2, 6, -6, -2]
 15:66.27, 10:75 [2, 6, -6, -2]
 17:145.23, 72:75 [2, 7, -7, -2]
 18:145.23, 55:75 [2, 7, -7, -2]
601:38.72, 8:10 [6, 8688, 8636, -6]
602:110.22, 8:10 [6, 8877, 8828, 8988, -6]
603:92.33, 9:10 [6, 8705, 8665, 8966, 8768, 8930, 8923, 8840, 8460, -6]
604:122.08, 10:10 [6, 8512, 8614, 8716, 8559, 8736, 8771, -6]
605:162.10, 10:10 [6, 8578, 8888, 9017, 8509, 8876, 8563, 9029, -6]
606:68.66, 10:10 [6, 8733, 8504, 8547, 8666, -6]
607:148.08, 10:10 [6, 8968, 8753, 9034, 9015, 9004, 8899, 8932, -6]
608:85.09, 10:10 [6, 8589, 8453, 8565, -6]
609:86.27, 10:10 [6, 8791, 9028, 8964, -6]
610:41.36, 8:10 [6, 8841, 8939, -6]
611:122.07, 8:10 [6, 8727, 8581, 8869, 8479, 8689, 8609, 9014, -6]
612:99.28, 10:10 [6, 8598, 8629, 8481, 8580, -6]
613:95.46, 10:10 [6, 8719, 8937, 8708, 8865, 8855, -6]
614:125.07, 10:10 [6, 8981, 8671, 8802, 8815, 8827, -6]
615:86.48, 10:10 [6, 8535, 8558, 8632, 8560, -6]
616:136.58, 10:10 [6, 8735, 8793, 8438, 8531, 8704, 8587, 8790, 8942, -6]
617:127.21, 10:10 [6, 8604, 8941, 8501, 8525, 8943, 8650, 8842, 8922, 8610, -6]
618:99.71, 7:10 [6, 8576, 8590, -6]
619:122.00, 10:10 [6, 8536, 8912, 8800, 8806, 8495, 8972, -6]
620:21.26, 4:10 [6, 8541, -6]
621:47.12, 7:10 [6, 8851, 8832, -6]
622:116.46, 10:10 [6, 8955, 8920, 8893, 8862, 8951, -6]
623:93.47, 10:10 [6, 8642, 8991, 8467, 8657, 8517, -6]
625:136.78, 10:10 [6, 8514, 8872, 8809, 8781, 8787, 8713, -6]
626:118.33, 10:10 [6, 8634, 8789, 8422, 8835, 8936, 8853, -6]
628:58.75, 10:10 [6, 8822, 8983, 8510, 8823, 8881, -6]
631:83.74, 10:10 [6, 8712, 8799, 8709, 8875, -6]
638:124.19, 10:10 [6, 8970, 8993, 8775, 8776, -6]
639:147.57, 10:10 [6, 8588, 8494, 8748, 8470, 8639, -6]
701:62.76, 10:10 [7, 8845, 8854, 8820, 8860, -7]
702:66.28, 9:10 [7, 8616, 9023, 8990, 9013, 8935, -7]
703:83.02, 9:10 [7, 8681, 8473, 8506, 8667, -7]
704:91.49, 10:10 [7, 8743, 8602, 8756, 8624, 8533, -7]
705:104.03, 10:10 [7, 8465, 8627, 8653, -7]
706:73.45, 10:10 [7, 9020, 8871, 8464, 8963, -7]
707:73.38, 7:10 [7, 8786, 8973, -7]
708:77.64, 10:10 [7, 8859, 8804, 9019, 8926, 8726, 8947, -7]
710:87.55, 9:10 [7, 8670, 8513, 8457, -7]
712:121.71, 9:10 [7, 8574, 8542, 8673, -7]
713:79.59, 9:10 [7, 8429, 8812, 8676, 8725, 8739, -7]
715:156.93, 10:10 [7, 8579, 8485, 8427, 8927, 8622, 8918, 8895, 8476, 8633, 8956, -7]
716:165.88, 10:10 [7, 8770, 9007, 8549, 8484, 8929, -7]
718:51.37, 8:10 [7, 8537, 8447, 8679, -7]
719:117.81, 9:10 [7, 8631, 8925, 8769, 8532, 8434, -7]
fe: 7, se: 44

Day: 1, Time: 0
Total Cost: 5246.85
 11:94.59, 67:75 [3, 8, -8, -3]
 12:94.59, 71:75 [3, 8, -8, -3]
 15:90.24, 67:75 [3, 9, -9, -3]
 16:90.24, 34:75 [3, 9, -9, -3]
 19:90.24, 73:75 [3, 9, -9, -3]
 20:90.24, 42:75 [3, 9, -9, -3]
 43:94.59, 35:75 [3, 8, -8, -3]
801:42.71, 6:10 [8, 8836, 8711, -8]
802:73.52, 10:10 [8, 8870, 8661, 8894, 8908, 8958, -8]
803:115.67, 10:10 [8, 8740, 8556, 8570, 8520, -8]
804:77.52, 10:10 [8, 9008, 8601, 9031, 8497, -8]
805:108.65, 10:10 [8, 8762, 8731, 8555, 8967, 8785, 8954, -8]
806:128.27, 10:10 [8, 8818, 9001, 8683, 8544, 8879, -8]
807:111.30, 10:10 [8, 8778, 8583, 8892, 8599, 8649, -8]
808:132.67, 9:10 [8, 8420, 8448, 8795, 8921, 9010, 8718, 8938, -8]
809:127.44, 10:10 [8, 8626, 8656, 8623, 8659, 8550, -8]
810:87.28, 10:10 [8, 8669, 8594, 8449, 8480, -8]
812:91.73, 10:10 [8, 9032, 8889, 9016, -8]
813:112.06, 10:10 [8, 8613, 8471, 8950, 8794, 8996, -8]
814:23.82, 8:10 [8, 8663, 8684, -8]
815:75.35, 10:10 [8, 8646, 8496, 8694, 8425, -8]
816:50.92, 9:10 [8, 8873, 8577, 8483, 8710, -8]
817:64.00, 9:10 [8, 8974, 8521, 8557, -8]
818:130.90, 10:10 [8, 8783, 8452, 8699, 8593, 8515, -8]
819:124.91, 10:10 [8, 8723, 8595, 8698, 8826, 8433, 8742, -8]
820:141.12, 10:10 [8, 8668, 8440, 8658, 8474, 8569, -8]
821:25.64, 7:10 [8, 8526, 8421, -8]
822:118.44, 10:10 [8, 8608, 8758, 8463, 8831, 8553, -8]
824:78.81, 10:10 [8, 8619, 8741, 8744, 8898, 9006, -8]
832:96.92, 9:10 [8, 8685, 8737, 8986, 8959, -8]
901:96.89, 10:10 [9, 9025, 8902, 8516, 9011, 8702, 8487, -9]
902:89.01, 10:10 [9, 8641, 8848, 8591, 8654, 8437, 8568, -9]
903:96.74, 10:10 [9, 8571, 8603, 8664, -9]
904:96.37, 9:10 [9, 8946, 9033, 8621, 8697, -9]
905:37.65, 10:10 [9, 8459, 8945, 8901, 8638, -9]
906:129.60, 10:10 [9, 8477, 8745, 8645, 8975, 8999, 8732, 8682, -9]
907:92.75, 9:10 [9, 8984, 8644, 8949, 8635, 8998, 8729, -9]
908:99.47, 8:10 [9, 8940, 8436, 8503, -9]
909:119.55, 9:10 [9, 8693, 8640, 8978, 8430, 8985, 8948, -9]
910:115.19, 10:10 [9, 8546, 8445, 9018, 8825, 8575, 8539, -9]
911:29.77, 8:10 [9, 8760, 8880, 8752, -9]
912:135.50, 10:10 [9, 8592, 8597, 8620, -9]
913:92.09, 10:10 [9, 8615, 8451, 8813, 8678, 8522, 8867, 8751, -9]
914:108.17, 10:10 [9, 8584, 8461, 8730, 8511, 8567, -9]
915:139.68, 9:10 [9, 8518, 8777, 8618, 8519, 8651, -9]
916:76.71, 10:10 [9, 8979, 8833, 8900, 8767, 8971, -9]
917:95.96, 10:10 [9, 8989, 8566, 8458, 8585, 8605, -9]
918:32.58, 9:10 [9, 8844, 8886, 8850, -9]
919:79.96, 9:10 [9, 8606, 8502, 8523, 8499, -9]
920:28.86, 10:10 [9, 8824, 8969, 8784, 8944, -9]
921:59.01, 10:10 [9, 8540, 8863, 8648, 8482, -9]
922:107.26, 10:10 [9, 8677, 8982, 8455, 8527, 8807, 8534, 8720, 8903, -9]
923:10.77, 4:10 [9, 8849, -9]
924:71.87, 10:10 [9, 8738, 8724, 8843, 8692, 8846, -9]
925:134.83, 10:10 [9, 8816, 8910, 8915, 8691, 8814, -9]
926:104.19, 9:10 [9, 8475, 8897, 8572, 8821, 8426, -9]
931:83.04, 10:10 [9, 8552, 8917, 8478, 8652, -9]
933:99.01, 10:10 [9, 8746, 8980, 8655, 8700, 8905, -9]
fe: 7, se: 51

Day: 1, Time: 35
Total Cost: 424.19
 11:66.27, 13:75 [2, -6, -2]
 12:66.27, 4:75 [2, -6, -2]
601:94.24, 4:10 [6, 14928, 12474, -6]
602:61.20, 4:10 [6, 16008, 13674, -6]
604:136.20, 9:10 [6, 13091, 15820, 10617, -6]
fe: 2, se: 3

Day: 1, Time: 35
Total Cost: 662.04
 11:94.59, 14:75 [3, -8, -3]
 12:90.24, 3:75 [3, -9, -3]
 13:90.24, 8:75 [3, -9, -3]
801:77.06, 8:10 [8, 10934, 15873, -8]
802:79.97, 6:10 [8, 9823, 15473, -8]
901:100.90, 3:10 [9, 10027, -9]
902:129.03, 8:10 [9, 10823, 12950, -9]
fe: 3, se: 4

Day: 1, Time: 45
Total Cost: 799.01
 11:136.01, 12:75 [1, -4, -1]
 12:153.31, 10:75 [1, -5, -1]
 13:153.31, 7:75 [1, -5, -1]
401:90.82, 8:10 [4, 12438, 14281, -4]
402:40.00, 4:10 [4, 15067, -4]
501:142.13, 10:10 [5, 17011, 16281, 16815, -5]
502:83.42, 7:10 [5, 13791, 12664, -5]
fe: 3, se: 4

Day: 1, Time: 45
Total Cost: 170.12
 11:66.27, 1:75 [2, -6, -2]
601:103.85, 1:10 [6, 11084, -6]
fe: 1, se: 1

Day: 1, Time: 50
Total Cost: 241.97
 11:90.24, 6:75 [3, -9, -3]
901:151.73, 6:10 [9, 13735, 9849, -9]
fe: 1, se: 1

Day: 1, Time: 55
Total Cost: 603.85
 11:136.01, 12:75 [1, -4, -1]
 12:153.31, 3:75 [1, -5, -1]
401:109.53, 3:10 [4, 16506, 13061, -4]
402:122.54, 4:10 [4, 12410, -4]
403:64.02, 5:10 [4, 16840, 15710, -4]
501:18.44, 3:10 [5, 11316, -5]
fe: 2, se: 4

Day: 1, Time: 55
Total Cost: 255.18
 11:66.27, 9:75 [2, -6, -2]
601:110.50, 5:10 [6, 9503, 9257, 13133, -6]
602:78.41, 4:10 [6, 16164, -6]
fe: 1, se: 2

Day: 1, Time: 70
Total Cost: 822.89
 11:153.31, 3:75 [1, -5, -1]
 12:136.01, 4:75 [1, -4, -1]
 13:136.01, 4:75 [1, -4, -1]
401:128.53, 4:10 [4, 13308, 9968, -4]
402:51.88, 1:10 [4, 16210, -4]
403:144.89, 3:10 [4, 11756, -4]
501:72.25, 3:10 [5, 11792, -5]
fe: 3, se: 4

Day: 1, Time: 70
Total Cost: 195.81
 11:94.59, 3:75 [3, -8, -3]
801:101.22, 3:10 [8, 16363, 16202, -8]
fe: 1, se: 1

Day: 1, Time: 80
Total Cost: 436.06
 11:66.27, 8:75 [2, -6, -2]
 12:66.27, 7:75 [2, -6, -2]
601:169.01, 8:10 [6, 15688, 16059, 10084, 10626, -6]
602:134.51, 7:10 [6, 13730, 17002, -6]
fe: 2, se: 2

Day: 1, Time: 95
Total Cost: 549.30
 11:136.01, 10:75 [1, -4, -1]
 12:153.31, 10:75 [1, -5, -1]
401:24.08, 3:10 [4, 11891, -4]
402:135.02, 7:10 [4, 16755, 14084, -4]
501:100.87, 10:10 [5, 11557, 14368, 13482, 9577, -5]
fe: 2, se: 3

Day: 1, Time: 115
Total Cost: 833.05
 11:66.27, 9:75 [2, -6, -2]
 13:66.27, 9:75 [2, -6, -2]
 15:145.23, 9:75 [2, -7, -2]
601:106.29, 2:10 [6, 15676, 13869, -6]
603:72.77, 7:10 [6, 13321, 9673, 14628, -6]
604:217.14, 9:10 [6, 16996, 15769, 10473, 16504, -6]
701:69.51, 6:10 [7, 12210, 10910, -7]
702:89.55, 3:10 [7, 11708, -7]
fe: 3, se: 5

Day: 1, Time: 130
Total Cost: 618.20
 11:90.24, 17:75 [3, -9, -3]
 12:94.59, 2:75 [3, -8, -3]
801:10.20, 2:10 [8, 14613, -8]
901:92.07, 3:10 [9, 9810, 14540, -9]
902:77.20, 4:10 [9, 11932, -9]
903:117.46, 1:10 [9, 14636, -9]
904:136.43, 9:10 [9, 11719, 13016, 9474, -9]
fe: 2, se: 5

Day: 1, Time: 140
Total Cost: 762.84
 11:136.01, 2:75 [1, -4, -1]
 12:153.31, 5:75 [1, -5, -1]
 13:153.31, 11:75 [1, -5, -1]
401:91.76, 2:10 [4, 15924, -4]
501:96.66, 5:10 [5, 9402, 9921, -5]
502:65.03, 8:10 [5, 12995, 12889, -5]
503:66.75, 3:10 [5, 11977, -5]
fe: 3, se: 4

Day: 1, Time: 140
Total Cost: 564.24
 11:94.59, 3:75 [3, -8, -3]
 12:94.59, 10:75 [3, -8, -3]
 13:90.24, 2:75 [3, -9, -3]
801:82.00, 3:10 [8, 14216, -8]
802:108.66, 3:10 [8, 9798, -8]
803:64.41, 7:10 [8, 16134, 9176, -8]
901:29.73, 2:10 [9, 16928, -9]
fe: 3, se: 4

Day: 1, Time: 150
Total Cost: 534.38
 11:66.27, 13:75 [2, -6, -2]
 12:66.27, 3:75 [2, -6, -2]
601:80.62, 1:10 [6, 9936, -6]
602:68.96, 3:10 [6, 10135, -6]
603:122.25, 9:10 [6, 12798, 10357, 14632, -6]
604:130.00, 3:10 [6, 12552, -6]
fe: 2, se: 4

Day: 1, Time: 165
Total Cost: 734.80
 11:136.01, 4:75 [1, -4, -1]
 12:136.01, 5:75 [1, -4, -1]
 13:153.31, 6:75 [1, -5, -1]
401:167.62, 4:10 [4, 16929, 12993, -4]
402:91.50, 5:10 [4, 17061, 13379, -4]
501:50.35, 6:10 [5, 15810, 14578, 11734, -5]
fe: 3, se: 3

Day: 1, Time: 165
Total Cost: 184.62
 11:66.27, 4:75 [2, -6, -2]
 12:66.27, 1:75 [2, -6, -2]
601:26.08, 4:10 [6, 12695, -6]
602:26.00, 1:10 [6, 9269, -6]
fe: 2, se: 2

Day: 1, Time: 165
Total Cost: 398.98
 11:94.59, 6:75 [3, -8, -3]
 12:90.24, 5:75 [3, -9, -3]
801:118.35, 6:10 [8, 10754, 16471, -8]
901:95.79, 5:10 [9, 13478, 10192, -9]
fe: 2, se: 2

Day: 1, Time: 170
Total Cost: 293.80
 11:66.27, 2:75 [2, -6, -2]
 12:66.27, 2:75 [2, -6, -2]
601:43.86, 2:10 [6, 9747, -6]
602:117.39, 2:10 [6, 12384, -6]
fe: 2, se: 2

Day: 1, Time: 175
Total Cost: 570.00
 11:136.01, 6:75 [1, -4, -1]
 12:136.01, 9:75 [1, -4, -1]
401:127.18, 6:10 [4, 15239, 15461, -4]
402:102.67, 5:10 [4, 10979, 11203, -4]
403:68.12, 4:10 [4, 12124, -4]
fe: 2, se: 3

Day: 1, Time: 180
Total Cost: 170.94
 11:136.01, 2:75 [1, -4, -1]
401:34.93, 2:10 [4, 15036, -4]
fe: 1, se: 1

Day: 1, Time: 180
Total Cost: 364.28
 11:66.27, 7:75 [2, -6, -2]
 12:66.27, 2:75 [2, -6, -2]
601:135.07, 7:10 [6, 15455, 9565, -6]
602:96.66, 2:10 [6, 13813, -6]
fe: 2, se: 2

Day: 1, Time: 280
Total Cost: 746.16
 11:136.01, 18:75 [1, -4, -1]
 12:153.31, 19:75 [1, -5, -1]
401:75.84, 8:10 [4, 10587, 10664, 11306, -4]
402:144.30, 10:10 [4, 10360, 11238, 15314, 10141, 9286, -4]
501:138.43, 9:10 [5, 16000, 13898, 16066, -5]
502:98.27, 10:10 [5, 15660, 11776, 11812, -5]
fe: 2, se: 4

Day: 1, Time: 285
Total Cost: 714.89
 11:66.27, 54:75 [2, -6, -2]
601:15.23, 4:10 [6, 10453, -6]
602:101.61, 10:10 [6, 11255, 10354, 16323, 10395, 10518, -6]
603:138.12, 10:10 [6, 10770, 10734, 16562, 17107, -6]
604:147.38, 10:10 [6, 14389, 13671, 10903, 14515, -6]
606:122.73, 10:10 [6, 12218, 11481, 10683, 11280, 14694, -6]
607:123.54, 10:10 [6, 10723, 15425, 14759, -6]
fe: 1, se: 6

Day: 1, Time: 290
Total Cost: 708.57
 11:94.59, 55:75 [3, -8, -3]
801:126.35, 8:10 [8, 10234, 9203, 12296, -8]
802:87.90, 10:10 [8, 10895, 14249, 10140, -8]
803:112.58, 10:10 [8, 14139, 13239, 15558, -8]
804:121.52, 9:10 [8, 13849, 12062, 16984, -8]
805:64.46, 10:10 [8, 15641, 14186, 9509, -8]
806:101.17, 8:10 [8, 15244, 9332, -8]
fe: 1, se: 6

Day: 1, Time: 305
Total Cost: 357.76
 11:136.01, 19:75 [1, -4, -1]
401:76.69, 7:10 [4, 16374, 12851, -4]
402:126.19, 8:10 [4, 9605, 10776, 15864, -4]
403:18.87, 4:10 [4, 13034, -4]
fe: 1, se: 3

Day: 1, Time: 305
Total Cost: 358.78
 11:66.27, 10:75 [2, -6, -2]
601:213.19, 9:10 [6, 14936, 17041, 12274, 12028, 10613, -6]
602:79.32, 1:10 [6, 14434, -6]
fe: 1, se: 2

Day: 1, Time: 360
Total Cost: 1020.47
 11:136.01, 7:75 [1, 4, -4, -1]
 12:153.31, 14:75 [1, 5, -5, -1]
401:132.19, 4:10 [4, 172, 1057, 5179, -4]
402:130.10, 8:10 [4, 15675, 14490, 329, 10258, -4]
501:126.68, 4:10 [5, 15903, 132, 9517, 7673, -5]
502:151.00, 6:10 [5, 170, 153, 212, -5]
504:51.18, 7:10 [5, 15995, 16013, 13587, -5]
506:140.00, 7:10 [5, 14847, 154, 16222, -5]
fe: 2, se: 6

Day: 1, Time: 390
Total Cost: 446.09
 11:179.78, 4:75 [1, -4, -5, -1]
401:102.16, 3:10 [4, 9433, -4]
501:164.16, 1:10 [5, 9946, -5]
fe: 1, se: 2

Day: 1, Time: 400
Total Cost: 744.45
 11:94.59, 20:75 [3, -8, -3]
 12:90.24, 23:75 [3, -9, -3]
801:104.92, 6:10 [8, 10957, 11101, -8]
802:92.89, 7:10 [8, 15336, 12621, 14668, 12550, -8]
803:86.14, 7:10 [8, 13572, 16296, 15488, 11523, -8]
901:70.42, 9:10 [9, 14770, 11918, 11354, -9]
902:90.01, 6:10 [9, 14521, 14547, 12745, 13047, -9]
903:115.24, 8:10 [9, 9647, 16020, -9]
fe: 2, se: 6

Day: 1, Time: 405
Total Cost: 1781.74
 11:136.01, 55:75 [1, 4, -1]
 12:153.31, 34:75 [1, 5, -5, -1]
401:92.72, 7:10 [4, 77, 151, -4]
402:43.88, 7:10 [4, 12, 296, 308, -4]
403:94.59, 3:10 [4, 130, -4]
404:174.17, 10:10 [4, 196, 4005, 85, 177, -4]
405:96.33, 1:10 [4, 10, -4]
406:49.23, 7:10 [4, 101, 245, 48, -4]
407:59.78, 8:10 [4, 276, 134, 233, 7130, -4]
408:86.87, 8:10 [4, 7183, 145, -4]
409:70.85, 4:10 [4, 100, 325, -4]
501:69.34, 2:10 [5, 269, -5]
502:71.09, 5:10 [5, 8238, 52, -5]
503:32.31, 1:10 [5, 124, -5]
504:52.18, 6:10 [5, 62, 1445, -5]
505:76.03, 2:10 [5, 97, 10836, -5]
506:85.09, 1:10 [5, 983, -5]
507:52.95, 3:10 [5, 91, 240, 11344, -5]
508:67.01, 5:10 [5, 236, 290, -5]
510:52.77, 5:10 [5, 5938, 12464, 45, -5]
511:124.66, 3:10 [5, 169, 309, -5]
512:40.58, 5:10 [5, 15796, 143, -5]
fe: 2, se: 20

Day: 1, Time: 405
Total Cost: 1276.57
 11:66.27, 27:75 [2, 6, -6, -2]
 12:145.23, 17:75 [2, 7, -7, -2]
601:112.40, 3:10 [6, 3102, 11021, -6]
602:111.57, 10:10 [6, 11129, 11865, 82, 2133, -6]
603:98.56, 8:10 [6, 15961, 13824, 17050, -6]
604:134.90, 8:10 [6, 3468, 11376, 60, -6]
605:139.94, 8:10 [6, 16040, 21, 42, -6]
606:32.43, 4:10 [6, 14380, 13140, -6]
608:116.30, 7:10 [6, 200, 272, 13816, 69, -6]
701:55.17, 3:10 [7, 220, -7]
702:52.86, 5:10 [7, 8321, 9801, 24, -7]
703:72.85, 3:10 [7, 294, 281, 13254, -7]
704:74.34, 5:10 [7, 14730, 16351, -7]
705:63.73, 6:10 [7, 146, 41, 229, -7]
fe: 2, se: 12

Day: 1, Time: 405
Total Cost: 1399.51
 11:94.59, 37:75 [3, 8, -3]
 12:90.24, 33:75 [3, 9, -9, -3]
801:106.61, 9:10 [8, 36, 32, 241, 230, -8]
802:104.42, 5:10 [8, 293, 175, -8]
803:106.95, 7:10 [8, 286, 275, 206, -8]
804:100.61, 4:10 [8, 109, 150, -8]
805:114.52, 5:10 [8, 198, 98, -8]
807:114.51, 7:10 [8, 1927, 194, -8]
901:87.26, 9:10 [9, 8125, 7816, 1077, 10265, -9]
902:94.77, 4:10 [9, 4371, 2394, 187, -9]
903:115.20, 2:10 [9, 219, 246, -9]
904:73.81, 6:10 [9, 4401, 118, -9]
906:91.92, 5:10 [9, 14, 122, 137, -9]
907:104.10, 7:10 [9, 7474, 181, 278, -9]
fe: 2, se: 12

Day: 1, Time: 415
Total Cost: 228.23
 11:66.27, 6:75 [2, -6, -2]
601:51.88, 4:10 [6, 16979, -6]
602:110.07, 2:10 [6, 14051, -6]
fe: 1, se: 2

Day: 1, Time: 420
Total Cost: 259.21
 11:153.31, 4:75 [1, -5, -1]
501:105.90, 4:10 [5, 9414, 11914, -5]
fe: 1, se: 1

Day: 1, Time: 420
Total Cost: 211.35
 11:66.27, 5:75 [2, -6, -2]
601:66.84, 1:10 [6, 9381, -6]
602:78.23, 4:10 [6, 12490, -6]
fe: 1, se: 2

Day: 1, Time: 420
Total Cost: 362.89
 11:113.51, 13:75 [3, -8, -9, -3]
801:91.21, 1:10 [8, 10954, -8]
901:104.31, 8:10 [9, 13199, 10639, -9]
902:53.85, 4:10 [9, 10256, 10150, -9]
fe: 1, se: 3

Day: 1, Time: 450
Total Cost: 1451.38
 11:153.31, 9:75 [1, 5, -1]
 12:136.01, 22:75 [1, 4, -1]
401:130.00, 3:10 [4, 6783, -4]
402:123.82, 4:10 [4, 311, -4]
403:116.62, 4:10 [4, 4631, -4]
404:133.15, 4:10 [4, 265, -4]
405:122.02, 4:10 [4, 247, -4]
406:118.33, 3:10 [4, 1120, 225, -4]
501:113.72, 2:10 [5, 55, -5]
502:108.41, 2:10 [5, 327, -5]
503:97.59, 1:10 [5, 242, -5]
504:98.41, 4:10 [5, 8312, -5]
fe: 2, se: 10

Day: 1, Time: 450
Total Cost: 686.16
 11:66.27, 23:75 [2, 6, -2]
601:73.54, 3:10 [6, 192, -6]
602:82.22, 1:10 [6, 322, -6]
603:77.67, 1:10 [6, 72, -6]
604:81.22, 3:10 [6, 326, -6]
605:76.55, 4:10 [6, 189, -6]
606:80.99, 4:10 [6, 5394, -6]
607:66.48, 4:10 [6, 65, -6]
608:81.22, 3:10 [6, 8065, -6]
fe: 1, se: 8

Day: 1, Time: 450
Total Cost: 763.11
 11:94.59, 18:75 [3, 8, -3]
 12:90.24, 13:75 [3, 9, -3]
801:36.72, 1:10 [8, 73, -8]
802:50.04, 2:10 [8, 164, -8]
803:42.89, 2:10 [8, 162, 6986, -8]
804:40.45, 4:10 [8, 338, -8]
805:51.92, 4:10 [8, 140, -8]
806:54.92, 1:10 [8, 340, -8]
807:37.58, 4:10 [8, 64, -8]
901:57.72, 4:10 [9, 287, -9]
902:52.04, 3:10 [9, 333, -9]
903:58.82, 1:10 [9, 222, -9]
904:43.17, 3:10 [9, 303, -9]
905:52.00, 2:10 [9, 149, -9]
fe: 2, se: 12

Day: 1, Time: 460
Total Cost: 1846.02
 11:136.01, 41:75 [1, 4, -1]
 12:153.31, 33:75 [1, 5, -1]
401:108.30, 2:10 [4, 4788, -4]
402:79.27, 4:10 [4, 323, 1133, -4]
403:87.35, 5:10 [4, 22, 56, -4]
404:102.73, 7:10 [4, 96, 209, -4]
405:75.58, 6:10 [4, 215, 112, -4]
406:107.70, 1:10 [4, 254, -4]
408:79.16, 4:10 [4, 813, 335, -4]
409:99.36, 4:10 [4, 314, 161, -4]
410:103.58, 3:10 [4, 39, -4]
412:109.84, 1:10 [4, 1246, -4]
413:90.00, 4:10 [4, 186, 3029, -4]
501:88.20, 3:10 [5, 875, -5]
502:82.22, 3:10 [5, 3520, -5]
503:73.03, 5:10 [5, 47, 28, -5]
504:79.88, 6:10 [5, 116, 142, -5]
505:65.86, 4:10 [5, 23, 3694, -5]
506:61.71, 4:10 [5, 7444, 6238, -5]
507:62.93, 8:10 [5, 282, 285, 316, -5]
fe: 2, se: 18

Day: 1, Time: 460
Total Cost: 1073.94
 11:66.27, 55:75 [2, 6, -2]
 12:145.23, 15:75 [2, 7, -2]
601:62.64, 4:10 [6, 2867, -6]
602:30.38, 9:10 [6, 3201, 318, 5850, -6]
603:60.83, 1:10 [6, 279, -6]
604:128.14, 7:10 [6, 784, 108, -6]
605:139.21, 8:10 [6, 126, 5888, 887, -6]
606:46.32, 4:10 [6, 180, 289, -6]
607:62.64, 4:10 [6, 5591, -6]
608:35.18, 9:10 [6, 176, 31, 34, -6]
609:40.39, 5:10 [6, 210, 1231, -6]
610:43.28, 4:10 [6, 51, 2513, -6]
701:73.68, 9:10 [7, 218, 332, 75, -7]
702:74.70, 2:10 [7, 331, 44, -7]
703:65.05, 4:10 [7, 4326, -7]
fe: 2, se: 13

Day: 1, Time: 460
Total Cost: 942.65
 11:94.59, 28:75 [3, 8, -3]
 12:90.24, 29:75 [3, 9, -3]
801:116.97, 6:10 [8, 7520, 89, 133, -8]
802:124.48, 9:10 [8, 7234, 8150, 3066, -8]
803:29.12, 2:10 [8, 71, -8]
804:20.61, 6:10 [8, 182, 3018, -8]
805:15.62, 3:10 [8, 291, -8]
806:22.36, 2:10 [8, 125, -8]
901:19.70, 2:10 [9, 103, -9]
902:101.76, 3:10 [9, 157, 6346, -9]
903:25.06, 1:10 [9, 334, -9]
904:109.72, 8:10 [9, 185, 201, 119, -9]
905:24.58, 2:10 [9, 18, 344, -9]
906:22.36, 3:10 [9, 243, -9]
907:112.68, 6:10 [9, 165, 214, 110, -9]
908:12.81, 4:10 [9, 27, -9]
fe: 2, se: 14

Day: 1, Time: 495
Total Cost: 520.94
 11:136.01, 13:75 [1, 4, -1]
 12:153.31, 7:75 [1, 5, -1]
401:40.79, 3:10 [4, 33, -4]
403:24.08, 1:10 [4, 280, -4]
404:32.41, 7:10 [4, 268, 199, -4]
405:41.04, 1:10 [4, 63, -4]
406:42.05, 1:10 [4, 123, -4]
501:2.83, 1:10 [5, 204, -5]
502:24.08, 2:10 [5, 155, -5]
503:24.33, 4:10 [5, 330, -5]
fe: 2, se: 8

Day: 1, Time: 495
Total Cost: 1773.09
 11:66.27, 66:75 [2, 6, -2]
 12:145.23, 16:75 [2, 7, -2]
601:91.24, 4:10 [6, 61, -6]
602:98.05, 5:10 [6, 712, 216, -6]
603:106.51, 1:10 [6, 17, -6]
604:88.74, 6:10 [6, 54, 105, 3242, -6]
605:102.73, 5:10 [6, 5946, 160, -6]
606:65.39, 3:10 [6, 260, -6]
607:97.84, 3:10 [6, 337, -6]
608:106.51, 2:10 [6, 102, -6]
609:107.20, 1:10 [6, 248, -6]
611:92.09, 4:10 [6, 190, 139, -6]
612:94.76, 3:10 [6, 259, -6]
613:99.70, 6:10 [6, 107, 92, -6]
616:82.42, 8:10 [6, 1108, 16, 208, -6]
617:74.85, 8:10 [6, 4260, 486, -6]
619:89.82, 4:10 [6, 144, 270, -6]
620:98.08, 3:10 [6, 148, 70, -6]
701:28.28, 4:10 [7, 224, -7]
702:15.23, 4:10 [7, 113, -7]
703:22.14, 8:10 [7, 2244, 106, -7]
fe: 2, se: 19

Day: 1, Time: 495
Total Cost: 1330.47
 11:94.59, 16:75 [3, 8, -3]
 12:90.24, 46:75 [3, 9, -3]
801:70.71, 4:10 [8, 300, 178, -8]
802:71.33, 6:10 [8, 138, 5040, -8]
803:69.08, 2:10 [8, 184, -8]
807:74.00, 4:10 [8, 13, -8]
901:78.34, 5:10 [9, 3862, 59, -9]
902:86.35, 1:10 [9, 29, -9]
903:58.89, 5:10 [9, 8371, 4792, -9]
904:47.71, 3:10 [9, 305, -9]
905:49.48, 3:10 [9, 274, -9]
906:68.88, 1:10 [9, 3044, -9]
907:72.76, 3:10 [9, 217, 99, -9]
908:55.32, 4:10 [9, 249, -9]
909:79.34, 3:10 [9, 567, 167, -9]
910:67.51, 7:10 [9, 3720, 2220, -9]
911:73.08, 5:10 [9, 304, 238, -9]
912:48.37, 2:10 [9, 78, -9]
914:74.51, 4:10 [9, 86, 261, -9]
fe: 2, se: 17

Day: 1, Time: 525
Total Cost: 360.06
 11:66.27, 18:75 [2, 6, -2]
601:17.89, 2:10 [6, 321, -6]
602:28.28, 3:10 [6, 336, -6]
603:39.24, 3:10 [6, 319, 197, -6]
604:32.25, 1:10 [6, 67, -6]
605:32.56, 4:10 [6, 320, -6]
606:46.69, 1:10 [6, 7120, -6]
607:44.05, 2:10 [6, 7512, -6]
608:52.84, 2:10 [6, 95, -6]
fe: 1, se: 8

Day: 1, Time: 525
Total Cost: 318.69
 11:94.59, 9:75 [3, 8, -3]
 12:90.24, 11:75 [3, 9, -3]
801:8.94, 4:10 [8, 3748, -8]
802:16.49, 1:10 [8, 111, -8]
803:8.00, 4:10 [8, 271, -8]
901:27.78, 2:10 [9, 4443, -9]
902:26.31, 2:10 [9, 19, -9]
903:17.20, 3:10 [9, 163, -9]
904:29.12, 4:10 [9, 5678, -9]
fe: 2, se: 7


Day	Area	ID	Time	Load	Utilization	NoOrders	AssignmentCost
1	1	 8	315	 58	0.77	23	655.00
1	1	 9	360	 32	0.43	12	395.00
1	1	119	400	 66	0.44	27	1470.00
1	1	10	405	 66	0.88	28	735.00
1	1	11	450	 34	0.38	13	332.00
1	1	123	800	 93	0.78	37	2412.00
1	1	19	810	 60	1.00	29	810.00
1	1	38	810	 60	1.00	23	810.00
1	2	136	300	 10	0.07	 6	350.00
1	2	46	315	 75	1.00	36	825.00
1	2	65	315	  8	0.11	 3	155.00
1	2	47	360	 33	0.44	12	405.00
1	2	137	400	 72	0.48	30	1590.00
1	2	48	405	 40	0.53	17	475.00
1	2	49	450	 15	0.17	 7	180.00
1	2	141	800	111	0.93	47	2844.00
1	2	57	810	 60	1.00	24	810.00
1	2	76	810	 60	1.00	25	810.00
1	3	154	300	  8	0.05	 4	310.00
1	3	84	315	 62	0.83	26	695.00
1	3	85	360	 20	0.27	 8	275.00
1	3	155	400	 63	0.42	25	1410.00
1	3	86	405	 58	0.77	21	655.00
1	3	87	450	 17	0.19	 6	196.00
1	3	159	800	116	0.97	43	2964.00
1	3	95	810	 60	1.00	24	810.00
1	3	114	810	 60	1.00	24	810.00


Day	Area	Time	Pickup	Delivery	Direct	FEVehicles	SEVehicles	ALNSTime	ALNSBestTime	RoutingCostArea
1	1	0	107	71	0	7	41	108.85	72.60	5226.82
1	1	45	8	0	0	3	4	0.59	0.00	799.01
1	1	55	6	0	0	2	4	0.67	0.00	603.85
1	1	70	5	0	1	3	4	0.80	0.00	1322.89
1	1	95	7	0	0	2	3	0.58	0.00	549.30
1	1	140	6	0	0	3	4	0.65	0.00	762.84
1	1	165	7	0	1	3	3	0.74	0.00	1234.80
1	1	175	5	0	0	2	3	0.51	0.00	570.00
1	1	180	1	0	0	1	1	0.19	0.00	170.94
1	1	280	14	0	0	2	4	1.15	0.00	746.16
1	1	305	6	0	0	1	3	0.40	0.00	357.76
1	1	360	10	10	0	2	6	1.73	0.00	1020.47
1	1	390	2	0	0	1	2	0.31	0.00	446.09
1	1	405	4	39	0	2	20	5.99	3.67	1781.74
1	1	420	2	0	0	1	1	0.31	0.00	259.21
1	1	450	0	11	0	2	10	0.97	0.02	1451.38
1	1	460	0	31	0	2	18	2.57	0.12	1846.02
1	1	495	0	9	0	2	8	0.60	0.00	520.94
1	2	0	117	88	0	7	44	170.84	125.37	4951.17
1	2	35	7	0	0	2	3	0.59	0.00	424.19
1	2	45	1	0	0	1	1	0.20	0.00	170.12
1	2	55	4	0	0	1	2	0.43	0.00	255.18
1	2	80	6	0	0	2	2	0.52	0.00	436.06
1	2	115	12	0	0	3	5	1.18	0.00	833.05
1	2	150	6	0	0	2	4	0.69	0.00	534.38
1	2	165	2	0	0	2	2	0.30	0.00	184.62
1	2	170	2	0	0	2	2	0.32	0.00	293.80
1	2	180	3	0	0	2	2	0.34	0.00	364.28
1	2	285	22	0	0	1	6	1.82	0.00	714.89
1	2	305	6	0	0	1	2	0.48	0.00	358.78
1	2	405	15	18	0	2	12	3.34	0.10	1276.57
1	2	415	2	0	0	1	2	0.25	0.00	228.23
1	2	420	2	0	0	1	2	0.28	0.00	211.35
1	2	450	0	8	0	1	8	0.54	0.00	686.16
1	2	460	0	26	0	2	13	1.81	0.02	1073.94
1	2	495	0	31	0	2	19	2.55	0.00	1773.09
1	2	525	0	9	4	1	8	0.56	0.00	2360.06
1	3	0	111	121	0	7	51	245.05	181.02	5246.85
1	3	35	7	0	0	3	4	0.56	0.00	662.04
1	3	50	2	0	0	1	1	0.31	0.00	241.97
1	3	70	2	0	0	1	1	0.27	0.00	195.81
1	3	130	8	0	0	2	5	1.18	0.24	618.20
1	3	140	5	0	0	3	4	0.85	0.00	564.24
1	3	165	4	0	0	2	2	0.44	0.00	398.98
1	3	290	17	0	0	1	6	1.62	0.15	708.57
1	3	400	19	0	0	2	6	2.31	0.67	744.45
1	3	405	1	31	0	2	12	3.87	2.35	1399.51
1	3	420	5	0	0	1	3	0.48	0.00	362.89
1	3	450	0	13	0	2	12	0.92	0.00	763.11
1	3	460	0	25	0	2	14	1.73	0.00	942.65
1	3	495	0	26	0	2	17	2.16	0.00	1330.47
1	3	525	0	7	6	2	7	0.50	0.00	3318.69

Day	SL	Own	DispatchTimes	AssignmentCost	RoutingCost	TotalCost
1	19	8	37	24188.00	54298.58	78486.58

Total Cost: 78486.57533099625
Cost per Day: 78486.57533099625
Running time in Seconds: 656.045
Running time in minutes: 10.934083333333334