INSTANCE: 2hubs_MND_A_43_x.csv
PARAMETER: tuning_standard.txt
POLICY: MIP
ALPHA: 0.196816246486172
BETA: 26
OMEGA: 586
EPSILON: 1.08870341969174

Day: 1, Time: 0
Total Cost: 3025.14
 11:136.01, 34:75 [1, 3, -3, -1]
 12:136.01, 58:75 [1, 3, -3, -1]
 14:153.31, 64:75 [1, 4, -4, -1]
 15:153.31, 31:75 [1, 4, -4, -1]
301:144.54, 10:10 [3, 3194, 3054, 3086, 3243, 3092, 3151, 3280, -3]
302:150.04, 10:10 [3, 3193, 3253, 3276, 3313, 3236, 3081, 3107, -3]
303:66.83, 10:10 [3, 3104, 3239, 3084, 3301, 3255, 3162, -3]
304:29.26, 9:10 [3, 3315, 3295, 3095, -3]
305:120.09, 9:10 [3, 3192, 3225, 3099, 3182, 3228, 3208, -3]
306:148.18, 10:10 [3, 3075, 3155, 3307, 3271, 3133, 3083, -3]
307:18.87, 4:10 [3, 3102, -3]
308:173.80, 10:10 [3, 3127, 3088, 3260, 3106, 3047, 3138, 3294, 3179, -3]
309:165.73, 10:10 [3, 3050, 3055, 3183, 3275, 3202, 3061, 3298, -3]
310:80.89, 8:10 [3, 3184, 3242, 3222, 3285, -3]
311:63.90, 9:10 [3, 3314, 3196, 3234, 3132, 3312, 3117, -3]
313:111.21, 10:10 [3, 3118, 3070, 3291, 3270, 3051, 3244, -3]
401:100.88, 9:10 [4, 3257, 3254, 3174, 3279, 3223, 3278, -4]
402:61.72, 6:10 [4, 3166, 3064, 3126, -4]
403:108.76, 10:10 [4, 3121, 3190, 3204, 3071, 3288, 3169, 3154, -4]
404:71.36, 9:10 [4, 3178, 3077, 3082, 3161, -4]
405:74.28, 7:10 [4, 3152, 3113, 3297, 3207, 3185, -4]
406:67.63, 6:10 [4, 3217, 3195, 3197, 3251, 3219, -4]
407:72.88, 10:10 [4, 3187, 3310, 3274, 3200, -4]
409:150.45, 10:10 [4, 3160, 3097, 3245, 3188, 3277, 3098, 3211, -4]
410:182.86, 10:10 [4, 3148, 3109, 3076, 3209, 3263, 3136, 3250, 3123, 3063, -4]
412:115.25, 10:10 [4, 3074, 3059, 3170, 3273, 3191, 3296, -4]
413:167.10, 10:10 [4, 3053, 3229, 3067, 3304, 3159, 3300, -4]
fe: 4, se: 23

Day: 1, Time: 5
Total Cost: 3351.59
 11:66.27, 56:75 [2, 5, -5, -2]
 12:66.27, 63:75 [2, 5, -5, -2]
 13:66.27, 2:75 [2, -5, -2]
 14:145.23, 74:75 [2, 6, -6, -2]
 16:145.23, 48:75 [2, 6, -6, -2]
 17:66.27, 8:75 [2, 5, -5, -2]
502:126.05, 10:10 [5, 3137, 3052, 3256, 3068, 3143, 3264, -5]
503:101.47, 10:10 [5, 3268, 3237, 3212, 3290, -5]
504:69.50, 10:10 [5, 3180, 3122, 3089, 3266, -5]
505:75.99, 9:10 [5, 3177, 3096, 3282, 3210, 3085, -5]
506:101.09, 8:10 [5, 3233, 3283, 3309, 3299, -5]
507:126.13, 2:10 [5, 3252, -5]
508:67.39, 9:10 [5, 3135, 3199, 3226, 3111, 3265, -5]
509:121.99, 10:10 [5, 3125, 3231, 3163, 3230, 3100, 3240, 3090, -5]
510:89.16, 10:10 [5, 3232, 3206, 3139, 3130, -5]
511:87.68, 10:10 [5, 3218, 3072, 3141, 3311, -5]
512:70.49, 10:10 [5, 3289, 5487, 3248, 3120, 3247, -5]
513:98.02, 10:10 [5, 3205, 3262, 3281, 3216, 3267, -5]
517:96.34, 9:10 [5, 3261, 3302, 3303, 3246, 3238, -5]
518:120.66, 10:10 [5, 3308, 3073, 3116, 3131, 3094, 3058, 3213, 3057, -5]
519:72.03, 7:10 [5, 3062, 3108, -5]
525:107.71, 10:10 [5, 3305, 3292, 3119, 3287, 3220, 3049, 3181, -5]
527:180.61, 10:10 [5, 3079, 3214, 3150, 3227, 3176, 3165, -5]
601:97.39, 10:10 [6, 3153, 3293, 3144, 3101, -6]
602:94.63, 10:10 [6, 3091, 3198, 3103, 3269, 3056, -6]
603:53.52, 10:10 [6, 3259, 3146, 3224, 3124, 3172, -6]
604:54.99, 10:10 [6, 3173, 3306, 3087, 3286, 3186, -6]
605:75.48, 10:10 [6, 3060, 3249, 3258, 3110, -6]
606:95.01, 9:10 [6, 3105, 3147, 3168, -6]
607:94.39, 10:10 [6, 3142, 3175, 3069, -6]
608:31.99, 8:10 [6, 3158, 3201, 3066, 3241, -6]
609:53.93, 10:10 [6, 3080, 3235, 3093, 3145, -6]
610:92.12, 10:10 [6, 3078, 3129, 3128, 3140, 3171, 3149, -6]
611:95.46, 10:10 [6, 3272, 3114, 3048, 3115, 3134, -6]
612:90.44, 9:10 [6, 3203, 3284, 3189, 3112, -6]
613:36.35, 10:10 [6, 3215, 3156, 3164, -6]
614:118.04, 10:10 [6, 3065, 3221, 3167, 3157, -6]
fe: 6, se: 31

Day: 1, Time: 50
Total Cost: 826.03
 11:136.01, 7:75 [1, -3, -1]
 12:136.01, 4:75 [1, -3, -1]
 13:153.31, 5:75 [1, -4, -1]
301:75.95, 7:10 [3, 3485, 4999, -3]
302:146.28, 4:10 [3, 4540, 4599, 4577, -3]
401:178.46, 5:10 [4, 6207, 5936, -4]
fe: 3, se: 3

Day: 1, Time: 55
Total Cost: 488.81
 11:66.27, 7:75 [2, -5, -2]
 12:66.27, 11:75 [2, -5, -2]
501:137.54, 7:10 [5, 3673, 4957, -5]
502:37.36, 3:10 [5, 6015, -5]
503:181.37, 8:10 [5, 4106, 6135, 4505, -5]
fe: 2, se: 3

Day: 1, Time: 80
Total Cost: 273.43
 11:66.27, 7:75 [2, -5, -2]
 12:66.27, 1:75 [2, -5, -2]
501:119.26, 7:10 [5, 5001, 4948, 5748, -5]
502:21.63, 1:10 [5, 6218, -5]
fe: 2, se: 2

Day: 1, Time: 85
Total Cost: 204.04
 11:66.27, 1:75 [2, -5, -2]
501:137.77, 1:10 [5, 6159, -5]
fe: 1, se: 1

Day: 1, Time: 125
Total Cost: 709.35
 11:66.27, 8:75 [2, -5, -2]
 12:66.27, 2:75 [2, -5, -2]
 13:145.23, 2:75 [2, -6, -2]
501:128.83, 6:10 [5, 3400, 5808, 4691, -5]
503:96.83, 2:10 [5, 5218, -5]
504:151.33, 2:10 [5, 4016, -5]
601:54.59, 2:10 [6, 6221, -6]
fe: 3, se: 4

Day: 1, Time: 140
Total Cost: 484.34
 11:136.01, 12:75 [1, -3, -1]
 12:136.01, 3:75 [1, -3, -1]
301:152.55, 10:10 [3, 6215, 5758, 5623, -3]
302:27.20, 3:10 [3, 6136, -3]
303:32.56, 2:10 [3, 5656, -3]
fe: 2, se: 3

Day: 1, Time: 145
Total Cost: 478.62
 11:66.27, 6:75 [2, -5, -2]
 12:66.27, 5:75 [2, -5, -2]
501:82.68, 4:10 [5, 3762, -5]
503:193.54, 5:10 [5, 6066, 4544, -5]
504:69.86, 2:10 [5, 6210, -5]
fe: 2, se: 3

Day: 1, Time: 150
Total Cost: 239.12
 11:66.27, 7:75 [2, -5, -2]
501:81.63, 3:10 [5, 5636, -5]
502:91.21, 4:10 [5, 5471, -5]
fe: 1, se: 2

Day: 1, Time: 340
Total Cost: 848.19
 11:66.27, 54:75 [2, -5, -2]
501:95.27, 10:10 [5, 4564, 3768, 4357, 5062, -5]
502:148.39, 10:10 [5, 4702, 4157, 4973, -5]
503:86.64, 5:10 [5, 3573, 4075, 3951, -5]
504:189.10, 10:10 [5, 4292, 3867, 5786, 6115, -5]
505:111.21, 10:10 [5, 5536, 5629, 3964, 4863, 4206, -5]
506:151.31, 9:10 [5, 5052, 4666, 4789, 5997, -5]
fe: 1, se: 6

Day: 1, Time: 350
Total Cost: 1174.66
 11:136.01, 24:75 [1, 3, -3, -1]
 12:153.31, 27:75 [1, 4, -4, -1]
301:134.81, 10:10 [3, 119, 99, 4099, 71, 5743, 56, 4968, 43, -3]
302:150.62, 7:10 [3, 112, 6113, 3814, 113, 48, -3]
304:29.12, 4:10 [3, 3836, -3]
305:101.83, 8:10 [3, 5238, 4193, 3849, -3]
403:159.67, 9:10 [4, 15, 75, 62, 5185, 91, -4]
405:108.44, 10:10 [4, 4170, 109, 78, 5501, 3991, 72, -4]
406:53.67, 2:10 [4, 3538, -4]
407:147.18, 10:10 [4, 22, 3461, 47, 3671, 36, 58, -4]
fe: 2, se: 8

Day: 1, Time: 360
Total Cost: 500.69
 11:136.01, 7:75 [1, 3, -3, -1]
301:70.94, 1:10 [3, 4732, -3]
302:148.52, 4:10 [3, 3028, 483, -3]
303:145.23, 4:10 [3, 5849, 829, -3]
fe: 1, se: 3

Day: 1, Time: 405
Total Cost: 844.74
 12:179.78, 18:75 [1, 4, -4, 3, -1]
 13:153.31, 8:75 [1, -4, -1]
301:92.20, 3:10 [3, 2446, -3]
401:66.84, 2:10 [4, 3031, -4]
402:55.65, 6:10 [4, 2028, 1767, -4]
403:136.92, 8:10 [4, 5982, 4605, -4]
404:130.32, 7:10 [4, 2969, 3020, 572, -4]
405:29.73, 1:10 [4, 5612, -4]
fe: 2, se: 6

Day: 1, Time: 420
Total Cost: 964.73
 11:66.27, 25:75 [2, 5, -5, -2]
 13:66.27, 14:75 [2, 5, -5, -2]
501:135.40, 10:10 [5, 84, 4372, 61, 1350, 1387, -5]
502:121.56, 10:10 [5, 4519, 3968, 5209, -5]
504:133.15, 8:10 [5, 2946, 5222, 295, -5]
506:110.98, 8:10 [5, 3658, 7, 29, 89, 107, -5]
508:106.55, 8:10 [5, 5595, 4784, 4387, -5]
509:78.08, 7:10 [5, 4188, 4937, 33, 120, 4750, -5]
510:146.46, 8:10 [5, 3635, 27, 4279, 5386, 1409, -5]
fe: 2, se: 7

Day: 1, Time: 440
Total Cost: 254.98
 11:136.01, 3:75 [1, -3, -1]
301:118.96, 3:10 [3, 5340, -3]
fe: 1, se: 1

Day: 1, Time: 450
Total Cost: 317.81
 11:66.27, 21:75 [2, 5, -2]
501:45.61, 3:10 [5, 86, -5]
502:86.24, 8:10 [5, 124, 63, 105, -5]
504:119.69, 10:10 [5, 44, 123, 52, 95, -5]
fe: 1, se: 3


Day	Area	ID	Time	Load	Utilization	NoOrders	AssignmentCost
1	1	 8	315	 30	0.40	14	375.00
1	1	 9	360	 21	0.28	 8	285.00
1	1	15	630	 75	1.00	24	825.00
1	1	18	765	 34	0.57	12	498.00
1	1	19	810	 60	1.00	33	810.00
1	2	25	225	 42	0.56	19	495.00
1	2	51	300	  7	0.05	 3	290.00
1	2	27	315	 18	0.24	 7	255.00
1	2	33	585	 47	0.63	14	545.00
1	2	34	630	 70	0.93	22	775.00
1	2	37	765	 60	1.00	17	810.00
1	2	38	810	 60	1.00	43	810.00


Day	Area	Time	Pickup	Delivery	Direct	FEVehicles	SEVehicles	ALNSTime	ALNSBestTime	RoutingCostArea
1	1	0	57	72	0	4	23	73.98	43.51	3025.14
1	1	50	7	0	0	3	3	0.76	0.45	826.03
1	1	140	5	0	0	2	3	0.49	0.00	484.34
1	1	350	16	19	0	2	8	3.47	0.00	1174.66
1	1	360	2	3	0	1	3	0.46	0.00	500.69
1	1	405	3	7	0	2	6	1.14	0.00	844.74
1	1	440	1	0	0	1	1	0.20	0.00	254.98
1	2	5	63	78	0	6	31	98.43	59.36	3351.59
1	2	55	6	0	0	2	3	0.53	0.00	488.81
1	2	80	4	0	1	2	2	0.44	0.00	773.43
1	2	85	1	0	0	1	1	0.20	0.00	204.04
1	2	125	6	0	0	3	4	0.48	0.00	709.35
1	2	145	4	0	0	2	3	0.56	0.00	478.62
1	2	150	2	0	0	1	2	0.28	0.00	239.12
1	2	340	23	0	0	1	6	2.10	0.48	848.19
1	2	420	15	14	0	2	7	3.07	0.17	964.73
1	2	450	0	8	0	1	3	0.46	0.00	317.81

Day	SL	Own	DispatchTimes	AssignmentCost	RoutingCost	TotalCost
1	11	1	17	6773.00	15486.29	22259.29

Total Cost: 22259.28570717536
Cost per Day: 22259.28570717536
Running time in Seconds: 301.817
Running time in minutes: 5.030283333333333