INSTANCE: 3hubs_A_45_x.csv
PARAMETER: ldp_tight.txt
POLICY: LATEST DEPARTURE
ALPHA: 0.0
BETA: 71
OMEGA: 586
EPSILON: 1.0

Day: 1, Time: 0
Total Cost: 5774.95
 11:136.01, 75:75 [1, 4, -4, -1]
 12:136.01, 64:75 [1, 4, -4, -1]
 13:153.31, 64:75 [1, 5, -5, -1]
 14:153.31, 67:75 [1, 5, -5, -1]
 15:153.31, 34:75 [1, 5, -5, -1]
 16:153.31, 2:75 [1, -5, -1]
 21:136.01, 29:75 [1, -4, -1]
401:72.20, 10:10 [4, 8817, 8810, 8710, 8857, -4]
402:80.22, 10:10 [4, 8525, 8865, 8931, 8884, 8726, -4]
403:39.24, 9:10 [4, 8628, 8613, 8593, -4]
404:57.33, 10:10 [4, 8961, 8999, 8950, 8701, -4]
405:59.84, 7:10 [4, 8988, 8987, 8837, -4]
406:136.24, 5:10 [4, 8795, 8546, -4]
408:42.15, 6:10 [4, 8622, 8626, -4]
409:108.75, 10:10 [4, 8556, 8492, 8711, 8428, 8585, -4]
410:47.93, 9:10 [4, 8757, 8833, 8894, -4]
411:66.06, 7:10 [4, 8482, 8504, 8451, -4]
412:111.44, 10:10 [4, 8636, 8601, 8581, 8439, 8457, -4]
413:156.03, 10:10 [4, 8683, 8495, 8808, 8641, 8698, 8975, -4]
414:190.35, 10:10 [4, 8607, 8573, 8544, 9023, 8552, 8993, 8695, 8566, 9025, -4]
415:75.25, 9:10 [4, 8577, 8436, 8422, 8429, -4]
416:70.34, 9:10 [4, 8586, 8506, 8548, 8633, -4]
417:35.89, 8:10 [4, 8854, 8505, -4]
418:135.84, 6:10 [4, 8727, 8866, -4]
421:127.99, 10:10 [4, 8768, 8874, 8480, 8545, -4]
422:122.10, 9:10 [4, 8564, 8992, 8821, 8660, 8780, -4]
423:84.60, 10:10 [4, 8952, 8948, 8706, -4]
424:126.69, 10:10 [4, 8420, 8448, 8635, 8539, 8509, -4]
425:78.35, 9:10 [4, 8697, 8643, 8494, 8450, -4]
426:147.20, 10:10 [4, 8493, 8518, 8816, 8623, 8603, -4]
427:81.68, 10:10 [4, 8882, 8804, 8796, -4]
428:105.30, 9:10 [4, 8953, 8687, 8782, 9002, 8479, 8749, -4]
429:106.29, 10:10 [4, 8926, 8794, 8600, -4]
501:161.99, 8:10 [5, 9000, 8771, -5]
502:73.06, 9:10 [5, 8674, 8671, 8954, 8575, -5]
503:142.39, 2:10 [5, 8828, -5]
505:169.83, 9:10 [5, 9024, 8981, 8595, 8458, -5]
506:93.42, 7:10 [5, 8740, 8848, 8835, 8887, -5]
507:134.89, 10:10 [5, 9016, 8847, 8991, 8642, 8994, -5]
508:99.93, 10:10 [5, 8756, 8620, 8466, 8489, -5]
509:137.99, 8:10 [5, 8434, 8933, 8568, 8709, 8788, -5]
511:123.56, 10:10 [5, 8759, 8716, 8677, 8693, 8523, -5]
512:94.56, 10:10 [5, 9019, 8997, 8947, 8850, -5]
513:79.23, 10:10 [5, 8898, 8876, 8815, 8491, -5]
514:150.55, 10:10 [5, 8972, 8971, 8659, 8959, 8670, 8814, -5]
515:84.13, 6:10 [5, 8640, 8985, 8435, 8734, 8784, -5]
516:71.00, 9:10 [5, 8786, 8899, 8983, -5]
517:64.38, 10:10 [5, 8541, 8536, 8685, -5]
518:62.71, 9:10 [5, 8809, 8430, 8444, 8805, 8776, 8712, -5]
519:48.82, 8:10 [5, 8849, 8616, 8624, -5]
520:147.31, 9:10 [5, 8929, 8870, 8879, 8746, 8446, -5]
521:166.66, 10:10 [5, 8696, 8512, 8507, 8714, 8571, 8578, 8750, 8646, -5]
522:94.90, 9:10 [5, 8893, 8484, 8860, 8911, 8690, -5]
525:87.04, 10:10 [5, 8487, 8737, 8619, 8675, 8621, -5]
fe: 7, se: 47

Day: 1, Time: 0
Total Cost: 4704.50
 11:94.59, 72:75 [3, 8, -8, -3]
 12:90.24, 72:75 [3, 9, -9, -3]
 13:94.59, 68:75 [3, 8, -8, -3]
 14:94.59, 47:75 [3, 8, -8, -3]
 16:90.24, 69:75 [3, 9, -9, -3]
 17:90.24, 20:75 [3, 9, -9, -3]
 20:90.24, 16:75 [3, 9, -9, -3]
 21:90.24, 9:75 [3, 9, -3]
801:37.52, 7:10 [8, 8901, 8811, 8927, -8]
802:99.27, 10:10 [8, 8538, 8949, 8790, 8960, 9022, -8]
803:111.38, 10:10 [8, 8930, 8735, 8682, 8868, -8]
804:110.09, 10:10 [8, 8598, 8941, 8587, 8748, 8543, 8602, 8938, -8]
805:114.03, 9:10 [8, 8472, 8824, 8755, 8915, -8]
806:130.58, 10:10 [8, 8703, 8769, 8731, 8425, 8905, 8644, 8427, 8864, -8]
807:81.93, 8:10 [8, 8517, 8591, 8867, 8924, 8486, -8]
808:96.99, 7:10 [8, 8827, 8454, 8649, 8889, 8421, -8]
809:115.34, 10:10 [8, 8818, 8908, 8806, 8803, 8732, -8]
810:105.28, 10:10 [8, 8631, 8630, 8534, 8618, -8]
811:83.70, 10:10 [8, 8627, 8667, 8691, 8836, -8]
812:34.41, 2:10 [8, 8895, -8]
813:133.10, 10:10 [8, 8615, 9001, 8488, 8449, 8555, 8955, -8]
814:50.75, 10:10 [8, 8996, 8499, 8529, -8]
815:125.20, 10:10 [8, 8442, 8452, 9005, 8617, 8485, 8511, -8]
816:92.73, 10:10 [8, 8455, 8986, 8969, 8978, 8751, 8934, -8]
817:99.66, 10:10 [8, 8665, 8669, 8453, 8807, 8914, 9030, 8713, -8]
818:68.81, 8:10 [8, 8801, 8766, 8858, -8]
819:87.43, 9:10 [8, 8725, 8869, 8878, -8]
820:94.45, 10:10 [8, 8778, 8678, 8844, 8464, -8]
821:65.03, 10:10 [8, 8459, 8668, 8717, 8922, 8964, 8519, -8]
822:37.01, 10:10 [8, 8822, 8928, 9014, -8]
823:4.00, 3:10 [8, 8471, -8]
901:68.11, 10:10 [9, 8498, 8463, 8470, -9]
902:40.85, 9:10 [9, 8951, 8902, 8859, 8877, -9]
903:96.47, 9:10 [9, 8650, 8984, 8520, 8770, 8648, 8663, 9007, -9]
904:129.47, 10:10 [9, 9011, 8916, 8582, 8738, 8881, -9]
905:105.28, 10:10 [9, 8977, 8754, 8834, 9020, 9009, -9]
906:88.71, 10:10 [9, 8980, 8774, 9013, 8594, 8802, -9]
907:64.20, 8:10 [9, 8557, 8692, 8639, -9]
908:100.01, 10:10 [9, 8657, 8841, 8502, 8526, 8688, 8531, -9]
909:84.89, 10:10 [9, 8904, 8787, 8891, 8760, 8885, 8625, 8995, -9]
910:100.27, 10:10 [9, 8672, 8513, 8469, 8440, -9]
911:62.98, 9:10 [9, 8562, 8497, 8673, 8424, -9]
912:81.43, 9:10 [9, 8468, 8956, 8812, 8797, -9]
913:139.73, 10:10 [9, 8851, 8443, 8840, 8723, 8789, -9]
914:133.60, 9:10 [9, 8570, 8503, 8535, 8605, 8910, 8919, 8532, 8610, 8862, -9]
915:138.41, 9:10 [9, 8721, 8549, 8664, 8447, 8842, -9]
916:130.08, 10:10 [9, 8800, 8968, 8474, 8937, 9034, 8694, 8976, -9]
917:101.62, 10:10 [9, 8632, 8524, 8563, 8606, -9]
918:93.77, 9:10 [9, 8700, 8798, 8990, -9]
919:13.42, 2:10 [9, 8856, -9]
921:94.01, 10:10 [9, 9028, 8912, 8527, -9]
922:123.53, 9:10 [9, 8967, 9006, 8742, 8515, 8853, 8704, -9]
fe: 8, se: 44

Day: 1, Time: 5
Total Cost: 4904.05
 11:66.27, 65:75 [2, 6, -6, -2]
 12:66.27, 73:75 [2, 6, -6, -2]
 13:66.27, 69:75 [2, 6, -6, -2]
 14:66.27, 29:75 [2, 6, -6, -2]
 17:151.76, 74:75 [2, 6, 7, -7, -2]
 18:145.23, 64:75 [2, 7, -7, -2]
601:101.20, 10:10 [6, 8681, 8773, 8892, 8679, 8589, 8736, 8461, -6]
602:203.23, 10:10 [6, 8490, 8963, 8576, 8772, 8433, 8634, 8645, 11329, -6]
603:123.76, 10:10 [6, 8537, 8528, 8629, 8477, 8680, 8825, -6]
604:80.83, 10:10 [6, 8588, 8658, 8655, 8896, 8599, -6]
605:72.83, 9:10 [6, 8699, 8426, 8514, 8554, -6]
606:28.38, 6:10 [6, 8855, 8943, -6]
607:135.17, 10:10 [6, 8656, 8608, 8637, 8574, 8476, 8745, -6]
608:96.70, 10:10 [6, 8475, 16428, 8553, 8863, 8744, 8686, -6]
610:118.98, 10:10 [6, 8481, 8431, 9021, 8456, 9008, 8799, -6]
611:32.03, 9:10 [6, 8572, 8542, 8496, -6]
612:45.30, 8:10 [6, 8819, 8970, 8957, -6]
613:133.25, 10:10 [6, 9015, 8886, 9012, 8903, -6]
614:135.81, 10:10 [6, 8872, 8900, 8979, 8781, -6]
615:52.43, 6:10 [6, 8920, 8982, -6]
616:67.58, 10:10 [6, 8724, 8852, 8762, 8718, -6]
617:100.98, 10:10 [6, 8888, 8722, 9033, 8880, -6]
618:72.26, 8:10 [6, 8569, 8965, 8945, 8820, -6]
619:70.83, 9:10 [6, 8579, 8883, 8560, 8432, -6]
620:116.74, 10:10 [6, 8873, 8925, 8830, 8764, 8705, -6]
621:56.89, 10:10 [6, 8508, 8437, 8612, 8584, -6]
622:131.51, 10:10 [6, 8565, 8501, 8752, 8846, 8684, 8935, 8861, 8676, -6]
623:125.57, 10:10 [6, 8958, 8516, 8918, 8845, 8441, 8793, -6]
624:93.76, 10:10 [6, 8936, 8777, 8832, 8567, 8521, -6]
625:79.76, 10:10 [6, 8473, 8730, 8939, 8826, 8875, -6]
626:105.21, 9:10 [6, 9031, 9004, 8743, -6]
627:46.83, 10:10 [6, 8478, 8614, 8423, -6]
628:111.47, 10:10 [6, 8510, 9010, 8974, 14763, 8823, -6]
629:46.32, 8:10 [6, 8661, 9017, 8550, -6]
630:109.13, 10:10 [6, 8728, 8651, 8831, 8445, 8719, 8462, -6]
631:26.91, 4:10 [6, 8940, -6]
632:114.25, 10:10 [6, 8558, 8932, 8917, 8913, 8921, 8580, 9032, -6]
633:94.40, 10:10 [6, 8720, 8753, 8998, 8707, -6]
635:142.83, 9:10 [6, 8739, 8652, 8829, 8758, 8923, -6]
701:117.24, 10:10 [7, 9026, 8662, 8583, 8530, 8689, -7]
702:126.88, 10:10 [7, 8561, 8597, 8946, 8460, 8989, 8483, -7]
703:72.33, 9:10 [7, 8596, 8973, 9003, 8592, 8909, 8654, -7]
704:90.75, 10:10 [7, 8783, 8838, 8604, 8551, 8609, -7]
705:96.96, 10:10 [7, 8944, 8647, 8590, 8611, 9029, -7]
706:61.22, 7:10 [7, 8702, 8890, 8653, 8733, 8522, -7]
707:56.06, 10:10 [7, 8438, 8871, 8741, 9018, -7]
708:98.33, 9:10 [7, 8897, 8761, 8962, 8729, -7]
709:4.00, 4:10 [7, 8765, -7]
710:30.89, 7:10 [7, 8715, 8559, -7]
711:83.98, 9:10 [7, 8465, 8767, 8966, 8763, 8813, -7]
712:62.91, 10:10 [7, 8839, 8785, 8779, -7]
713:48.98, 9:10 [7, 8747, 8843, 8791, -7]
714:153.90, 10:10 [7, 8666, 8942, 8638, 8500, 9027, -7]
715:38.35, 9:10 [7, 8708, 8907, 8547, 8775, -7]
717:126.09, 8:10 [7, 8467, 8533, 8792, 8906, 8540, -7]
fe: 6, se: 49

Day: 1, Time: 40
Total Cost: 352.36
 11:66.27, 13:75 [2, -6, -2]
601:139.97, 8:10 [6, 13409, 11701, -6]
602:146.12, 5:10 [6, 12663, 15946, -6]
fe: 1, se: 2

Day: 1, Time: 45
Total Cost: 174.68
 11:66.27, 1:75 [2, -6, -2]
601:108.41, 1:10 [6, 10887, -6]
fe: 1, se: 1

Day: 1, Time: 50
Total Cost: 176.11
 11:66.27, 1:75 [2, -6, -2]
601:109.84, 1:10 [6, 12201, -6]
fe: 1, se: 1

Day: 1, Time: 60
Total Cost: 205.41
 11:66.27, 4:75 [2, -6, -2]
601:139.14, 4:10 [6, 13505, 15310, 9899, -6]
fe: 1, se: 1

Day: 1, Time: 60
Total Cost: 632.27
 11:94.59, 5:75 [3, -8, -3]
 12:90.24, 4:75 [3, -9, -3]
 13:90.24, 5:75 [3, -9, -3]
801:42.94, 1:10 [8, 9266, -8]
802:113.04, 4:10 [8, 13228, 14026, -8]
901:102.97, 4:10 [9, 15624, 10523, -9]
902:98.24, 5:10 [9, 15729, 15668, 10467, -9]
fe: 3, se: 4

Day: 1, Time: 65
Total Cost: 558.87
 11:136.01, 8:75 [1, -4, -1]
 12:153.31, 3:75 [1, -5, -1]
401:193.56, 8:10 [4, 12142, 10020, 10155, -4]
502:75.99, 3:10 [5, 13997, 10008, -5]
fe: 2, se: 2

Day: 1, Time: 85
Total Cost: 177.72
 11:153.31, 3:75 [1, -5, -1]
501:24.41, 3:10 [5, 14703, -5]
fe: 1, se: 1

Day: 1, Time: 90
Total Cost: 383.13
 11:66.27, 8:75 [2, -6, -2]
 12:66.27, 3:75 [2, -6, -2]
601:42.52, 3:10 [6, 15575, -6]
602:88.57, 3:10 [6, 14214, -6]
603:119.50, 5:10 [6, 9402, 10325, -6]
fe: 2, se: 3

Day: 1, Time: 100
Total Cost: 994.99
 11:136.01, 7:75 [1, -4, -1]
 12:136.01, 4:75 [1, -4, -1]
 13:153.31, 6:75 [1, -5, -1]
401:89.31, 4:10 [4, 9634, -4]
402:88.57, 3:10 [4, 10166, -4]
403:229.70, 4:10 [4, 16321, 15997, -4]
502:162.07, 6:10 [5, 16224, 15143, -5]
fe: 3, se: 4

Day: 1, Time: 105
Total Cost: 548.79
 11:94.59, 7:75 [3, -8, -3]
 12:90.24, 7:75 [3, -9, -3]
 13:90.24, 4:75 [3, -9, -3]
801:101.14, 7:10 [8, 16478, 15815, 15202, -8]
901:109.44, 7:10 [9, 15218, 11950, -9]
903:63.13, 4:10 [9, 14812, 10834, -9]
fe: 3, se: 3

Day: 1, Time: 115
Total Cost: 183.28
 11:90.24, 3:75 [3, -9, -3]
901:93.04, 3:10 [9, 14337, -9]
fe: 1, se: 1

Day: 1, Time: 120
Total Cost: 242.16
 11:66.27, 19:75 [2, -6, -2]
601:92.19, 9:10 [6, 11097, 16845, 12749, -6]
602:83.70, 10:10 [6, 12219, 15322, 11782, -6]
fe: 1, se: 2

Day: 1, Time: 125
Total Cost: 581.36
 11:136.01, 7:75 [1, -4, -1]
 12:136.01, 3:75 [1, -4, -1]
401:207.78, 7:10 [4, 9548, 16771, 14416, -4]
402:101.55, 3:10 [4, 12938, -4]
fe: 2, se: 2

Day: 1, Time: 125
Total Cost: 356.52
 11:90.24, 6:75 [3, -9, -3]
 12:90.24, 7:75 [3, -9, -3]
901:80.65, 7:10 [9, 9482, 13155, -9]
902:95.38, 6:10 [9, 9149, 13377, -9]
fe: 2, se: 2

Day: 1, Time: 130
Total Cost: 231.23
 11:153.31, 5:75 [1, -5, -1]
501:51.61, 4:10 [5, 13011, -5]
502:26.31, 1:10 [5, 16663, -5]
fe: 1, se: 2

Day: 1, Time: 130
Total Cost: 259.60
 11:66.27, 3:75 [2, -6, -2]
601:82.87, 1:10 [6, 10484, -6]
602:110.45, 2:10 [6, 13972, -6]
fe: 1, se: 2

Day: 1, Time: 140
Total Cost: 516.95
 11:153.31, 9:75 [1, -5, -1]
 12:136.01, 2:75 [1, -4, -1]
401:68.88, 2:10 [4, 10534, -4]
501:158.75, 9:10 [5, 16796, 14099, 10975, -5]
fe: 2, se: 2

Day: 1, Time: 140
Total Cost: 181.36
 11:94.59, 4:75 [3, -8, -3]
801:86.76, 4:10 [8, 12519, -8]
fe: 1, se: 1

Day: 1, Time: 145
Total Cost: 173.90
 11:153.31, 1:75 [1, -5, -1]
501:20.59, 1:10 [5, 13048, -5]
fe: 1, se: 1

Day: 1, Time: 150
Total Cost: 235.54
 11:94.59, 8:75 [3, -8, -3]
801:40.45, 4:10 [8, 16222, -8]
802:100.50, 4:10 [8, 12418, -8]
fe: 1, se: 2

Day: 1, Time: 155
Total Cost: 653.05
 11:66.27, 2:75 [2, -6, -2]
 12:66.27, 5:75 [2, -6, -2]
 13:145.23, 4:75 [2, -7, -2]
601:153.70, 1:10 [6, 12734, -6]
602:101.28, 5:10 [6, 16904, 9181, 16172, -6]
603:62.61, 1:10 [6, 15424, -6]
701:57.69, 4:10 [7, 16520, -7]
fe: 3, se: 4

Day: 1, Time: 160
Total Cost: 189.37
 11:153.31, 2:75 [1, -5, -1]
501:36.06, 2:10 [5, 14922, -5]
fe: 1, se: 1

Day: 1, Time: 165
Total Cost: 282.82
 12:90.24, 4:75 [3, -9, -3]
901:94.90, 2:10 [9, 11938, 15704, -9]
902:97.67, 2:10 [9, 11642, -9]
fe: 1, se: 2

Day: 1, Time: 170
Total Cost: 221.57
 11:153.31, 1:75 [1, -5, -1]
501:68.26, 1:10 [5, 9902, -5]
fe: 1, se: 1

Day: 1, Time: 170
Total Cost: 89.12
 11:66.27, 6:75 [2, -6, -2]
601:22.85, 6:10 [6, 16956, 16426, -6]
fe: 1, se: 1

Day: 1, Time: 180
Total Cost: 382.84
 11:94.59, 3:75 [3, -8, -3]
 12:90.24, 7:75 [3, -9, -3]
801:70.46, 3:10 [8, 13386, -8]
901:127.54, 7:10 [9, 11588, 10480, -9]
fe: 2, se: 2

Day: 1, Time: 200
Total Cost: 415.75
 11:136.01, 17:75 [1, -4, -1]
401:167.23, 10:10 [4, 9209, 15888, 14010, 11890, -4]
402:112.50, 7:10 [4, 16770, 13601, 13634, 9519, -4]
fe: 1, se: 2

Day: 1, Time: 285
Total Cost: 959.85
 12:90.24, 63:75 [3, -9, -3]
901:93.01, 10:10 [9, 15335, 10792, 10436, -9]
902:129.61, 9:10 [9, 11617, 16599, 11495, 15019, -9]
903:134.30, 9:10 [9, 14956, 11109, 9576, 15599, 9662, -9]
904:79.35, 6:10 [9, 13644, 14048, 11249, -9]
905:134.54, 10:10 [9, 11041, 11797, 9169, 11619, -9]
906:187.48, 9:10 [9, 12829, 12886, 15016, 12240, -9]
907:111.31, 10:10 [9, 14790, 12847, 14146, -9]
fe: 1, se: 7

Day: 1, Time: 290
Total Cost: 778.88
 11:66.27, 56:75 [2, -6, -2]
601:130.91, 10:10 [6, 16386, 13043, 9793, -6]
602:64.79, 8:10 [6, 9627, 10157, -6]
603:89.39, 10:10 [6, 11092, 13698, 13602, 10596, 17005, -6]
604:166.08, 10:10 [6, 14872, 13245, 10474, 14834, -6]
605:98.17, 10:10 [6, 12451, 14188, 11121, 16286, 10440, -6]
606:163.27, 8:10 [6, 15960, 16124, 13368, 14573, 13079, -6]
fe: 1, se: 6

Day: 1, Time: 295
Total Cost: 368.11
 11:94.59, 12:75 [3, -8, -3]
801:86.91, 5:10 [8, 14486, 12216, 11476, -8]
802:186.61, 7:10 [8, 14869, 15359, 11177, 16040, -8]
fe: 1, se: 2

Day: 1, Time: 300
Total Cost: 757.39
 11:136.01, 27:75 [1, -4, -1]
 12:153.31, 10:75 [1, -5, -1]
401:84.97, 10:10 [4, 9593, 9660, 16641, 16167, -4]
402:103.24, 7:10 [4, 14515, 12837, 11443, -4]
403:138.22, 10:10 [4, 13039, 13692, 14826, 10683, -4]
501:76.57, 8:10 [5, 16689, 15373, 16581, 15462, -5]
502:65.06, 2:10 [5, 14294, 15087, -5]
fe: 2, se: 5

Day: 1, Time: 300
Total Cost: 237.27
 11:90.24, 6:75 [3, -9, -3]
901:147.02, 6:10 [9, 11558, 16680, -9]
fe: 1, se: 1

Day: 1, Time: 305
Total Cost: 258.79
 11:145.23, 5:75 [2, -7, -2]
701:113.56, 5:10 [7, 16436, 15688, -7]
fe: 1, se: 1

Day: 1, Time: 360
Total Cost: 1189.38
 11:136.01, 24:75 [1, 4, -4, -1]
 12:153.31, 10:75 [1, 5, -5, -1]
401:146.42, 7:10 [4, 51, 212, 11429, -4]
403:131.94, 7:10 [4, 75, 6676, 107, 53, -4]
404:174.37, 7:10 [4, 286, 792, -4]
405:61.61, 2:10 [4, 10016, -4]
406:140.10, 3:10 [4, 140, 279, 15558, -4]
501:98.24, 8:10 [5, 16471, 16217, 13481, -5]
504:147.37, 10:10 [5, 232, 73, 95, -5]
fe: 2, se: 7

Day: 1, Time: 390
Total Cost: 643.06
 11:66.27, 40:75 [2, -6, -2]
601:114.98, 6:10 [6, 10716, 15225, 11930, -6]
602:150.39, 10:10 [6, 16676, 12598, 9690, 10943, -6]
603:114.58, 5:10 [6, 9527, 11942, -6]
604:64.99, 9:10 [6, 11417, 15199, 14946, -6]
606:131.84, 10:10 [6, 11611, 10735, 15784, 9268, -6]
fe: 1, se: 5

Day: 1, Time: 400
Total Cost: 726.21
 11:90.24, 33:75 [3, -9, -3]
 13:94.59, 8:75 [3, -8, -3]
801:115.74, 7:10 [8, 9554, 11539, 10118, -8]
802:64.03, 1:10 [8, 15269, -8]
901:86.07, 10:10 [9, 10765, 14982, 13376, -9]
902:107.23, 7:10 [9, 12792, 17040, -9]
903:71.10, 6:10 [9, 16163, 13882, -9]
905:97.19, 10:10 [9, 12816, 14419, 16920, -9]
fe: 2, se: 6

Day: 1, Time: 405
Total Cost: 2044.31
 11:136.01, 32:75 [1, 4, -4, -1]
 12:153.31, 60:75 [1, 5, -5, -1]
401:90.61, 3:10 [4, 323, 3973, -4]
402:67.87, 4:10 [4, 287, 11040, -4]
403:47.23, 2:10 [4, 33, 576, 10785, -4]
404:86.73, 2:10 [4, 218, 2197, -4]
405:87.44, 5:10 [4, 141, 290, -4]
406:41.23, 1:10 [4, 6620, -4]
407:69.78, 6:10 [4, 196, 319, 49, -4]
408:84.41, 5:10 [4, 10504, 155, -4]
409:177.61, 8:10 [4, 153, 5647, 4815, -4]
501:79.70, 2:10 [5, 116, -5]
502:72.50, 3:10 [5, 200, 259, -5]
503:79.32, 3:10 [5, 35, -5]
504:70.62, 4:10 [5, 4538, 274, -5]
505:60.01, 7:10 [5, 261, 340, 85, -5]
506:82.22, 2:10 [5, 1548, -5]
507:67.07, 5:10 [5, 2144, 101, -5]
508:49.07, 5:10 [5, 87, 99, -5]
509:59.34, 8:10 [5, 185, 191, 113, -5]
510:80.89, 1:10 [5, 275, -5]
511:79.62, 3:10 [5, 10, -5]
512:60.18, 7:10 [5, 134, 215, -5]
513:131.83, 6:10 [5, 11295, 328, -5]
514:29.69, 7:10 [5, 4465, 12277, 122, -5]
fe: 2, se: 23

Day: 1, Time: 405
Total Cost: 1112.11
 11:66.27, 29:75 [2, 6, -6, -2]
 12:145.23, 30:75 [2, 7, -7, -2]
601:129.29, 9:10 [6, 11828, 192, 270, -6]
602:127.45, 5:10 [6, 10481, 263, 184, -6]
603:131.96, 7:10 [6, 295, 298, 4057, -6]
604:129.41, 6:10 [6, 9807, 187, -6]
605:121.34, 10:10 [6, 1318, 111, 293, 76, -6]
701:45.77, 6:10 [7, 79, 278, 7039, 225, -7]
702:62.48, 8:10 [7, 4321, 117, 131, -7]
703:59.65, 7:10 [7, 15525, 37, 3829, -7]
704:10.00, 3:10 [7, 59, -7]
706:83.27, 7:10 [7, 1476, 8240, -7]
fe: 2, se: 10

Day: 1, Time: 405
Total Cost: 1331.05
 11:94.59, 38:75 [3, 8, -8, -3]
 12:90.24, 27:75 [3, 9, -3]
801:92.60, 8:10 [8, 105, 77, 119, -8]
802:105.16, 10:10 [8, 322, 120, 32, 3529, -8]
803:83.07, 4:10 [8, 12, 320, -8]
804:99.53, 9:10 [8, 241, 6632, 257, -8]
805:120.87, 3:10 [8, 7973, 15167, 12580, -8]
808:113.64, 6:10 [8, 5524, 34, -8]
901:117.94, 5:10 [9, 245, 5282, -9]
902:86.16, 9:10 [9, 28, 149, 94, -9]
903:114.07, 2:10 [9, 30, 162, -9]
905:104.55, 4:10 [9, 7731, 138, -9]
906:108.63, 7:10 [9, 4719, 329, 2554, -9]
fe: 2, se: 11

Day: 1, Time: 410
Total Cost: 320.10
 11:151.76, 6:75 [2, -6, -7, -2]
601:134.16, 2:10 [6, 14448, -6]
701:34.18, 4:10 [7, 14361, -7]
fe: 1, se: 2

Day: 1, Time: 415
Total Cost: 275.51
 11:153.31, 1:75 [1, -5, -1]
501:122.20, 1:10 [5, 14890, -5]
fe: 1, se: 1

Day: 1, Time: 420
Total Cost: 265.95
 11:153.31, 4:75 [1, -5, -1]
501:112.64, 4:10 [5, 9357, -5]
fe: 1, se: 1

Day: 1, Time: 435
Total Cost: 107.50
 11:66.27, 2:75 [2, -6, -2]
601:41.23, 2:10 [6, 10488, -6]
fe: 1, se: 1

Day: 1, Time: 435
Total Cost: 161.40
 11:90.24, 6:75 [3, -9, -3]
901:71.16, 6:10 [9, 11281, 14961, -9]
fe: 1, se: 1

Day: 1, Time: 450
Total Cost: 903.53
 11:136.01, 20:75 [1, 4, -1]
 12:153.31, 2:75 [1, 5, -1]
401:118.96, 3:10 [4, 7125, -4]
402:116.68, 7:10 [4, 228, 255, -4]
403:10.00, 1:10 [4, 156, -4]
404:127.01, 3:10 [4, 332, -4]
405:131.10, 2:10 [4, 6512, -4]
406:8.00, 4:10 [4, 226, -4]
501:102.45, 2:10 [5, 154, -5]
fe: 2, se: 7

Day: 1, Time: 450
Total Cost: 877.13
 11:66.27, 25:75 [2, 6, -2]
601:82.10, 1:10 [6, 260, -6]
602:73.24, 2:10 [6, 2952, -6]
603:64.12, 1:10 [6, 64, -6]
604:75.39, 1:10 [6, 312, -6]
605:66.03, 4:10 [6, 45, -6]
606:76.16, 2:10 [6, 262, -6]
607:71.22, 4:10 [6, 307, -6]
608:69.34, 2:10 [6, 7788, -6]
609:78.59, 2:10 [6, 1844, -6]
610:82.39, 2:10 [6, 205, -6]
611:72.28, 4:10 [6, 3728, -6]
fe: 1, se: 11

Day: 1, Time: 450
Total Cost: 539.33
 11:94.59, 7:75 [3, 8, -3]
 12:90.24, 12:75 [3, 9, -3]
801:43.17, 1:10 [8, 8214, -8]
802:36.06, 4:10 [8, 944, -8]
803:44.72, 1:10 [8, 198, -8]
804:41.23, 1:10 [8, 204, -8]
901:44.27, 4:10 [9, 16, -9]
902:42.19, 5:10 [9, 114, 22, -9]
903:53.37, 2:10 [9, 289, -9]
904:49.48, 1:10 [9, 1794, -9]
fe: 2, se: 8

Day: 1, Time: 460
Total Cost: 1272.67
 11:136.01, 33:75 [1, 4, -1]
 12:153.31, 40:75 [1, 5, -1]
401:102.70, 4:10 [4, 136, -4]
402:88.72, 6:10 [4, 242, 296, -4]
403:67.47, 10:10 [4, 280, 65, 130, -4]
405:70.91, 6:10 [4, 168, 139, -4]
409:71.37, 7:10 [4, 13, 14, 325, -4]
501:44.81, 5:10 [5, 324, 223, -5]
502:69.37, 5:10 [5, 227, 459, -5]
503:75.47, 5:10 [5, 235, 213, -5]
504:83.74, 7:10 [5, 7256, 341, -5]
505:91.30, 2:10 [5, 217, -5]
506:61.97, 6:10 [5, 343, 144, -5]
507:80.05, 5:10 [5, 89, 17, -5]
508:75.46, 5:10 [5, 4696, 3092, -5]
fe: 2, se: 13

Day: 1, Time: 460
Total Cost: 945.15
 11:66.27, 47:75 [2, 6, -2]
601:150.12, 8:10 [6, 42, 243, 211, -6]
602:58.82, 3:10 [6, 161, -6]
603:145.32, 5:10 [6, 1790, 214, -6]
604:51.22, 6:10 [6, 4248, 281, -6]
605:42.43, 1:10 [6, 201, -6]
606:165.44, 6:10 [6, 240, 67, -6]
607:118.18, 9:10 [6, 92, 288, 6232, 321, -6]
608:147.35, 9:10 [6, 189, 27, 266, -6]
fe: 1, se: 8

Day: 1, Time: 460
Total Cost: 1164.64
 11:94.59, 41:75 [3, 8, -3]
 12:90.24, 34:75 [3, 9, -3]
801:112.59, 8:10 [8, 63, 210, -8]
802:103.46, 3:10 [8, 246, 127, 6734, -8]
803:111.70, 9:10 [8, 2407, 712, 183, -8]
804:119.53, 10:10 [8, 193, 165, 19, 62, -8]
806:33.53, 4:10 [8, 310, -8]
807:17.42, 7:10 [8, 271, 7534, -8]
901:112.71, 10:10 [9, 8155, 180, 7482, -9]
902:134.47, 5:10 [9, 276, 231, 291, -9]
903:24.30, 3:10 [9, 182, 43, -9]
904:25.30, 2:10 [9, 56, -9]
905:34.18, 1:10 [9, 297, -9]
907:125.68, 9:10 [9, 253, 249, 302, -9]
908:24.94, 4:10 [9, 50, 239, -9]
fe: 2, se: 13

Day: 1, Time: 495
Total Cost: 560.54
 11:136.01, 24:75 [1, 4, -1]
 12:153.31, 12:75 [1, 5, -1]
401:27.20, 3:10 [4, 15, -4]
402:22.41, 5:10 [4, 188, 166, -4]
403:36.50, 3:10 [4, 300, -4]
404:30.44, 5:10 [4, 344, 238, -4]
405:34.41, 4:10 [4, 18, -4]
406:37.58, 4:10 [4, 181, -4]
501:11.40, 3:10 [5, 40, 3248, -5]
502:22.80, 4:10 [5, 267, -5]
503:14.14, 1:10 [5, 3511, -5]
504:26.08, 3:10 [5, 277, -5]
505:8.25, 1:10 [5, 23, -5]
fe: 2, se: 11

Day: 1, Time: 495
Total Cost: 1685.38
 11:66.27, 66:75 [2, 6, -2]
 12:145.23, 6:75 [2, 7, -2]
601:71.61, 2:10 [6, 48, -6]
602:81.86, 3:10 [6, 209, 61, -6]
603:105.77, 2:10 [6, 163, -6]
604:68.63, 3:10 [6, 330, 110, -6]
605:111.57, 2:10 [6, 147, -6]
606:99.07, 8:10 [6, 222, 11, -6]
607:85.16, 6:10 [6, 7532, 247, -6]
608:88.17, 2:10 [6, 121, 7014, -6]
609:93.51, 5:10 [6, 169, 301, -6]
610:95.32, 4:10 [6, 78, 97, -6]
611:104.65, 3:10 [6, 6013, -6]
612:89.06, 7:10 [6, 269, 194, -6]
613:78.71, 4:10 [6, 143, -6]
614:97.17, 5:10 [6, 316, 186, -6]
615:72.80, 3:10 [6, 224, -6]
616:80.64, 7:10 [6, 179, 208, 108, -6]
701:24.08, 4:10 [7, 150, -7]
702:26.08, 2:10 [7, 244, -7]
fe: 2, se: 18

Day: 1, Time: 495
Total Cost: 1497.46
 11:94.59, 19:75 [3, 8, -3]
 12:90.24, 51:75 [3, 9, -3]
801:70.34, 3:10 [8, 133, -8]
802:68.78, 3:10 [8, 4044, 171, -8]
803:61.08, 5:10 [8, 39, 38, -8]
804:79.65, 4:10 [8, 176, -8]
805:68.96, 1:10 [8, 4059, -8]
806:48.41, 3:10 [8, 8266, -8]
901:79.12, 3:10 [9, 36, -9]
902:75.33, 5:10 [9, 90, 72, -9]
903:75.21, 4:10 [9, 74, 309, -9]
904:61.11, 9:10 [9, 175, 314, 6453, -9]
905:36.77, 3:10 [9, 125, -9]
906:86.83, 2:10 [9, 284, -9]
907:89.29, 1:10 [9, 4358, -9]
908:48.83, 1:10 [9, 129, -9]
909:60.03, 4:10 [9, 258, -9]
910:89.44, 4:10 [9, 96, -9]
911:65.79, 8:10 [9, 167, 81, -9]
912:88.54, 4:10 [9, 3011, -9]
913:59.09, 3:10 [9, 6073, -9]
fe: 2, se: 19

Day: 1, Time: 525
Total Cost: 298.33
 11:66.27, 25:75 [2, 6, -2]
601:48.37, 2:10 [6, 5307, -6]
602:29.74, 6:10 [6, 100, 2898, -6]
603:47.54, 4:10 [6, 84, -6]
604:37.21, 5:10 [6, 195, 20, -6]
605:29.20, 7:10 [6, 132, 115, -6]
606:40.00, 1:10 [6, 52, -6]
fe: 1, se: 6

Day: 1, Time: 525
Total Cost: 261.40
 11:94.59, 5:75 [3, 8, -3]
 12:90.24, 4:75 [3, 9, -3]
801:18.44, 1:10 [8, 157, -8]
802:21.54, 4:10 [8, 190, -8]
901:24.41, 1:10 [9, 207, -9]
902:12.17, 3:10 [9, 44, -9]
fe: 2, se: 4


Day	Area	ID	Time	Load	Utilization	NoOrders	AssignmentCost
1	1	 8	315	 55	0.92	25	625.00
1	1	 9	360	 24	0.40	10	315.00
1	1	119	400	 50	0.42	19	1150.00
1	1	10	405	 60	1.00	20	675.00
1	1	29	405	  9	0.15	 3	165.00
1	1	11	450	 15	0.21	 7	180.00
1	1	123	800	 94	0.98	42	2436.00
1	1	19	810	 48	1.00	20	666.00
1	1	38	810	 48	1.00	19	666.00
1	2	136	300	 17	0.14	 7	490.00
1	2	46	315	 60	1.00	24	675.00
1	2	65	315	 23	0.38	 9	305.00
1	2	47	360	 13	0.22	 7	205.00
1	2	137	400	 92	0.77	35	1990.00
1	2	48	405	 52	0.87	20	595.00
1	2	49	450	  5	0.07	 2	100.00
1	2	141	800	 96	1.00	40	2484.00
1	2	150	800	 57	0.59	23	1548.00
1	2	57	810	 48	1.00	18	666.00
1	2	76	810	 48	1.00	21	666.00
1	3	154	300	 17	0.14	 6	490.00
1	3	84	315	 60	1.00	28	675.00
1	3	103	315	 18	0.30	 6	255.00
1	3	85	360	 29	0.48	11	365.00
1	3	155	400	 53	0.44	20	1210.00
1	3	86	405	 57	0.95	26	645.00
1	3	87	450	 16	0.22	 6	188.00
1	3	159	800	 96	1.00	40	2484.00
1	3	168	800	 40	0.42	14	1140.00
1	3	95	810	 48	1.00	19	666.00
1	3	114	810	 48	1.00	20	666.00


Day	Area	Time	Pickup	Delivery	Direct	FEVehicles	SEVehicles	ALNSTime	ALNSBestTime	RoutingCostArea
1	1	0	98	97	0	7	47	181.90	135.10	5774.95
1	1	65	5	0	0	2	2	0.59	0.00	558.87
1	1	85	1	0	1	1	1	0.19	0.00	677.72
1	1	100	6	0	0	3	4	0.78	0.00	994.99
1	1	125	4	0	0	2	2	0.45	0.00	581.36
1	1	130	2	0	0	1	2	0.28	0.00	231.23
1	1	140	4	0	0	2	2	0.52	0.00	516.95
1	1	145	1	0	1	1	1	0.20	0.00	673.90
1	1	160	1	0	1	1	1	0.19	0.00	689.37
1	1	170	1	0	1	1	1	0.20	0.00	721.57
1	1	200	8	0	0	1	2	0.66	0.00	415.75
1	1	300	17	0	0	2	5	1.34	0.00	757.39
1	1	360	6	13	0	2	7	1.58	0.00	1189.38
1	1	405	5	41	0	2	23	7.53	1.83	2044.31
1	1	415	1	0	0	1	1	0.20	0.00	275.51
1	1	420	1	0	0	1	1	0.20	0.00	265.95
1	1	450	0	8	0	2	7	0.53	0.00	903.53
1	1	460	0	26	0	2	13	1.85	0.00	1272.67
1	1	495	0	14	0	2	11	0.91	0.00	560.54
1	2	5	126	94	0	6	49	274.79	221.58	4904.05
1	2	40	4	0	0	1	2	0.47	0.00	352.36
1	2	45	1	0	0	1	1	0.21	0.00	174.68
1	2	50	1	0	0	1	1	0.20	0.00	176.11
1	2	60	3	0	0	1	1	0.32	0.00	205.41
1	2	90	4	0	0	2	3	0.39	0.00	383.13
1	2	120	6	0	0	1	2	0.63	0.22	242.16
1	2	130	2	0	0	1	2	0.27	0.00	259.60
1	2	155	6	0	1	3	4	0.53	0.00	1153.05
1	2	170	2	0	1	1	1	0.25	0.00	589.12
1	2	290	24	0	0	1	6	2.88	1.87	778.88
1	2	305	2	0	0	1	1	0.30	0.00	258.79
1	2	390	16	0	0	1	5	1.43	0.81	643.06
1	2	405	4	24	0	2	10	2.65	1.56	1112.11
1	2	410	2	0	0	1	2	0.29	0.00	320.10
1	2	435	1	0	0	1	1	0.18	0.00	107.50
1	2	450	0	11	0	1	11	0.84	0.00	877.13
1	2	460	0	18	0	1	8	1.13	0.08	945.15
1	2	495	0	29	0	2	18	2.34	0.00	1685.38
1	2	525	0	9	2	1	6	0.58	0.00	1298.33
1	3	0	114	89	0	8	44	152.31	107.11	4704.50
1	3	60	8	0	0	3	4	0.80	0.00	632.27
1	3	105	7	0	0	3	3	0.64	0.00	548.79
1	3	115	1	0	0	1	1	0.20	0.00	183.28
1	3	125	4	0	0	2	2	0.49	0.00	356.52
1	3	140	1	0	0	1	1	0.20	0.00	181.36
1	3	150	2	0	0	1	2	0.28	0.00	235.54
1	3	165	3	0	0	1	2	0.29	0.01	282.82
1	3	180	3	0	0	2	2	0.31	0.00	382.84
1	3	285	26	0	0	1	7	3.76	1.11	959.85
1	3	295	7	0	0	1	2	0.62	0.00	368.11
1	3	300	2	0	0	1	1	0.29	0.00	237.27
1	3	400	14	0	0	2	6	1.77	0.51	726.21
1	3	405	2	27	0	2	11	2.08	0.00	1331.05
1	3	435	2	0	0	1	1	0.29	0.00	161.40
1	3	450	0	9	0	2	8	0.66	0.00	539.33
1	3	460	0	30	0	2	13	2.06	0.00	1164.64
1	3	495	0	26	0	2	19	2.00	0.00	1497.46
1	3	525	0	4	0	2	4	0.46	0.00	261.40

Day	SL	Own	DispatchTimes	AssignmentCost	RoutingCost	TotalCost
1	21	10	39	25386.00	50326.68	75712.68

Total Cost: 75712.67962785988
Cost per Day: 75712.67962785988
Running time in Seconds: 738.898
Running time in minutes: 12.314966666666667