INSTANCE: 2hubs_MSD_A_38_x.csv
PARAMETER: sp_msd_tight_20_120_2hubs.txt
POLICY: Stochastic Programming
ALPHA: 0.198590888352604
BETA: 26
OMEGA: 586
EPSILON: 1.11307978212621

Day: 1, Time: 5
Total Cost: 5012.13
 11:136.01, 45:75 [1, 3, -3, -1]
 12:136.01, 35:75 [1, -3, -1]
 13:136.01, 10:75 [1, 3, -3, -1]
 14:153.31, 42:75 [1, 4, -4, -1]
 15:153.31, 34:75 [1, -4, -1]
 16:153.31, 6:75 [1, -4, -1]
 17:136.01, 17:75 [1, -3, -1]
301:246.29, 10:10 [3, 3184, 3160, 3151, 3134, 3140, 3149, -3]
302:111.90, 8:10 [3, 3258, 3305, 3211, -3]
303:104.55, 10:10 [3, 3304, 3274, 3222, -3]
304:77.88, 10:10 [3, 3198, 3238, 3315, -3]
306:109.67, 4:10 [3, 3271, 3220, -3]
307:123.14, 3:10 [3, 3301, 3233, 3261, -3]
308:133.88, 10:10 [3, 3177, 3194, 3145, 3127, -3]
309:140.99, 6:10 [3, 3219, 3296, 3283, -3]
310:46.37, 7:10 [3, 3294, 3204, 3231, -3]
311:109.76, 4:10 [3, 3266, 3240, -3]
312:192.89, 9:10 [3, 3162, 3137, 3186, 3189, 3152, -3]
313:108.37, 2:10 [3, 3282, 3251, -3]
314:169.33, 5:10 [3, 3285, 3217, 3249, -3]
315:94.18, 8:10 [3, 3259, 3200, 3210, 3263, -3]
316:87.78, 8:10 [3, 3227, 3229, 3223, -3]
317:93.51, 2:10 [3, 3213, -3]
318:78.94, 10:10 [3, 3168, 3133, 3174, 3157, -3]
320:98.86, 3:10 [3, 3253, 3252, -3]
321:146.68, 10:10 [3, 3172, 3187, 3309, 3148, -3]
322:128.28, 7:10 [3, 3246, 3244, 3310, -3]
323:107.47, 10:10 [3, 3308, 3214, 3201, -3]
401:109.94, 6:10 [4, 3281, 3257, 3143, -4]
402:109.75, 10:10 [4, 3142, 3153, 3141, 3188, -4]
403:47.65, 6:10 [4, 3295, 3311, 3216, 3279, -4]
404:95.26, 6:10 [4, 3292, 3236, -4]
405:94.50, 6:10 [4, 3277, 3267, -4]
406:143.51, 6:10 [4, 3265, 3202, 3235, -4]
407:194.66, 10:10 [4, 3164, 3129, 3179, 3163, 3150, -4]
408:95.89, 8:10 [4, 3260, 3284, -4]
409:86.11, 6:10 [4, 3300, 3264, -4]
410:200.02, 8:10 [4, 3293, 3242, 3161, -4]
411:162.39, 9:10 [4, 3175, 3165, 3193, -4]
412:100.96, 2:10 [4, 5537, -4]
413:56.76, 10:10 [4, 3185, 3166, 3196, -4]
fe: 7, se: 34

Day: 1, Time: 10
Total Cost: 3341.59
 11:66.27, 51:75 [2, 5, -5, -2]
 12:66.27, 20:75 [2, 5, -5, -2]
 13:66.27, 4:75 [2, -5, -2]
 14:66.27, 52:75 [2, -5, -2]
 15:145.23, 26:75 [2, 6, -6, -2]
 16:145.23, 4:75 [2, -6, -2]
 17:145.23, 9:75 [2, -6, -2]
 18:66.27, 1:75 [2, -5, -2]
501:133.38, 8:10 [5, 3306, 3278, 3243, 3209, 3181, -5]
502:122.34, 10:10 [5, 3197, 3289, 3224, 3307, -5]
503:116.50, 4:10 [5, 3269, -5]
504:122.59, 1:10 [5, 3256, -5]
505:102.35, 5:10 [5, 3290, 3287, 3299, -5]
506:140.42, 10:10 [5, 3208, 3212, 3191, 3245, 3241, 3291, -5]
508:134.90, 10:10 [5, 3176, 3159, 3138, 3178, -5]
511:100.04, 10:10 [5, 3254, 3203, 3205, -5]
513:92.00, 10:10 [5, 3270, 3298, 3314, 3262, 3303, -5]
514:99.87, 10:10 [5, 3226, 3286, 3218, -5]
515:95.29, 10:10 [5, 3221, 3234, 3276, 3228, -5]
516:120.15, 10:10 [5, 3192, 3139, 3171, 3173, -5]
517:75.98, 10:10 [5, 3169, 3144, 3130, -5]
518:99.22, 9:10 [5, 3183, 3131, 3158, 3190, -5]
519:29.64, 8:10 [5, 3275, 3232, 3288, -5]
520:74.16, 8:10 [5, 3255, 3312, 3273, 3268, 3147, 3313, -5]
521:103.16, 9:10 [5, 3250, 3225, 3297, -5]
522:174.66, 9:10 [5, 3146, 3135, 3156, 3180, -5]
523:122.24, 10:10 [5, 3237, 3215, 3280, 3302, -5]
601:48.33, 4:10 [6, 3247, -6]
602:109.07, 10:10 [6, 3132, 3154, 3182, -6]
603:44.18, 8:10 [6, 3170, 3167, 3155, -6]
604:83.55, 4:10 [6, 3199, -6]
605:87.59, 9:10 [6, 3230, 3207, 3272, -6]
606:67.94, 5:10 [6, 3248, 3206, 3239, -6]
607:74.97, 8:10 [6, 3195, 3128, 3136, -6]
fe: 8, se: 26

Day: 1, Time: 35
Total Cost: 859.03
 11:136.01, 11:75 [1, -3, -1]
 12:153.31, 1:75 [1, -4, -1]
 13:153.31, 4:75 [1, -4, -1]
301:123.30, 6:10 [3, 5650, 6077, 4737, -3]
302:39.70, 5:10 [3, 4576, 4562, -3]
401:143.14, 2:10 [4, 4917, -4]
402:83.35, 2:10 [4, 5956, -4]
403:26.91, 1:10 [4, 4528, -4]
fe: 3, se: 5

Day: 1, Time: 40
Total Cost: 433.86
 11:66.27, 4:75 [2, -5, -2]
 12:66.27, 3:75 [2, -5, -2]
501:97.59, 1:10 [5, 5049, -5]
502:119.77, 3:10 [5, 4649, 4961, -5]
503:83.95, 3:10 [5, 3591, -5]
fe: 2, se: 3

Day: 1, Time: 45
Total Cost: 410.13
 11:136.01, 3:75 [1, -3, -1]
 12:153.31, 2:75 [1, -4, -1]
301:58.03, 3:10 [3, 6204, -3]
401:62.77, 2:10 [4, 5469, -4]
fe: 2, se: 2

Day: 1, Time: 50
Total Cost: 356.92
 11:66.27, 2:75 [2, -5, -2]
 12:66.27, 6:75 [2, -5, -2]
501:84.59, 2:10 [5, 3799, -5]
502:139.79, 6:10 [5, 3805, 5847, -5]
fe: 2, se: 2

Day: 1, Time: 60
Total Cost: 202.40
 11:66.27, 2:75 [2, -5, -2]
501:136.13, 2:10 [5, 6133, -5]
fe: 1, se: 1

Day: 1, Time: 70
Total Cost: 564.70
 11:136.01, 6:75 [1, -3, -1]
 12:153.31, 3:75 [1, -4, -1]
301:136.45, 6:10 [3, 5602, 6126, -3]
401:138.92, 3:10 [4, 3715, -4]
fe: 2, se: 2

Day: 1, Time: 105
Total Cost: 711.11
 11:66.27, 5:75 [2, -5, -2]
 12:66.27, 4:75 [2, -5, -2]
 13:145.23, 1:75 [2, -6, -2]
501:130.98, 2:10 [5, 3781, -5]
502:95.02, 2:10 [5, 5293, -5]
503:107.33, 1:10 [5, 5822, -5]
504:72.80, 4:10 [5, 3379, -5]
601:27.20, 1:10 [6, 5212, -6]
fe: 3, se: 5

Day: 1, Time: 110
Total Cost: 134.15
 11:66.27, 4:75 [2, -5, -2]
501:67.88, 4:10 [5, 5448, -5]
fe: 1, se: 1

Day: 1, Time: 125
Total Cost: 368.74
 11:136.01, 2:75 [1, -3, -1]
 12:153.31, 3:75 [1, -4, -1]
301:32.56, 2:10 [3, 4561, -3]
401:46.86, 3:10 [4, 3984, -4]
fe: 2, se: 2

Day: 1, Time: 125
Total Cost: 404.40
 11:66.27, 6:75 [2, -5, -2]
 12:66.27, 2:75 [2, -5, -2]
501:83.19, 1:10 [5, 3857, -5]
502:52.15, 2:10 [5, 5419, -5]
503:58.41, 2:10 [5, 4760, -5]
504:78.10, 3:10 [5, 3830, -5]
fe: 2, se: 4

Day: 1, Time: 130
Total Cost: 261.04
 11:136.01, 3:75 [1, -3, -1]
301:125.03, 3:10 [3, 5062, -3]
fe: 1, se: 1

Day: 1, Time: 130
Total Cost: 123.58
 11:66.27, 2:75 [2, -5, -2]
501:57.31, 2:10 [5, 3919, -5]
fe: 1, se: 1

Day: 1, Time: 150
Total Cost: 146.89
 11:66.27, 2:75 [2, -5, -2]
501:80.62, 2:10 [5, 4285, -5]
fe: 1, se: 1

Day: 1, Time: 155
Total Cost: 694.15
 11:136.01, 2:75 [1, -3, -1]
 12:136.01, 4:75 [1, -3, -1]
 13:153.31, 5:75 [1, -4, -1]
301:77.94, 2:10 [3, 3494, 4955, -3]
302:105.62, 4:10 [3, 3955, -3]
401:85.25, 5:10 [4, 3565, 5542, -4]
fe: 3, se: 3

Day: 1, Time: 170
Total Cost: 336.13
 11:136.01, 2:75 [1, -3, -1]
 12:153.31, 2:75 [1, -4, -1]
301:22.80, 2:10 [3, 5559, -3]
401:24.00, 2:10 [4, 4035, -4]
fe: 2, se: 2

Day: 1, Time: 320
Total Cost: 1410.18
 11:136.01, 35:75 [1, 3, -3, -1]
 12:153.31, 25:75 [1, 4, -4, -1]
 13:136.01, 8:75 [1, -3, -1]
301:77.87, 10:10 [3, 58, 609, 64, 15, -3]
302:123.01, 10:10 [3, 35, 9, 28, 1859, -3]
303:77.79, 4:10 [3, 5133, -3]
304:72.46, 8:10 [3, 108, 113, 85, 100, -3]
305:105.22, 8:10 [3, 3796, 3864, 5901, -3]
306:23.65, 7:10 [3, 72, 17, -3]
401:173.42, 10:10 [4, 98, 82, 5105, 4994, 5830, 107, -4]
402:33.99, 9:10 [4, 4879, 36, 401, 124, -4]
404:119.83, 4:10 [4, 5588, 4748, -4]
405:177.60, 10:10 [4, 42, 66, 97, 49, 16, 80, -4]
fe: 3, se: 10

Day: 1, Time: 320
Total Cost: 1106.74
 11:66.27, 25:75 [2, 5, -5, -2]
 12:145.23, 35:75 [2, 6, -6, -2]
501:134.48, 8:10 [5, 81, 1338, 2279, 6132, 92, 89, 5614, -5]
504:92.26, 9:10 [5, 77, 121, 125, 3556, -5]
506:123.37, 4:10 [5, 5263, -5]
508:123.40, 9:10 [5, 87, 76, 23, 3374, 4231, 4075, 62, -5]
601:71.17, 9:10 [6, 63, 446, 114, 4458, 105, 2347, 5895, -6]
602:99.20, 6:10 [6, 30, 102, 3014, -6]
603:89.37, 10:10 [6, 48, 94, 84, 4789, -6]
604:161.99, 10:10 [6, 61, 110, 74, 26, 50, -6]
fe: 2, se: 8

Day: 1, Time: 365
Total Cost: 1020.18
 11:136.01, 60:75 [1, 3, -3, -1]
301:143.36, 10:10 [3, 1771, 40, 88, 122, -3]
302:17.52, 7:10 [3, 4043, 90, 2657, -3]
303:120.21, 7:10 [3, 83, 78, 4230, 2943, 116, 44, -3]
304:186.91, 10:10 [3, 47, 60, 109, 1540, 31, -3]
305:152.67, 10:10 [3, 189, 1459, 19, 123, 65, -3]
306:134.31, 10:10 [3, 2258, 53, 86, -3]
307:129.18, 10:10 [3, 729, 1570, 25, 615, -3]
fe: 1, se: 7

Day: 1, Time: 405
Total Cost: 1060.43
 11:136.01, 22:75 [1, 3, -3, -1]
 12:153.31, 30:75 [1, 4, -1]
301:50.99, 1:10 [3, 5894, -3]
302:81.61, 6:10 [3, 7, 2103, 2632, -3]
303:79.22, 6:10 [3, 5639, 3579, 640, -3]
306:142.48, 9:10 [3, 13, 1095, 591, 34, -3]
309:127.37, 4:10 [3, 99, 55, 18, -3]
401:60.57, 10:10 [4, 38, 57, 101, -4]
402:73.56, 8:10 [4, 79, 96, -4]
403:84.88, 5:10 [4, 2022, 22, -4]
404:29.12, 4:10 [4, 112, -4]
405:41.30, 3:10 [4, 51, 667, -4]
fe: 2, se: 10

Day: 1, Time: 405
Total Cost: 1214.18
 11:66.27, 67:75 [2, 5, -5, -2]
 12:145.23, 29:75 [2, 6, -6, -2]
501:117.72, 10:10 [5, 68, 71, 32, 73, -5]
502:71.61, 9:10 [5, 95, 21, 10, 93, -5]
503:121.23, 9:10 [5, 120, 75, 46, -5]
504:104.51, 10:10 [5, 24, 29, 12, 1547, 3688, 59, 2936, -5]
505:79.04, 10:10 [5, 70, 5255, 45, 3070, 4697, -5]
507:95.59, 10:10 [5, 118, 1727, 1372, 67, 4355, 27, -5]
508:126.82, 10:10 [5, 5745, 14, 8, 6160, 54, 43, -5]
601:49.83, 2:10 [6, 69, 4021, -6]
602:46.26, 9:10 [6, 794, 37, 115, 39, -6]
603:104.96, 9:10 [6, 2887, 41, 2412, 1371, -6]
604:85.12, 10:10 [6, 11, 106, 20, 56, -6]
fe: 2, se: 11

Day: 1, Time: 440
Total Cost: 262.03
 11:136.01, 3:75 [1, -3, -1]
301:126.02, 3:10 [3, 4883, -3]
fe: 1, se: 1

Day: 1, Time: 445
Total Cost: 176.92
 11:66.27, 2:75 [2, -5, -2]
501:110.65, 2:10 [5, 3755, -5]
fe: 1, se: 1

Day: 1, Time: 450
Total Cost: 728.66
 11:66.27, 35:75 [2, 5, -2]
501:54.59, 3:10 [5, 375, -5]
502:81.83, 4:10 [5, 2766, 2352, -5]
503:156.70, 8:10 [5, 33, 304, 525, -5]
504:72.25, 4:10 [5, 91, -5]
505:164.21, 5:10 [5, 1765, 2369, 845, -5]
506:66.48, 4:10 [5, 104, -5]
507:66.34, 7:10 [5, 1872, 1386, -5]
fe: 1, se: 7

Day: 1, Time: 525
Total Cost: 165.47
 11:66.27, 8:75 [2, 5, -2]
501:49.19, 4:10 [5, 765, -5]
502:50.00, 4:10 [5, 103, -5]
fe: 1, se: 2


Day	Area	ID	Time	Load	Utilization	NoOrders	AssignmentCost
1	1	 6	225	 60	1.00	28	675.00
1	1	 7	270	 37	0.62	11	445.00
1	1	 8	315	 59	0.98	31	665.00
1	1	 9	360	 35	0.58	13	425.00
1	1	11	450	  8	0.11	 2	124.00
1	1	19	810	 48	1.00	20	666.00
1	2	25	225	 60	1.00	26	675.00
1	2	26	270	 60	1.00	28	675.00
1	2	27	315	 52	0.87	21	595.00
1	2	34	630	  6	0.10	 2	135.00
1	2	38	810	 47	0.98	18	654.00


Day	Area	Time	Pickup	Delivery	Direct	FEVehicles	SEVehicles	ALNSTime	ALNSBestTime	RoutingCostArea
1	1	5	64	39	0	7	34	53.71	0.18	5012.13
1	1	35	8	0	0	3	5	0.87	0.00	859.03
1	1	45	2	0	0	2	2	0.33	0.00	410.13
1	1	70	3	0	1	2	2	0.35	0.00	1064.70
1	1	125	2	0	0	2	2	0.32	0.00	368.74
1	1	130	1	0	0	1	1	0.20	0.00	261.04
1	1	155	5	0	0	3	3	0.89	0.00	694.15
1	1	160	0	0	1	0	0	0.00	0.00	500.00
1	1	170	2	0	0	2	2	0.33	0.00	336.13
1	1	320	10	26	0	3	10	4.20	0.00	1410.18
1	1	365	2	28	0	1	7	4.59	3.38	1020.18
1	1	405	3	21	0	2	10	2.04	0.00	1060.43
1	1	440	1	0	0	1	1	0.20	0.00	262.03
1	2	10	56	31	0	8	26	29.12	19.81	3341.59
1	2	40	4	0	0	2	3	0.63	0.00	433.86
1	2	50	3	0	0	2	2	0.40	0.00	356.92
1	2	60	1	0	0	1	1	0.20	0.00	202.40
1	2	105	5	0	0	3	5	0.41	0.00	711.11
1	2	110	1	0	0	1	1	0.19	0.00	134.15
1	2	125	4	0	0	2	4	0.68	0.00	404.40
1	2	130	1	0	0	1	1	0.20	0.00	123.58
1	2	150	1	0	0	1	1	0.20	0.00	146.89
1	2	165	0	0	1	0	0	0.00	0.00	500.00
1	2	320	10	28	0	2	8	3.70	0.00	1106.74
1	2	405	7	42	0	2	11	7.56	5.23	1214.18
1	2	445	1	0	0	1	1	0.20	0.00	176.92
1	2	450	0	13	0	1	7	1.30	0.17	728.66
1	2	525	0	2	0	1	2	0.23	0.00	165.47

Day	SL	Own	DispatchTimes	AssignmentCost	RoutingCost	TotalCost
1	11	0	28	5734.00	23005.75	28739.75

Total Cost: 28739.74662523924
Cost per Day: 28739.74662523924
Running time in Seconds: 540.192
Running time in minutes: 9.0032