INSTANCE: 2hubs_MSD_A_23_x.csv
PARAMETER: sp_msd_tight_20_120_2hubs.txt
POLICY: Stochastic Programming
ALPHA: 0.198590888352604
BETA: 26
OMEGA: 586
EPSILON: 1.11307978212621

Day: 1, Time: 0
Total Cost: 3804.56
 11:136.01, 37:75 [1, 3, -3, -1]
 12:136.01, 16:75 [1, 3, -3, -1]
 13:136.01, 47:75 [1, 3, -3, -1]
 14:136.01, 20:75 [1, 3, -3, -1]
 16:153.31, 29:75 [1, 4, -4, -1]
 17:153.31, 31:75 [1, 4, -4, -1]
301:96.14, 10:10 [3, 3185, 3160, 3132, 3275, -3]
302:18.29, 6:10 [3, 3283, 3302, -3]
303:149.53, 10:10 [3, 3191, 3151, 3150, -3]
304:79.63, 9:10 [3, 3255, 3297, 3286, -3]
305:58.00, 10:10 [3, 3241, 3182, 3243, 3247, -3]
306:115.32, 9:10 [3, 3233, 3240, 3284, -3]
307:108.21, 10:10 [3, 3159, 3224, 3244, 3310, 3260, 3294, -3]
311:81.38, 9:10 [3, 3248, 3252, 3157, 3192, -3]
312:145.08, 9:10 [3, 3281, 3273, 3211, 3219, -3]
314:99.40, 10:10 [3, 3232, 3223, 3269, 3215, 3177, -3]
315:111.10, 9:10 [3, 3188, 3141, 3173, 3147, -3]
316:161.44, 9:10 [3, 3296, 3251, 3216, 3308, 3183, -3]
317:69.87, 9:10 [3, 3285, 3231, 3242, -3]
318:76.29, 10:10 [3, 3199, 3312, 3246, -3]
319:198.44, 9:10 [3, 3129, 3282, 3309, 3172, -3]
320:193.91, 9:10 [3, 3143, 3148, 3169, 3195, -3]
321:129.36, 10:10 [3, 3254, 3166, 3305, 3265, -3]
401:102.59, 10:10 [4, 3315, 3239, 3298, -4]
402:81.05, 6:10 [4, 3303, 3279, 3277, -4]
403:173.88, 10:10 [4, 3174, 3196, 3145, 3180, 3154, -4]
404:62.33, 10:10 [4, 3272, 3237, 3289, -4]
405:164.44, 8:10 [4, 3299, 3227, 3311, -4]
406:110.85, 10:10 [4, 3204, 3218, 3295, 3221, -4]
408:110.22, 9:10 [4, 3138, 3137, 3163, -4]
409:106.18, 10:10 [4, 3175, 3152, 3139, -4]
410:92.51, 8:10 [4, 3200, 3291, 3225, 3258, -4]
412:58.44, 8:10 [4, 3206, 3267, 3250, 3168, -4]
fe: 6, se: 27

Day: 1, Time: 5
Total Cost: 3877.56
 11:66.27, 60:75 [2, 5, -5, -2]
 12:66.27, 53:75 [2, 5, -5, -2]
 13:66.27, 17:75 [2, 5, -5, -2]
 14:66.27, 21:75 [2, -5, -2]
 15:145.23, 4:75 [2, -6, -2]
 16:66.27, 1:75 [2, -5, -2]
 18:66.27, 13:75 [2, -5, -2]
501:114.86, 10:10 [5, 3128, 3187, 3170, 3135, -5]
502:102.96, 7:10 [5, 3217, 3234, -5]
503:87.64, 7:10 [5, 3271, 3158, 3210, -5]
504:160.42, 1:10 [5, 3198, -5]
505:138.42, 10:10 [5, 3134, 3142, 3178, 3167, -5]
506:135.35, 2:10 [5, 3253, -5]
507:181.01, 7:10 [5, 3153, 3149, 3144, 3171, -5]
508:142.24, 1:10 [5, 3257, -5]
509:128.53, 9:10 [5, 3213, 3304, 3229, 3256, 3264, -5]
510:63.54, 10:10 [5, 3201, 3212, 3280, -5]
511:143.71, 4:10 [5, 3249, 3278, -5]
512:105.05, 10:10 [5, 3161, 3131, 3179, -5]
513:94.77, 10:10 [5, 3293, 3230, 3276, -5]
514:140.22, 10:10 [5, 3226, 3266, 3245, 3292, 3238, -5]
515:123.29, 9:10 [5, 3313, 3127, 3205, 3261, 3287, -5]
516:69.65, 8:10 [5, 3307, 3207, -5]
517:160.80, 10:10 [5, 3165, 3193, 3155, 3130, 3189, 3156, -5]
518:139.97, 10:10 [5, 3181, 3176, 3186, -5]
519:140.27, 5:10 [5, 3263, 3235, -5]
520:132.63, 10:10 [5, 3162, 3184, 3194, 3133, -5]
521:97.77, 9:10 [5, 3306, 3220, 3209, 3222, -5]
522:124.14, 10:10 [5, 3164, 3136, 3146, 3236, 3190, -5]
523:146.48, 3:10 [5, 3214, -5]
524:101.30, 10:10 [5, 3228, 3208, 3262, 3270, -5]
525:83.89, 10:10 [5, 3290, 3288, 3197, -5]
526:55.25, 10:10 [5, 3268, 3301, 3259, -5]
528:143.38, 9:10 [5, 3202, 3314, 3300, 3140, 3203, -5]
601:77.18, 4:10 [6, 3274, -6]
fe: 7, se: 28

Day: 1, Time: 25
Total Cost: 290.57
 11:145.23, 5:75 [2, -6, -2]
601:70.94, 2:10 [6, 4111, -6]
602:74.40, 3:10 [6, 3906, -6]
fe: 1, se: 2

Day: 1, Time: 35
Total Cost: 879.95
 11:153.31, 2:75 [1, -4, -1]
 12:153.31, 4:75 [1, -4, -1]
 13:136.01, 3:75 [1, -3, -1]
 14:136.01, 1:75 [1, -3, -1]
301:82.29, 3:10 [3, 3647, -3]
302:129.12, 1:10 [3, 5499, -3]
401:22.80, 2:10 [4, 5949, -4]
402:67.08, 4:10 [4, 3632, -4]
fe: 4, se: 4

Day: 1, Time: 45
Total Cost: 187.94
 11:136.01, 1:75 [1, -3, -1]
301:51.92, 1:10 [3, 3676, -3]
fe: 1, se: 1

Day: 1, Time: 55
Total Cost: 229.12
 11:66.27, 6:75 [2, -5, -2]
501:94.85, 2:10 [5, 4864, -5]
502:68.00, 4:10 [5, 5218, -5]
fe: 1, se: 2

Day: 1, Time: 75
Total Cost: 591.06
 11:136.01, 3:75 [1, -3, -1]
 12:153.31, 5:75 [1, -4, -1]
301:132.20, 2:10 [3, 4192, -3]
302:90.55, 1:10 [3, 5862, -3]
401:31.27, 4:10 [4, 3394, 6295, -4]
402:47.71, 1:10 [4, 4613, -4]
fe: 2, se: 4

Day: 1, Time: 120
Total Cost: 579.23
 11:66.27, 10:75 [2, -5, -2]
 12:66.27, 3:75 [2, -5, -2]
 13:145.23, 6:75 [2, -6, -2]
501:76.91, 6:10 [5, 5368, 5153, -5]
502:111.06, 4:10 [5, 4254, 3625, -5]
503:47.20, 3:10 [5, 5773, -5]
601:66.29, 6:10 [6, 4673, 4294, -6]
fe: 3, se: 4

Day: 1, Time: 130
Total Cost: 159.37
 11:145.23, 1:75 [2, -6, -2]
601:14.14, 1:10 [6, 5237, -6]
fe: 1, se: 1

Day: 1, Time: 135
Total Cost: 184.63
 11:145.23, 4:75 [2, -6, -2]
601:39.40, 4:10 [6, 4374, -6]
fe: 1, se: 1

Day: 1, Time: 140
Total Cost: 438.88
 11:136.01, 4:75 [1, -3, -1]
 12:153.31, 1:75 [1, -4, -1]
301:65.79, 3:10 [3, 3574, 6074, -3]
302:54.04, 1:10 [3, 4037, -3]
401:29.73, 1:10 [4, 5556, -4]
fe: 2, se: 3

Day: 1, Time: 140
Total Cost: 215.49
 11:66.27, 3:75 [2, -5, -2]
501:62.29, 2:10 [5, 3781, -5]
502:86.93, 1:10 [5, 4989, -5]
fe: 1, se: 2

Day: 1, Time: 170
Total Cost: 376.02
 11:66.27, 3:75 [2, -5, -2]
 12:145.23, 4:75 [2, -6, -2]
501:128.02, 3:10 [5, 4588, -5]
601:36.50, 4:10 [6, 3397, -6]
fe: 2, se: 2

Day: 1, Time: 180
Total Cost: 238.97
 11:136.01, 3:75 [1, -3, -1]
301:102.96, 3:10 [3, 4500, -3]
fe: 1, se: 1

Day: 1, Time: 180
Total Cost: 270.28
 11:66.27, 5:75 [2, -5, -2]
 12:66.27, 4:75 [2, -5, -2]
501:91.56, 5:10 [5, 6195, 3639, -5]
502:46.17, 4:10 [5, 5876, -5]
fe: 2, se: 2

Day: 1, Time: 305
Total Cost: 883.68
 11:136.01, 23:75 [1, -3, -1]
 12:153.31, 18:75 [1, -4, -1]
301:123.02, 9:10 [3, 4092, 5019, 3494, 6221, -3]
302:143.41, 10:10 [3, 3505, 4900, 5409, 4580, 5337, -3]
303:20.88, 4:10 [3, 3997, -3]
401:182.20, 10:10 [4, 4282, 5492, 5016, 4810, -4]
402:124.85, 8:10 [4, 5606, 5527, 5105, -4]
fe: 2, se: 5

Day: 1, Time: 350
Total Cost: 779.55
 11:66.27, 30:75 [2, 5, -5, -2]
 12:145.23, 8:75 [2, -6, -2]
501:154.60, 9:10 [5, 442, 5927, 3669, 3810, 3470, -5]
502:133.50, 9:10 [5, 4747, 5560, 1931, 5385, -5]
504:147.99, 10:10 [5, 457, 486, 2427, 4992, 5317, 4973, -5]
506:65.39, 4:10 [5, 6055, -5]
601:66.57, 8:10 [6, 5355, 4710, 4769, -6]
fe: 2, se: 5

Day: 1, Time: 370
Total Cost: 1781.45
 11:136.01, 71:75 [1, 3, -3, -1]
 12:153.31, 4:75 [1, -4, -1]
 13:153.31, 49:75 [1, 4, -4, -1]
301:62.78, 9:10 [3, 86, 55, 123, -3]
302:17.09, 4:10 [3, 2028, -3]
303:126.32, 10:10 [3, 97, 5214, 24, 8, 81, -3]
304:86.48, 10:10 [3, 111, 63, 5664, 84, 921, -3]
305:143.78, 10:10 [3, 71, 110, 23, 19, 76, -3]
306:47.04, 10:10 [3, 2583, 88, 13, -3]
307:150.22, 8:10 [3, 67, 73, 59, 69, 48, -3]
311:93.04, 10:10 [3, 30, 100, 36, 103, 4242, 80, -3]
401:67.90, 10:10 [4, 114, 124, 716, 1674, 66, -4]
402:65.89, 10:10 [4, 27, 39, 12, 737, -4]
403:162.79, 4:10 [4, 5904, -4]
404:140.04, 10:10 [4, 32, 18, 74, 11, -4]
405:76.83, 9:10 [4, 17, 102, 40, -4]
406:98.62, 10:10 [4, 44, 20, 72, 4877, 22, -4]
fe: 3, se: 14

Day: 1, Time: 405
Total Cost: 1104.77
 11:136.01, 35:75 [1, 3, -3, -1]
 12:153.31, 21:75 [1, 4, -4, -1]
301:131.66, 10:10 [3, 116, 2178, 1064, 591, -3]
302:150.43, 1:10 [3, 6031, -3]
305:91.56, 10:10 [3, 98, 78, 1104, -3]
306:54.83, 8:10 [3, 90, 5236, 1483, -3]
307:105.29, 7:10 [3, 1184, 1963, -3]
401:99.10, 8:10 [4, 435, 1799, 2686, -4]
402:66.03, 4:10 [4, 117, -4]
403:59.35, 9:10 [4, 4672, 45, 2047, -4]
404:57.20, 4:10 [4, 38, -4]
fe: 2, se: 9

Day: 1, Time: 405
Total Cost: 1554.96
 11:66.27, 59:75 [2, 5, -5, -2]
 12:66.27, 26:75 [2, 5, -2]
 13:145.23, 35:75 [2, 6, -2]
501:17.09, 4:10 [5, 94, -5]
502:106.65, 9:10 [5, 37, 105, 6019, 2309, 49, -5]
503:55.16, 9:10 [5, 113, 5890, 107, 2366, 4592, -5]
504:102.51, 10:10 [5, 56, 384, 96, -5]
505:163.70, 10:10 [5, 89, 109, 847, 3105, -5]
506:118.29, 9:10 [5, 77, 9, 3939, 1423, -5]
509:135.98, 10:10 [5, 14, 4515, 99, 65, 10, -5]
513:127.17, 7:10 [5, 1002, 5640, 204, 31, 6068, 35, -5]
514:107.72, 10:10 [5, 43, 121, 28, 82, 101, -5]
516:105.30, 10:10 [5, 16, 2884, 47, 95, 4651, 2672, -5]
601:55.30, 7:10 [6, 51, 50, 87, -6]
602:80.31, 10:10 [6, 53, 122, 125, 41, -6]
603:45.80, 8:10 [6, 57, 108, -6]
604:56.21, 10:10 [6, 52, 60, 68, -6]
fe: 3, se: 14

Day: 1, Time: 450
Total Cost: 575.58
 11:136.01, 9:75 [1, 3, -3, -1]
301:71.69, 2:10 [3, 4300, -3]
302:118.42, 1:10 [3, 449, -3]
303:105.28, 3:10 [3, 5109, 5274, -3]
304:33.29, 4:10 [3, 207, -3]
305:110.89, 4:10 [3, 3005, -3]
fe: 1, se: 5

Day: 1, Time: 450
Total Cost: 395.54
 11:66.27, 20:75 [2, 5, -5, -2]
501:77.31, 5:10 [5, 3497, 34, -5]
502:67.05, 3:10 [5, 115, -5]
503:88.19, 6:10 [5, 64, 54, -5]
504:96.72, 10:10 [5, 70, 104, 120, 75, -5]
fe: 1, se: 4

Day: 1, Time: 460
Total Cost: 626.56
 11:151.76, 16:75 [2, 5, 6, -2]
501:117.68, 4:10 [5, 29, 21, 58, -5]
502:62.48, 2:10 [5, 62, -5]
503:62.03, 2:10 [5, 118, -5]
504:54.41, 1:10 [5, 79, -5]
505:134.93, 5:10 [5, 33, 106, -5]
601:43.27, 2:10 [6, 42, -6]
fe: 1, se: 6

Day: 1, Time: 495
Total Cost: 445.65
 11:66.27, 21:75 [2, 5, -2]
501:91.94, 6:10 [5, 25, 112, -5]
502:91.47, 4:10 [5, 26, 61, -5]
504:102.84, 4:10 [5, 91, -5]
505:43.27, 2:10 [5, 93, -5]
506:49.86, 5:10 [5, 1310, 83, -5]
fe: 1, se: 5


Day	Area	ID	Time	Load	Utilization	NoOrders	AssignmentCost
1	1	 6	225	 12	0.20	 5	195.00
1	1	 7	270	 60	1.00	22	675.00
1	1	 8	315	 60	1.00	26	675.00
1	1	 9	360	 20	0.33	 8	275.00
1	1	43	400	 16	0.13	 9	470.00
1	1	10	405	 21	0.35	 8	285.00
1	1	15	630	 32	0.53	12	395.00
1	1	19	810	 47	0.98	20	654.00
1	2	25	225	 60	1.00	25	675.00
1	2	26	270	 60	1.00	25	675.00
1	2	27	315	 56	0.93	18	635.00
1	2	28	360	  9	0.15	 3	165.00
1	2	34	630	 30	0.50	10	375.00
1	2	38	810	 47	0.98	17	654.00


Day	Area	Time	Pickup	Delivery	Direct	FEVehicles	SEVehicles	ALNSTime	ALNSBestTime	RoutingCostArea
1	1	0	65	35	0	6	27	49.79	0.00	3804.56
1	1	35	4	0	0	4	4	0.78	0.00	879.95
1	1	45	1	0	0	1	1	0.19	0.00	187.94
1	1	75	5	0	0	2	4	0.46	0.00	591.06
1	1	90	0	0	1	0	0	0.00	0.00	500.00
1	1	140	4	0	0	2	3	0.58	0.00	438.88
1	1	155	0	0	1	0	0	0.00	0.00	500.00
1	1	180	1	0	0	1	1	0.23	0.00	238.97
1	1	305	17	0	0	2	5	1.37	0.00	883.68
1	1	370	5	50	0	3	14	11.15	5.64	1781.45
1	1	405	3	18	0	2	9	1.88	0.00	1104.77
1	1	450	3	3	0	1	5	0.61	0.00	575.58
1	2	5	54	35	0	7	28	33.93	25.41	3877.56
1	2	25	2	0	0	1	2	0.30	0.00	290.57
1	2	55	2	0	0	1	2	0.28	0.00	229.12
1	2	120	7	0	0	3	4	0.74	0.00	579.23
1	2	130	1	0	0	1	1	0.19	0.00	159.37
1	2	135	1	0	0	1	1	0.19	0.00	184.63
1	2	140	2	0	0	1	2	0.28	0.00	215.49
1	2	170	2	0	1	2	2	0.29	0.00	876.02
1	2	180	3	0	0	2	2	0.35	0.00	270.28
1	2	350	14	5	0	2	5	1.68	0.14	779.55
1	2	405	8	48	0	3	14	9.42	6.39	1554.96
1	2	450	1	8	0	1	4	0.55	0.00	395.54
1	2	460	0	9	0	1	6	0.60	0.00	626.56
1	2	495	0	8	0	1	5	0.47	0.00	445.65

Day	SL	Own	DispatchTimes	AssignmentCost	RoutingCost	TotalCost
1	13	1	26	6803.00	21971.36	28774.36

Total Cost: 28774.36325456743
Cost per Day: 28774.36325456743
Running time in Seconds: 555.397
Running time in minutes: 9.256616666666666