INSTANCE: 2hubs_MND_A_22_x.csv
PARAMETER: sp_mnd_loose_20_120_2hubs.txt
POLICY: Stochastic Programming
ALPHA: 0.316388347712983
BETA: 26
OMEGA: 586
EPSILON: 1.10344401108156

Day: 1, Time: 5
Total Cost: 3803.54
 11:136.01, 71:75 [1, 3, -3, -1]
 12:136.01, 47:75 [1, 3, -3, -1]
 13:153.31, 66:75 [1, 4, -4, -1]
 14:153.31, 21:75 [1, 4, -4, -1]
 15:153.31, 16:75 [1, 4, -4, -1]
301:150.69, 10:10 [3, 3132, 3278, 3308, 3108, 3304, 3163, 3216, -3]
303:95.96, 10:10 [3, 3245, 3293, 3079, 3260, -3]
304:182.74, 10:10 [3, 3243, 3185, 3266, 3066, 3281, 3107, 3052, -3]
305:98.51, 10:10 [3, 3110, 3223, 3256, 3119, 3307, -3]
306:139.86, 10:10 [3, 3120, 3096, 3049, -3]
307:30.66, 2:10 [3, 3298, 3224, -3]
308:139.55, 10:10 [3, 3157, 3142, 3144, -3]
309:98.00, 10:10 [3, 3113, 3160, 3212, 3203, 3112, 3141, 3300, 3209, 3704, -3]
310:25.81, 7:10 [3, 3182, 3138, -3]
311:101.59, 10:10 [3, 3305, 3091, 3249, 3238, 3242, -3]
314:92.13, 10:10 [3, 3282, 3235, 3295, 3294, -3]
315:146.45, 9:10 [3, 3192, 3237, 3072, 3152, 3230, -3]
316:68.68, 9:10 [3, 3069, 3089, 3117, -3]
318:89.14, 10:10 [3, 3241, 3299, 3248, 3268, 3129, 3181, -3]
319:79.04, 10:10 [3, 3092, 3150, 3297, 3277, 3055, 3174, -3]
401:169.33, 10:10 [4, 3114, 3284, 3139, 3125, 3058, -4]
402:75.51, 10:10 [4, 3232, 3264, 3286, 3303, 3190, -4]
403:195.75, 10:10 [4, 3211, 3173, 3202, 3134, 3287, -4]
404:86.43, 10:10 [4, 3272, 3061, 3084, 3255, 3201, 3191, -4]
405:95.99, 10:10 [4, 3271, 3273, 3208, 3151, -4]
406:92.05, 10:10 [4, 3289, 3071, 3161, 3236, 3130, 3206, -4]
407:77.89, 10:10 [4, 3076, 3313, 3048, 3276, 3195, 3176, -4]
408:164.09, 10:10 [4, 3062, 3126, 3102, 3265, 3086, 3057, 3246, 3128, -4]
409:95.18, 9:10 [4, 3077, 3215, 3290, 3054, -4]
410:72.47, 9:10 [4, 3083, 3080, 3169, 3095, -4]
411:127.68, 10:10 [4, 3217, 3097, 3133, 3250, 3309, 3074, -4]
412:93.10, 10:10 [4, 3205, 3210, 3186, 3274, 3053, 3137, -4]
413:132.48, 3:10 [4, 3301, -4]
414:54.80, 9:10 [4, 3094, 3170, 3228, 3082, 3154, -4]
fe: 5, se: 29

Day: 1, Time: 5
Total Cost: 3727.15
 11:66.27, 74:75 [2, 5, -5, -2]
 12:66.27, 49:75 [2, 5, -5, -2]
 13:66.27, 3:75 [2, -5, -2]
 14:66.27, 3:75 [2, -5, -2]
 15:145.23, 1:75 [2, -6, -2]
 17:151.76, 61:75 [2, 5, 6, -6, -2]
 25:151.76, 9:75 [2, -6, 5, -2]
 34:66.27, 10:75 [2, 5, -2]
501:62.51, 6:10 [5, 3231, 3275, 3104, -5]
502:104.67, 7:10 [5, 3302, 3258, 3279, -5]
503:82.21, 8:10 [5, 3143, 3123, 3146, -5]
504:127.22, 10:10 [5, 3073, 3100, 3288, 3168, 3122, -5]
505:91.54, 10:10 [5, 3068, 3234, 3225, 3207, 3204, -5]
506:107.70, 7:10 [5, 3233, 3063, 3267, -5]
507:123.17, 3:10 [5, 3296, -5]
508:107.48, 10:10 [5, 3263, 3198, 3259, -5]
509:122.30, 10:10 [5, 3311, 3064, 3310, 3078, 3047, -5]
510:85.52, 10:10 [5, 3184, 3183, 3106, 3306, -5]
511:127.05, 10:10 [5, 3189, 3093, 3229, 3101, 3118, 3247, 3262, 3312, -5]
512:132.97, 3:10 [5, 3213, -5]
514:102.33, 10:10 [5, 3269, 3131, 3214, 3159, -5]
515:29.52, 8:10 [5, 3155, 3162, 3147, -5]
516:124.07, 10:10 [5, 3145, 3220, 3165, 3109, 3315, -5]
517:150.25, 10:10 [5, 3115, 3105, 3292, 3172, 3239, 3158, 3135, -5]
519:62.21, 9:10 [5, 3285, 3156, 3166, 3059, -5]
523:125.04, 10:10 [5, 3099, 3136, 3193, 3314, 3124, 3116, -5]
527:127.17, 10:10 [5, 3261, 3103, 3252, 3148, 3270, 3171, 3067, 3254, -5]
529:162.94, 10:10 [5, 3051, 3200, 3060, 3280, 3180, -5]
531:84.95, 8:10 [5, 3065, 3140, 3153, 3253, -5]
534:52.66, 9:10 [5, 3056, 3085, 3291, 3127, -5]
540:173.46, 10:10 [5, 3164, 3251, 3098, 3221, 3187, 3177, 3199, 3194, 3222, -5]
601:64.95, 10:10 [6, 3050, 3081, 3179, 3188, -6]
602:42.42, 8:10 [6, 3088, 3149, -6]
603:30.20, 8:10 [6, 3196, 3175, 3167, -6]
604:66.84, 1:10 [6, 3218, -6]
605:54.75, 7:10 [6, 3087, 3257, 3121, -6]
606:12.65, 2:10 [6, 3227, -6]
607:51.42, 1:10 [6, 3226, -6]
608:83.76, 10:10 [6, 3111, 3178, 3283, 3070, 3219, 3240, -6]
609:71.11, 8:10 [6, 3090, 3244, 3075, -6]
fe: 8, se: 32

Day: 1, Time: 40
Total Cost: 629.95
 11:66.27, 5:75 [2, -5, -2]
 12:151.76, 4:75 [2, -5, -6, -2]
501:92.20, 2:10 [5, 6022, -5]
502:149.63, 1:10 [5, 4498, -5]
503:96.01, 3:10 [5, 3648, 5937, -5]
601:74.08, 3:10 [6, 3801, 6066, -6]
fe: 2, se: 4

Day: 1, Time: 75
Total Cost: 471.59
 11:66.27, 3:75 [2, -5, -2]
 12:66.27, 7:75 [2, -5, -2]
501:118.03, 3:10 [5, 6044, 5757, -5]
502:92.44, 5:10 [5, 4124, 4865, -5]
503:128.58, 2:10 [5, 5094, -5]
fe: 2, se: 3

Day: 1, Time: 100
Total Cost: 628.16
 11:153.31, 8:75 [1, -4, -1]
 12:153.31, 8:75 [1, -4, -1]
401:66.03, 3:10 [4, 3472, -4]
403:80.78, 5:10 [4, 5704, 4852, -4]
404:174.72, 8:10 [4, 4242, 5782, 5017, -4]
fe: 2, se: 3

Day: 1, Time: 115
Total Cost: 872.76
 11:66.27, 10:75 [2, -5, -2]
 12:66.27, 2:75 [2, -5, -2]
 13:145.23, 2:75 [2, -6, -2]
 14:145.23, 3:75 [2, -6, -2]
501:160.13, 4:10 [5, 4873, 4938, -5]
502:161.43, 6:10 [5, 4407, 3467, 4273, -5]
503:34.53, 2:10 [5, 5844, -5]
602:65.39, 2:10 [6, 5216, -6]
603:28.28, 3:10 [6, 4827, -6]
fe: 4, se: 5

Day: 1, Time: 140
Total Cost: 390.00
 11:66.27, 1:75 [2, -5, -2]
 12:66.27, 3:75 [2, -5, -2]
501:69.08, 1:10 [5, 4876, -5]
502:188.38, 3:10 [5, 5538, 5063, -5]
fe: 2, se: 2

Day: 1, Time: 145
Total Cost: 393.70
 11:136.01, 3:75 [1, -3, -1]
 12:136.01, 4:75 [1, -3, -1]
301:56.89, 3:10 [3, 3970, 5446, -3]
303:64.78, 4:10 [3, 3952, -3]
fe: 2, se: 2

Day: 1, Time: 150
Total Cost: 311.54
 11:66.27, 8:75 [2, -5, -2]
501:118.07, 4:10 [5, 4991, -5]
502:127.20, 4:10 [5, 5434, -5]
fe: 1, se: 2

Day: 1, Time: 155
Total Cost: 226.37
 11:136.01, 4:75 [1, -3, -1]
301:90.35, 4:10 [3, 5130, -3]
fe: 1, se: 1

Day: 1, Time: 240
Total Cost: 491.11
 11:66.27, 8:75 [2, -5, -2]
 12:145.23, 10:75 [2, -6, -2]
501:159.47, 8:10 [5, 5218, 5661, 4766, 6079, -5]
601:120.14, 10:10 [6, 3715, 5079, 4892, -6]
fe: 2, se: 2

Day: 1, Time: 320
Total Cost: 672.82
 11:66.27, 26:75 [2, -5, -2]
 12:145.23, 10:75 [2, -6, -2]
501:147.83, 8:10 [5, 5853, 4047, 5061, -5]
502:66.17, 10:10 [5, 4360, 3566, 3736, -5]
504:129.16, 8:10 [5, 3617, 4249, -5]
601:118.15, 10:10 [6, 4898, 5375, 4988, 4575, -6]
fe: 2, se: 4

Day: 1, Time: 335
Total Cost: 1525.91
 11:136.01, 30:75 [1, 3, -3, -1]
 12:153.31, 36:75 [1, 4, -4, -1]
301:121.54, 9:10 [3, 28, 68, 35, 2747, 17, -3]
302:81.31, 6:10 [3, 89, 8, 2832, -3]
303:88.15, 9:10 [3, 5774, 4195, 4780, -3]
304:84.06, 6:10 [3, 5196, 5297, -3]
305:133.66, 10:10 [3, 6122, 3922, 5210, 4209, 5107, -3]
308:71.24, 8:10 [3, 3743, 43, 23, 4563, -3]
401:153.31, 10:10 [4, 4258, 79, 5187, 4677, 69, 6231, -4]
402:170.39, 10:10 [4, 85, 458, 4458, 44, 14, -4]
403:70.88, 1:10 [4, 5866, -4]
404:121.53, 10:10 [4, 77, 24, 106, 5324, -4]
405:85.05, 9:10 [4, 112, 36, 3667, 73, -4]
406:55.46, 4:10 [4, 5974, -4]
fe: 2, se: 12

Day: 1, Time: 360
Total Cost: 606.99
 11:179.78, 13:75 [1, 3, 4, -4, -1]
301:101.19, 2:10 [3, 934, -3]
302:96.83, 2:10 [3, 2654, -3]
303:169.88, 7:10 [3, 1686, 1637, 1675, -3]
401:59.31, 9:10 [4, 3961, 5733, 1904, -4]
fe: 1, se: 4

Day: 1, Time: 405
Total Cost: 1101.67
 11:66.27, 55:75 [2, 5, -5, -2]
501:54.41, 2:10 [5, 48, -5]
502:163.42, 10:10 [5, 5646, 74, 5121, 108, 33, -5]
503:112.24, 7:10 [5, 111, 18, 5688, -5]
504:114.46, 9:10 [5, 3538, 282, 70, 5736, -5]
505:117.48, 10:10 [5, 25, 58, 66, 3760, 762, -5]
506:121.57, 10:10 [5, 4897, 81, 5373, 4933, 34, -5]
507:160.57, 9:10 [5, 3753, 52, 115, 78, 103, -5]
511:110.74, 10:10 [5, 4278, 4318, 2514, 4442, 113, 109, -5]
514:80.51, 10:10 [5, 4948, 92, 59, 4072, 96, -5]
fe: 1, se: 9

Day: 1, Time: 435
Total Cost: 614.82
 11:136.01, 9:75 [1, -3, -1]
 12:153.31, 9:75 [1, -4, -1]
301:56.07, 3:10 [3, 5995, 4826, -3]
302:139.04, 5:10 [3, 3953, 3414, -3]
303:54.92, 1:10 [3, 3350, -3]
401:75.46, 9:10 [4, 6099, 4316, 3497, -4]
fe: 2, se: 4

Day: 1, Time: 445
Total Cost: 266.55
 11:66.27, 8:75 [2, -5, -2]
501:109.84, 4:10 [5, 3475, -5]
502:90.44, 4:10 [5, 5931, -5]
fe: 1, se: 2

Day: 1, Time: 450
Total Cost: 219.34
 11:153.31, 6:75 [1, 4, -1]
401:66.03, 6:10 [4, 2244, 2026, -4]
fe: 1, se: 1

Day: 1, Time: 480
Total Cost: 160.42
 11:66.27, 4:75 [2, 5, -2]
501:94.15, 4:10 [5, 1940, -5]
fe: 1, se: 1

Day: 1, Time: 525
Total Cost: 102.99
 11:66.27, 3:75 [2, 5, -2]
501:36.72, 3:10 [5, 21, -5]
fe: 1, se: 1


Day	Area	ID	Time	Load	Utilization	NoOrders	AssignmentCost
1	1	 8	315	 55	0.61	24	625.00
1	1	 9	360	  4	0.04	 1	115.00
1	1	11	450	  6	0.06	 3	108.00
1	1	15	630	 87	0.97	30	945.00
1	1	17	720	 33	0.46	10	486.00
1	1	19	810	 72	1.00	40	954.00
1	2	25	225	 58	0.64	22	655.00
1	2	51	300	 13	0.07	 6	410.00
1	2	28	360	  6	0.07	 2	135.00
1	2	34	630	 81	0.90	24	885.00
1	2	37	765	 44	0.61	13	618.00
1	2	38	810	 72	1.00	45	954.00


Day	Area	Time	Pickup	Delivery	Direct	FEVehicles	SEVehicles	ALNSTime	ALNSBestTime	RoutingCostArea
1	1	5	67	75	0	5	29	62.75	44.10	3803.54
1	1	100	6	0	0	2	3	0.64	0.00	628.16
1	1	145	3	0	0	2	2	0.35	0.00	393.70
1	1	155	1	0	0	1	1	0.19	0.00	226.37
1	1	335	21	22	0	2	12	5.79	0.01	1525.91
1	1	360	2	6	0	1	4	0.62	0.00	606.99
1	1	435	8	0	0	2	4	0.81	0.00	614.82
1	1	450	0	2	0	1	1	0.26	0.00	219.34
1	2	5	52	75	0	8	32	95.08	55.59	3727.15
1	2	40	6	0	0	2	4	0.68	0.00	629.95
1	2	75	5	0	0	2	3	0.41	0.00	471.59
1	2	115	8	0	0	4	5	0.93	0.00	872.76
1	2	140	3	0	0	2	2	0.38	0.00	390.00
1	2	150	2	0	0	1	2	0.26	0.00	311.54
1	2	240	7	0	0	2	2	0.59	0.00	491.11
1	2	320	12	0	0	2	4	0.93	0.00	672.82
1	2	405	15	24	0	1	9	3.98	0.12	1101.67
1	2	445	2	0	0	1	2	0.27	0.00	266.55
1	2	480	0	1	0	1	1	0.18	0.00	160.42
1	2	525	0	1	2	1	1	0.17	0.00	1102.99

Day	SL	Own	DispatchTimes	AssignmentCost	RoutingCost	TotalCost
1	11	1	20	6890.00	18217.37	25107.37

Total Cost: 25107.366444049174
Cost per Day: 25107.366444049174
Running time in Seconds: 7341.942
Running time in minutes: 122.3657