INSTANCE: 2hubs_MND_A_25_x.csv
PARAMETER: ldp_standard.txt
POLICY: LATEST DEPARTURE
ALPHA: 0.0
BETA: 26
OMEGA: 586
EPSILON: 1.0

Day: 1, Time: 0
Total Cost: 3832.10
 11:136.01, 73:75 [1, 3, -3, -1]
 12:136.01, 63:75 [1, 3, -3, -1]
 15:153.31, 72:75 [1, 4, -4, -1]
 16:153.31, 34:75 [1, 4, -4, -1]
301:75.92, 10:10 [3, 3278, 3249, 3303, 3182, -3]
302:79.43, 10:10 [3, 3242, 3208, 3180, -3]
303:118.87, 9:10 [3, 3217, 3064, 3118, 3281, -3]
304:54.33, 7:10 [3, 3292, 3200, -3]
305:85.22, 10:10 [3, 3187, 3053, 3084, 3137, 3121, -3]
306:157.63, 8:10 [3, 3140, 3243, 3232, 3191, 3125, 3306, -3]
307:5.66, 4:10 [3, 3095, -3]
308:87.40, 10:10 [3, 3107, 3235, 3248, 3142, 3117, 3275, 3165, -3]
309:112.46, 9:10 [3, 3315, 3207, 3185, 3199, 3265, -3]
310:165.07, 10:10 [3, 3174, 3074, 3079, 3173, 3083, -3]
311:115.50, 10:10 [3, 3276, 3247, 3155, 3301, -3]
312:128.22, 10:10 [3, 3109, 3166, 3206, 3204, 3089, 3088, 3099, 3254, -3]
313:47.19, 7:10 [3, 3055, 3071, 3049, -3]
314:84.42, 9:10 [3, 3078, 3163, 3148, -3]
316:148.24, 10:10 [3, 3225, 3050, 3076, 3110, -3]
318:61.53, 9:10 [3, 3210, 3287, 3198, -3]
319:135.40, 5:10 [3, 3305, 3290, -3]
320:99.73, 10:10 [3, 3061, 3313, 3226, 3060, -3]
401:26.23, 7:10 [4, 3169, 3286, 3224, -4]
402:103.29, 9:10 [4, 3152, 3054, 3184, 3192, -4]
403:120.85, 10:10 [4, 3159, 3082, 3273, 3289, 3202, 3272, -4]
404:179.42, 10:10 [4, 3168, 5118, 3256, 3128, 3134, -4]
405:170.17, 9:10 [4, 3262, 3297, 3218, -4]
406:117.26, 8:10 [4, 3240, 3122, 3255, 3230, 3300, -4]
407:39.47, 9:10 [4, 3151, 3158, 3052, -4]
408:43.17, 8:10 [4, 3227, 3098, 3048, 3057, -4]
409:94.43, 9:10 [4, 3211, 3257, 3167, -4]
410:114.10, 10:10 [4, 3157, 3304, 3097, 3277, 3094, -4]
411:129.87, 10:10 [4, 3264, 3129, 3080, 3251, -4]
412:62.25, 6:10 [4, 3112, 3105, -4]
413:140.09, 10:10 [4, 3176, 3077, 3298, 3092, 3139, 3253, 3126, 3205, -4]
414:7.21, 3:10 [4, 3090, -4]
418:143.43, 10:10 [4, 3087, 3246, 3215, 3154, 3150, -4]
fe: 4, se: 33

Day: 1, Time: 30
Total Cost: 2655.60
 11:66.27, 72:75 [2, 5, -5, -2]
 12:66.27, 62:75 [2, 5, -5, -2]
 13:151.76, 49:75 [2, 5, 6, -6, -2]
501:101.58, 10:10 [5, 3146, 3231, 3190, 3308, 3258, 3056, 3296, 3156, -5]
502:127.83, 10:10 [5, 3284, 3237, 3197, 3164, 3260, -5]
503:70.01, 10:10 [5, 3209, 3144, 3178, 3135, 3293, -5]
504:55.77, 9:10 [5, 3102, 3216, 3138, 4034, 3104, -5]
505:149.74, 10:10 [5, 3141, 3161, 3133, 3280, 3189, 3288, 3181, 3261, -5]
506:23.71, 8:10 [5, 3145, 3170, -5]
507:85.75, 10:10 [5, 3309, 3186, 3282, 3250, -5]
508:13.21, 6:10 [5, 3234, 3274, 3294, -5]
509:123.23, 10:10 [5, 3127, 3162, 3149, 3100, 3259, -5]
510:108.17, 10:10 [5, 3063, 3069, 3177, 3072, 4088, -5]
511:161.61, 10:10 [5, 3175, 3193, 3130, 3153, 3220, 3311, 3047, 3307, -5]
512:117.25, 10:10 [5, 3196, 3059, 3106, 3229, 3147, 3203, -5]
513:108.65, 10:10 [5, 3283, 3143, 3183, 3223, 3201, 3302, 3270, -5]
514:43.56, 10:10 [5, 3116, 3051, 3131, 3136, -5]
515:98.62, 9:10 [5, 3172, 3188, 3285, 3067, 3268, 3115, -5]
516:116.47, 9:10 [5, 3244, 3236, 3073, 3132, 3310, -5]
517:33.75, 9:10 [5, 3267, 3299, 3228, -5]
518:103.23, 10:10 [5, 3269, 3221, 3295, 3114, 3263, 3291, 4675, -5]
519:41.53, 10:10 [5, 3124, 3194, 3070, -5]
520:77.55, 10:10 [5, 3271, 3171, 3212, 3195, -5]
521:22.63, 3:10 [5, 3093, -5]
522:120.40, 10:10 [5, 3214, 3091, 3081, 3222, 3238, 3390, -5]
601:124.63, 10:10 [6, 3086, 3103, 3160, 3068, 3219, 3279, 3233, -6]
602:128.70, 10:10 [6, 3085, 3101, 3123, 3066, 3266, 3252, -6]
603:50.31, 10:10 [6, 3075, 3314, 3120, 3239, 3119, 3108, 3062, 3113, 3213, -6]
604:7.21, 2:10 [6, 3179, -6]
606:156.19, 10:10 [6, 3058, 3111, 3096, 3312, 3241, 3065, 3245, -6]
fe: 3, se: 27

Day: 1, Time: 65
Total Cost: 699.94
 11:136.01, 1:75 [1, -3, -1]
 12:153.31, 9:75 [1, -4, -1]
301:122.26, 1:10 [3, 5697, -3]
401:288.35, 9:10 [4, 4730, 4143, 4642, 4902, -4]
fe: 2, se: 2

Day: 1, Time: 115
Total Cost: 467.61
 11:66.27, 15:75 [2, -5, -2]
 12:66.27, 15:75 [2, -5, -2]
501:93.82, 5:10 [5, 3717, 4222, -5]
502:44.05, 6:10 [5, 5953, 4817, -5]
503:66.47, 10:10 [5, 3547, 5763, 4636, -5]
504:130.73, 9:10 [5, 4596, 5906, 3999, -5]
fe: 2, se: 4

Day: 1, Time: 140
Total Cost: 1133.64
 11:136.01, 13:75 [1, -3, -1]
 12:179.78, 22:75 [1, -3, -4, -1]
 13:153.31, 4:75 [1, -4, -1]
301:106.28, 8:10 [3, 4416, 4714, 4903, -3]
302:142.56, 6:10 [3, 4102, 4573, -3]
303:77.02, 5:10 [3, 5371, 6191, -3]
401:127.64, 4:10 [4, 5354, -4]
402:147.15, 7:10 [4, 4534, 5868, 4702, -4]
404:63.89, 9:10 [4, 5326, 5253, 4833, 4620, -4]
fe: 3, se: 6

Day: 1, Time: 150
Total Cost: 219.75
 11:136.01, 4:75 [1, -3, -1]
301:83.74, 4:10 [3, 6006, -3]
fe: 1, se: 1

Day: 1, Time: 165
Total Cost: 435.18
 11:66.27, 1:75 [2, -5, -2]
 12:66.27, 5:75 [2, -5, -2]
 13:66.27, 9:75 [2, -5, -2]
501:84.10, 1:10 [5, 5546, -5]
502:59.67, 3:10 [5, 5315, -5]
503:66.99, 9:10 [5, 3845, 4548, 3968, -5]
504:25.61, 2:10 [5, 5079, -5]
fe: 3, se: 4

Day: 1, Time: 175
Total Cost: 203.23
 11:145.23, 4:75 [2, -6, -2]
601:58.00, 4:10 [6, 4749, -6]
fe: 1, se: 1

Day: 1, Time: 230
Total Cost: 618.79
 11:136.01, 1:75 [1, -3, -1]
 13:153.31, 19:75 [1, -4, -1]
301:36.77, 1:10 [3, 5909, -3]
401:108.68, 9:10 [4, 4915, 4880, 3383, -4]
402:184.01, 10:10 [4, 4690, 4580, 4574, 4863, -4]
fe: 2, se: 3

Day: 1, Time: 320
Total Cost: 661.61
 11:66.27, 23:75 [2, -5, -2]
 12:145.23, 9:75 [2, -6, -2]
501:101.11, 10:10 [5, 3889, 3349, 5135, 4679, -5]
502:85.36, 7:10 [5, 4198, 5629, -5]
503:168.14, 6:10 [5, 6180, 5745, 4202, -5]
601:95.50, 9:10 [6, 3728, 3908, 5331, 5454, -6]
fe: 2, se: 4

Day: 1, Time: 360
Total Cost: 937.61
 11:136.01, 20:75 [1, -3, -1]
 12:153.31, 29:75 [1, 4, -4, -1]
302:138.57, 10:10 [3, 4566, 5598, 5005, 5232, -3]
303:133.56, 10:10 [3, 4286, 5834, 5845, 4188, -3]
401:154.54, 10:10 [4, 3569, 4208, 47, -4]
402:56.39, 5:10 [4, 5037, 5527, -4]
403:99.48, 9:10 [4, 5472, 4297, 5505, 3989, -4]
404:65.75, 8:10 [4, 6091, 5581, -4]
fe: 2, se: 6

Day: 1, Time: 405
Total Cost: 655.76
 11:136.01, 22:75 [1, 3, -3, -1]
 12:153.31, 10:75 [1, 4, -4, -1]
301:66.67, 6:10 [3, 2125, 4510, 24, -3]
303:60.04, 7:10 [3, 32, 33, 1032, 1889, -3]
304:83.10, 7:10 [3, 527, 79, -3]
305:17.79, 3:10 [3, 1446, 19, -3]
401:65.64, 7:10 [4, 357, 77, -4]
402:52.80, 2:10 [4, 3775, -4]
403:20.40, 3:10 [4, 84, -4]
fe: 2, se: 7

Day: 1, Time: 410
Total Cost: 655.43
 11:66.27, 34:75 [2, 5, -5, -2]
501:138.16, 8:10 [5, 3784, 3655, -5]
502:126.76, 6:10 [5, 5171, 4235, 115, -5]
503:114.89, 10:10 [5, 5844, 5991, 3365, -5]
505:87.76, 9:10 [5, 5190, 4801, 4993, -5]
506:121.59, 10:10 [5, 5564, 10, 102, -5]
fe: 1, se: 5

Day: 1, Time: 450
Total Cost: 444.24
 11:136.01, 8:75 [1, 3, -3, -1]
301:126.30, 4:10 [3, 94, -3]
302:121.46, 4:10 [3, 1559, -3]
303:60.46, 1:10 [3, 4724, -3]
fe: 1, se: 3

Day: 1, Time: 450
Total Cost: 520.57
 11:66.27, 7:75 [2, 5, -5, -2]
 12:145.23, 4:75 [2, -6, -2]
501:68.00, 4:10 [5, 2816, -5]
502:66.57, 3:10 [5, 1226, -5]
503:88.59, 2:10 [5, 4148, -5]
601:85.90, 4:10 [6, 6157, 5680, -6]
fe: 2, se: 4

Day: 1, Time: 460
Total Cost: 630.26
 11:136.01, 3:75 [1, 3, -1]
 12:153.31, 8:75 [1, 4, -1]
301:113.60, 1:10 [3, 2356, -3]
302:50.04, 2:10 [3, 109, -3]
401:71.64, 3:10 [4, 44, 112, -4]
402:53.67, 2:10 [4, 93, -4]
403:52.00, 3:10 [4, 39, -4]
fe: 2, se: 5

Day: 1, Time: 460
Total Cost: 514.02
 11:66.27, 19:75 [2, 5, -2]
501:56.92, 1:10 [5, 12, -5]
502:58.31, 1:10 [5, 50, -5]
503:48.37, 2:10 [5, 125, -5]
504:52.35, 2:10 [5, 3001, -5]
505:60.03, 4:10 [5, 97, -5]
506:143.13, 6:10 [5, 9, 88, 1713, -5]
507:28.64, 3:10 [5, 2181, -5]
fe: 1, se: 7

Day: 1, Time: 495
Total Cost: 228.15
 11:136.01, 6:75 [1, 3, -1]
301:31.05, 2:10 [3, 48, -3]
302:34.18, 2:10 [3, 7, -3]
303:26.91, 2:10 [3, 101, -3]
fe: 1, se: 3

Day: 1, Time: 495
Total Cost: 555.01
 11:66.27, 25:75 [2, 5, -2]
501:64.03, 4:10 [5, 18, -5]
502:59.93, 4:10 [5, 8, -5]
503:85.88, 4:10 [5, 2164, -5]
504:103.85, 4:10 [5, 86, -5]
505:88.21, 5:10 [5, 72, 2719, -5]
507:86.83, 4:10 [5, 59, -5]
fe: 1, se: 6

Day: 1, Time: 525
Total Cost: 307.43
 11:66.27, 18:75 [2, 5, -2]
501:39.85, 4:10 [5, 65, -5]
503:31.30, 3:10 [5, 57, -5]
504:38.00, 2:10 [5, 113, -5]
505:44.72, 3:10 [5, 83, -5]
506:46.52, 1:10 [5, 20, -5]
507:40.76, 5:10 [5, 99, 2507, -5]
fe: 1, se: 6


Day	Area	ID	Time	Load	Utilization	NoOrders	AssignmentCost
1	1	 8	315	  9	0.12	 3	165.00
1	1	 9	360	  7	0.09	 2	145.00
1	1	43	400	 19	0.13	 9	530.00
1	1	10	405	 25	0.33	 7	325.00
1	1	11	450	 22	0.24	 8	236.00
1	1	18	765	 22	0.37	 8	354.00
1	1	47	800	120	1.00	46	3060.00
1	1	19	810	 60	1.00	27	810.00
1	2	51	300	  3	0.02	 1	210.00
1	2	27	315	 32	0.43	13	395.00
1	2	28	360	  8	0.11	 2	155.00
1	2	52	400	 11	0.07	 6	370.00
1	2	29	405	  6	0.08	 3	135.00
1	2	37	765	 36	0.60	11	522.00
1	2	56	800	120	1.00	48	3060.00
1	2	38	810	 60	1.00	24	810.00


Day	Area	Time	Pickup	Delivery	Direct	FEVehicles	SEVehicles	ALNSTime	ALNSBestTime	RoutingCostArea
1	1	0	60	74	0	4	33	58.47	41.57	3832.10
1	1	65	5	0	0	2	2	0.54	0.00	699.94
1	1	140	15	0	0	3	6	1.49	0.00	1133.64
1	1	150	1	0	0	1	1	0.20	0.00	219.75
1	1	230	8	0	0	2	3	0.67	0.03	618.79
1	1	360	18	1	0	2	6	1.60	0.81	937.61
1	1	405	2	13	0	2	7	1.09	0.00	655.76
1	1	450	1	2	0	1	3	0.34	0.00	444.24
1	1	460	0	6	0	2	5	0.55	0.00	630.26
1	1	495	0	3	0	1	3	0.31	0.00	228.15
1	2	30	64	76	0	3	27	94.29	54.09	2655.60
1	2	115	10	0	0	2	4	0.99	0.00	467.61
1	2	165	6	0	0	3	4	0.56	0.00	435.18
1	2	175	1	0	0	1	1	0.20	0.00	203.23
1	2	320	13	0	0	2	4	0.96	0.00	661.61
1	2	410	11	3	0	1	5	1.52	0.11	655.43
1	2	450	3	2	0	2	4	0.41	0.00	520.57
1	2	460	0	9	0	1	7	0.58	0.00	514.02
1	2	495	0	7	0	1	6	0.55	0.00	555.01
1	2	525	0	7	1	1	6	0.35	0.00	807.43

Day	SL	Own	DispatchTimes	AssignmentCost	RoutingCost	TotalCost
1	11	5	20	11282.00	16875.92	28157.92

Total Cost: 28157.91592821742
Cost per Day: 28157.91592821742
Running time in Seconds: 197.245
Running time in minutes: 3.2874166666666667