INSTANCE: 3hubs_MSD_A_30_x.csv
PARAMETER: tuning_loose.txt
POLICY: MIP
ALPHA: 0.104199469634303
BETA: 58
OMEGA: 586
EPSILON: 1.23112395255216

Day: 1, Time: 0
Total Cost: 6150.87
 11:136.01, 75:75 [1, 4, -4, -1]
 12:136.01, 24:75 [1, 4, -4, -1]
 13:136.01, 35:75 [1, 4, -4, -1]
 14:136.01, 10:75 [1, -4, -1]
 15:136.01, 43:75 [1, 4, -4, -1]
 16:153.31, 71:75 [1, 5, -5, -1]
 17:153.31, 29:75 [1, 5, -5, -1]
 19:153.31, 24:75 [1, -5, -1]
 20:136.01, 10:75 [1, 4, -1]
401:91.59, 8:10 [4, 8651, 8735, 8857, 8731, -4]
402:112.94, 10:10 [4, 8852, 8818, 8596, 8734, 8963, -4]
403:25.22, 8:10 [4, 8763, 8918, -4]
404:69.11, 10:10 [4, 8952, 8785, 8959, 8917, -4]
405:118.76, 9:10 [4, 8923, 8813, 8757, 8710, 8760, -4]
406:150.03, 10:10 [4, 8800, 8951, 8984, 8700, 8616, -4]
407:170.44, 9:10 [4, 8585, 8552, 8919, 8598, -4]
408:175.49, 5:10 [4, 8994, 8776, -4]
409:77.81, 8:10 [4, 8553, 8595, 8602, -4]
410:197.44, 10:10 [4, 8730, 8547, 8588, 8689, 8569, -4]
411:73.19, 10:10 [4, 8556, 8755, 8864, 8975, 8770, 8881, -4]
412:40.88, 5:10 [4, 8699, 8672, -4]
413:82.79, 8:10 [4, 8528, 8639, 8601, -4]
414:50.29, 10:10 [4, 8824, 8862, 8943, -4]
415:103.35, 10:10 [4, 8720, 8978, 8779, 8833, -4]
416:157.30, 9:10 [4, 8683, 8615, 8551, 8751, 8626, -4]
417:40.37, 10:10 [4, 8522, 8545, 8600, -4]
418:71.17, 10:10 [4, 8704, 8782, 8863, 8787, 8987, -4]
420:153.33, 9:10 [4, 8804, 8954, 8722, 8890, 8646, -4]
421:72.39, 10:10 [4, 8647, 8682, 8627, 8642, -4]
422:75.19, 10:10 [4, 8998, 8953, 8856, -4]
424:76.20, 10:10 [4, 8854, 8718, 8543, -4]
425:114.29, 9:10 [4, 8835, 8933, 8967, 8875, -4]
427:87.60, 9:10 [4, 8727, 8941, 8736, -4]
428:133.20, 9:10 [4, 8723, 9002, 8532, 8911, -4]
431:183.10, 1:10 [4, 8993, -4]
432:129.78, 6:10 [4, 8821, 9000, 8761, -4]
433:149.46, 10:10 [4, 8658, 8529, 8686, 8692, 8550, -4]
501:82.35, 10:10 [5, 9001, 8938, 8696, 8935, -5]
502:99.30, 10:10 [5, 8579, 8558, 8542, -5]
503:124.06, 3:10 [5, 8783, -5]
504:109.40, 10:10 [5, 8523, 8536, 8654, 8676, -5]
505:20.60, 8:10 [5, 8661, 8632, -5]
506:30.03, 8:10 [5, 8644, 8622, -5]
507:82.01, 9:10 [5, 8561, 8580, 8688, 8575, -5]
508:113.92, 9:10 [5, 8693, 8577, 8592, -5]
509:65.07, 10:10 [5, 8747, 8894, 8728, 8915, -5]
510:55.05, 9:10 [5, 8878, 8705, 8743, -5]
511:96.26, 10:10 [5, 8986, 8973, 8861, 8708, -5]
512:63.27, 10:10 [5, 8888, 8829, 8799, -5]
514:63.69, 10:10 [5, 8844, 8877, 8808, -5]
515:145.49, 10:10 [5, 8544, 8669, 8613, 8586, -5]
516:110.13, 10:10 [5, 8744, 8803, 8712, 8729, -5]
517:88.17, 9:10 [5, 8715, 8817, 8850, 8793, 8904, -5]
519:127.49, 10:10 [5, 8521, 8694, 8662, 8609, -5]
520:116.04, 10:10 [5, 8871, 8950, 8769, -5]
521:106.22, 9:10 [5, 8874, 8880, 8815, 8750, -5]
523:46.25, 8:10 [5, 8974, 8828, 8889, 8786, -5]
524:42.42, 6:10 [5, 8847, 8768, 8784, -5]
525:104.90, 10:10 [5, 8860, 8957, 8810, 8866, -5]
fe: 9, se: 50

Day: 1, Time: 10
Total Cost: 5311.30
 11:66.27, 75:75 [2, 6, -6, -2]
 12:66.27, 39:75 [2, 6, -6, -2]
 13:66.27, 58:75 [2, -6, -2]
 14:66.27, 42:75 [2, -6, -2]
 15:66.27, 4:75 [2, -6, -2]
 16:151.76, 72:75 [2, 7, -7, 6, -2]
 17:151.76, 14:75 [2, -7, 6, -2]
 18:66.27, 4:75 [2, -6, -2]
 20:66.27, 11:75 [2, -6, -2]
601:127.83, 10:10 [6, 8571, 8652, 8641, 8685, -6]
602:103.76, 10:10 [6, 8670, 8594, 8621, -6]
603:102.04, 10:10 [6, 8979, 8916, 8774, -6]
604:75.85, 10:10 [6, 8625, 8593, 8612, -6]
605:126.27, 4:10 [6, 8711, -6]
606:114.66, 10:10 [6, 8668, 8524, 8638, -6]
607:25.61, 1:10 [6, 8557, -6]
608:189.24, 10:10 [6, 8611, 8570, 8546, 8548, 8534, -6]
609:132.82, 4:10 [6, 8913, -6]
610:76.78, 8:10 [6, 8684, 8650, 8565, -6]
611:122.07, 3:10 [6, 8992, -6]
612:95.40, 9:10 [6, 8855, 8914, 8892, -6]
613:100.42, 10:10 [6, 8578, 8603, 8663, 8640, 8636, -6]
614:85.74, 8:10 [6, 8655, 8582, 8591, -6]
615:34.37, 8:10 [6, 8968, 8701, -6]
616:88.72, 10:10 [6, 8906, 8945, 8777, 8794, -6]
617:93.87, 10:10 [6, 8970, 8902, 8910, 8809, -6]
618:106.46, 7:10 [6, 8767, 10319, -6]
619:127.95, 10:10 [6, 8936, 8983, 8947, 8780, -6]
621:113.72, 9:10 [6, 8921, 8630, 8836, 8560, 8972, -6]
625:116.93, 10:10 [6, 8883, 8773, 8926, 8842, -6]
626:93.87, 9:10 [6, 8899, 8741, 8843, -6]
627:104.87, 10:10 [6, 8674, 8590, 8520, -6]
628:75.38, 8:10 [6, 8719, 8849, 8707, -6]
629:87.57, 10:10 [6, 8869, 8859, 9005, -6]
632:134.01, 10:10 [6, 8868, 8887, 8732, 8802, 8939, 8819, 8839, -6]
633:110.61, 10:10 [6, 8876, 8882, 9003, 8822, -6]
635:108.41, 10:10 [6, 8846, 9006, 8840, 8934, 8724, -6]
636:153.97, 10:10 [6, 8737, 8790, 8961, 8895, -6]
637:97.07, 7:10 [6, 8739, 8826, 8898, -6]
639:78.49, 10:10 [6, 8759, 8745, 8965, 8932, 8814, -6]
643:101.44, 5:10 [6, 8706, 9427, 8927, -6]
644:85.74, 10:10 [6, 8714, 8807, 8893, 8827, -6]
645:115.24, 10:10 [6, 8633, 8680, 8619, -6]
646:163.21, 10:10 [6, 8969, 8879, 8740, 8981, 8858, -6]
647:83.51, 9:10 [6, 8690, 8629, 8653, -6]
701:79.81, 9:10 [7, 8614, 8607, 8631, -7]
702:80.95, 9:10 [7, 8971, 8996, 8989, 8795, -7]
703:115.95, 9:10 [7, 8673, 8648, 8606, -7]
704:71.68, 8:10 [7, 8922, 8838, 8848, -7]
705:81.53, 10:10 [7, 8956, 8796, 8766, 8891, 8832, -7]
706:78.59, 10:10 [7, 8599, 8679, 8695, -7]
707:37.51, 9:10 [7, 8566, 8637, 8671, -7]
708:56.32, 4:10 [7, 8886, -7]
709:52.27, 8:10 [7, 8717, 9004, 8897, -7]
710:20.53, 8:10 [7, 8931, 8912, -7]
711:54.71, 9:10 [7, 8853, 8738, 8948, 8702, 8851, -7]
712:60.15, 10:10 [7, 8530, 8531, 8681, 8675, -7]
fe: 9, se: 48

Day: 1, Time: 10
Total Cost: 4103.71
 11:94.59, 71:75 [3, 8, -8, -3]
 12:113.51, 71:75 [3, 9, 8, -8, -3]
 14:90.24, 72:75 [3, 9, -9, -3]
 15:90.24, 58:75 [3, -9, -3]
 16:94.59, 47:75 [3, 8, -8, -3]
801:141.44, 10:10 [8, 8982, 8990, 8746, 8608, -8]
802:121.80, 10:10 [8, 8811, 8834, 8765, 8949, 8985, 8772, -8]
803:90.39, 7:10 [8, 8778, 8753, -8]
804:112.83, 10:10 [8, 8649, 8540, 8574, 8806, 8771, 8623, -8]
805:29.43, 7:10 [8, 8537, 8555, -8]
806:99.72, 9:10 [8, 8564, 8703, 8576, 8870, 8716, 8733, -8]
807:109.53, 10:10 [8, 8677, 8562, 8572, 8618, -8]
808:92.42, 10:10 [8, 8709, 8589, 8909, 8721, -8]
809:60.59, 9:10 [8, 8762, 8937, 8940, -8]
810:97.18, 9:10 [8, 8554, 8865, 8660, 8624, 8617, 8687, -8]
811:112.17, 10:10 [8, 8597, 8966, 8831, 8801, -8]
812:32.17, 6:10 [8, 8620, 8563, 8527, -8]
813:19.17, 7:10 [8, 8758, 8756, -8]
814:92.40, 10:10 [8, 8980, 8901, 8797, -8]
815:33.12, 9:10 [8, 8995, 8713, 8900, -8]
816:76.74, 10:10 [8, 8666, 8587, 8526, -8]
817:105.47, 10:10 [8, 11410, 8955, 8698, 8742, 8929, -8]
819:55.45, 9:10 [8, 8991, 8830, 8749, -8]
820:166.32, 10:10 [8, 8605, 8678, 8643, 8942, 8538, -8]
821:63.19, 9:10 [8, 8816, 8999, 9009, -8]
901:129.65, 3:10 [9, 8841, 8908, -9]
902:114.06, 10:10 [9, 8584, 8657, 8659, 8573, -9]
903:120.27, 9:10 [9, 8725, 8764, 8958, -9]
904:91.86, 10:10 [9, 8977, 8691, 8930, 8946, -9]
905:85.99, 10:10 [9, 11795, 8924, 8928, 8988, 8962, -9]
906:15.62, 4:10 [9, 8634, -9]
907:26.33, 8:10 [9, 9007, 8825, -9]
908:105.09, 10:10 [9, 8559, 8568, 8567, -9]
909:100.03, 10:10 [9, 8885, 8549, 8754, 8798, 8667, -9]
910:119.22, 8:10 [9, 8581, 8665, 8533, -9]
911:71.30, 10:10 [9, 8823, 8896, 8997, -9]
912:80.03, 9:10 [9, 8964, 8925, 8791, 8788, -9]
913:106.61, 9:10 [9, 8635, 8539, 8944, 8628, 8903, -9]
914:73.05, 8:10 [9, 8726, 8905, 8907, 8837, -9]
915:106.91, 10:10 [9, 8604, 8664, 8583, -9]
916:26.36, 10:10 [9, 8960, 8845, 8867, -9]
917:56.43, 8:10 [9, 8805, 8820, -9]
918:93.70, 10:10 [9, 8525, 8697, 8535, 8645, -9]
919:126.11, 10:10 [9, 8976, 8781, 9008, 8873, -9]
920:114.52, 10:10 [9, 8812, 8920, 8792, 8775, 8752, 8748, -9]
921:43.05, 10:10 [9, 8656, 8610, 8541, -9]
924:102.76, 10:10 [9, 8789, 8884, 8872, -9]
fe: 5, se: 42

Day: 1, Time: 25
Total Cost: 767.55
 11:136.01, 12:75 [1, -4, -1]
 12:153.31, 4:75 [1, -5, -1]
401:180.81, 8:10 [4, 11993, 14861, -4]
402:163.67, 4:10 [4, 14756, -4]
501:133.74, 4:10 [5, 11369, 12621, -5]
fe: 2, se: 3

Day: 1, Time: 50
Total Cost: 669.38
 11:136.01, 8:75 [1, -4, -1]
 12:153.31, 8:75 [1, -5, -1]
401:119.59, 5:10 [4, 10759, 13738, -4]
402:127.65, 3:10 [4, 9404, 13936, -4]
501:132.82, 8:10 [5, 10915, 9586, 16257, -5]
fe: 2, se: 3

Day: 1, Time: 50
Total Cost: 544.88
 11:94.59, 10:75 [3, -8, -3]
 12:90.24, 11:75 [3, -9, -3]
801:90.41, 8:10 [8, 10078, 9817, 10019, -8]
802:86.28, 2:10 [8, 11164, -8]
901:129.02, 8:10 [9, 10114, 17118, 16245, -9]
902:54.33, 3:10 [9, 15689, -9]
fe: 2, se: 4

Day: 1, Time: 55
Total Cost: 258.01
 11:136.01, 4:75 [1, -4, -1]
401:122.00, 4:10 [4, 11589, -4]
fe: 1, se: 1

Day: 1, Time: 70
Total Cost: 464.82
 11:66.27, 19:75 [2, -6, -2]
 12:66.27, 1:75 [2, -6, -2]
601:123.34, 4:10 [6, 15402, 11258, -6]
602:57.40, 7:10 [6, 13847, 15325, -6]
603:51.88, 1:10 [6, 10041, -6]
604:99.64, 8:10 [6, 15829, 10989, 15905, -6]
fe: 2, se: 4

Day: 1, Time: 75
Total Cost: 772.46
 11:136.01, 5:75 [1, -4, -1]
 12:136.01, 3:75 [1, -4, -1]
 13:153.31, 6:75 [1, -5, -1]
401:101.21, 5:10 [4, 9467, 11886, -4]
402:42.43, 2:10 [4, 14677, -4]
403:90.09, 1:10 [4, 10106, -4]
501:40.05, 3:10 [5, 9571, -5]
502:73.35, 3:10 [5, 16273, -5]
fe: 3, se: 5

Day: 1, Time: 85
Total Cost: 618.72
 12:94.59, 14:75 [3, -8, -3]
 13:90.24, 21:75 [3, -9, -3]
801:43.17, 2:10 [8, 13366, -8]
802:24.74, 4:10 [8, 10816, -8]
803:19.70, 4:10 [8, 16394, -8]
804:44.41, 4:10 [8, 11461, -8]
901:84.37, 5:10 [9, 11430, 16962, -9]
902:65.06, 5:10 [9, 11840, 10657, -9]
903:72.70, 8:10 [9, 10329, 13455, -9]
904:79.73, 3:10 [9, 12808, 12237, -9]
fe: 2, se: 8

Day: 1, Time: 90
Total Cost: 248.64
 11:136.01, 5:75 [1, -4, -1]
401:30.53, 1:10 [4, 12311, -4]
402:82.10, 4:10 [4, 16374, -4]
fe: 1, se: 2

Day: 1, Time: 100
Total Cost: 409.25
 11:153.31, 1:75 [1, -5, -1]
 12:136.01, 4:75 [1, -4, -1]
401:65.30, 4:10 [4, 15865, -4]
501:54.63, 1:10 [5, 9654, -5]
fe: 2, se: 2

Day: 1, Time: 100
Total Cost: 119.11
 11:66.27, 4:75 [2, -6, -2]
601:52.84, 4:10 [6, 12688, -6]
fe: 1, se: 1

Day: 1, Time: 100
Total Cost: 133.51
 11:90.24, 3:75 [3, -9, -3]
901:43.27, 3:10 [9, 14719, -9]
fe: 1, se: 1

Day: 1, Time: 105
Total Cost: 118.62
 11:66.27, 4:75 [2, -6, -2]
601:52.35, 4:10 [6, 16298, -6]
fe: 1, se: 1

Day: 1, Time: 110
Total Cost: 131.33
 11:66.27, 2:75 [2, -6, -2]
601:65.05, 2:10 [6, 10244, -6]
fe: 1, se: 1

Day: 1, Time: 115
Total Cost: 352.30
 11:136.01, 1:75 [1, -4, -1]
 12:153.31, 1:75 [1, -5, -1]
401:27.20, 1:10 [4, 16260, -4]
501:35.78, 1:10 [5, 14690, -5]
fe: 2, se: 2

Day: 1, Time: 115
Total Cost: 203.52
 11:66.27, 1:75 [2, -6, -2]
601:137.24, 1:10 [6, 12011, -6]
fe: 1, se: 1

Day: 1, Time: 120
Total Cost: 227.55
 11:136.01, 4:75 [1, -4, -1]
401:91.54, 4:10 [4, 16318, 12136, -4]
fe: 1, se: 1

Day: 1, Time: 120
Total Cost: 113.09
 11:66.27, 4:75 [2, -6, -2]
601:46.82, 4:10 [6, 10999, -6]
fe: 1, se: 1

Day: 1, Time: 120
Total Cost: 268.98
 11:94.59, 7:75 [3, -8, -3]
 12:94.59, 7:75 [3, -8, -3]
801:62.28, 7:10 [8, 14222, 12325, -8]
802:17.52, 7:10 [8, 9993, 10013, -8]
fe: 2, se: 2

Day: 1, Time: 125
Total Cost: 197.01
 11:66.27, 1:75 [2, -6, -2]
601:130.74, 1:10 [6, 13036, -6]
fe: 1, se: 1

Day: 1, Time: 125
Total Cost: 120.67
 11:94.59, 3:75 [3, -8, -3]
801:26.08, 3:10 [8, 14136, -8]
fe: 1, se: 1

Day: 1, Time: 130
Total Cost: 255.14
 11:136.01, 7:75 [1, -4, -1]
401:119.13, 7:10 [4, 16658, 16244, -4]
fe: 1, se: 1

Day: 1, Time: 140
Total Cost: 306.86
 11:66.27, 3:75 [2, -6, -2]
 12:145.23, 1:75 [2, -7, -2]
601:62.80, 3:10 [6, 14856, -6]
701:32.56, 1:10 [7, 15351, -7]
fe: 2, se: 2

Day: 1, Time: 145
Total Cost: 297.32
 11:153.31, 3:75 [1, -5, -1]
501:144.01, 3:10 [5, 14776, -5]
fe: 1, se: 1

Day: 1, Time: 145
Total Cost: 113.09
 11:66.27, 3:75 [2, -6, -2]
601:46.82, 3:10 [6, 13703, -6]
fe: 1, se: 1

Day: 1, Time: 145
Total Cost: 147.93
 11:90.24, 1:75 [3, -9, -3]
901:57.69, 1:10 [9, 16194, -9]
fe: 1, se: 1

Day: 1, Time: 150
Total Cost: 155.09
 11:66.27, 3:75 [2, -6, -2]
601:88.81, 3:10 [6, 14859, -6]
fe: 1, se: 1

Day: 1, Time: 150
Total Cost: 201.46
 11:94.59, 7:75 [3, -8, -3]
801:46.04, 4:10 [8, 9779, -8]
802:60.83, 3:10 [8, 11567, -8]
fe: 1, se: 2

Day: 1, Time: 155
Total Cost: 386.55
 11:66.27, 3:75 [2, -6, -2]
 12:145.23, 3:75 [2, -7, -2]
601:59.67, 2:10 [6, 10612, -6]
602:80.45, 1:10 [6, 16579, -6]
701:34.93, 3:10 [7, 15682, -7]
fe: 2, se: 3

Day: 1, Time: 170
Total Cost: 208.92
 11:153.31, 1:75 [1, -5, -1]
501:55.61, 1:10 [5, 15308, -5]
fe: 1, se: 1

Day: 1, Time: 170
Total Cost: 390.36
 11:66.27, 8:75 [2, -6, -2]
 12:66.27, 3:75 [2, -6, -2]
601:75.29, 4:10 [6, 10273, -6]
602:91.61, 3:10 [6, 16422, -6]
603:16.49, 1:10 [6, 15163, -6]
604:74.43, 3:10 [6, 13245, -6]
fe: 2, se: 4

Day: 1, Time: 175
Total Cost: 196.48
 11:153.31, 3:75 [1, -5, -1]
501:43.17, 3:10 [5, 15115, -5]
fe: 1, se: 1

Day: 1, Time: 175
Total Cost: 213.35
 11:145.23, 3:75 [2, -7, -2]
701:68.12, 3:10 [7, 16087, -7]
fe: 1, se: 1

Day: 1, Time: 180
Total Cost: 223.67
 11:136.01, 3:75 [1, -4, -1]
401:87.66, 3:10 [4, 15074, -4]
fe: 1, se: 1

Day: 1, Time: 290
Total Cost: 529.18
 11:66.27, 40:75 [2, -6, -2]
601:90.27, 10:10 [6, 15851, 15504, 16987, -6]
603:186.47, 10:10 [6, 16322, 9370, 11123, 14462, -6]
604:131.97, 10:10 [6, 12556, 15632, 11129, -6]
605:54.21, 10:10 [6, 10031, 12126, 11775, -6]
fe: 1, se: 4

Day: 1, Time: 300
Total Cost: 1147.84
 11:136.01, 43:75 [1, -4, -1]
 12:153.31, 24:75 [1, -5, -1]
401:95.84, 7:10 [4, 10532, 12651, 14899, -4]
402:71.34, 9:10 [4, 10655, 11616, 15576, 9630, -4]
403:159.36, 9:10 [4, 15488, 14247, 16877, 15631, -4]
404:236.13, 10:10 [4, 10622, 12705, 15251, 15997, 10918, 14289, -4]
406:45.21, 8:10 [4, 13363, 10175, 14600, -4]
501:136.04, 9:10 [5, 12807, 13247, 15877, -5]
502:32.33, 7:10 [5, 15389, 10026, -5]
503:82.26, 8:10 [5, 16362, 12426, 10428, -5]
fe: 2, se: 8

Day: 1, Time: 300
Total Cost: 866.90
 12:90.24, 63:75 [3, -9, -3]
901:109.09, 9:10 [9, 10572, 11135, 9264, -9]
902:156.64, 10:10 [9, 13783, 13868, 15292, 9331, 12437, -9]
903:65.76, 8:10 [9, 11025, 15321, -9]
905:173.02, 8:10 [9, 10770, 13411, 9945, 11659, -9]
906:124.76, 10:10 [9, 14637, 9374, 16584, -9]
907:49.47, 10:10 [9, 17066, 13577, 14598, -9]
908:97.93, 8:10 [9, 16472, 9281, 9455, -9]
fe: 1, se: 7

Day: 1, Time: 325
Total Cost: 1079.57
 11:136.01, 32:75 [1, 4, -4, -1]
 12:153.31, 28:75 [1, 5, -5, -1]
401:119.76, 10:10 [4, 14277, 208, 242, 12181, 289, 14083, 12116, -4]
402:24.87, 4:10 [4, 1629, 87, -4]
403:183.31, 10:10 [4, 84, 14103, 216, 737, 136, 280, -4]
404:178.50, 10:10 [4, 196, 275, 15899, 212, -4]
501:129.17, 10:10 [5, 224, 117, 203, 226, 12072, -5]
502:97.48, 10:10 [5, 49, 24, 51, 16343, -5]
503:57.16, 8:10 [5, 77, 104, -5]
fe: 2, se: 7

Day: 1, Time: 360
Total Cost: 1978.25
 11:136.01, 75:75 [1, 4, -4, -1]
 13:179.78, 63:75 [1, 5, 4, -1]
401:135.97, 10:10 [4, 146, 8428, 3547, 12601, 158, -4]
402:81.47, 9:10 [4, 268, 135, 12, -4]
404:94.52, 10:10 [4, 108, 122, 231, 236, -4]
405:146.35, 10:10 [4, 234, 314, 4676, 11268, 947, 193, -4]
406:85.56, 10:10 [4, 1323, 256, 148, -4]
407:58.75, 9:10 [4, 307, 155, 1329, -4]
408:119.77, 8:10 [4, 130, 254, -4]
409:124.98, 10:10 [4, 42, 5826, 76, 100, 178, -4]
412:76.18, 9:10 [4, 2126, 211, 15568, 74, -4]
501:114.66, 10:10 [5, 274, 27, 62, 270, -5]
502:169.00, 10:10 [5, 36, 287, 126, 6124, -5]
503:48.43, 5:10 [5, 151, 5446, 112, -5]
504:124.56, 10:10 [5, 6029, 7608, 7666, 301, -5]
505:115.81, 8:10 [5, 1388, 101, 851, -5]
506:166.46, 10:10 [5, 217, 52, 3105, 152, -5]
fe: 2, se: 15

Day: 1, Time: 365
Total Cost: 1560.87
 11:66.27, 68:75 [2, 6, -6, -2]
 12:151.76, 63:75 [2, 6, 7, -7, -2]
601:74.06, 10:10 [6, 239, 284, 215, 171, 13809, 1563, 297, -6]
602:68.52, 8:10 [6, 183, 206, 6999, 10066, -6]
603:102.88, 10:10 [6, 1127, 12441, 92, 58, 213, 182, -6]
604:98.63, 10:10 [6, 140, 190, 199, 714, 9665, 125, -6]
605:90.33, 10:10 [6, 120, 23, 102, 225, -6]
607:38.97, 10:10 [6, 154, 1303, 91, 14161, -6]
608:120.75, 10:10 [6, 204, 78, 267, 230, 298, 2720, -6]
610:137.25, 10:10 [6, 157, 64, 214, 57, 147, 12208, -6]
611:136.45, 10:10 [6, 16103, 272, 265, 85, 277, -6]
701:106.91, 10:10 [7, 5246, 115, 99, 310, -7]
702:92.08, 8:10 [7, 7555, 15369, 305, 9481, 25, 1424, -7]
703:79.22, 9:10 [7, 290, 14866, 138, 238, 218, -7]
704:24.63, 6:10 [7, 10807, 16155, -7]
705:96.77, 9:10 [7, 319, 133, 311, 7504, 318, -7]
706:75.38, 9:10 [7, 235, 309, 98, 6000, -7]
fe: 2, se: 15

Day: 1, Time: 365
Total Cost: 1911.82
 11:94.59, 65:75 [3, 8, -8, -3]
 12:90.24, 70:75 [3, 9, -9, -3]
 13:90.24, 19:75 [3, 9, -3]
801:56.26, 9:10 [8, 232, 50, 153, 201, 10930, -8]
803:99.22, 8:10 [8, 156, 54, 202, 258, 291, -8]
804:125.13, 10:10 [8, 9389, 137, 4538, 48, 5583, 3931, -8]
805:78.43, 9:10 [8, 2309, 11, 257, -8]
807:88.80, 10:10 [8, 189, 12330, 16, 207, 113, 15895, -8]
808:103.81, 10:10 [8, 184, 176, 165, 281, -8]
809:129.12, 10:10 [8, 83, 55, 2679, 5013, 15227, 14105, 129, -8]
901:94.35, 10:10 [9, 3998, 222, 13431, 220, 11629, -9]
902:79.96, 10:10 [9, 1554, 168, 163, 69, 94, -9]
904:124.42, 10:10 [9, 223, 127, 103, 303, 209, 124, -9]
905:105.38, 10:10 [9, 170, 2069, 1351, 161, 15146, 90, -9]
906:28.36, 9:10 [9, 131, 302, 249, 106, -9]
907:153.43, 10:10 [9, 96, 279, 237, 37, 9530, 132, 316, -9]
908:121.46, 10:10 [9, 293, 266, 142, 71, 16586, -9]
910:109.03, 10:10 [9, 21, 13951, 119, 5048, 173, 188, -9]
913:139.58, 10:10 [9, 255, 306, 243, 139, -9]
fe: 3, se: 16

Day: 1, Time: 395
Total Cost: 345.09
 11:66.27, 15:75 [2, -6, -2]
601:130.69, 9:10 [6, 16025, 15733, 9533, -6]
602:148.14, 6:10 [6, 11367, 11138, -6]
fe: 1, se: 2

Day: 1, Time: 405
Total Cost: 2445.23
 11:136.01, 69:75 [1, 4, -4, -1]
 12:179.78, 10:75 [1, 4, -5, -1]
 13:153.31, 46:75 [1, 5, -5, -1]
401:119.37, 10:10 [4, 286, 2877, 315, -4]
402:90.15, 8:10 [4, 35, 241, -4]
403:108.87, 10:10 [4, 5532, 1583, 66, -4]
404:98.79, 2:10 [4, 2740, -4]
405:122.20, 10:10 [4, 180, 19, 7215, -4]
406:125.87, 1:10 [4, 12958, -4]
407:90.63, 3:10 [4, 10272, 13, -4]
408:90.45, 3:10 [4, 6473, 43, -4]
409:80.53, 6:10 [4, 149, 210, -4]
411:94.18, 9:10 [4, 259, 169, 205, -4]
413:100.66, 9:10 [4, 59, 29, 6169, -4]
416:68.16, 10:10 [4, 47, 56, 7704, -4]
501:92.74, 8:10 [5, 6661, 179, 1639, -5]
502:111.73, 2:10 [5, 10922, -5]
503:72.74, 7:10 [5, 7889, 144, 276, 26, -5]
504:62.54, 6:10 [5, 9552, 63, -5]
505:79.28, 8:10 [5, 4765, 3635, -5]
506:84.75, 7:10 [5, 271, 2568, 8272, -5]
507:67.20, 2:10 [5, 15517, -5]
508:18.44, 4:10 [5, 194, -5]
509:44.76, 8:10 [5, 9723, 295, 240, -5]
510:152.08, 5:10 [5, 14133, 2771, -5]
fe: 3, se: 22

Day: 1, Time: 405
Total Cost: 1635.22
 11:66.27, 75:75 [2, 6, -6, -2]
 13:145.23, 46:75 [2, 7, -2]
 16:66.27, 18:75 [2, 6, -2]
601:84.98, 10:10 [6, 172, 97, 79, -6]
602:93.75, 10:10 [6, 283, 1089, 44, -6]
603:45.09, 8:10 [6, 219, 187, -6]
604:143.88, 10:10 [6, 1967, 75, 72, -6]
605:146.77, 10:10 [6, 3621, 111, 14, 31, 4118, -6]
606:80.28, 8:10 [6, 195, 177, -6]
607:149.82, 9:10 [6, 167, 300, 273, 53, 80, -6]
608:124.18, 9:10 [6, 6066, 82, 3303, -6]
609:73.39, 10:10 [6, 68, 143, 73, 9590, -6]
611:113.13, 9:10 [6, 95, 121, 128, 141, -6]
701:40.37, 9:10 [7, 107, 88, 1416, -7]
702:20.80, 10:10 [7, 262, 118, 67, -7]
703:82.89, 10:10 [7, 45, 317, 292, -7]
705:69.24, 8:10 [7, 247, 191, 134, -7]
706:88.86, 9:10 [7, 7684, 5987, 3150, -7]
fe: 3, se: 15

Day: 1, Time: 405
Total Cost: 1901.38
 11:94.59, 73:75 [3, 8, -8, -3]
 12:90.24, 71:75 [3, 9, -9, -3]
 15:90.24, 10:75 [3, 9, -3]
801:130.05, 9:10 [8, 20, 11821, 263, 7567, -8]
802:77.45, 10:10 [8, 181, 174, 964, 186, -8]
803:107.17, 10:10 [8, 7583, 269, 164, -8]
804:143.64, 10:10 [8, 15, 246, 244, -8]
805:93.63, 8:10 [8, 2899, 2299, -8]
806:29.93, 8:10 [8, 34, 192, -8]
807:61.86, 9:10 [8, 227, 70, 38, 7139, -8]
811:95.23, 10:10 [8, 185, 233, 285, 12373, 39, -8]
901:92.95, 9:10 [9, 28, 15249, 150, 30, -9]
902:115.29, 9:10 [9, 308, 5157, 16772, 145, -9]
903:90.63, 8:10 [9, 248, 159, -9]
904:66.39, 10:10 [9, 22, 251, 1922, -9]
905:106.17, 9:10 [9, 253, 93, 228, -9]
906:81.02, 9:10 [9, 162, 197, 881, -9]
907:2.00, 3:10 [9, 198, -9]
908:114.03, 9:10 [9, 123, 160, 6635, -9]
910:129.04, 8:10 [9, 6712, 313, 46, -9]
911:89.83, 8:10 [9, 896, 13339, 13260, 89, 4555, -9]
fe: 3, se: 18

Day: 1, Time: 415
Total Cost: 449.11
 11:136.01, 7:75 [1, -4, -1]
 12:153.31, 3:75 [1, -5, -1]
401:127.78, 7:10 [4, 12493, 9680, -4]
501:32.00, 3:10 [5, 9593, -5]
fe: 2, se: 2

Day: 1, Time: 420
Total Cost: 165.63
 11:66.27, 2:75 [2, -6, -2]
601:99.36, 2:10 [6, 12020, -6]
fe: 1, se: 1

Day: 1, Time: 425
Total Cost: 267.59
 11:113.51, 8:75 [3, -8, -9, -3]
801:129.34, 6:10 [8, 11569, 12080, 16047, -8]
901:24.74, 2:10 [9, 16951, -9]
fe: 1, se: 2

Day: 1, Time: 435
Total Cost: 204.04
 11:136.01, 1:75 [1, -4, -1]
401:68.03, 1:10 [4, 9476, -4]
fe: 1, se: 1

Day: 1, Time: 450
Total Cost: 349.75
 11:136.01, 7:75 [1, 4, -1]
401:110.16, 3:10 [4, 6992, -4]
402:103.57, 4:10 [4, 4346, 7732, -4]
fe: 1, se: 2

Day: 1, Time: 450
Total Cost: 768.72
 11:66.27, 59:75 [2, 6, -2]
601:64.12, 4:10 [6, 6171, -6]
602:82.77, 8:10 [6, 109, 200, 7968, -6]
603:103.81, 9:10 [6, 260, 294, 32, 264, -6]
604:67.75, 8:10 [6, 312, 166, -6]
605:150.65, 8:10 [6, 245, 777, -6]
606:108.53, 10:10 [6, 288, 221, 6425, -6]
607:58.72, 8:10 [6, 60, 7554, -6]
608:66.09, 4:10 [6, 304, 33, 261, -6]
fe: 1, se: 8

Day: 1, Time: 450
Total Cost: 640.11
 11:94.59, 15:75 [3, 8, -3]
 12:90.24, 18:75 [3, 9, -3]
801:75.67, 9:10 [8, 296, 86, 6618, -8]
802:107.47, 6:10 [8, 7397, 3321, 110, 3196, -8]
901:116.56, 5:10 [9, 7628, 65, -9]
902:41.47, 7:10 [9, 7175, 3446, -9]
903:72.06, 5:10 [9, 41, 114, -9]
904:42.05, 1:10 [9, 10, -9]
fe: 2, se: 6

Day: 1, Time: 460
Total Cost: 186.26
 11:90.24, 3:75 [3, 9, -3]
901:96.02, 3:10 [9, 6384, -9]
fe: 1, se: 1

Day: 1, Time: 495
Total Cost: 164.76
 11:66.27, 3:75 [2, 6, -2]
601:98.49, 3:10 [6, 6086, -6]
fe: 1, se: 1


Day	Area	ID	Time	Load	Utilization	NoOrders	AssignmentCost
1	1	26	270	 30	0.33	14	375.00
1	1	127	300	 57	0.32	34	1290.00
1	1	 8	315	 90	1.00	35	975.00
1	1	27	315	 90	1.00	28	975.00
1	1	 9	360	 88	0.98	32	955.00
1	1	128	400	  3	0.02	 1	210.00
1	1	29	405	  3	0.03	 1	105.00
1	1	19	810	 55	0.76	31	750.00
1	1	38	810	 72	1.00	25	954.00
1	2	44	225	 44	0.49	18	515.00
1	2	63	225	 63	0.70	22	705.00
1	2	64	270	 90	1.00	38	975.00
1	2	145	300	 17	0.09	12	490.00
1	2	46	315	 89	0.99	32	965.00
1	2	47	360	 11	0.12	 5	185.00
1	2	76	810	 38	0.53	17	546.00
1	2	57	810	 72	1.00	21	954.00
1	3	102	270	 90	1.00	26	975.00
1	3	83	270	 90	1.00	44	975.00
1	3	163	300	  2	0.01	 2	190.00
1	3	84	315	 59	0.66	18	665.00
1	3	103	315	 90	1.00	30	975.00
1	3	95	810	 66	0.92	32	882.00
1	3	114	810	 63	0.88	19	846.00


Day	Area	Time	Pickup	Delivery	Direct	FEVehicles	SEVehicles	ALNSTime	ALNSBestTime	RoutingCostArea
1	1	0	115	65	0	9	50	142.38	94.83	6150.87
1	1	25	5	0	0	2	3	0.68	0.00	767.55
1	1	50	7	0	0	2	3	0.71	0.00	669.38
1	1	55	1	0	0	1	1	0.20	0.00	258.01
1	1	75	6	0	0	3	5	0.73	0.00	772.46
1	1	90	2	0	1	1	2	0.28	0.00	748.64
1	1	100	2	0	0	2	2	0.33	0.00	409.25
1	1	115	2	0	0	2	2	0.32	0.00	352.30
1	1	120	2	0	0	1	1	0.29	0.00	227.55
1	1	130	2	0	0	1	1	0.28	0.00	255.14
1	1	145	1	0	0	1	1	0.18	0.00	297.32
1	1	170	1	0	0	1	1	0.19	0.00	208.92
1	1	175	1	0	2	1	1	0.23	0.00	1196.48
1	1	180	1	0	0	1	1	0.18	0.00	223.67
1	1	300	28	0	0	2	8	2.62	0.00	1147.84
1	1	325	8	22	0	2	7	5.67	4.62	1079.57
1	1	360	3	54	0	2	15	9.25	3.27	1978.25
1	1	405	7	43	0	3	22	5.99	0.00	2445.23
1	1	415	3	0	0	2	2	0.42	0.00	449.11
1	1	435	1	0	0	1	1	0.19	0.00	204.04
1	1	450	0	3	0	1	2	0.26	0.00	349.75
1	2	10	104	57	0	9	48	110.94	48.98	5311.30
1	2	70	8	0	0	2	4	0.61	0.00	464.82
1	2	100	1	0	0	1	1	0.22	0.00	119.11
1	2	105	1	0	1	1	1	0.19	0.00	618.62
1	2	110	1	0	0	1	1	0.19	0.00	131.33
1	2	115	1	0	0	1	1	0.22	0.00	203.52
1	2	120	1	0	0	1	1	0.19	0.00	113.09
1	2	125	1	0	0	1	1	0.23	0.00	197.01
1	2	140	2	0	0	2	2	0.29	0.00	306.86
1	2	145	1	0	1	1	1	0.19	0.00	613.09
1	2	150	1	0	0	1	1	0.18	0.00	155.09
1	2	155	3	0	0	2	3	0.49	0.00	386.55
1	2	170	4	0	0	2	4	0.52	0.00	390.36
1	2	175	1	0	0	1	1	0.19	0.00	213.35
1	2	180	0	0	1	0	0	0.00	0.00	500.00
1	2	290	13	0	0	1	4	1.07	0.00	529.18
1	2	365	12	62	0	2	15	19.63	14.41	1560.87
1	2	395	5	0	0	1	2	0.37	0.00	345.09
1	2	405	1	48	0	3	15	7.20	2.56	1635.22
1	2	420	1	0	0	1	1	0.19	0.00	165.63
1	2	450	0	20	0	1	8	1.25	0.00	768.72
1	2	495	0	1	0	1	1	0.18	0.00	164.76
1	3	10	95	58	0	5	42	146.11	89.27	4103.71
1	3	50	8	0	0	2	4	0.72	0.00	544.88
1	3	85	12	0	0	2	8	1.03	0.03	618.72
1	3	100	1	0	0	1	1	0.19	0.00	133.51
1	3	120	4	0	0	2	2	0.52	0.00	268.98
1	3	125	1	0	0	1	1	0.21	0.00	120.67
1	3	145	1	0	0	1	1	0.19	0.00	147.93
1	3	150	2	0	1	1	2	0.37	0.00	701.46
1	3	170	0	0	1	0	0	0.00	0.00	500.00
1	3	300	23	0	0	1	7	3.46	0.74	866.90
1	3	365	12	72	0	3	16	21.89	7.20	1911.82
1	3	405	6	52	0	3	18	12.54	9.36	1901.38
1	3	425	4	0	0	1	2	0.56	0.00	267.59
1	3	450	0	14	0	2	6	0.83	0.00	640.11
1	3	460	0	1	0	1	1	0.20	0.00	186.26

Day	SL	Own	DispatchTimes	AssignmentCost	RoutingCost	TotalCost
1	20	4	43	17432.00	47998.85	65430.85

Total Cost: 65430.850237333085
Cost per Day: 65430.850237333085
Running time in Seconds: 681.755
Running time in minutes: 11.362583333333333