INSTANCE: 3hubs_A_21_x.csv
PARAMETER: sp_balance_tight_20_120_3hubs.txt
POLICY: Stochastic Programming
ALPHA: 0.0526545509372657
BETA: 71
OMEGA: 586
EPSILON: 1.32000354694373

Day: 1, Time: 0
Total Cost: 5738.31
 11:136.01, 75:75 [1, 4, -4, -1]
 12:136.01, 72:75 [1, 4, -4, -1]
 13:136.01, 19:75 [1, 4, -4, -1]
 16:153.31, 74:75 [1, 5, -5, -1]
 17:153.31, 72:75 [1, 5, -5, -1]
 18:153.31, 54:75 [1, 5, -5, -1]
 19:153.31, 8:75 [1, 5, -5, -1]
401:207.82, 10:10 [4, 8513, 8507, 8446, 8587, 9017, 8510, -4]
402:51.34, 8:10 [4, 8711, 8902, 8846, -4]
403:126.32, 10:10 [4, 8856, 9012, 8988, -4]
404:69.01, 9:10 [4, 8550, 8675, 8472, -4]
405:126.83, 10:10 [4, 8632, 8880, 8970, 8845, -4]
406:158.54, 10:10 [4, 8549, 8669, 8559, 8971, 8498, 9015, -4]
407:107.99, 10:10 [4, 8615, 8515, 8689, 8564, -4]
408:116.18, 8:10 [4, 8727, 8622, 8898, -4]
409:90.62, 9:10 [4, 8539, 8985, 9003, 8884, 8879, -4]
410:86.20, 4:10 [4, 8680, 9029, -4]
411:83.07, 10:10 [4, 8777, 8848, 8552, 8916, 8542, 9027, -4]
412:121.72, 10:10 [4, 8726, 8911, 8889, -4]
413:47.98, 7:10 [4, 8526, 8667, 8462, -4]
414:67.43, 10:10 [4, 8665, 8471, 8516, -4]
415:80.80, 9:10 [4, 8792, 8742, 8878, 8435, 8734, -4]
416:79.53, 9:10 [4, 8586, 8715, 8732, 8447, 8865, -4]
417:92.79, 10:10 [4, 8546, 8928, 8991, 9016, -4]
418:18.44, 3:10 [4, 8666, -4]
419:114.22, 10:10 [4, 8505, 8962, 8604, 8838, 8437, 8473, -4]
421:147.79, 10:10 [4, 8479, 8702, 8495, 8592, -4]
422:70.78, 9:10 [4, 8530, 8430, 8468, 8470, -4]
501:109.35, 10:10 [5, 8773, 8823, 8757, 8930, -5]
502:70.04, 9:10 [5, 8948, 8756, 8982, -5]
503:144.77, 8:10 [5, 8500, 8509, -5]
504:103.45, 10:10 [5, 8453, 8478, 8663, 8497, 8678, 8561, -5]
505:45.61, 10:10 [5, 8772, 9019, 8567, 8836, 8700, -5]
506:84.16, 10:10 [5, 8461, 9026, 8743, 8438, 8600, -5]
507:82.86, 10:10 [5, 8644, 8596, 8575, -5]
508:76.60, 10:10 [5, 8975, 9009, 8908, 8956, -5]
509:15.66, 7:10 [5, 8951, 8901, -5]
510:149.44, 10:10 [5, 8834, 8465, 9021, 8483, 8448, -5]
511:93.30, 10:10 [5, 8688, 8469, 8581, -5]
512:151.59, 9:10 [5, 8810, 8863, 8445, 8628, 8646, -5]
513:75.10, 8:10 [5, 8551, 9025, 8492, 8769, 8807, 8444, -5]
514:128.46, 9:10 [5, 8525, 8650, 8997, 8449, 8433, 8556, -5]
515:77.40, 10:10 [5, 8923, 8950, 8805, -5]
516:145.64, 10:10 [5, 8972, 8428, 8544, 8565, -5]
517:10.77, 3:10 [5, 8538, -5]
518:175.41, 9:10 [5, 8574, 8896, 8475, 8630, -5]
519:89.44, 9:10 [5, 8779, 8843, 8893, -5]
520:160.23, 6:10 [5, 8874, 8882, 8921, -5]
521:83.44, 8:10 [5, 8627, 8774, 8776, 8762, -5]
524:133.76, 10:10 [5, 8597, 8947, 8793, 8917, 8909, -5]
525:75.30, 10:10 [5, 8656, 8504, 8625, 8927, 8635, -5]
527:155.74, 9:10 [5, 8903, 8926, 8751, -5]
528:100.66, 9:10 [5, 8541, 8945, 8684, 8723, 8767, -5]
529:52.70, 10:10 [5, 8531, 8828, 8486, 8491, 8424, -5]
532:60.76, 10:10 [5, 8712, 8869, 8920, 8817, -5]
fe: 7, se: 48

Day: 1, Time: 0
Total Cost: 4640.01
 11:66.27, 74:75 [2, 6, -6, -2]
 12:66.27, 70:75 [2, 6, -6, -2]
 13:66.27, 59:75 [2, 6, -6, -2]
 15:66.27, 20:75 [2, 6, -6, -2]
 16:145.23, 57:75 [2, 7, -7, -2]
 17:145.23, 75:75 [2, 7, -7, -2]
 20:66.27, 10:75 [2, 6, -2]
601:44.00, 10:10 [6, 8601, 8511, 8572, -6]
603:123.26, 9:10 [6, 8842, 8661, 8739, 8852, 9024, -6]
604:161.52, 10:10 [6, 8645, 8826, 8912, 8501, 8701, 8679, 8944, -6]
605:81.31, 10:10 [6, 8460, 8636, 8436, 8696, 8456, -6]
606:124.27, 10:10 [6, 8607, 8894, 8786, 8806, -6]
607:129.83, 10:10 [6, 8537, 8488, 8443, 8560, -6]
608:124.06, 9:10 [6, 8787, 8853, 8583, 8694, 8748, 8870, -6]
609:85.63, 9:10 [6, 8833, 8706, 8568, 8803, -6]
610:103.51, 10:10 [6, 8674, 8493, 8594, 8540, 9023, -6]
611:93.12, 10:10 [6, 8588, 8760, 8454, 8466, 8857, -6]
612:74.04, 9:10 [6, 8602, 8642, 8626, -6]
613:113.54, 10:10 [6, 8875, 9013, 8938, 8721, 8995, 8683, 8750, -6]
614:150.33, 10:10 [6, 8439, 9008, 8941, 8969, 8464, 8907, -6]
615:79.87, 8:10 [6, 8765, 9001, 9004, -6]
616:95.95, 10:10 [6, 8716, 8979, 8876, 8612, 8599, -6]
617:116.65, 10:10 [6, 8832, 9014, 9034, 8557, 8977, 8825, -6]
618:33.45, 8:10 [6, 8754, 8563, -6]
619:130.18, 10:10 [6, 8521, 8958, 8890, 8782, 8835, -6]
620:88.35, 10:10 [6, 8794, 8749, 8819, 8847, -6]
621:117.19, 9:10 [6, 8458, 8425, 8476, 8420, 8707, -6]
622:96.51, 10:10 [6, 8619, 8709, 8790, 8802, -6]
623:74.13, 10:10 [6, 8687, 8730, 8421, 8657, -6]
624:113.13, 10:10 [6, 8850, 8573, 8864, 8620, 8658, -6]
625:55.97, 10:10 [6, 8427, 8529, 8562, -6]
626:110.88, 10:10 [6, 8609, 8946, 8664, 8899, 8770, 8821, -6]
627:27.12, 9:10 [6, 8994, 8789, 8996, -6]
628:137.77, 10:10 [6, 8579, 8659, 8799, 8536, -6]
629:171.90, 10:10 [6, 8517, 8634, 8595, 8639, 8976, -6]
637:64.54, 10:10 [6, 8738, 8822, 8906, 9006, -6]
701:36.34, 10:10 [7, 8831, 8713, 9005, -7]
702:64.87, 10:10 [7, 8910, 8993, 8759, -7]
703:59.15, 10:10 [7, 8761, 8841, 8616, -7]
704:73.98, 10:10 [7, 8919, 8860, 8753, 8771, 8747, 8752, -7]
705:5.66, 4:10 [7, 8508, -7]
706:69.79, 10:10 [7, 8686, 9033, 8904, 8881, 8873, -7]
708:58.05, 9:10 [7, 8441, 8936, 8484, 8692, -7]
709:78.79, 10:10 [7, 8929, 8830, 8858, -7]
710:62.43, 10:10 [7, 8528, 8578, 8671, 8691, 8699, -7]
712:135.83, 9:10 [7, 8463, 8886, 8489, 8633, 8780, 8631, 8859, 8606, 8888, -7]
713:73.83, 10:10 [7, 8524, 8967, 8984, 8973, 8798, -7]
714:70.27, 9:10 [7, 8981, 8837, 9011, -7]
715:138.64, 10:10 [7, 8804, 8569, 8613, 8503, 8783, 8827, -7]
716:86.05, 10:10 [7, 8535, 8974, 8653, 8729, 8423, 8992, -7]
717:82.52, 9:10 [7, 8467, 8849, 8442, 8548, 8457, 8768, -7]
fe: 7, se: 44

Day: 1, Time: 0
Total Cost: 5260.99
 11:90.24, 75:75 [3, 9, -9, -3]
 12:94.59, 62:75 [3, 8, -8, -3]
 13:90.24, 66:75 [3, 9, -9, -3]
 14:94.59, 74:75 [3, 8, -8, -3]
 15:90.24, 31:75 [3, 9, -9, -3]
 16:94.59, 71:75 [3, 8, -8, -3]
 18:90.24, 20:75 [3, 9, -9, -3]
801:65.04, 10:10 [8, 8555, 8648, 8582, 8778, -8]
802:113.56, 10:10 [8, 8719, 8520, 8820, 8695, -8]
803:75.10, 10:10 [8, 8487, 8618, 8660, 8532, -8]
804:55.65, 10:10 [8, 8839, 8422, 8816, 8986, -8]
805:103.30, 10:10 [8, 8940, 8733, 8989, 8885, -8]
806:136.00, 10:10 [8, 8932, 8829, 8766, 8942, -8]
807:50.13, 10:10 [8, 8673, 8638, 8640, -8]
808:2.83, 4:10 [8, 8703, -8]
809:78.64, 10:10 [8, 8617, 8784, 8718, 8960, -8]
810:148.35, 9:10 [8, 8662, 8871, 8440, 8647, 8534, 8952, 8862, -8]
811:93.90, 10:10 [8, 8591, 8840, 8494, 8512, 8514, -8]
812:55.26, 9:10 [8, 8704, 8722, 8814, 8900, -8]
813:115.17, 10:10 [8, 8637, 8735, 8939, 8547, 8740, -8]
814:16.97, 3:10 [8, 8580, -8]
815:49.58, 10:10 [8, 8800, 8965, 8737, -8]
816:114.16, 9:10 [8, 8746, 8818, 8809, 8744, -8]
818:70.92, 10:10 [8, 9028, 8614, 8641, 8883, -8]
819:76.30, 10:10 [8, 8868, 8961, 8943, 8717, 8892, -8]
820:123.16, 10:10 [8, 8558, 8851, 8714, 8522, 8426, -8]
821:88.54, 10:10 [8, 8990, 8570, 8506, 8808, 9030, -8]
822:59.41, 6:10 [8, 8710, 8474, 8968, -8]
823:120.24, 10:10 [8, 8431, 8913, 8775, 8788, -8]
824:109.80, 10:10 [8, 8949, 8953, 8959, 8861, 9002, -8]
825:49.40, 6:10 [8, 8914, 8922, 8954, -8]
826:67.68, 10:10 [8, 8998, 8523, 8933, 8459, 8429, 8480, 8676, -8]
828:104.10, 9:10 [8, 8966, 8925, 8585, 8610, 8872, -8]
829:91.11, 10:10 [8, 8623, 8651, 8897, 9007, 8924, -8]
901:87.89, 10:10 [9, 8584, 8672, 8451, 8698, 9032, -9]
902:10.77, 4:10 [9, 8866, -9]
903:113.74, 10:10 [9, 8999, 8741, 8877, -9]
904:44.91, 9:10 [9, 8553, 8527, 8690, 8652, -9]
905:122.31, 10:10 [9, 8455, 8781, 8731, 8643, 8905, 9020, 8624, -9]
906:108.50, 7:10 [9, 8668, 8482, 8608, -9]
907:58.22, 10:10 [9, 8844, 8934, 8935, -9]
908:123.91, 10:10 [9, 8577, 8681, 8655, 8589, 8797, -9]
909:54.71, 10:10 [9, 8867, 8496, 8432, 8554, -9]
910:109.37, 10:10 [9, 8763, 8519, 8543, 9022, -9]
911:65.97, 10:10 [9, 8785, 9031, 9000, -9]
912:144.72, 9:10 [9, 8895, 8693, 8654, 8963, -9]
913:34.31, 10:10 [9, 8957, 8791, 8811, -9]
914:136.84, 10:10 [9, 8708, 8490, 8434, 8576, 8915, 8764, 8964, 8724, -9]
915:106.93, 9:10 [9, 8855, 8755, 9018, 8728, -9]
916:61.55, 7:10 [9, 8955, 8978, -9]
917:41.08, 8:10 [9, 8598, 8481, 8545, -9]
918:68.75, 10:10 [9, 8725, 8629, 8452, 9010, -9]
919:140.15, 9:10 [9, 8824, 8502, 8745, 8795, 8720, 8649, -9]
921:80.68, 8:10 [9, 8796, 8801, 8813, -9]
922:83.69, 10:10 [9, 8918, 8887, 8854, 8812, -9]
923:101.05, 10:10 [9, 8980, 8611, 8670, 8593, -9]
924:94.07, 9:10 [9, 8815, 8987, 8590, 8518, -9]
925:78.33, 10:10 [9, 8621, 8485, 8603, 8533, -9]
926:107.35, 10:10 [9, 8605, 8983, 8891, 8571, 8697, 8931, 8682, -9]
927:97.85, 10:10 [9, 8685, 8705, 8677, 8736, 8937, -9]
928:104.32, 10:10 [9, 8499, 8450, 8566, 8758, 8477, -9]
fe: 7, se: 54

Day: 1, Time: 45
Total Cost: 655.93
 11:136.01, 3:75 [1, -4, -1]
 12:153.31, 3:75 [1, -5, -1]
 13:153.31, 2:75 [1, -5, -1]
401:57.58, 3:10 [4, 12974, -4]
501:82.97, 3:10 [5, 14221, -5]
502:72.74, 2:10 [5, 16053, 10367, -5]
fe: 3, se: 3

Day: 1, Time: 45
Total Cost: 455.12
 11:66.27, 16:75 [2, -6, -2]
 12:66.27, 1:75 [2, -6, -2]
601:53.96, 5:10 [6, 13732, 11073, -6]
602:94.79, 7:10 [6, 11535, 14497, -6]
603:91.41, 1:10 [6, 15480, -6]
604:82.41, 4:10 [6, 14067, 14399, 11692, -6]
fe: 2, se: 4

Day: 1, Time: 50
Total Cost: 206.13
 11:136.01, 2:75 [1, -4, -1]
401:70.11, 2:10 [4, 16187, -4]
fe: 1, se: 1

Day: 1, Time: 50
Total Cost: 608.94
 11:113.51, 6:75 [3, -9, -8, -3]
 12:94.59, 23:75 [3, -8, -3]
801:42.19, 4:10 [8, 13728, -8]
802:103.70, 7:10 [8, 16697, 9559, 13352, -8]
803:101.61, 7:10 [8, 13856, 9422, 12475, -8]
804:93.94, 9:10 [8, 14472, 14018, 13313, -8]
901:59.40, 2:10 [9, 11126, -9]
fe: 2, se: 5

Day: 1, Time: 55
Total Cost: 476.83
 11:66.27, 4:75 [2, -6, -2]
 12:145.23, 5:75 [2, -7, -2]
601:119.36, 4:10 [6, 14196, 12397, -6]
701:90.51, 2:10 [7, 12259, -7]
702:55.46, 3:10 [7, 11217, -7]
fe: 2, se: 3

Day: 1, Time: 55
Total Cost: 217.31
 11:90.24, 4:75 [3, -9, -3]
901:49.40, 3:10 [9, 11612, -9]
902:77.67, 1:10 [9, 13103, -9]
fe: 1, se: 2

Day: 1, Time: 60
Total Cost: 241.75
 11:94.59, 3:75 [3, -8, -3]
801:73.38, 2:10 [8, 10669, -8]
802:73.78, 1:10 [8, 16901, -8]
fe: 1, se: 2

Day: 1, Time: 85
Total Cost: 797.61
 11:136.01, 5:75 [1, -4, -1]
 13:153.31, 1:75 [1, -5, -1]
 14:153.31, 6:75 [1, -5, -1]
401:189.68, 5:10 [4, 13364, 10517, 12799, -4]
501:91.39, 1:10 [5, 11850, -5]
502:10.00, 3:10 [5, 16812, -5]
503:63.91, 3:10 [5, 11994, -5]
fe: 3, se: 4

Day: 1, Time: 90
Total Cost: 668.29
 11:66.27, 13:75 [2, -6, -2]
 13:66.27, 7:75 [2, -6, -2]
601:220.18, 9:10 [6, 15054, 11741, 11688, -6]
602:102.80, 1:10 [6, 15144, -6]
603:105.56, 6:10 [6, 10441, 10656, -6]
604:107.20, 4:10 [6, 12195, -6]
fe: 2, se: 4

Day: 1, Time: 90
Total Cost: 360.89
 11:94.59, 4:75 [3, -8, -3]
 12:94.59, 4:75 [3, -8, -3]
801:97.67, 4:10 [8, 15448, -8]
802:74.03, 4:10 [8, 12424, -8]
fe: 2, se: 2

Day: 1, Time: 100
Total Cost: 612.56
 11:94.59, 6:75 [3, -8, -3]
 12:90.24, 5:75 [3, -9, -3]
 13:90.24, 2:75 [3, -9, -3]
801:110.92, 6:10 [8, 9384, 16403, -8]
901:57.27, 4:10 [9, 16689, -9]
902:68.96, 1:10 [9, 9904, -9]
903:100.32, 2:10 [9, 9171, -9]
fe: 3, se: 4

Day: 1, Time: 110
Total Cost: 595.00
 11:136.01, 5:75 [1, -4, -1]
 12:153.31, 3:75 [1, -5, -1]
401:114.77, 2:10 [4, 16213, -4]
402:71.02, 3:10 [4, 15593, -4]
501:119.88, 3:10 [5, 13532, -5]
fe: 2, se: 3

Day: 1, Time: 120
Total Cost: 262.56
 11:66.27, 3:75 [2, -6, -2]
 12:66.27, 1:75 [2, -6, -2]
601:55.61, 3:10 [6, 12933, 13177, -6]
602:74.40, 1:10 [6, 13691, -6]
fe: 2, se: 2

Day: 1, Time: 125
Total Cost: 193.31
 11:153.31, 4:75 [1, -5, -1]
501:40.00, 4:10 [5, 10700, -5]
fe: 1, se: 1

Day: 1, Time: 135
Total Cost: 286.06
 11:66.27, 4:75 [2, -6, -2]
 12:66.27, 4:75 [2, -6, -2]
601:99.48, 4:10 [6, 16208, -6]
602:54.04, 4:10 [6, 10410, -6]
fe: 2, se: 2

Day: 1, Time: 135
Total Cost: 696.60
 11:94.59, 15:75 [3, -8, -3]
 12:90.24, 1:75 [3, -9, -3]
 13:90.24, 7:75 [3, -9, -3]
801:135.48, 7:10 [8, 12821, 10982, -8]
802:122.45, 8:10 [8, 9253, 15149, -8]
901:59.36, 1:10 [9, 10740, -9]
902:104.23, 7:10 [9, 10071, 10453, -9]
fe: 3, se: 4

Day: 1, Time: 140
Total Cost: 279.18
 11:66.27, 4:75 [2, -6, -2]
 12:66.27, 4:75 [2, -6, -2]
601:58.55, 4:10 [6, 15150, -6]
602:88.09, 4:10 [6, 16968, -6]
fe: 2, se: 2

Day: 1, Time: 145
Total Cost: 214.09
 11:136.01, 6:75 [1, -4, -1]
401:55.71, 3:10 [4, 9622, -4]
402:22.36, 3:10 [4, 13213, -4]
fe: 1, se: 2

Day: 1, Time: 150
Total Cost: 557.00
 11:136.01, 7:75 [1, -4, -1]
 12:153.31, 3:75 [1, -5, -1]
401:97.34, 7:10 [4, 16540, 9834, -4]
502:170.34, 3:10 [5, 16040, 16803, -5]
fe: 2, se: 2

Day: 1, Time: 150
Total Cost: 269.04
 11:66.27, 2:75 [2, -6, -2]
 12:66.27, 1:75 [2, -6, -2]
601:82.46, 2:10 [6, 13687, -6]
602:54.04, 1:10 [6, 13853, -6]
fe: 2, se: 2

Day: 1, Time: 150
Total Cost: 332.90
 11:90.24, 1:75 [3, -9, -3]
 12:90.24, 4:75 [3, -9, -3]
901:75.47, 1:10 [9, 16363, -9]
902:76.94, 4:10 [9, 10808, -9]
fe: 2, se: 2

Day: 1, Time: 160
Total Cost: 344.43
 11:94.59, 2:75 [3, -8, -3]
 12:90.24, 4:75 [3, -9, -3]
801:95.04, 2:10 [8, 14291, -8]
901:64.56, 4:10 [9, 14770, -9]
fe: 2, se: 2

Day: 1, Time: 165
Total Cost: 242.69
 11:136.01, 2:75 [1, -4, -1]
401:106.68, 2:10 [4, 13711, -4]
fe: 1, se: 1

Day: 1, Time: 170
Total Cost: 537.63
 11:136.01, 5:75 [1, -4, -1]
 12:153.31, 1:75 [1, -5, -1]
401:119.90, 5:10 [4, 12499, 14319, -4]
501:128.41, 1:10 [5, 13852, -5]
fe: 2, se: 2

Day: 1, Time: 170
Total Cost: 355.62
 11:66.27, 1:75 [2, -6, -2]
 12:66.27, 2:75 [2, -6, -2]
601:87.73, 1:10 [6, 10597, -6]
602:67.08, 1:10 [6, 9799, -6]
603:68.26, 1:10 [6, 14847, -6]
fe: 2, se: 3

Day: 1, Time: 170
Total Cost: 218.35
 11:90.24, 4:75 [3, -9, -3]
901:20.59, 3:10 [9, 14076, -9]
902:107.52, 1:10 [9, 9282, -9]
fe: 1, se: 2

Day: 1, Time: 175
Total Cost: 566.99
 11:94.59, 5:75 [3, -8, -3]
 12:90.24, 1:75 [3, -9, -3]
 13:90.24, 3:75 [3, -9, -3]
801:84.02, 4:10 [8, 12975, -8]
802:75.39, 1:10 [8, 13000, -8]
901:98.49, 1:10 [9, 16399, -9]
902:34.00, 3:10 [9, 16093, -9]
fe: 3, se: 4

Day: 1, Time: 180
Total Cost: 347.35
 11:136.01, 1:75 [1, -4, -1]
 12:153.31, 3:75 [1, -5, -1]
401:36.77, 1:10 [4, 9239, -4]
501:21.26, 3:10 [5, 11070, -5]
fe: 2, se: 2

Day: 1, Time: 200
Total Cost: 359.75
 11:90.24, 15:75 [3, -9, -3]
901:184.24, 10:10 [9, 15187, 13343, 13268, 15530, -9]
902:85.26, 5:10 [9, 11789, 10049, -9]
fe: 1, se: 2

Day: 1, Time: 255
Total Cost: 600.20
 11:136.01, 26:75 [1, -4, -1]
401:182.25, 10:10 [4, 15930, 9472, 12449, 9959, 12235, -4]
402:77.21, 8:10 [4, 11909, 15036, -4]
403:204.73, 8:10 [4, 9825, 14480, 15110, 11118, -4]
fe: 1, se: 3

Day: 1, Time: 275
Total Cost: 748.60
 11:66.27, 44:75 [2, -6, -2]
601:68.24, 6:10 [6, 16088, 11260, 12698, -6]
602:144.60, 10:10 [6, 9811, 15899, 9426, 12340, 12711, -6]
604:89.66, 10:10 [6, 16351, 16137, 14023, 13247, -6]
605:204.27, 9:10 [6, 10129, 12792, 9569, 14533, 15521, 17015, -6]
607:175.57, 9:10 [6, 16603, 14386, 17046, 9876, 13644, -6]
fe: 1, se: 5

Day: 1, Time: 300
Total Cost: 523.96
 11:136.01, 23:75 [1, -4, -1]
401:157.09, 8:10 [4, 15628, 9516, 11883, -4]
402:101.74, 7:10 [4, 9888, 10208, 16988, -4]
403:129.11, 8:10 [4, 10298, 11034, 15802, 14872, -4]
fe: 1, se: 3

Day: 1, Time: 305
Total Cost: 746.43
 12:90.24, 48:75 [3, -9, -3]
901:116.08, 8:10 [9, 14918, 11302, 12690, 10707, 10089, 14811, -9]
902:133.95, 10:10 [9, 12075, 15702, 16325, -9]
903:133.49, 10:10 [9, 14878, 12804, 16477, 13714, 13670, -9]
904:129.99, 10:10 [9, 11542, 16107, 13131, 13623, -9]
906:142.68, 10:10 [9, 15398, 16019, 10672, 11365, -9]
fe: 1, se: 5

Day: 1, Time: 320
Total Cost: 351.48
 11:66.27, 19:75 [2, -6, -2]
601:104.96, 10:10 [6, 15296, 14685, 10259, 14735, -6]
602:180.25, 9:10 [6, 16923, 15005, 12298, 12393, -6]
fe: 1, se: 2

Day: 1, Time: 360
Total Cost: 1711.35
 11:136.01, 61:75 [1, 4, -4, -1]
 12:153.31, 25:75 [1, 5, -5, -1]
401:131.00, 9:10 [4, 5807, 142, 224, 123, 15597, 57, 81, -4]
402:129.56, 10:10 [4, 11311, 12525, 316, 16329, 11806, 97, -4]
404:180.08, 8:10 [4, 154, 135, 186, 1214, 91, 5709, -4]
405:138.06, 10:10 [4, 62, 225, 216, 343, 126, -4]
406:153.20, 10:10 [4, 9882, 2527, 180, -4]
407:88.00, 9:10 [4, 13190, 92, 12998, 3785, 232, 324, -4]
408:136.19, 10:10 [4, 149, 98, 291, -4]
410:99.01, 8:10 [4, 200, 4413, 4487, 14359, 14407, 6454, -4]
501:132.12, 10:10 [5, 253, 187, 46, 341, -5]
502:118.76, 10:10 [5, 3002, 245, 269, 16918, 9493, 271, -5]
504:116.04, 7:10 [5, 3707, 9269, 30, 13707, 10302, 132, 136, -5]
fe: 2, se: 11

Day: 1, Time: 360
Total Cost: 954.61
 11:94.59, 22:75 [3, 8, -8, -3]
 12:90.24, 24:75 [3, 9, -9, -3]
801:143.86, 9:10 [8, 344, 5042, 15954, 48, 294, 5506, -8]
802:134.23, 7:10 [8, 2599, 9809, 12113, 12565, 5377, -8]
803:85.72, 10:10 [8, 1751, 5001, 268, 314, 14938, 5531, 10487, -8]
901:142.74, 9:10 [9, 10014, 15786, 69, 163, 3569, -9]
902:149.46, 10:10 [9, 6460, 16662, 4284, 10911, 145, 5163, -9]
903:113.75, 9:10 [9, 26, 1720, 11300, 2845, -9]
fe: 2, se: 6

Day: 1, Time: 390
Total Cost: 591.59
 11:66.27, 27:75 [2, 6, -6, -2]
601:190.64, 8:10 [6, 2922, 263, 15389, 869, 178, 134, -6]
602:66.98, 6:10 [6, 244, 41, 297, -6]
603:108.55, 8:10 [6, 267, 13139, 312, 15916, 234, -6]
604:159.16, 9:10 [6, 15369, 5166, 15769, 1979, 7497, -6]
fe: 1, se: 4

Day: 1, Time: 400
Total Cost: 477.51
 11:179.78, 18:75 [1, -4, -5, -1]
401:68.85, 5:10 [4, 12047, 14040, -4]
501:149.45, 4:10 [5, 15193, 15124, 9927, -5]
502:79.43, 9:10 [5, 11557, 13362, 12949, -5]
fe: 1, se: 3

Day: 1, Time: 405
Total Cost: 1759.05
 11:136.01, 53:75 [1, 4, -1]
 12:153.31, 70:75 [1, 5, -1]
 13:153.31, 8:75 [1, -5, -1]
402:93.59, 10:10 [4, 4997, 328, 311, 19, -4]
403:144.30, 10:10 [4, 7999, 265, 279, 321, -4]
405:58.67, 6:10 [4, 140, 195, -4]
407:61.11, 10:10 [4, 56, 105, 95, 283, -4]
409:17.30, 8:10 [4, 28, 296, -4]
410:83.65, 9:10 [4, 139, 222, 287, 50, -4]
501:125.49, 9:10 [5, 71, 32, 299, 124, -5]
502:146.52, 10:10 [5, 306, 85, 94, -5]
504:139.87, 9:10 [5, 288, 197, 110, -5]
505:128.12, 8:10 [5, 16002, 12722, -5]
506:81.78, 9:10 [5, 8007, 129, 147, -5]
507:51.54, 5:10 [5, 143, 171, -5]
508:65.02, 10:10 [5, 5782, 202, 76, -5]
509:42.69, 10:10 [5, 694, 239, 330, 106, -5]
510:76.77, 8:10 [5, 60, 207, 229, -5]
fe: 3, se: 15

Day: 1, Time: 405
Total Cost: 1255.18
 11:66.27, 71:75 [2, 6, -6, -2]
 12:145.23, 26:75 [2, 7, -7, -2]
601:47.97, 9:10 [6, 4523, 9457, 261, 337, -6]
602:49.14, 10:10 [6, 146, 12169, 77, 211, -6]
603:110.88, 8:10 [6, 102, 33, 119, 210, -6]
604:97.45, 7:10 [6, 66, 15352, 87, -6]
605:164.71, 10:10 [6, 25, 298, 8122, 128, -6]
606:129.72, 10:10 [6, 317, 175, 155, -6]
607:96.26, 9:10 [6, 82, 212, 247, 15410, -6]
611:116.69, 10:10 [6, 932, 15766, 15515, 14, 79, 259, -6]
701:87.82, 10:10 [7, 266, 27, 223, 319, 44, -7]
702:67.78, 10:10 [7, 7713, 55, 54, -7]
703:75.25, 8:10 [7, 10462, 45, 18, -7]
fe: 2, se: 11

Day: 1, Time: 405
Total Cost: 1909.26
 11:94.59, 67:75 [3, 8, -8, -3]
 12:90.24, 73:75 [3, 9, -9, -3]
801:105.73, 10:10 [8, 16517, 295, 304, 251, -8]
802:119.24, 10:10 [8, 162, 3304, 170, 318, -8]
803:67.84, 10:10 [8, 199, 37, 285, -8]
804:133.54, 9:10 [8, 190, 58, 315, 131, -8]
805:130.39, 10:10 [8, 191, 151, 289, -8]
806:90.88, 8:10 [8, 248, 49, 12174, 75, -8]
807:123.97, 8:10 [8, 305, 280, 203, -8]
810:102.47, 6:10 [8, 12364, 141, 11566, -8]
901:96.26, 10:10 [9, 21, 220, 168, -9]
902:104.21, 9:10 [9, 31, 63, 156, 329, -9]
903:71.25, 9:10 [9, 254, 158, 89, -9]
904:136.60, 10:10 [9, 59, 255, 256, 17073, 1109, 6157, 112, -9]
905:89.46, 10:10 [9, 116, 322, 194, 153, -9]
907:132.30, 9:10 [9, 258, 7518, 292, -9]
908:98.41, 9:10 [9, 334, 301, 10396, 152, -9]
911:121.88, 9:10 [9, 183, 13490, 221, 335, -9]
fe: 2, se: 16

Day: 1, Time: 415
Total Cost: 311.83
 11:151.76, 10:75 [2, -6, -7, -2]
601:92.24, 2:10 [6, 9278, 10427, -6]
701:67.82, 8:10 [7, 15052, 11455, -7]
fe: 1, se: 2

Day: 1, Time: 415
Total Cost: 201.70
 11:94.59, 2:75 [3, -8, -3]
801:107.10, 2:10 [8, 12236, 16959, -8]
fe: 1, se: 1

Day: 1, Time: 420
Total Cost: 244.29
 11:136.01, 10:75 [1, -4, -1]
401:108.27, 10:10 [4, 13341, 11351, 11461, -4]
fe: 1, se: 1

Day: 1, Time: 420
Total Cost: 163.60
 11:66.27, 1:75 [2, -6, -2]
601:97.32, 1:10 [6, 10877, -6]
fe: 1, se: 1

Day: 1, Time: 450
Total Cost: 1147.72
 11:136.01, 27:75 [1, 4, -1]
 12:153.31, 36:75 [1, 5, -1]
401:104.17, 5:10 [4, 338, 7709, -4]
403:47.59, 7:10 [4, 1966, 1763, -4]
404:119.48, 7:10 [4, 80, 270, -4]
406:8.25, 4:10 [4, 563, -4]
407:112.61, 4:10 [4, 157, -4]
501:103.14, 7:10 [5, 264, 250, -5]
502:74.86, 8:10 [5, 209, 16, -5]
503:101.88, 7:10 [5, 8278, 11, -5]
504:84.21, 8:10 [5, 242, 23, -5]
505:102.21, 6:10 [5, 275, 113, -5]
fe: 2, se: 10

Day: 1, Time: 450
Total Cost: 1836.27
 11:66.27, 74:75 [2, 6, -2]
 12:66.27, 73:75 [2, 6, -2]
601:75.20, 7:10 [6, 4285, 5386, -6]
602:147.76, 10:10 [6, 4842, 274, 36, -6]
603:105.56, 8:10 [6, 4131, 84, -6]
604:162.80, 8:10 [6, 2118, 43, -6]
605:59.89, 8:10 [6, 227, 176, -6]
606:119.84, 9:10 [6, 309, 549, 218, -6]
607:73.60, 4:10 [6, 184, 310, -6]
608:150.43, 10:10 [6, 226, 47, 125, -6]
609:52.43, 10:10 [6, 6903, 166, 6459, -6]
610:112.18, 8:10 [6, 51, 249, -6]
611:37.61, 10:10 [6, 732, 213, 15, -6]
613:102.08, 10:10 [6, 331, 83, 173, 592, 4310, -6]
614:108.89, 10:10 [6, 1144, 13, 5601, -6]
616:74.18, 9:10 [6, 7523, 192, 228, -6]
617:36.36, 7:10 [6, 236, 86, 111, -6]
618:131.12, 9:10 [6, 240, 3734, 238, -6]
619:153.81, 10:10 [6, 115, 2292, 5328, -6]
fe: 2, se: 17

Day: 1, Time: 450
Total Cost: 801.32
 11:94.59, 36:75 [3, 8, -3]
 12:90.24, 30:75 [3, 9, -3]
801:27.13, 7:10 [8, 233, 303, -8]
802:38.91, 9:10 [8, 67, 2010, 22, -8]
803:12.17, 3:10 [8, 2380, -8]
804:40.26, 8:10 [8, 204, 214, -8]
806:108.60, 9:10 [8, 257, 103, 52, -8]
901:59.26, 6:10 [9, 185, 260, -9]
902:108.73, 10:10 [9, 179, 108, 133, -9]
904:101.05, 8:10 [9, 313, 208, 144, -9]
905:120.39, 6:10 [9, 72, 127, -9]
fe: 2, se: 9

Day: 1, Time: 495
Total Cost: 184.33
 11:66.27, 4:75 [2, 6, -2]
601:33.94, 1:10 [6, 1827, -6]
602:84.12, 3:10 [6, 4109, -6]
fe: 1, se: 2

Day: 1, Time: 495
Total Cost: 283.18
 11:90.24, 6:75 [3, 9, -3]
901:74.24, 1:10 [9, 4674, -9]
902:75.89, 4:10 [9, 5629, -9]
903:42.80, 1:10 [9, 3809, -9]
fe: 1, se: 3


Day	Area	ID	Time	Load	Utilization	NoOrders	AssignmentCost
1	1	 7	270	 10	0.17	 4	175.00
1	1	27	315	 60	1.00	25	675.00
1	1	 8	315	 60	1.00	19	675.00
1	1	 9	360	 59	0.98	22	665.00
1	1	28	360	 50	0.83	16	575.00
1	1	29	405	 10	0.17	 5	175.00
1	1	31	495	  9	0.13	 3	132.00
1	1	15	630	 46	0.77	20	535.00
1	1	36	720	 48	1.00	17	666.00
1	1	19	810	 48	1.00	22	666.00
1	1	38	810	 48	1.00	20	666.00
1	2	45	270	 51	0.85	21	585.00
1	2	145	300	 34	0.28	22	830.00
1	2	46	315	 60	1.00	21	675.00
1	2	65	315	 60	1.00	27	675.00
1	2	66	360	 57	0.95	15	645.00
1	2	51	540	 16	0.22	 4	188.00
1	2	72	630	 44	0.73	16	515.00
1	2	75	765	 45	0.94	13	630.00
1	2	76	810	 48	1.00	28	666.00
1	2	57	810	 48	1.00	24	666.00
1	3	102	270	 20	0.33	 7	275.00
1	3	163	300	 44	0.37	26	1030.00
1	3	84	315	 60	1.00	22	675.00
1	3	103	315	 60	1.00	20	675.00
1	3	85	360	 58	0.97	18	655.00
1	3	104	360	 60	1.00	17	675.00
1	3	110	630	 53	0.88	19	605.00
1	3	91	630	 57	0.95	20	645.00
1	3	113	765	 33	0.69	 9	486.00
1	3	95	810	 48	1.00	31	666.00
1	3	114	810	 48	1.00	25	666.00


Day	Area	Time	Pickup	Delivery	Direct	FEVehicles	SEVehicles	ALNSTime	ALNSBestTime	RoutingCostArea
1	1	0	96	95	0	7	48	138.41	51.17	5738.31
1	1	45	4	0	0	3	3	0.77	0.00	655.93
1	1	50	1	0	0	1	1	0.38	0.00	206.13
1	1	85	6	0	0	3	4	0.94	0.00	797.61
1	1	110	3	0	0	2	3	0.71	0.00	595.00
1	1	125	1	0	1	1	1	0.26	0.00	693.31
1	1	145	2	0	0	1	2	0.28	0.00	214.09
1	1	150	4	0	0	2	2	0.94	0.00	557.00
1	1	165	1	0	0	1	1	0.19	0.00	242.69
1	1	170	3	0	0	2	2	0.33	0.00	537.63
1	1	180	2	0	0	2	2	0.41	0.00	347.35
1	1	255	11	0	0	1	3	0.96	0.00	600.20
1	1	300	10	0	0	1	3	1.00	0.00	523.96
1	1	360	15	44	0	2	11	13.79	0.89	1711.35
1	1	400	8	0	0	1	3	1.04	0.00	477.51
1	1	405	2	45	0	3	15	6.61	0.00	1759.05
1	1	420	3	0	0	1	1	0.59	0.00	244.29
1	1	450	0	18	0	2	10	1.94	0.00	1147.72
1	2	0	112	88	0	7	44	382.17	318.50	4640.01
1	2	45	8	0	0	2	4	0.88	0.00	455.12
1	2	55	4	0	0	2	3	0.67	0.00	476.83
1	2	90	7	0	0	2	4	1.18	0.00	668.29
1	2	120	3	0	0	2	2	0.35	0.00	262.56
1	2	135	2	0	0	2	2	0.45	0.00	286.06
1	2	140	2	0	0	2	2	0.42	0.00	279.18
1	2	150	2	0	0	2	2	0.33	0.00	269.04
1	2	170	3	0	0	2	3	0.55	0.00	355.62
1	2	275	23	0	0	1	5	2.39	0.50	748.60
1	2	320	8	0	0	1	2	1.02	0.00	351.48
1	2	390	5	14	0	1	4	1.85	0.00	591.59
1	2	405	7	36	0	2	11	8.70	4.23	1255.18
1	2	415	4	0	0	1	2	0.75	0.00	311.83
1	2	420	1	0	0	1	1	0.32	0.00	163.60
1	2	450	0	47	0	2	17	8.10	5.80	1836.27
1	2	495	0	2	0	1	2	0.21	0.00	184.33
1	3	0	127	97	0	7	54	382.68	298.86	5260.99
1	3	50	11	0	0	2	5	1.09	0.00	608.94
1	3	55	2	0	0	1	2	0.39	0.00	217.31
1	3	60	2	0	0	1	2	0.37	0.00	241.75
1	3	90	2	0	0	2	2	0.38	0.00	360.89
1	3	100	5	0	0	3	4	1.32	0.00	612.56
1	3	135	7	0	0	3	4	0.67	0.00	696.60
1	3	150	2	0	0	2	2	0.39	0.00	332.90
1	3	160	2	0	0	2	2	0.42	0.00	344.43
1	3	170	2	0	0	1	2	0.33	0.00	218.35
1	3	175	4	0	0	3	4	0.86	0.00	566.99
1	3	200	6	0	0	1	2	0.72	0.00	359.75
1	3	305	22	0	0	1	5	2.89	0.42	746.43
1	3	360	11	22	0	2	6	7.35	5.67	954.61
1	3	405	7	53	0	2	16	12.79	4.76	1909.26
1	3	415	2	0	0	1	1	0.39	0.00	201.70
1	3	450	0	21	0	2	9	2.11	0.00	801.32
1	3	495	0	3	0	1	3	0.32	0.00	283.18

Day	SL	Own	DispatchTimes	AssignmentCost	RoutingCost	TotalCost
1	30	2	35	18733.00	44902.68	63635.68

Total Cost: 63635.683172360346
Cost per Day: 63635.683172360346
Running time in Seconds: 25896.757
Running time in minutes: 431.61261666666667