INSTANCE: 3hubs_A_41_x.csv
PARAMETER: sp_balance_tight_20_120_3hubs.txt
POLICY: Stochastic Programming
ALPHA: 0.0526545509372657
BETA: 71
OMEGA: 586
EPSILON: 1.32000354694373

Day: 1, Time: 0
Total Cost: 5346.72
 11:136.01, 74:75 [1, 4, -4, -1]
 12:136.01, 54:75 [1, 4, -4, -1]
 13:136.01, 48:75 [1, 4, -4, -1]
 15:153.31, 60:75 [1, 5, -5, -1]
 16:153.31, 70:75 [1, 5, -5, -1]
 24:136.01, 10:75 [1, 4, -4, -1]
 29:136.01, 10:75 [1, -4, -1]
401:69.60, 10:10 [4, 8852, 8887, 8680, 8952, 8965, 8904, 8750, -4]
402:162.27, 9:10 [4, 9000, 8856, 8505, 8450, 8424, 8911, -4]
403:72.28, 10:10 [4, 8607, 8896, 8839, 8882, 8868, -4]
404:108.48, 10:10 [4, 8529, 8466, 8687, 8715, -4]
405:46.55, 9:10 [4, 8803, 8755, 8779, -4]
406:147.41, 10:10 [4, 8847, 8774, 8874, 8953, -4]
407:62.39, 9:10 [4, 8858, 8442, 8446, -4]
408:132.17, 6:10 [4, 8909, 9030, 8977, -4]
409:50.55, 6:10 [4, 8810, 8637, -4]
410:118.97, 7:10 [4, 9024, 8792, 8834, 8749, -4]
411:123.07, 10:10 [4, 8717, 8933, 8763, 9021, 8488, -4]
412:58.78, 9:10 [4, 8995, 8891, 8722, -4]
413:172.71, 10:10 [4, 8600, 8554, 8545, 8798, 8765, 8538, 9003, 8992, 8861, -4]
414:122.56, 10:10 [4, 8757, 8829, 8761, 8796, 8695, 8819, -4]
415:189.52, 4:10 [4, 8838, 8837, -4]
416:85.69, 10:10 [4, 8672, 8703, 9026, 8454, 9027, -4]
417:158.81, 1:10 [4, 8890, -4]
419:114.00, 10:10 [4, 8508, 8490, 8628, 8660, 8643, -4]
420:175.33, 10:10 [4, 8493, 8564, 8817, 8507, -4]
423:189.83, 10:10 [4, 8696, 8431, 8444, 8528, 8441, 8885, -4]
424:65.83, 9:10 [4, 8498, 8690, 8766, 8662, 8934, -4]
425:159.87, 8:10 [4, 8706, 8914, 8960, 8586, -4]
426:116.33, 7:10 [4, 8625, 8617, 8957, 8878, 8997, 8543, -4]
427:103.90, 10:10 [4, 8994, 8707, 8808, 9012, 8772, -4]
429:100.76, 10:10 [4, 8728, 8428, 8611, -4]
501:111.05, 9:10 [5, 8456, 8469, 8630, 8562, 8916, -5]
502:92.43, 10:10 [5, 8582, 8924, 8674, 8439, 8472, 8489, -5]
503:154.43, 10:10 [5, 8432, 8913, 8486, 8612, -5]
504:95.13, 10:10 [5, 8492, 8962, 8961, 8561, 8759, -5]
505:32.40, 10:10 [5, 8976, 9022, 8443, 8864, -5]
507:157.02, 8:10 [5, 8883, 8987, 8435, 8524, 8548, 8647, 8764, 8747, -5]
508:75.64, 10:10 [5, 8797, 8919, 8857, 9005, -5]
509:91.52, 7:10 [5, 9002, 8780, 8423, -5]
510:68.10, 8:10 [5, 8551, 8596, 8530, -5]
511:60.95, 10:10 [5, 8884, 8866, 8906, -5]
512:113.50, 9:10 [5, 8686, 8675, 8500, -5]
513:95.35, 8:10 [5, 8734, 8754, 8907, 8573, 8788, -5]
514:58.32, 8:10 [5, 8701, 8491, 8805, 8773, 8468, -5]
515:83.02, 7:10 [5, 8830, 9009, 8462, -5]
516:77.39, 10:10 [5, 8721, 8811, 8714, -5]
517:86.10, 8:10 [5, 8928, 8782, 8931, 8801, -5]
fe: 7, se: 41

Day: 1, Time: 0
Total Cost: 4882.58
 11:66.27, 75:75 [2, 6, -6, -2]
 12:151.76, 69:75 [2, 7, 6, -6, -2]
 13:66.27, 75:75 [2, 6, -6, -2]
 15:145.23, 48:75 [2, 7, -7, -2]
 16:145.23, 42:75 [2, 7, -7, -2]
 18:66.27, 9:75 [2, 6, -6, -2]
 24:66.27, 10:75 [2, 6, -6, -2]
601:55.83, 8:10 [6, 8929, 8453, -6]
602:140.28, 10:10 [6, 8671, 8514, 8872, 8809, 8781, 8964, -6]
603:61.71, 9:10 [6, 8510, 8657, 8537, 8517, -6]
604:105.11, 10:10 [6, 8565, 8589, 8590, -6]
605:106.01, 8:10 [6, 8951, 8854, 8438, 8955, 8735, -6]
606:62.55, 8:10 [6, 8610, 8688, -6]
607:96.29, 10:10 [6, 9028, 8827, 8631, 8925, -6]
608:102.18, 10:10 [6, 8712, 8495, 8835, 8422, 8789, 8855, -6]
609:47.18, 9:10 [6, 8841, 8981, 9029, -6]
610:59.54, 9:10 [6, 8791, 8860, 8822, 8983, -6]
611:115.21, 10:10 [6, 8535, 8558, 8581, 8869, 8479, 8632, -6]
612:106.96, 10:10 [6, 8853, 8936, 8970, 8888, 9034, 8968, -6]
613:123.33, 10:10 [6, 8634, 8865, 8806, 8800, 8840, 8460, -6]
614:132.11, 10:10 [6, 8775, 8993, 9004, 8588, 8988, -6]
615:77.29, 10:10 [6, 8705, 8665, 8923, 8930, 8768, 8966, 8875, -6]
616:75.88, 9:10 [6, 8719, 8937, 8823, -6]
617:84.14, 10:10 [6, 8547, 8629, 8481, 8580, -6]
618:103.02, 9:10 [6, 8653, 8457, 8484, -6]
619:49.70, 10:10 [6, 8733, 8576, 8541, -6]
620:54.54, 8:10 [6, 8832, 8939, -6]
622:145.67, 9:10 [6, 8563, 8639, 8470, 8748, 8494, -6]
623:121.11, 10:10 [6, 8708, 9015, 8776, 8828, 8753, -6]
624:48.12, 9:10 [6, 8709, 8636, 8598, -6]
625:137.92, 10:10 [6, 8941, 8501, 8525, 8650, 8943, 8559, 8842, 8922, 8771, -6]
626:146.33, 10:10 [6, 8604, 8790, 8587, 8704, 8743, 8531, 8942, -6]
627:85.41, 10:10 [6, 8504, 8666, 8560, 8689, 8609, 9014, -6]
628:134.15, 9:10 [6, 8713, 8787, 8932, 8815, 8802, -6]
629:158.55, 10:10 [6, 8578, 8877, 9017, 8509, 8876, 8899, -6]
646:80.56, 9:10 [6, 8536, 8912, 8727, 8972, 8799, -6]
649:76.15, 9:10 [6, 8851, 8793, 8991, 8642, -6]
701:77.09, 8:10 [7, 8616, 8804, 8670, 8513, -7]
702:81.43, 10:10 [7, 8845, 8429, 8786, 8812, 8676, 8935, -7]
703:90.62, 10:10 [7, 8681, 8473, 8506, 8532, 8434, -7]
704:64.84, 10:10 [7, 8739, 8725, 8667, -7]
705:157.54, 10:10 [7, 9007, 8485, 8427, 8927, 8622, 8918, 8895, 8549, -7]
706:99.69, 8:10 [7, 8627, 8673, 8633, 8956, -7]
707:143.01, 10:10 [7, 8881, 8476, 8542, 8579, -7]
708:55.29, 9:10 [7, 8533, 8624, 8679, -7]
709:66.10, 9:10 [7, 8963, 8464, 8602, 8756, -7]
710:91.56, 9:10 [7, 8770, 8574, 8465, -7]
711:75.53, 9:10 [7, 8947, 8726, 8926, 9019, 9023, -7]
712:76.47, 9:10 [7, 8859, 8990, 9013, 8769, 8973, -7]
713:74.45, 10:10 [7, 8871, 8893, 8920, 8862, 8820, -7]
714:116.66, 10:10 [7, 8512, 8614, 8716, 8736, 8467, 8447, -7]
715:12.17, 4:10 [7, 9020, -7]
fe: 7, se: 45

Day: 1, Time: 0
Total Cost: 5069.33
 11:94.59, 75:75 [3, 8, -8, -3]
 12:90.24, 75:75 [3, 9, -9, -3]
 13:94.59, 75:75 [3, 8, -8, -3]
 14:90.24, 63:75 [3, 9, -9, -3]
 15:90.24, 41:75 [3, 9, -9, -3]
 16:90.24, 28:75 [3, 9, -9, -3]
802:108.13, 10:10 [8, 8567, 8584, 8697, 8621, 8730, 8461, 8758, -8]
803:24.72, 10:10 [8, 8684, 8663, 8553, -8]
804:122.84, 9:10 [8, 8555, 8544, 8967, 8785, 8879, -8]
805:94.34, 10:10 [8, 8720, 8534, 8654, 8807, 8848, 8483, 8710, -8]
806:124.57, 9:10 [8, 8889, 8669, 8740, 8683, 9001, -8]
807:39.77, 9:10 [8, 8870, 8908, 8958, -8]
808:71.23, 9:10 [8, 8762, 8974, 8601, 8723, 8731, 8818, -8]
809:140.25, 10:10 [8, 8452, 8658, 8623, 8659, 8656, 8608, -8]
810:165.08, 10:10 [8, 8522, 8572, 8448, 9033, 8794, 8783, 8668, 8826, -8]
811:134.01, 10:10 [8, 8511, 8699, 8593, -8]
812:78.10, 9:10 [8, 8595, 9031, 8497, 8425, -8]
813:60.46, 10:10 [8, 8661, 8836, 9008, 8711, -8]
815:118.25, 10:10 [8, 8520, 8599, 8570, 8556, -8]
816:86.15, 10:10 [8, 8480, 8449, 8594, 8569, -8]
817:49.94, 9:10 [8, 8646, 8577, 8496, -8]
818:72.05, 10:10 [8, 8833, 8996, 9006, -8]
819:116.70, 9:10 [8, 9032, 8698, 9016, 8433, 8742, -8]
820:54.99, 8:10 [8, 8557, 8521, 8694, -8]
821:85.55, 7:10 [8, 8954, 8649, -8]
822:113.77, 10:10 [8, 8959, 8718, 8950, 8471, 8940, -8]
823:36.58, 9:10 [8, 8638, 8421, 8626, -8]
824:18.81, 8:10 [8, 8901, 8526, -8]
901:99.98, 10:10 [9, 8619, 8979, 8900, 8986, 8613, 8737, -9]
902:101.69, 10:10 [9, 8455, 8546, 8445, 9018, 8825, 8527, -9]
903:80.08, 10:10 [9, 8652, 8539, 8591, 8478, -9]
904:97.45, 10:10 [9, 8571, 8902, 8516, 9011, 8702, 8814, 8691, 8487, -9]
905:18.39, 8:10 [9, 8844, 8824, -9]
906:89.45, 10:10 [9, 8989, 8566, 8651, 8463, -9]
907:29.77, 8:10 [9, 8752, 8880, 8760, -9]
908:60.37, 10:10 [9, 8751, 8767, 8741, -9]
909:116.68, 10:10 [9, 8894, 8980, 8892, 8583, 8778, 8873, -9]
910:110.86, 10:10 [9, 8677, 8645, 8745, 8949, 8969, 8784, -9]
911:124.59, 8:10 [9, 8971, 8615, 8451, 8910, 8915, 8777, -9]
912:134.71, 10:10 [9, 8867, 8795, 8921, 9010, 8938, 8420, -9]
913:95.81, 10:10 [9, 8886, 8692, 8729, 8998, 8477, 8843, 8724, -9]
914:71.32, 6:10 [9, 8475, 8897, 8436, -9]
915:18.39, 8:10 [9, 8849, 8903, -9]
916:37.79, 4:10 [9, 8846, 8641, -9]
917:80.50, 10:10 [9, 8606, 8648, 8605, 8503, -9]
918:154.75, 10:10 [9, 8440, 8550, 8474, 8515, -9]
919:127.19, 9:10 [9, 8678, 8821, 8426, 8597, 8620, -9]
920:102.87, 10:10 [9, 8644, 8502, 8985, 8430, 8978, 8523, 8948, -9]
921:46.59, 9:10 [9, 8459, 8945, 8746, 8850, -9]
922:101.70, 10:10 [9, 8944, 8984, 9025, 8816, 8813, -9]
923:92.15, 10:10 [9, 8499, 8437, 8575, 8568, -9]
924:97.63, 9:10 [9, 8585, 8664, 8458, -9]
925:59.92, 9:10 [9, 8685, 8744, 8946, 8898, -9]
926:64.40, 7:10 [9, 8603, 8863, 8482, -9]
927:128.24, 10:10 [9, 8635, 8693, 8732, 8999, 8975, 8640, 8982, -9]
928:24.33, 3:10 [9, 8540, -9]
935:91.20, 10:10 [9, 8552, 8905, 8655, 8700, 8917, 8738, 8682, -9]
938:144.08, 10:10 [9, 8518, 8618, 8592, 8519, 8831, -9]
fe: 6, se: 52

Day: 1, Time: 15
Total Cost: 420.60
 11:94.59, 7:75 [3, -8, -3]
 12:90.24, 4:75 [3, -9, -3]
801:111.36, 7:10 [8, 9823, 15873, -8]
901:124.40, 4:10 [9, 10823, -9]
fe: 2, se: 2

Day: 1, Time: 20
Total Cost: 582.40
 11:136.01, 8:75 [1, -4, -1]
 12:153.31, 6:75 [1, -5, -1]
401:177.57, 8:10 [4, 12438, 13791, -4]
501:89.89, 4:10 [5, 16815, -5]
502:25.61, 2:10 [5, 17011, -5]
fe: 2, se: 3

Day: 1, Time: 30
Total Cost: 383.76
 11:66.27, 10:75 [2, -6, -2]
 12:66.27, 4:75 [2, -6, -2]
601:136.20, 9:10 [6, 13091, 15820, 10617, -6]
602:61.20, 4:10 [6, 16008, 13674, -6]
603:53.81, 1:10 [6, 14928, -6]
fe: 2, se: 3

Day: 1, Time: 45
Total Cost: 508.20
 11:136.01, 8:75 [1, -4, -1]
 12:153.31, 7:75 [1, -5, -1]
401:85.23, 8:10 [4, 15067, 14281, -4]
501:133.64, 7:10 [5, 16281, 12664, -5]
fe: 2, se: 2

Day: 1, Time: 45
Total Cost: 171.09
 11:66.27, 4:75 [2, -6, -2]
601:104.82, 4:10 [6, 11084, 12474, -6]
fe: 1, se: 1

Day: 1, Time: 50
Total Cost: 366.07
 11:136.01, 4:75 [1, -4, -1]
 12:153.31, 3:75 [1, -5, -1]
401:58.31, 4:10 [4, 16840, -4]
501:18.44, 3:10 [5, 11316, -5]
fe: 2, se: 2

Day: 1, Time: 50
Total Cost: 544.96
 11:94.59, 11:75 [3, -8, -3]
 12:90.24, 9:75 [3, -9, -3]
802:76.95, 7:10 [8, 15473, 10934, -8]
803:89.11, 4:10 [8, 12950, -8]
901:194.07, 9:10 [9, 13735, 10027, 9849, -9]
fe: 2, se: 3

Day: 1, Time: 55
Total Cost: 582.78
 11:136.01, 7:75 [1, -4, -1]
 12:136.01, 1:75 [1, -4, -1]
401:140.07, 5:10 [4, 12410, 15710, -4]
402:61.19, 1:10 [4, 13061, -4]
403:109.49, 2:10 [4, 16506, -4]
fe: 2, se: 3

Day: 1, Time: 55
Total Cost: 328.70
 11:66.27, 9:75 [2, -6, -2]
601:85.94, 4:10 [6, 13133, 9257, -6]
602:78.41, 4:10 [6, 16164, -6]
603:98.08, 1:10 [6, 9503, -6]
fe: 1, se: 3

Day: 1, Time: 65
Total Cost: 195.81
 11:94.59, 3:75 [3, -8, -3]
801:101.22, 3:10 [8, 16202, 16363, -8]
fe: 1, se: 1

Day: 1, Time: 70
Total Cost: 918.97
 11:136.01, 4:75 [1, -4, -1]
 12:136.01, 1:75 [1, -4, -1]
 13:153.31, 3:75 [1, -5, -1]
 14:153.31, 3:75 [1, -5, -1]
401:128.53, 4:10 [4, 13308, 9968, -4]
402:51.88, 1:10 [4, 16210, -4]
501:87.66, 3:10 [5, 11756, -5]
502:72.25, 3:10 [5, 11792, -5]
fe: 4, se: 4

Day: 1, Time: 75
Total Cost: 447.11
 11:136.01, 3:75 [1, -4, -1]
 12:153.31, 2:75 [1, -5, -1]
401:24.08, 3:10 [4, 11891, -4]
501:67.68, 1:10 [5, 13482, -5]
502:66.03, 1:10 [5, 9577, -5]
fe: 2, se: 3

Day: 1, Time: 75
Total Cost: 256.63
 11:66.27, 4:75 [2, -6, -2]
 12:66.27, 4:75 [2, -6, -2]
601:75.15, 4:10 [6, 10626, -6]
602:48.93, 4:10 [6, 13730, 15688, -6]
fe: 2, se: 2

Day: 1, Time: 75
Total Cost: 175.68
 11:90.24, 1:75 [3, -9, -3]
901:85.44, 1:10 [9, 11719, -9]
fe: 1, se: 1

Day: 1, Time: 80
Total Cost: 351.91
 11:66.27, 3:75 [2, -6, -2]
 12:66.27, 4:75 [2, -6, -2]
601:90.80, 3:10 [6, 16059, 10084, -6]
602:128.56, 4:10 [6, 17002, -6]
fe: 2, se: 2

Day: 1, Time: 90
Total Cost: 290.64
 11:90.24, 4:75 [3, -9, -3]
 12:94.59, 2:75 [3, -8, -3]
801:10.20, 2:10 [8, 14613, -8]
901:95.60, 4:10 [9, 9474, -9]
fe: 2, se: 2

Day: 1, Time: 95
Total Cost: 531.64
 11:136.01, 11:75 [1, -4, -1]
 12:153.31, 4:75 [1, -5, -1]
401:134.91, 7:10 [4, 16755, 11557, -4]
402:48.04, 4:10 [4, 14084, -4]
501:59.36, 4:10 [5, 14368, -5]
fe: 2, se: 3

Day: 1, Time: 95
Total Cost: 377.28
 11:66.27, 8:75 [2, -6, -2]
601:140.42, 2:10 [6, 15769, 15676, -6]
602:57.45, 3:10 [6, 9673, 14628, -6]
603:113.14, 3:10 [6, 11708, -6]
fe: 1, se: 3

Day: 1, Time: 100
Total Cost: 184.97
 11:94.59, 1:75 [3, -8, -3]
801:90.38, 1:10 [8, 14636, -8]
fe: 1, se: 1

Day: 1, Time: 105
Total Cost: 447.84
 11:136.01, 2:75 [1, -4, -1]
 12:153.31, 3:75 [1, -5, -1]
401:91.76, 2:10 [4, 15924, -4]
501:66.75, 3:10 [5, 11977, -5]
fe: 2, se: 2

Day: 1, Time: 110
Total Cost: 212.31
 11:90.24, 4:75 [3, -9, -3]
901:122.07, 4:10 [9, 13016, -9]
fe: 1, se: 1

Day: 1, Time: 115
Total Cost: 543.53
 11:66.27, 5:75 [2, -6, -2]
 12:66.27, 8:75 [2, -6, -2]
 13:145.23, 6:75 [2, -7, -2]
601:78.94, 5:10 [6, 13321, 13869, -6]
603:116.84, 8:10 [6, 16996, 16504, 10473, -6]
701:53.85, 3:10 [7, 10910, -7]
702:16.12, 3:10 [7, 12210, -7]
fe: 3, se: 4

Day: 1, Time: 120
Total Cost: 182.32
 11:90.24, 3:75 [3, -9, -3]
901:92.07, 3:10 [9, 14540, 9810, -9]
fe: 1, se: 1

Day: 1, Time: 135
Total Cost: 295.14
 11:90.24, 4:75 [3, -9, -3]
 12:94.59, 4:75 [3, -8, -3]
801:33.11, 4:10 [8, 9176, -8]
901:77.20, 4:10 [9, 11932, -9]
fe: 2, se: 2

Day: 1, Time: 140
Total Cost: 643.10
 11:153.31, 8:75 [1, -5, -1]
 12:153.31, 1:75 [1, -5, -1]
 13:153.31, 4:75 [1, -5, -1]
501:65.03, 8:10 [5, 12889, 12995, -5]
502:21.54, 1:10 [5, 9402, -5]
503:96.60, 4:10 [5, 9921, -5]
fe: 3, se: 3

Day: 1, Time: 140
Total Cost: 541.45
 11:94.59, 3:75 [3, -8, -3]
 12:94.59, 3:75 [3, -8, -3]
 13:90.24, 5:75 [3, -9, -3]
801:82.00, 3:10 [8, 14216, -8]
802:108.66, 3:10 [8, 9798, -8]
901:29.73, 2:10 [9, 16928, -9]
902:41.62, 3:10 [9, 16134, -9]
fe: 3, se: 4

Day: 1, Time: 145
Total Cost: 203.31
 11:153.31, 1:75 [1, -5, -1]
501:50.00, 1:10 [5, 11734, -5]
fe: 1, se: 1

Day: 1, Time: 150
Total Cost: 601.99
 11:145.23, 5:75 [2, -7, -2]
 12:66.27, 4:75 [2, -6, -2]
 13:66.27, 7:75 [2, -6, -2]
601:87.32, 7:10 [6, 12798, 14632, -6]
603:80.62, 1:10 [6, 9936, -6]
604:68.96, 3:10 [6, 10135, -6]
701:33.94, 2:10 [7, 10357, -7]
702:53.37, 3:10 [7, 12552, -7]
fe: 3, se: 5

Day: 1, Time: 155
Total Cost: 191.73
 11:153.31, 4:75 [1, -5, -1]
501:38.42, 4:10 [5, 14578, -5]
fe: 1, se: 1

Day: 1, Time: 160
Total Cost: 398.98
 11:94.59, 6:75 [3, -8, -3]
 12:90.24, 5:75 [3, -9, -3]
801:118.35, 6:10 [8, 10754, 16471, -8]
901:95.79, 5:10 [9, 13478, 10192, -9]
fe: 2, se: 2

Day: 1, Time: 165
Total Cost: 570.89
 11:136.01, 4:75 [1, -4, -1]
 13:153.31, 6:75 [1, -5, -1]
401:167.62, 4:10 [4, 16929, 12993, -4]
501:35.51, 5:10 [5, 17061, 15810, -5]
502:78.43, 1:10 [5, 13379, -5]
fe: 2, se: 3

Day: 1, Time: 165
Total Cost: 184.62
 11:66.27, 1:75 [2, -6, -2]
 12:66.27, 4:75 [2, -6, -2]
601:26.00, 1:10 [6, 9269, -6]
602:26.08, 4:10 [6, 12695, -6]
fe: 2, se: 2

Day: 1, Time: 170
Total Cost: 293.80
 11:66.27, 2:75 [2, -6, -2]
 12:66.27, 2:75 [2, -6, -2]
601:43.86, 2:10 [6, 9747, -6]
602:117.39, 2:10 [6, 12384, -6]
fe: 2, se: 2

Day: 1, Time: 175
Total Cost: 570.00
 11:136.01, 9:75 [1, -4, -1]
 12:136.01, 6:75 [1, -4, -1]
401:102.67, 5:10 [4, 10979, 11203, -4]
402:127.18, 6:10 [4, 15461, 15239, -4]
403:68.12, 4:10 [4, 12124, -4]
fe: 2, se: 3

Day: 1, Time: 180
Total Cost: 170.94
 11:136.01, 2:75 [1, -4, -1]
401:34.93, 2:10 [4, 15036, -4]
fe: 1, se: 1

Day: 1, Time: 180
Total Cost: 364.28
 11:66.27, 2:75 [2, -6, -2]
 12:66.27, 7:75 [2, -6, -2]
601:96.66, 2:10 [6, 13813, -6]
602:135.07, 7:10 [6, 15455, 9565, -6]
fe: 2, se: 2

Day: 1, Time: 280
Total Cost: 758.27
 11:179.78, 37:75 [1, -4, -5, -1]
401:195.70, 10:10 [4, 11306, 10587, 10141, 10664, -4]
402:146.09, 8:10 [4, 11238, 15314, 10360, 9286, -4]
501:98.27, 10:10 [5, 11812, 11776, 15660, -5]
502:138.43, 9:10 [5, 16066, 13898, 16000, -5]
fe: 1, se: 4

Day: 1, Time: 280
Total Cost: 674.51
 11:66.27, 52:75 [2, -6, -2]
601:147.38, 10:10 [6, 14389, 10903, 13671, 14515, -6]
602:11.66, 3:10 [6, 14694, -6]
603:86.43, 10:10 [6, 11481, 10683, 11280, 10453, -6]
604:123.54, 10:10 [6, 14759, 15425, 10723, -6]
605:101.09, 9:10 [6, 10518, 10395, 16323, 10354, -6]
606:138.12, 10:10 [6, 17107, 16562, 10734, 10770, -6]
fe: 1, se: 6

Day: 1, Time: 285
Total Cost: 649.16
 11:94.59, 51:75 [3, -8, -3]
801:126.35, 8:10 [8, 10234, 9203, 12296, -8]
802:112.58, 10:10 [8, 14139, 13239, 15558, -8]
803:87.90, 10:10 [8, 10895, 14249, 10140, -8]
804:121.52, 9:10 [8, 13849, 12062, 16984, -8]
805:21.26, 4:10 [8, 15641, -8]
806:84.95, 10:10 [8, 15244, 9509, 14186, -8]
fe: 1, se: 6

Day: 1, Time: 300
Total Cost: 296.09
 11:66.27, 7:75 [2, -6, -2]
601:79.53, 2:10 [6, 12218, 14434, -6]
602:150.28, 5:10 [6, 14936, 17041, 11255, -6]
fe: 1, se: 2

Day: 1, Time: 305
Total Cost: 357.76
 11:136.01, 19:75 [1, -4, -1]
401:76.69, 7:10 [4, 16374, 12851, -4]
402:18.87, 4:10 [4, 13034, -4]
403:126.19, 8:10 [4, 9605, 10776, 15864, -4]
fe: 1, se: 3

Day: 1, Time: 360
Total Cost: 1511.02
 11:136.01, 46:75 [1, 4, -4, -1]
 12:153.31, 31:75 [1, 5, -5, -1]
401:94.78, 10:10 [4, 48, 276, 7183, 3029, 233, 7130, -4]
402:108.50, 9:10 [4, 308, 215, 15675, 14847, 123, 280, -4]
403:135.84, 10:10 [4, 1120, 335, 10, 1057, 172, 1246, 813, -4]
408:150.75, 10:10 [4, 63, 151, 5179, 6783, 254, -4]
410:158.67, 10:10 [4, 196, 10258, 329, 14490, 39, 1133, 323, -4]
501:84.88, 9:10 [5, 16013, 13587, 8238, 45, -5]
502:55.44, 8:10 [5, 15995, 124, 7444, 155, 91, -5]
503:151.00, 7:10 [5, 170, 153, 212, 6238, -5]
507:127.18, 5:10 [5, 15903, 169, 132, 9517, 7673, 242, -5]
508:154.66, 10:10 [5, 97, 154, 16222, 4005, 314, -5]
fe: 2, se: 10

Day: 1, Time: 360
Total Cost: 1031.51
 11:94.59, 23:75 [3, 8, -8, -3]
 18:90.24, 37:75 [3, 9, -9, -3]
801:106.79, 6:10 [8, 291, 15336, 12621, 122, 12550, -8]
802:142.30, 10:10 [8, 14668, 8150, 230, 10957, 36, 5040, -8]
803:126.01, 10:10 [8, 257, 300, 261, 150, 1927, 15, -8]
901:115.34, 10:10 [9, 8125, 1077, 13047, 12745, 304, 14547, -9]
902:145.85, 10:10 [9, 567, 222, 14770, 246, 4371, 2394, 99, 78, -9]
903:71.41, 8:10 [9, 18, 344, 4443, 165, 118, 9647, -9]
904:138.98, 9:10 [9, 7474, 278, 16020, 29, 4401, 15488, 9332, -9]
fe: 2, se: 7

Day: 1, Time: 365
Total Cost: 894.43
 11:66.27, 29:75 [2, 6, -6, -2]
 12:145.23, 17:75 [2, 7, -7, -2]
601:100.74, 9:10 [6, 95, 5591, 34, 13140, -6]
603:137.27, 10:10 [6, 321, 11129, 279, 2133, 82, 11376, 3468, -6]
606:138.35, 7:10 [6, 72, 5946, 13816, 41, 16040, 12274, -6]
607:137.93, 7:10 [6, 126, 7512, 12028, 17, 10613, 11021, 322, -6]
701:10.00, 4:10 [7, 2244, -7]
703:98.27, 8:10 [7, 8321, 9801, 294, 13254, 16351, -7]
704:60.36, 9:10 [7, 54, 4260, 486, -7]
fe: 2, se: 7

Day: 1, Time: 390
Total Cost: 446.09
 11:179.78, 4:75 [1, -4, -5, -1]
401:102.16, 3:10 [4, 9433, -4]
501:164.16, 1:10 [5, 9946, -5]
fe: 1, se: 2

Day: 1, Time: 405
Total Cost: 1562.63
 11:136.01, 61:75 [1, 4, -1]
 12:153.31, 48:75 [1, 5, -5, -1]
401:66.19, 10:10 [4, 101, 245, 134, -4]
402:92.54, 10:10 [4, 112, 145, 186, -4]
403:39.28, 10:10 [4, 199, 12, 296, -4]
404:129.09, 10:10 [4, 130, 225, 22, 56, -4]
405:79.98, 8:10 [4, 325, 77, 33, -4]
406:175.01, 10:10 [4, 100, 209, 85, 177, -4]
407:4.47, 3:10 [4, 268, -4]
501:76.03, 2:10 [5, 10836, -5]
502:129.27, 10:10 [5, 269, 116, 309, 55, 327, -5]
503:114.25, 6:10 [5, 983, 28, 3520, -5]
504:59.93, 5:10 [5, 62, 236, -5]
505:59.75, 7:10 [5, 204, 1445, 290, -5]
506:84.10, 10:10 [5, 5938, 12464, 23, 316, 285, -5]
507:70.98, 6:10 [5, 47, 52, -5]
508:51.87, 2:10 [5, 240, 11344, -5]
509:40.58, 5:10 [5, 15796, 143, -5]
fe: 2, se: 16

Day: 1, Time: 405
Total Cost: 1406.09
 11:66.27, 68:75 [2, 6, -6, -2]
 13:145.23, 53:75 [2, 7, -7, -2]
601:133.05, 10:10 [6, 216, 3102, 277, -6]
602:51.09, 9:10 [6, 176, 180, 289, 5850, 14380, -6]
603:65.18, 10:10 [6, 319, 306, 197, 31, -6]
604:111.45, 10:10 [6, 336, 712, 61, 69, -6]
605:126.47, 9:10 [6, 210, 337, 17050, 70, 190, -6]
606:127.46, 10:10 [6, 260, 11865, 60, 259, -6]
608:71.02, 10:10 [6, 3201, 51, 15961, 13824, 320, -6]
701:90.61, 10:10 [7, 200, 272, 248, 208, -7]
702:74.85, 10:10 [7, 24, 14730, 229, 218, 331, -7]
703:63.24, 8:10 [7, 105, 3242, 220, -7]
704:75.79, 6:10 [7, 44, 281, 113, -7]
705:80.81, 10:10 [7, 146, 21, 332, -7]
706:123.58, 9:10 [7, 42, 887, 92, 107, -7]
fe: 2, se: 13

Day: 1, Time: 405
Total Cost: 1483.54
 11:94.59, 66:75 [3, 8, -8, -3]
 12:90.24, 64:75 [3, 9, -9, -3]
801:46.94, 7:10 [8, 3018, 162, 6986, 125, -8]
802:129.68, 9:10 [8, 340, 198, 98, 7520, 178, -8]
803:91.44, 10:10 [8, 73, 241, 32, 293, -8]
804:70.96, 9:10 [8, 164, 286, 3720, -8]
805:8.00, 4:10 [8, 271, -8]
806:87.20, 9:10 [8, 182, 138, 11101, 175, -8]
807:108.61, 10:10 [8, 275, 13, 206, 7234, -8]
808:120.36, 9:10 [8, 13572, 109, 194, 89, 111, -8]
901:92.41, 10:10 [9, 2220, 137, 14, 283, -9]
902:30.22, 6:10 [9, 163, 243, -9]
903:127.04, 10:10 [9, 187, 217, 11354, 201, 119, 167, -9]
905:120.28, 10:10 [9, 14521, 7816, 181, 214, 110, -9]
906:97.73, 10:10 [9, 305, 10265, 3044, 219, 238, 274, -9]
907:72.62, 10:10 [9, 303, 249, 11918, 185, -9]
910:95.22, 10:10 [9, 203, 86, 16296, 11523, 3862, 4792, -9]
fe: 2, se: 15

Day: 1, Time: 415
Total Cost: 228.23
 11:66.27, 6:75 [2, -6, -2]
601:51.88, 4:10 [6, 16979, -6]
602:110.07, 2:10 [6, 14051, -6]
fe: 1, se: 2

Day: 1, Time: 420
Total Cost: 259.21
 11:153.31, 4:75 [1, -5, -1]
501:105.90, 4:10 [5, 11914, 9414, -5]
fe: 1, se: 1

Day: 1, Time: 420
Total Cost: 211.35
 11:66.27, 5:75 [2, -6, -2]
601:78.23, 4:10 [6, 12490, -6]
602:66.84, 1:10 [6, 9381, -6]
fe: 1, se: 2

Day: 1, Time: 420
Total Cost: 363.09
 11:113.51, 13:75 [3, -8, -9, -3]
801:91.21, 1:10 [8, 10954, -8]
901:118.66, 10:10 [9, 10639, 13199, 10256, -9]
902:39.70, 2:10 [9, 10150, -9]
fe: 1, se: 3

Day: 1, Time: 450
Total Cost: 1087.74
 11:136.01, 18:75 [1, 4, -1]
 12:153.31, 22:75 [1, 5, -1]
401:123.82, 4:10 [4, 311, -4]
402:122.77, 6:10 [4, 4788, 247, -4]
404:133.15, 4:10 [4, 265, -4]
405:116.62, 4:10 [4, 4631, -4]
501:98.51, 8:10 [5, 142, 8312, -5]
502:55.57, 2:10 [5, 3694, -5]
503:104.71, 8:10 [5, 330, 96, -5]
504:43.27, 4:10 [5, 282, -5]
fe: 2, se: 8

Day: 1, Time: 450
Total Cost: 796.36
 11:66.27, 54:75 [2, 6, -2]
601:80.99, 4:10 [6, 5394, -6]
602:126.67, 8:10 [6, 7120, 192, 5888, -6]
603:108.13, 7:10 [6, 326, 160, -6]
604:81.94, 5:10 [6, 189, 4689, -6]
605:66.69, 8:10 [6, 1231, 2867, -6]
606:133.22, 10:10 [6, 8065, 1108, 4326, -6]
607:65.96, 8:10 [6, 318, 784, -6]
609:66.48, 4:10 [6, 65, -6]
fe: 1, se: 8

Day: 1, Time: 450
Total Cost: 679.57
 11:94.59, 23:75 [3, 8, -3]
 12:90.24, 19:75 [3, 9, -3]
801:45.73, 8:10 [8, 64, 3748, -8]
802:122.13, 7:10 [8, 338, 3066, -8]
805:109.79, 8:10 [8, 140, 133, -8]
901:52.00, 2:10 [9, 149, -9]
902:12.81, 4:10 [9, 27, -9]
903:100.23, 10:10 [9, 287, 6346, 8371, -9]
904:52.04, 3:10 [9, 333, -9]
fe: 2, se: 7

Day: 1, Time: 460
Total Cost: 333.54
 12:153.31, 6:75 [1, 5, -1]
501:88.20, 3:10 [5, 875, -5]
502:92.02, 3:10 [5, 161, -5]
fe: 1, se: 2

Day: 1, Time: 460
Total Cost: 362.02
 11:66.27, 6:75 [2, 6, -2]
601:125.17, 2:10 [6, 75, -6]
602:43.17, 1:10 [6, 2513, -6]
603:127.40, 3:10 [6, 108, -6]
fe: 1, se: 3

Day: 1, Time: 460
Total Cost: 301.79
 11:94.59, 2:75 [3, 8, -3]
 12:90.24, 6:75 [3, 9, -3]
801:29.12, 2:10 [8, 71, -8]
901:25.06, 1:10 [9, 334, -9]
902:30.21, 4:10 [9, 103, 19, -9]
903:32.56, 1:10 [9, 157, -9]
fe: 2, se: 4

Day: 1, Time: 495
Total Cost: 594.19
 11:66.27, 18:75 [2, 6, -2]
601:32.25, 1:10 [6, 67, -6]
602:90.39, 5:10 [6, 106, 16, -6]
603:89.82, 4:10 [6, 144, 270, -6]
604:106.51, 2:10 [6, 102, -6]
605:112.16, 4:10 [6, 224, -6]
606:96.79, 2:10 [6, 148, 139, -6]
fe: 1, se: 6

Day: 1, Time: 495
Total Cost: 331.92
 11:94.59, 2:75 [3, 8, -3]
 12:90.24, 2:75 [3, 9, -3]
801:69.08, 2:10 [8, 184, -8]
901:78.00, 2:10 [9, 59, -9]
fe: 2, se: 2

Day: 1, Time: 525
Total Cost: 119.36
 11:90.24, 4:75 [3, 9, -3]
901:29.12, 4:10 [9, 5678, -9]
fe: 1, se: 1


Day	Area	ID	Time	Load	Utilization	NoOrders	AssignmentCost
1	1	 7	270	 29	0.48	12	365.00
1	1	 8	315	 60	1.00	29	675.00
1	1	27	315	 60	1.00	23	675.00
1	1	 9	360	 59	0.98	18	665.00
1	1	119	400	 10	0.08	 6	350.00
1	1	29	405	 22	0.37	11	295.00
1	1	30	450	 37	0.51	10	356.00
1	1	15	630	 60	1.00	23	675.00
1	1	18	765	 36	0.75	16	522.00
1	1	38	810	 48	1.00	20	666.00
1	1	19	810	 48	1.00	24	666.00
1	2	63	225	 10	0.17	 5	175.00
1	2	45	270	 24	0.40	 8	315.00
1	2	136	300	 44	0.37	36	1030.00
1	2	65	315	 60	1.00	25	675.00
1	2	46	315	 60	1.00	21	675.00
1	2	66	360	 45	0.75	12	525.00
1	2	137	400	 10	0.08	 4	350.00
1	2	53	630	 59	0.98	21	665.00
1	2	72	630	 28	0.47	 7	355.00
1	2	75	765	 48	1.00	15	666.00
1	2	76	810	 48	1.00	28	666.00
1	2	57	810	 48	1.00	25	666.00
1	3	83	270	 59	0.98	24	665.00
1	3	154	300	 17	0.14	12	490.00
1	3	103	315	 60	1.00	21	675.00
1	3	84	315	 60	1.00	24	675.00
1	3	85	360	 32	0.53	 9	395.00
1	3	90	585	 32	0.53	10	395.00
1	3	91	630	 60	1.00	18	675.00
1	3	113	765	 48	1.00	12	666.00
1	3	114	810	 48	1.00	23	666.00
1	3	95	810	 48	1.00	28	666.00


Day	Area	Time	Pickup	Delivery	Direct	FEVehicles	SEVehicles	ALNSTime	ALNSBestTime	RoutingCostArea
1	1	0	107	71	0	7	41	143.06	104.32	5346.72
1	1	20	4	0	0	2	3	0.72	0.00	582.40
1	1	45	4	0	0	2	2	0.45	0.00	508.20
1	1	50	2	0	0	2	2	0.33	0.00	366.07
1	1	55	4	0	0	2	3	0.51	0.00	582.78
1	1	70	5	0	1	4	4	0.88	0.00	1418.97
1	1	75	3	0	0	2	3	0.55	0.00	447.11
1	1	95	4	0	0	2	3	0.89	0.00	531.64
1	1	105	2	0	0	2	2	0.32	0.00	447.84
1	1	140	4	0	0	3	3	1.16	0.00	643.10
1	1	145	1	0	0	1	1	0.26	0.00	203.31
1	1	155	1	0	0	1	1	0.19	0.00	191.73
1	1	165	5	0	1	2	3	0.74	0.00	1070.89
1	1	175	5	0	0	2	3	0.70	0.00	570.00
1	1	180	1	0	0	1	1	0.20	0.00	170.94
1	1	280	14	0	0	1	4	1.28	0.00	758.27
1	1	305	6	0	0	1	3	0.54	0.00	357.76
1	1	360	10	45	0	2	10	10.06	3.28	1511.02
1	1	390	2	0	0	1	2	0.37	0.00	446.09
1	1	405	4	42	0	2	16	9.17	4.30	1562.63
1	1	420	2	0	0	1	1	0.29	0.00	259.21
1	1	450	0	11	0	2	8	0.71	0.00	1087.74
1	1	460	0	2	0	1	2	0.28	0.00	333.54
1	2	0	117	88	0	7	45	290.30	236.44	4882.58
1	2	30	6	0	0	2	3	0.47	0.00	383.76
1	2	45	2	0	0	1	1	0.26	0.00	171.09
1	2	55	4	0	0	1	3	0.70	0.00	328.70
1	2	75	3	0	0	2	2	0.35	0.00	256.63
1	2	80	3	0	0	2	2	0.36	0.00	351.91
1	2	95	5	0	0	1	3	0.51	0.00	377.28
1	2	115	7	0	0	3	4	0.96	0.00	543.53
1	2	150	6	0	0	3	5	0.88	0.50	601.99
1	2	165	2	0	0	2	2	0.30	0.00	184.62
1	2	170	2	0	0	2	2	0.38	0.00	293.80
1	2	180	3	0	0	2	2	0.55	0.00	364.28
1	2	280	20	0	0	1	6	1.64	0.00	674.51
1	2	300	5	0	0	1	2	0.57	0.00	296.09
1	2	365	12	21	0	2	7	4.99	0.57	894.43
1	2	405	6	46	0	2	13	9.65	4.53	1406.09
1	2	415	2	0	0	1	2	0.25	0.00	228.23
1	2	420	2	0	0	1	2	0.25	0.00	211.35
1	2	450	0	16	0	1	8	1.07	0.00	796.36
1	2	460	0	3	0	1	3	0.30	0.00	362.02
1	2	495	0	9	0	1	6	0.66	0.00	594.19
1	2	525	0	0	1	0	0	0.00	0.00	500.00
1	3	0	111	121	0	6	52	260.59	196.20	5069.33
1	3	15	3	0	0	2	2	0.59	0.00	420.60
1	3	50	6	0	0	2	3	0.74	0.00	544.96
1	3	65	2	0	0	1	1	0.37	0.00	195.81
1	3	75	1	0	0	1	1	0.23	0.00	175.68
1	3	90	2	0	0	2	2	0.61	0.00	290.64
1	3	100	1	0	0	1	1	0.26	0.00	184.97
1	3	110	1	0	0	1	1	0.27	0.00	212.31
1	3	120	2	0	0	1	1	0.36	0.00	182.32
1	3	135	2	0	0	2	2	0.46	0.00	295.14
1	3	140	4	0	0	3	4	0.72	0.00	541.45
1	3	160	4	0	0	2	2	0.65	0.00	398.98
1	3	285	16	0	0	1	6	1.73	0.37	649.16
1	3	360	13	31	0	2	7	9.45	6.82	1031.51
1	3	405	8	55	0	2	15	11.44	8.02	1483.54
1	3	420	5	0	0	1	3	0.49	0.00	363.09
1	3	450	0	12	0	2	7	0.76	0.00	679.57
1	3	460	0	5	0	2	4	0.52	0.00	301.79
1	3	495	0	2	0	2	2	0.31	0.00	331.92
1	3	525	0	1	2	1	1	0.19	0.00	1119.36

Day	SL	Own	DispatchTimes	AssignmentCost	RoutingCost	TotalCost
1	29	4	45	18641.00	48573.56	67214.56

Total Cost: 67214.55672345408
Cost per Day: 67214.55672345408
Running time in Seconds: 25446.566
Running time in minutes: 424.10943333333336