INSTANCE: 3hubs_A_49_x.csv
PARAMETER: sp_balance_tight_20_120_3hubs.txt
POLICY: Stochastic Programming
ALPHA: 0.0526545509372657
BETA: 71
OMEGA: 586
EPSILON: 1.32000354694373

Day: 1, Time: 0
Total Cost: 7101.78
 11:136.01, 75:75 [1, 4, -4, -1]
 12:136.01, 42:75 [1, 4, -4, -1]
 13:136.01, 43:75 [1, 4, -4, -1]
 14:136.01, 8:75 [1, 4, -1]
 15:153.31, 73:75 [1, 5, -5, -1]
 16:153.31, 50:75 [1, 5, -5, -1]
 18:153.31, 4:75 [1, -5, -1]
 19:153.31, 32:75 [1, 5, -5, -1]
 20:136.01, 6:75 [1, 4, -4, -1]
 21:153.31, 30:75 [1, 5, -5, -1]
401:128.26, 10:10 [4, 8456, 8642, 8568, 8423, 8441, -4]
402:55.05, 7:10 [4, 9010, 9003, -4]
403:84.98, 10:10 [4, 8447, 8507, 8632, 8578, 8822, -4]
404:97.86, 8:10 [4, 8842, 8882, 8722, 8779, -4]
405:98.03, 10:10 [4, 8804, 8902, 8977, 8531, 8714, -4]
406:112.44, 10:10 [4, 8705, 8758, 8542, 9023, 8463, 8954, -4]
407:163.67, 3:10 [4, 8864, -4]
408:131.66, 10:10 [4, 8903, 9028, 9006, -4]
409:76.23, 9:10 [4, 8502, 8636, 8564, -4]
410:194.43, 10:10 [4, 8682, 8637, 8425, 8683, 8620, 8873, 8696, 8762, 8540, -4]
411:110.81, 10:10 [4, 8908, 9021, 8571, 8793, 8708, -4]
412:72.63, 9:10 [4, 8966, 8852, 8770, -4]
413:202.79, 10:10 [4, 8566, 8653, 8501, 8599, -4]
415:127.44, 9:10 [4, 8939, 8885, 9024, 8549, -4]
417:107.20, 10:10 [4, 8631, 8600, 8431, 8802, 8972, 8690, 8607, 8561, 8988, -4]
420:118.12, 8:10 [4, 8496, 8735, 8444, 8814, 8736, 8958, -4]
421:8.25, 2:10 [4, 8764, -4]
423:58.14, 9:10 [4, 8739, 8879, 8935, 8816, -4]
424:154.68, 5:10 [4, 8976, 8880, 8884, -4]
429:12.79, 4:10 [4, 8458, 8748, -4]
430:151.80, 7:10 [4, 8925, 8433, 8946, 8719, 8588, -4]
431:92.45, 8:10 [4, 8886, 8887, 8975, 8701, -4]
432:72.44, 8:10 [4, 8457, 8890, 8667, 8577, 8928, -4]
433:75.11, 10:10 [4, 8625, 8582, 8695, 8916, 8603, 8872, 8621, -4]
501:60.08, 4:10 [5, 8525, 8476, 8948, -5]
502:144.29, 9:10 [5, 8613, 8630, 8584, -5]
503:163.37, 10:10 [5, 8562, 8526, 8663, 8478, 8498, -5]
504:74.98, 8:10 [5, 8668, 8823, 8819, 8651, -5]
505:155.01, 8:10 [5, 8791, 8978, -5]
506:159.71, 8:10 [5, 9013, 8803, -5]
507:56.51, 5:10 [5, 8538, 8471, 8926, 8912, 8899, -5]
508:145.46, 4:10 [5, 8927, -5]
509:116.12, 10:10 [5, 8638, 8554, 8798, 8644, 8897, 8821, 8473, -5]
510:147.60, 6:10 [5, 8546, 8907, 8731, -5]
511:141.55, 10:10 [5, 8716, 8687, 8438, 8950, 8567, 8615, -5]
512:161.62, 10:10 [5, 8420, 8480, 8422, 8640, -5]
513:106.55, 9:10 [5, 8738, 8464, 8841, 8853, -5]
514:101.58, 9:10 [5, 8909, 8580, 8557, 9026, 8850, 8983, -5]
515:80.14, 10:10 [5, 8650, 8442, 8622, -5]
516:94.42, 9:10 [5, 8953, 8426, 8727, 9016, 8985, 8532, -5]
518:103.62, 9:10 [5, 8805, 8634, 8555, 9007, -5]
519:47.92, 9:10 [5, 8869, 8825, 8900, 8871, -5]
520:84.53, 7:10 [5, 8829, 8746, 8973, -5]
521:82.31, 10:10 [5, 8528, 8641, 8503, -5]
522:51.51, 10:10 [5, 8813, 8920, 8878, -5]
523:140.32, 10:10 [5, 8482, 8428, 8472, -5]
524:73.59, 9:10 [5, 9030, 8664, 8583, 8964, 8671, -5]
525:149.10, 9:10 [5, 8771, 8742, 8846, 8547, -5]
526:184.59, 9:10 [5, 8608, 8594, 8618, 8845, 8785, -5]
527:158.81, 4:10 [5, 8421, 8743, -5]
528:96.24, 9:10 [5, 8677, 8593, 8481, -5]
530:66.36, 9:10 [5, 9022, 8963, 8713, 8836, -5]
fe: 10, se: 52

Day: 1, Time: 0
Total Cost: 4414.80
 11:66.27, 75:75 [2, 6, -6, -2]
 12:66.27, 70:75 [2, 6, -6, -2]
 13:66.27, 67:75 [2, 6, -6, -2]
 15:145.23, 70:75 [2, 7, -7, -2]
 32:145.23, 40:75 [2, 7, -7, -2]
 36:66.27, 9:75 [2, -6, -2]
601:89.79, 10:10 [6, 8888, 8937, 8932, -6]
602:134.16, 9:10 [6, 8662, 8859, 8633, 8627, 8693, -6]
603:66.40, 10:10 [6, 8654, 8511, 8486, 8543, -6]
604:63.69, 9:10 [6, 8676, 8772, 8949, 8851, -6]
605:66.50, 7:10 [6, 8506, 8628, 8656, -6]
606:109.66, 9:10 [6, 8741, 8784, 8688, 8587, -6]
607:111.70, 10:10 [6, 8840, 8649, 8756, 8820, 8811, 8659, 8930, 8702, -6]
608:98.51, 10:10 [6, 8718, 8997, 8919, -6]
609:58.61, 9:10 [6, 8945, 9017, 8520, -6]
610:155.53, 9:10 [6, 8479, 8866, 8911, 8440, 8595, 8895, -6]
611:134.78, 10:10 [6, 8703, 8986, 8795, 8598, 8624, 8858, 8800, -6]
612:42.45, 10:10 [6, 8570, 8585, 8537, -6]
613:146.55, 10:10 [6, 8861, 8432, 8755, 8996, 8581, -6]
614:69.87, 9:10 [6, 8750, 8500, 8665, 8757, 8661, -6]
615:84.85, 10:10 [6, 8467, 8970, 8639, 8674, 8691, -6]
616:110.37, 10:10 [6, 8646, 8544, 8844, 8424, 8596, -6]
617:77.59, 10:10 [6, 8759, 8881, 8466, 8783, 8766, -6]
618:82.67, 10:10 [6, 8947, 8843, 9000, -6]
619:114.43, 10:10 [6, 8660, 8941, 8933, 8536, 9005, 8715, 8752, -6]
620:84.55, 10:10 [6, 8812, 8830, 8450, 8454, 8679, -6]
621:97.37, 9:10 [6, 8563, 8999, 8548, 8491, -6]
622:42.53, 7:10 [6, 8914, 8860, -6]
623:18.11, 7:10 [6, 8572, 8576, -6]
624:89.20, 10:10 [6, 8792, 8904, 9027, -6]
625:132.79, 10:10 [6, 8559, 8891, 8589, 8487, 8982, 8786, 8745, 8781, -6]
626:91.67, 10:10 [6, 8611, 8519, 8483, 8515, 8522, -6]
628:112.76, 9:10 [6, 8430, 8477, 8529, 9004, 8459, 8848, 8635, 8521, 8833, -6]
630:69.51, 10:10 [6, 9034, 8929, 8960, 8725, -6]
633:125.44, 9:10 [6, 8524, 8512, 8726, 9019, 8854, 8889, 8961, -6]
701:62.32, 9:10 [7, 8612, 8497, 8541, 8809, -7]
702:45.77, 9:10 [7, 8606, 8657, 8672, -7]
703:126.87, 10:10 [7, 8539, 8474, 8451, 8490, 8655, 8768, 8883, -7]
704:83.06, 10:10 [7, 8801, 8774, 8847, 8711, 8775, -7]
706:47.25, 10:10 [7, 8737, 8709, 8990, 9015, 8828, -7]
707:59.69, 10:10 [7, 8839, 8876, 8987, 8452, 9029, -7]
708:103.60, 10:10 [7, 8694, 8669, 8616, -7]
709:88.05, 9:10 [7, 8915, 8469, 8684, 8586, 8626, -7]
710:26.11, 10:10 [7, 8602, 8647, 8675, -7]
711:94.15, 10:10 [7, 9025, 8453, 8648, 8530, 8799, 8552, -7]
713:43.74, 8:10 [7, 8489, 8601, -7]
714:96.06, 10:10 [7, 8619, 8744, 9012, 9001, 8754, -7]
715:165.81, 10:10 [7, 8989, 8468, 8896, 8499, 8448, 8510, -7]
718:134.72, 10:10 [7, 8591, 8494, 8569, 8604, -7]
fe: 6, se: 43

Day: 1, Time: 0
Total Cost: 5265.46
 11:132.43, 75:75 [3, 9, 8, -9, -3]
 12:94.59, 74:75 [3, 8, -8, -3]
 13:94.59, 48:75 [3, 8, -8, -3]
 14:94.59, 18:75 [3, 8, -8, -3]
 15:90.24, 63:75 [3, 9, -9, -3]
 16:90.24, 73:75 [3, 9, -9, -3]
 20:94.59, 10:75 [3, 8, -8, -3]
 45:94.59, 42:75 [3, 8, -8, -3]
801:88.47, 10:10 [8, 8780, 8797, 8824, 8922, -8]
802:77.29, 9:10 [8, 8959, 8815, 8787, -8]
803:138.93, 10:10 [8, 8517, 8673, 8761, 8967, 8957, 8492, -8]
804:154.61, 10:10 [8, 8485, 8865, 8629, 8610, 9011, 8614, 8697, -8]
805:102.60, 10:10 [8, 8592, 8534, 8460, 8575, 8545, -8]
806:87.74, 10:10 [8, 8773, 8870, 8931, 8658, 8740, -8]
807:91.95, 10:10 [8, 8565, 8998, 8981, 8817, 8974, -8]
808:92.97, 9:10 [8, 9002, 8968, 8849, -8]
809:50.34, 7:10 [8, 8921, 8923, -8]
810:105.53, 10:10 [8, 8553, 8573, 8518, 8462, 8556, -8]
811:124.51, 10:10 [8, 8806, 8508, 8994, 8868, 8516, 8732, -8]
813:109.74, 10:10 [8, 8527, 8505, 8617, 8579, 8749, -8]
814:106.92, 10:10 [8, 8776, 8918, 8706, 8753, -8]
815:23.57, 9:10 [8, 8778, 8698, 8513, -8]
816:109.11, 10:10 [8, 8435, 8721, 8733, 8936, -8]
817:69.99, 10:10 [8, 8971, 8855, 8857, -8]
818:105.86, 10:10 [8, 8760, 8788, 8670, -8]
819:131.27, 10:10 [8, 8962, 8712, 8874, 8827, 8794, -8]
820:21.48, 9:10 [8, 8834, 8723, 8867, -8]
821:139.20, 10:10 [8, 8984, 8720, 8446, 8680, 8551, -8]
822:67.56, 9:10 [8, 8495, 8862, 8427, 8992, 8905, -8]
823:73.23, 10:10 [8, 8449, 8969, 8678, 8652, -8]
824:119.61, 10:10 [8, 9009, 8782, 8856, 8944, -8]
901:113.44, 8:10 [9, 8685, 8979, 9032, 8681, 8445, 8504, -9]
902:73.18, 10:10 [9, 8666, 8818, 8429, 8560, 8470, -9]
903:94.33, 7:10 [9, 8550, 8558, 8455, -9]
904:127.02, 10:10 [9, 8956, 8893, 8475, 8835, 8901, -9]
905:71.55, 10:10 [9, 8951, 8523, 8461, 8484, -9]
906:130.06, 10:10 [9, 8574, 8605, 8689, 8535, 8436, -9]
907:63.77, 9:10 [9, 8917, 8533, 8465, -9]
908:76.00, 7:10 [9, 8938, 8965, 8767, -9]
909:66.39, 8:10 [9, 8952, 8437, 8892, -9]
910:77.29, 10:10 [9, 8443, 8623, 8590, 8493, -9]
911:109.71, 9:10 [9, 8808, 8991, 8796, 9031, 9014, -9]
912:131.28, 10:10 [9, 8686, 8942, 8875, 8789, 8831, 8765, -9]
913:114.61, 9:10 [9, 8910, 8609, 8730, 9020, -9]
914:104.46, 10:10 [9, 8769, 8777, 8894, 8645, 8728, -9]
915:65.81, 7:10 [9, 8838, 8863, -9]
916:88.93, 10:10 [9, 8597, 8724, 8488, 8790, 8751, -9]
917:132.07, 10:10 [9, 8832, 9008, 8717, 8514, 8943, 8810, -9]
918:46.24, 9:10 [9, 8509, 8439, 8643, -9]
920:103.28, 10:10 [9, 8898, 8826, 8877, 8700, -9]
921:63.40, 9:10 [9, 8692, 8734, 8940, 8934, -9]
922:57.72, 9:10 [9, 9018, 8913, 8763, -9]
924:66.33, 9:10 [9, 8837, 9033, 8955, -9]
925:135.98, 10:10 [9, 8699, 8924, 8993, 8747, 8710, 8980, -9]
926:89.46, 10:10 [9, 8704, 15816, 8434, -9]
927:84.79, 10:10 [9, 8729, 8906, 8995, 8807, 8707, -9]
fe: 8, se: 48

Day: 1, Time: 35
Total Cost: 686.93
 11:66.27, 16:75 [2, -6, -2]
 12:66.27, 7:75 [2, -6, -2]
 13:66.27, 3:75 [2, -6, -2]
601:67.91, 1:10 [6, 11484, -6]
602:114.64, 7:10 [6, 14047, 16265, -6]
603:63.04, 9:10 [6, 13539, 9250, 12588, -6]
604:107.17, 3:10 [6, 16225, 11555, -6]
605:99.30, 3:10 [6, 11103, -6]
606:36.06, 3:10 [6, 11304, -6]
fe: 3, se: 6

Day: 1, Time: 35
Total Cost: 565.02
 11:94.59, 10:75 [3, -8, -3]
 12:90.24, 13:75 [3, -9, -3]
801:95.45, 6:10 [8, 16277, 12937, -8]
802:104.02, 2:10 [8, 15828, -8]
803:30.59, 2:10 [8, 16911, -8]
901:51.11, 3:10 [9, 10401, -9]
902:99.02, 10:10 [9, 12631, 12849, 12697, -9]
fe: 2, se: 5

Day: 1, Time: 40
Total Cost: 220.67
 11:66.27, 4:75 [2, -6, -2]
601:154.40, 4:10 [6, 11053, -6]
fe: 1, se: 1

Day: 1, Time: 45
Total Cost: 189.41
 11:145.23, 1:75 [2, -7, -2]
701:44.18, 1:10 [7, 15104, -7]
fe: 1, se: 1

Day: 1, Time: 50
Total Cost: 378.82
 11:90.24, 9:75 [3, -9, -3]
901:174.02, 5:10 [9, 11786, 15461, -9]
902:114.56, 4:10 [9, 15861, -9]
fe: 1, se: 2

Day: 1, Time: 55
Total Cost: 159.95
 11:66.27, 2:75 [2, -6, -2]
601:93.68, 2:10 [6, 11964, -6]
fe: 1, se: 1

Day: 1, Time: 60
Total Cost: 734.67
 11:136.01, 12:75 [1, -4, -1]
 12:153.31, 4:75 [1, -5, -1]
 13:153.31, 3:75 [1, -5, -1]
401:80.03, 9:10 [4, 12525, 14665, 9811, -4]
402:74.97, 3:10 [4, 13041, -4]
501:74.24, 4:10 [5, 10061, -5]
502:62.80, 3:10 [5, 13383, -5]
fe: 3, se: 4

Day: 1, Time: 75
Total Cost: 561.65
 11:136.01, 4:75 [1, -4, -1]
 12:136.01, 4:75 [1, -4, -1]
401:30.00, 4:10 [4, 11380, -4]
402:151.38, 1:10 [4, 13075, -4]
403:108.24, 3:10 [4, 12533, -4]
fe: 2, se: 3

Day: 1, Time: 75
Total Cost: 796.43
 11:94.59, 11:75 [3, -8, -3]
 12:94.59, 4:75 [3, -8, -3]
 13:113.51, 2:75 [3, -8, -9, -3]
801:80.62, 7:10 [8, 10034, 16366, 15399, -8]
802:116.62, 4:10 [8, 9939, -8]
803:100.66, 1:10 [8, 11456, -8]
804:70.23, 4:10 [8, 14833, -8]
902:125.60, 1:10 [9, 11214, -9]
fe: 3, se: 5

Day: 1, Time: 85
Total Cost: 442.18
 11:136.01, 3:75 [1, -4, -1]
 12:136.01, 3:75 [1, -4, -1]
401:100.50, 3:10 [4, 16505, -4]
402:69.66, 3:10 [4, 10787, -4]
fe: 2, se: 2

Day: 1, Time: 90
Total Cost: 203.25
 11:136.01, 4:75 [1, -4, -1]
401:67.23, 4:10 [4, 15750, -4]
fe: 1, se: 1

Day: 1, Time: 100
Total Cost: 333.05
 11:66.27, 3:75 [2, -6, -2]
 12:66.27, 6:75 [2, -6, -2]
601:84.68, 3:10 [6, 11151, 11404, -6]
602:115.82, 6:10 [6, 11632, 12505, 15486, -6]
fe: 2, se: 2

Day: 1, Time: 100
Total Cost: 593.61
 11:94.59, 3:75 [3, -8, -3]
 12:90.24, 7:75 [3, -9, -3]
 13:90.24, 1:75 [3, -9, -3]
801:78.64, 3:10 [8, 13170, -8]
901:82.97, 4:10 [9, 9280, -9]
902:42.29, 3:10 [9, 9287, 13396, -9]
903:114.63, 1:10 [9, 11552, -9]
fe: 3, se: 4

Day: 1, Time: 105
Total Cost: 333.78
 11:94.59, 3:75 [3, -8, -3]
 12:90.24, 3:75 [3, -9, -3]
801:43.91, 1:10 [8, 10903, -8]
802:36.77, 2:10 [8, 16484, -8]
901:68.26, 3:10 [9, 11020, -9]
fe: 2, se: 3

Day: 1, Time: 110
Total Cost: 860.84
 11:136.01, 4:75 [1, -4, -1]
 12:136.01, 8:75 [1, -4, -1]
 13:153.31, 4:75 [1, -5, -1]
401:156.82, 4:10 [4, 13042, -4]
402:156.51, 8:10 [4, 12209, 11048, 15781, -4]
501:122.18, 4:10 [5, 10177, 10270, -5]
fe: 3, se: 3

Day: 1, Time: 120
Total Cost: 371.51
 12:66.27, 7:75 [2, -6, -2]
 13:66.27, 5:75 [2, -6, -2]
601:101.13, 4:10 [6, 10506, -6]
602:23.32, 3:10 [6, 12634, -6]
603:114.51, 5:10 [6, 11367, 10498, -6]
fe: 2, se: 3

Day: 1, Time: 135
Total Cost: 328.60
 11:66.27, 4:75 [2, -6, -2]
 12:145.23, 5:75 [2, -7, -2]
601:19.70, 4:10 [6, 15384, -6]
701:37.36, 3:10 [7, 15275, -7]
702:60.03, 2:10 [7, 16017, -7]
fe: 2, se: 3

Day: 1, Time: 135
Total Cost: 514.73
 11:94.59, 2:75 [3, -8, -3]
 12:94.59, 3:75 [3, -8, -3]
 13:94.59, 2:75 [3, -8, -3]
801:41.23, 2:10 [8, 16297, -8]
802:93.38, 3:10 [8, 9577, -8]
803:96.33, 2:10 [8, 17007, -8]
fe: 3, se: 3

Day: 1, Time: 140
Total Cost: 1034.97
 11:136.01, 4:75 [1, -4, -1]
 12:136.01, 12:75 [1, -4, -1]
 13:136.01, 4:75 [1, -4, -1]
 14:136.01, 4:75 [1, -4, -1]
401:79.32, 2:10 [4, 14314, -4]
402:116.98, 8:10 [4, 11794, 13807, -4]
403:132.08, 2:10 [4, 10999, -4]
404:78.79, 4:10 [4, 12391, -4]
405:49.52, 4:10 [4, 11085, -4]
406:34.23, 4:10 [4, 10152, -4]
fe: 4, se: 6

Day: 1, Time: 140
Total Cost: 254.24
 11:66.27, 4:75 [2, -6, -2]
601:89.89, 2:10 [6, 16242, -6]
602:98.08, 2:10 [6, 10261, -6]
fe: 1, se: 2

Day: 1, Time: 140
Total Cost: 179.68
 11:94.59, 4:75 [3, -8, -3]
801:85.09, 4:10 [8, 16779, -8]
fe: 1, se: 1

Day: 1, Time: 145
Total Cost: 136.27
 11:66.27, 8:75 [2, -6, -2]
601:18.11, 4:10 [6, 13832, -6]
602:51.88, 4:10 [6, 13111, -6]
fe: 1, se: 2

Day: 1, Time: 150
Total Cost: 479.42
 11:153.31, 3:75 [1, -5, -1]
 12:136.01, 2:75 [1, -4, -1]
401:130.74, 2:10 [4, 12583, -4]
501:59.36, 3:10 [5, 11881, -5]
fe: 2, se: 2

Day: 1, Time: 160
Total Cost: 321.83
 11:94.59, 1:75 [3, -8, -3]
 12:90.24, 5:75 [3, -9, -3]
801:45.61, 1:10 [8, 15010, -8]
901:91.39, 5:10 [9, 13905, 10950, -9]
fe: 2, se: 2

Day: 1, Time: 165
Total Cost: 544.16
 11:145.23, 11:75 [2, -7, -2]
 12:66.27, 4:75 [2, -6, -2]
 13:66.27, 3:75 [2, -6, -2]
601:77.82, 4:10 [6, 13102, -6]
602:78.10, 3:10 [6, 17086, -6]
701:59.46, 3:10 [7, 12615, -7]
702:12.17, 4:10 [7, 12846, -7]
703:38.83, 4:10 [7, 10154, -7]
fe: 3, se: 5

Day: 1, Time: 165
Total Cost: 217.39
 11:94.59, 3:75 [3, -8, -3]
801:122.80, 3:10 [8, 10560, -8]
fe: 1, se: 1

Day: 1, Time: 170
Total Cost: 310.90
 11:94.59, 3:75 [3, -8, -3]
 12:94.59, 1:75 [3, -8, -3]
801:76.37, 3:10 [8, 14598, -8]
802:45.34, 1:10 [8, 14731, -8]
fe: 2, se: 2

Day: 1, Time: 175
Total Cost: 191.78
 11:153.31, 2:75 [1, -5, -1]
501:38.47, 2:10 [5, 13402, -5]
fe: 1, se: 1

Day: 1, Time: 175
Total Cost: 203.50
 11:94.59, 4:75 [3, -8, -3]
801:108.90, 4:10 [8, 10753, -8]
fe: 1, se: 1

Day: 1, Time: 180
Total Cost: 208.76
 11:145.23, 4:75 [2, -7, -2]
701:63.53, 4:10 [7, 10884, -7]
fe: 1, se: 1

Day: 1, Time: 180
Total Cost: 107.24
 11:94.59, 4:75 [3, -8, -3]
801:12.65, 4:10 [8, 16540, -8]
fe: 1, se: 1

Day: 1, Time: 265
Total Cost: 671.93
 11:136.01, 13:75 [1, -4, -1]
 12:153.31, 6:75 [1, -5, -1]
401:78.49, 6:10 [4, 13477, 14301, -4]
402:143.63, 7:10 [4, 13706, 14972, 10408, 10556, -4]
502:160.48, 6:10 [5, 12309, 16895, -5]
fe: 2, se: 3

Day: 1, Time: 285
Total Cost: 833.92
 12:94.59, 59:75 [3, -8, -3]
801:121.16, 10:10 [8, 10053, 13931, 16594, -8]
802:87.81, 10:10 [8, 15692, 14487, 11621, 13519, -8]
803:13.42, 3:10 [8, 13252, -8]
804:103.27, 8:10 [8, 13238, 13455, -8]
805:138.02, 8:10 [8, 12540, 14861, 12667, 11770, -8]
806:120.47, 10:10 [8, 14904, 12934, 12046, 15484, -8]
807:155.17, 10:10 [8, 10489, 11861, 15214, 10289, -8]
fe: 1, se: 7

Day: 1, Time: 295
Total Cost: 760.00
 11:66.27, 51:75 [2, -6, -2]
601:47.30, 6:10 [6, 14079, 13448, -6]
602:117.65, 9:10 [6, 9458, 12224, 12227, 17024, 11646, -6]
603:123.58, 9:10 [6, 13895, 12897, 12327, 9465, -6]
604:113.79, 10:10 [6, 13458, 11876, 9327, 14738, -6]
605:112.22, 7:10 [6, 16881, 10688, 15291, 13494, -6]
607:179.19, 10:10 [6, 16734, 16958, 10502, 16777, 10850, -6]
fe: 1, se: 6

Day: 1, Time: 300
Total Cost: 474.05
 11:136.01, 12:75 [1, -4, -1]
401:144.97, 5:10 [4, 16080, 13153, -4]
402:193.07, 7:10 [4, 16631, 10110, 11639, -4]
fe: 1, se: 2

Day: 1, Time: 305
Total Cost: 241.96
 11:113.51, 11:75 [3, -8, -9, -3]
801:63.83, 7:10 [8, 13409, 9647, 11553, -8]
901:64.62, 4:10 [9, 10361, -9]
fe: 1, se: 2

Day: 1, Time: 325
Total Cost: 693.99
 11:136.01, 32:75 [1, 4, -4, -1]
401:200.42, 7:10 [4, 2794, 254, 15125, 177, 7535, -4]
402:122.51, 8:10 [4, 215, 4247, 9887, 12364, 16327, -4]
403:90.40, 7:10 [4, 319, 2413, 13997, -4]
404:144.65, 10:10 [4, 7587, 13330, 8221, 3941, 92, 3274, -4]
fe: 1, se: 4

Day: 1, Time: 355
Total Cost: 910.28
 11:66.27, 48:75 [2, 6, -6, -2]
601:98.00, 7:10 [6, 7138, 16, 16735, 13607, -6]
602:157.32, 10:10 [6, 33, 14376, 13878, 86, 11806, 228, -6]
603:147.86, 8:10 [6, 10346, 90, 14962, 9454, -6]
604:131.83, 9:10 [6, 302, 172, 166, 12864, 11243, 16196, -6]
605:132.75, 10:10 [6, 63, 9288, 9914, 15925, 10451, 11343, -6]
607:176.25, 9:10 [6, 1711, 10438, 10269, 134, 13994, -6]
fe: 1, se: 6

Day: 1, Time: 360
Total Cost: 1446.83
 11:136.01, 48:75 [1, 4, -4, -1]
 12:153.31, 31:75 [1, 5, -5, -1]
401:140.02, 10:10 [4, 54, 7794, 55, 4706, 121, -4]
402:132.83, 10:10 [4, 7607, 234, 11072, 69, 38, 70, -4]
405:89.92, 8:10 [4, 35, 6041, 2363, 6709, 106, -4]
406:139.57, 10:10 [4, 102, 7850, 311, 62, -4]
409:124.64, 10:10 [4, 120, 96, 6547, 1816, -4]
501:127.75, 10:10 [5, 16311, 252, 75, 44, -5]
502:123.09, 9:10 [5, 20, 250, 13737, 7126, -5]
503:130.43, 10:10 [5, 9600, 15293, 149, 216, 141, -5]
504:149.25, 10:10 [5, 265, 180, 4421, -5]
fe: 2, se: 9

Day: 1, Time: 360
Total Cost: 837.02
 11:94.59, 21:75 [3, 8, -8, -3]
 12:90.24, 29:75 [3, 9, -9, -3]
801:92.75, 2:10 [8, 6414, 13, 13697, -8]
802:128.16, 10:10 [8, 296, 191, 6694, 1121, 13171, -8]
804:120.29, 10:10 [8, 2461, 560, 14701, 271, 12396, 201, 161, -8]
901:115.46, 9:10 [9, 91, 186, 5975, 237, 16656, 13829, 16128, -9]
902:107.67, 10:10 [9, 300, 2865, 6341, 3835, 130, -9]
903:87.85, 10:10 [9, 5142, 765, 47, 16862, 11761, -9]
fe: 2, se: 6

Day: 1, Time: 365
Total Cost: 629.77
 11:66.27, 29:75 [2, 6, -6, -2]
601:107.36, 6:10 [6, 6320, 1344, 5110, 11588, 13730, -6]
602:175.68, 10:10 [6, 272, 1371, 2213, 305, 104, 597, -6]
603:126.02, 6:10 [6, 14465, 99, 3657, 341, 275, -6]
604:154.44, 8:10 [6, 204, 5932, 22, 142, 136, -6]
fe: 1, se: 4

Day: 1, Time: 395
Total Cost: 251.02
 11:66.27, 7:75 [2, -6, -2]
601:150.51, 5:10 [6, 13161, 12235, 13358, -6]
602:34.23, 2:10 [6, 10309, -6]
fe: 1, se: 2

Day: 1, Time: 400
Total Cost: 174.94
 11:66.27, 3:75 [2, -6, -2]
601:108.66, 3:10 [6, 16791, -6]
fe: 1, se: 1

Day: 1, Time: 400
Total Cost: 372.90
 11:113.51, 8:75 [3, -8, -9, -3]
801:143.11, 5:10 [8, 14264, 16472, 16551, -8]
901:116.28, 3:10 [9, 13624, 10610, -9]
fe: 1, se: 2

Day: 1, Time: 405
Total Cost: 1981.24
 11:136.01, 73:75 [1, 4, -4, -1]
 12:153.31, 75:75 [1, 5, -5, -1]
401:95.84, 9:10 [4, 306, 337, 36, 157, -4]
402:30.08, 7:10 [4, 77, 170, -4]
403:102.29, 6:10 [4, 13394, 19, 84, -4]
404:67.21, 6:10 [4, 12193, 173, 2714, -4]
405:60.81, 9:10 [4, 220, 255, 165, 111, -4]
406:94.47, 8:10 [4, 887, 117, 66, -4]
407:80.63, 10:10 [4, 270, 153, 12611, 116, -4]
408:96.56, 6:10 [4, 87, 43, -4]
409:79.38, 10:10 [4, 10473, 147, 25, -4]
410:52.10, 7:10 [4, 328, 4412, 11659, -4]
501:147.09, 10:10 [5, 97, 239, 343, 301, -5]
502:83.86, 8:10 [5, 292, 65, 322, -5]
503:49.42, 3:10 [5, 34, 14597, -5]
504:70.55, 6:10 [5, 229, 246, -5]
505:138.90, 10:10 [5, 281, 185, 171, 267, -5]
506:60.08, 7:10 [5, 307, 214, -5]
507:56.43, 9:10 [5, 164, 125, 14, -5]
508:75.19, 8:10 [5, 7171, 138, -5]
509:78.81, 5:10 [5, 199, 3944, -5]
510:172.23, 9:10 [5, 2330, 73, 327, -5]
fe: 2, se: 20

Day: 1, Time: 405
Total Cost: 1238.61
 11:66.27, 65:75 [2, 6, -6, -2]
 12:145.23, 44:75 [2, 7, -2]
601:97.49, 10:10 [6, 277, 188, 89, 276, -6]
602:61.12, 10:10 [6, 194, 303, 273, 12782, 196, -6]
603:158.49, 9:10 [6, 114, 248, 151, 57, -6]
604:28.16, 6:10 [6, 245, 338, -6]
605:125.37, 10:10 [6, 2097, 332, 18, 8089, -6]
606:140.72, 10:10 [6, 308, 2862, 71, 27, 39, -6]
607:129.76, 10:10 [6, 236, 324, 24, 48, -6]
701:4.47, 4:10 [7, 7060, -7]
702:79.56, 10:10 [7, 290, 295, 83, 32, -7]
704:59.14, 10:10 [7, 190, 233, 174, 223, -7]
705:55.72, 10:10 [7, 318, 285, 286, 80, -7]
707:87.11, 10:10 [7, 312, 208, 100, -7]
fe: 2, se: 12

Day: 1, Time: 405
Total Cost: 1431.74
 11:94.59, 50:75 [3, 8, -3]
 12:90.24, 33:75 [3, 9, -3]
 13:90.24, 20:75 [3, 9, -9, -3]
801:117.44, 10:10 [8, 101, 316, 110, -8]
802:119.86, 10:10 [8, 288, 212, 263, 198, -8]
803:145.53, 10:10 [8, 146, 37, 56, 259, -8]
804:54.01, 10:10 [8, 7327, 310, 152, 1571, 192, -8]
805:67.02, 10:10 [8, 163, 287, 189, -8]
901:99.57, 10:10 [9, 293, 222, 17076, 243, 7552, 49, -9]
902:111.62, 10:10 [9, 320, 257, 197, 168, -9]
903:93.48, 8:10 [9, 82, 209, 251, -9]
905:117.51, 7:10 [9, 242, 224, 336, -9]
906:126.49, 10:10 [9, 13555, 334, 219, 2395, -9]
910:104.14, 10:10 [9, 344, 195, 162, 331, -9]
fe: 3, se: 11

Day: 1, Time: 410
Total Cost: 287.25
 11:113.51, 6:75 [3, -8, -9, -3]
801:48.37, 2:10 [8, 10519, -8]
901:125.36, 4:10 [9, 10751, 14092, -9]
fe: 1, se: 2

Day: 1, Time: 420
Total Cost: 230.95
 11:136.01, 3:75 [1, -4, -1]
401:94.93, 3:10 [4, 9830, 15792, -4]
fe: 1, se: 1

Day: 1, Time: 420
Total Cost: 168.38
 11:94.59, 1:75 [3, -8, -3]
801:73.78, 1:10 [8, 14453, -8]
fe: 1, se: 1

Day: 1, Time: 425
Total Cost: 126.80
 11:66.27, 3:75 [2, -6, -2]
601:60.53, 3:10 [6, 9574, -6]
fe: 1, se: 1

Day: 1, Time: 450
Total Cost: 822.14
 11:136.01, 12:75 [1, 4, -1]
 12:153.31, 26:75 [1, 5, -1]
401:93.67, 8:10 [4, 284, 590, -4]
402:45.61, 4:10 [4, 269, -4]
501:70.77, 3:10 [5, 330, -5]
502:84.52, 8:10 [5, 127, 247, -5]
503:83.73, 8:10 [5, 6143, 64, -5]
504:76.42, 4:10 [5, 76, -5]
505:78.10, 3:10 [5, 244, -5]
fe: 2, se: 7

Day: 1, Time: 450
Total Cost: 996.92
 11:151.76, 66:75 [2, 6, 7, -2]
601:149.66, 9:10 [6, 304, 179, 1487, 4385, -6]
602:116.33, 10:10 [6, 148, 323, 4712, -6]
603:114.54, 9:10 [6, 3096, 40, 52, -6]
604:60.96, 4:10 [6, 230, -6]
605:62.19, 10:10 [6, 231, 31, 3191, -6]
606:64.00, 3:10 [6, 135, -6]
607:73.78, 3:10 [6, 156, -6]
608:89.82, 6:10 [6, 241, 3843, -6]
701:46.83, 8:10 [7, 1249, 41, -7]
702:67.05, 4:10 [7, 7676, -7]
fe: 1, se: 10

Day: 1, Time: 450
Total Cost: 838.83
 11:94.59, 33:75 [3, 8, -3]
 12:90.24, 27:75 [3, 9, -3]
801:109.96, 5:10 [8, 53, 123, -8]
802:99.71, 10:10 [8, 160, 129, 217, -8]
803:24.60, 8:10 [8, 213, 113, -8]
804:126.41, 10:10 [8, 1580, 103, 283, -8]
901:84.60, 8:10 [9, 3701, 4156, -9]
902:17.82, 8:10 [9, 28, 2690, -9]
903:104.51, 5:10 [9, 181, 1464, -9]
904:86.39, 6:10 [9, 2194, 81, -9]
fe: 2, se: 8

Day: 1, Time: 460
Total Cost: 401.48
 11:151.76, 11:75 [2, 6, 7, -2]
601:107.70, 4:10 [6, 2063, -6]
602:59.46, 2:10 [6, 5624, -6]
701:41.76, 3:10 [7, 1870, -7]
702:40.79, 2:10 [7, 2309, -7]
fe: 1, se: 4

Day: 1, Time: 460
Total Cost: 173.91
 11:94.59, 10:75 [3, 8, -3]
801:22.36, 2:10 [8, 3893, -8]
802:20.00, 3:10 [8, 256, -8]
803:36.96, 5:10 [8, 4352, 235, -8]
fe: 1, se: 3

Day: 1, Time: 495
Total Cost: 164.30
 11:136.01, 4:75 [1, 4, -1]
401:28.28, 4:10 [4, 5357, -4]
fe: 1, se: 1

Day: 1, Time: 495
Total Cost: 494.21
 11:94.59, 5:75 [3, 8, -3]
 12:90.24, 6:75 [3, 9, -3]
801:81.41, 4:10 [8, 169, -8]
802:81.58, 1:10 [8, 122, -8]
901:84.38, 4:10 [9, 140, -9]
902:62.00, 2:10 [9, 2677, -9]
fe: 2, se: 4


Day	Area	ID	Time	Load	Utilization	NoOrders	AssignmentCost
1	1	 7	270	 30	0.50	10	375.00
1	1	27	315	 60	1.00	26	675.00
1	1	 8	315	 60	1.00	24	675.00
1	1	28	360	 31	0.52	11	385.00
1	1	 9	360	 45	0.75	15	525.00
1	1	128	400	 14	0.12	 6	430.00
1	1	32	540	 21	0.29	 7	228.00
1	1	15	630	 43	0.72	16	505.00
1	1	36	720	 46	0.96	17	642.00
1	1	38	810	 48	1.00	24	666.00
1	1	19	810	 48	1.00	20	666.00
1	2	44	225	 14	0.23	 7	215.00
1	2	64	270	 16	0.27	 4	235.00
1	2	136	300	 40	0.33	24	950.00
1	2	65	315	 60	1.00	21	675.00
1	2	46	315	 60	1.00	22	675.00
1	2	47	360	 28	0.47	 7	355.00
1	2	48	405	 19	0.32	 6	265.00
1	2	70	540	 24	0.33	 8	252.00
1	2	72	630	 54	0.90	20	615.00
1	2	56	765	 42	0.88	12	594.00
1	2	76	810	 48	1.00	24	666.00
1	2	57	810	 48	1.00	32	666.00
1	3	101	225	 55	0.92	21	625.00
1	3	102	270	 13	0.22	 7	205.00
1	3	163	300	 52	0.43	28	1190.00
1	3	103	315	 60	1.00	21	675.00
1	3	84	315	 60	1.00	22	675.00
1	3	85	360	 60	1.00	16	675.00
1	3	164	400	  7	0.06	 2	290.00
1	3	87	450	  4	0.06	 1	92.00
1	3	89	540	 46	0.64	13	428.00
1	3	91	630	 59	0.98	21	665.00
1	3	94	765	 37	0.77	11	534.00
1	3	95	810	 48	1.00	26	666.00
1	3	114	810	 48	1.00	22	666.00


Day	Area	Time	Pickup	Delivery	Direct	FEVehicles	SEVehicles	ALNSTime	ALNSBestTime	RoutingCostArea
1	1	0	111	101	0	10	52	154.58	104.92	7101.78
1	1	60	6	0	0	3	4	0.67	0.00	734.67
1	1	75	3	0	0	2	3	0.56	0.00	561.65
1	1	85	2	0	0	2	2	0.32	0.00	442.18
1	1	90	1	0	0	1	1	0.26	0.00	203.25
1	1	110	6	0	0	3	3	0.83	0.00	860.84
1	1	140	7	0	0	4	6	1.06	0.28	1034.97
1	1	150	2	0	0	2	2	0.54	0.00	479.42
1	1	155	0	0	1	0	0	0.00	0.00	500.00
1	1	160	0	0	2	0	0	0.00	0.00	1000.00
1	1	175	1	0	2	1	1	0.25	0.00	1191.78
1	1	265	8	0	0	2	3	0.85	0.00	671.93
1	1	300	5	0	0	1	2	0.64	0.01	474.05
1	1	325	6	13	0	1	4	1.49	0.00	693.99
1	1	360	5	35	0	2	9	4.48	0.00	1446.83
1	1	405	6	52	0	2	20	20.80	9.76	1981.24
1	1	420	2	0	0	1	1	0.36	0.00	230.95
1	1	450	0	10	0	2	7	0.88	0.00	822.14
1	1	495	0	1	0	1	1	0.25	0.00	164.30
1	2	0	98	102	0	6	43	178.59	122.58	4414.80
1	2	35	10	0	0	3	6	1.07	0.00	686.93
1	2	40	1	0	0	1	1	0.31	0.00	220.67
1	2	45	1	0	0	1	1	0.36	0.00	189.41
1	2	55	1	0	0	1	1	0.38	0.00	159.95
1	2	100	5	0	1	2	2	0.66	0.00	833.05
1	2	120	4	0	0	2	3	0.85	0.00	371.51
1	2	135	3	0	0	2	3	0.37	0.00	328.60
1	2	140	2	0	0	1	2	0.25	0.00	254.24
1	2	145	2	0	0	1	2	0.34	0.00	136.27
1	2	165	5	0	0	3	5	0.86	0.01	544.16
1	2	180	1	0	0	1	1	0.24	0.00	208.76
1	2	295	24	0	0	1	6	3.07	0.97	760.00
1	2	355	19	12	0	1	6	2.68	0.14	910.28
1	2	365	3	18	0	1	4	2.12	0.00	629.77
1	2	395	4	0	0	1	2	0.56	0.00	251.02
1	2	400	1	0	0	1	1	0.26	0.00	174.94
1	2	405	1	43	0	2	12	12.16	10.16	1238.61
1	2	425	1	0	0	1	1	0.26	0.00	126.80
1	2	450	0	21	0	1	10	1.88	0.00	996.92
1	2	460	0	4	0	1	4	0.50	0.00	401.48
1	3	0	127	77	0	8	48	250.52	190.98	5265.46
1	3	35	8	0	0	2	5	0.70	0.00	565.02
1	3	50	3	0	0	1	2	0.74	0.00	378.82
1	3	75	7	0	0	3	5	0.76	0.00	796.43
1	3	100	5	0	0	3	4	1.16	0.02	593.61
1	3	105	3	0	0	2	3	0.55	0.00	333.78
1	3	135	3	0	0	3	3	0.57	0.00	514.73
1	3	140	1	0	0	1	1	0.25	0.00	179.68
1	3	160	3	0	0	2	2	0.68	0.00	321.83
1	3	165	1	0	0	1	1	0.19	0.00	217.39
1	3	170	2	0	0	2	2	0.39	0.00	310.90
1	3	175	1	0	0	1	1	0.40	0.00	203.50
1	3	180	1	0	0	1	1	0.25	0.00	107.24
1	3	285	22	0	0	1	7	2.03	0.18	833.92
1	3	305	4	0	0	1	2	0.79	0.00	241.96
1	3	360	9	23	0	2	6	2.60	0.00	837.02
1	3	400	5	0	0	1	2	0.87	0.00	372.90
1	3	405	2	41	0	3	11	3.99	2.15	1431.74
1	3	410	3	0	0	1	2	0.49	0.00	287.25
1	3	420	1	0	0	1	1	0.26	0.00	168.38
1	3	450	0	18	0	2	8	1.39	0.00	838.83
1	3	460	0	4	0	1	3	0.48	0.00	173.91
1	3	495	0	4	0	2	4	0.77	0.00	494.21

Day	SL	Own	DispatchTimes	AssignmentCost	RoutingCost	TotalCost
1	32	4	40	19321.00	49902.70	69223.70

Total Cost: 69223.70200789586
Cost per Day: 69223.70200789586
Running time in Seconds: 25567.146
Running time in minutes: 426.1191