INSTANCE: 3hubs_MND_A_39_x.csv
PARAMETER: tuning_loose.txt
POLICY: MIP
ALPHA: 0.025443601431184
BETA: 58
OMEGA: 586
EPSILON: 1.54116824967342

Day: 1, Time: 0
Total Cost: 6020.61
 11:136.01, 72:75 [1, 4, -4, -1]
 12:153.31, 53:75 [1, 5, -5, -1]
 13:153.31, 71:75 [1, 5, -5, -1]
 14:153.31, 35:75 [1, 5, -5, -1]
 15:153.31, 10:75 [1, 5, -5, -1]
 16:136.01, 29:75 [1, 4, -4, -1]
 17:136.01, 72:75 [1, 4, -4, -1]
401:151.52, 9:10 [4, 8753, 8890, 8404, -4]
402:165.21, 10:10 [4, 8545, 8776, 8914, 8590, 8948, 8662, 8797, 8722, -4]
403:165.14, 10:10 [4, 8565, 9023, 8528, 8702, 8976, 8343, 8300, 8757, 8786, -4]
404:128.80, 8:10 [4, 8726, 8557, 8953, -4]
405:138.84, 10:10 [4, 8600, 8421, 8898, 8989, 8330, 8636, 9012, 8888, -4]
406:36.53, 6:10 [4, 9034, 8956, 8514, -4]
407:96.10, 10:10 [4, 8692, 8354, 8996, 8768, 8675, 8388, 8764, -4]
408:110.79, 8:10 [4, 8633, 8442, 8917, 8994, 8748, 8947, -4]
409:75.82, 7:10 [4, 8445, 8725, 8986, 9020, -4]
410:37.58, 4:10 [4, 9031, -4]
411:117.86, 10:10 [4, 8829, 8609, 8469, 8379, -4]
412:89.90, 10:10 [4, 8631, 8879, 8845, 8750, 8823, -4]
413:68.02, 10:10 [4, 8603, 8408, 8595, 8541, -4]
414:49.89, 8:10 [4, 8401, 8525, -4]
415:76.14, 10:10 [4, 8987, 8839, 8783, -4]
416:55.06, 10:10 [4, 8447, 8411, 8440, 8390, -4]
418:140.85, 10:10 [4, 8449, 8881, 8805, 8615, 8827, 8497, 8391, -4]
419:72.77, 8:10 [4, 9008, 8412, 8826, 8962, 9022, 8862, -4]
421:110.36, 10:10 [4, 8529, 8883, 8399, 8419, -4]
422:75.67, 10:10 [4, 8889, 9019, 8895, 9002, 8349, -4]
423:87.19, 10:10 [4, 8402, 8697, 8774, 8320, 8998, 8920, 8664, -4]
424:117.52, 8:10 [4, 8326, 8724, 8456, 8465, 8868, 8941, -4]
425:116.31, 10:10 [4, 8638, 8594, 8984, 8543, 9009, 8591, 8980, 8538, 8796, -4]
426:69.28, 10:10 [4, 8904, 8444, 8460, -4]
428:128.99, 9:10 [4, 8618, 8424, 8339, 8965, 8955, -4]
501:83.08, 10:10 [5, 8912, 8394, 8325, 8711, -5]
502:209.75, 10:10 [5, 8637, 8832, 8781, 8384, 8483, 8945, -5]
503:159.69, 10:10 [5, 8844, 8758, 8842, -5]
504:80.33, 8:10 [5, 8699, 8329, -5]
505:93.28, 9:10 [5, 8352, 8356, 8407, 8801, 8727, 8988, 8540, 8875, 8382, -5]
506:85.81, 7:10 [5, 8784, 8740, 8473, -5]
507:197.64, 10:10 [5, 8592, 8806, 8522, 8324, 8746, 8616, 8850, -5]
508:87.32, 10:10 [5, 8747, 8648, 8929, 8649, 8385, -5]
509:17.20, 4:10 [5, 8926, -5]
510:199.10, 10:10 [5, 8572, 8438, 8918, 8685, 8873, 8657, 8946, -5]
511:112.14, 8:10 [5, 8957, 8357, 9003, 8710, 8536, 8819, 8992, -5]
512:49.06, 8:10 [5, 8480, 8340, -5]
513:2.00, 4:10 [5, 8690, -5]
514:90.80, 9:10 [5, 8439, 8516, 8795, 8505, 8864, 8943, -5]
515:112.05, 10:10 [5, 8559, 8963, 8602, 8301, 9013, -5]
516:82.88, 9:10 [5, 8717, 8851, 8694, -5]
518:97.92, 8:10 [5, 8355, 8964, 8668, -5]
519:143.16, 10:10 [5, 8682, 8930, 8563, 8425, 8481, 8635, 8493, -5]
523:115.98, 10:10 [5, 8632, 8526, 8579, 8323, -5]
524:47.04, 9:10 [5, 8622, 8854, 8975, 8775, 8787, -5]
525:67.84, 10:10 [5, 8397, 8413, 8780, 8878, 8291, 8944, -5]
526:86.94, 10:10 [5, 8304, 8751, 8861, 8735, 8322, 8593, 8830, -5]
527:141.75, 9:10 [5, 8337, 8321, 8939, 8499, 8596, 8453, 8877, -5]
528:154.43, 8:10 [5, 8584, 8580, 8849, 8576, 11649, 9030, -5]
fe: 7, se: 49

Day: 1, Time: 5
Total Cost: 6123.98
 11:66.27, 73:75 [2, 6, -6, -2]
 12:66.27, 74:75 [2, 6, -6, -2]
 13:145.23, 74:75 [2, 7, -7, -2]
 14:66.27, 67:75 [2, 6, -6, -2]
 15:66.27, 3:75 [2, -6, -2]
 16:66.27, 1:75 [2, -6, -2]
 17:66.27, 1:75 [2, -6, -2]
 18:66.27, 10:75 [2, 6, -2]
 19:66.27, 9:75 [2, 6, -2]
 20:66.27, 20:75 [2, 6, -6, -2]
 22:66.27, 25:75 [2, 6, -6, -2]
 31:145.23, 46:75 [2, 7, -7, -2]
601:166.92, 10:10 [6, 8515, 8863, 8688, 8908, 8488, 8416, 8887, 8821, -6]
602:64.98, 10:10 [6, 8434, 8650, 8674, 8695, -6]
603:130.32, 9:10 [6, 9014, 8612, 8760, 8311, 8306, 8756, -6]
604:143.73, 10:10 [6, 8999, 8709, 8475, 8587, 8713, 9001, 8706, 8951, 12725, -6]
605:95.94, 10:10 [6, 8816, 8766, 8927, -6]
606:72.22, 6:10 [6, 8705, 8739, -6]
607:154.28, 10:10 [6, 8993, 8386, 8512, 8517, -6]
608:62.81, 8:10 [6, 8672, 8315, -6]
609:90.69, 9:10 [6, 8970, 8403, 8467, 8732, 8911, -6]
610:135.95, 10:10 [6, 8928, 8484, 8990, 8712, 8564, 8841, 8743, -6]
611:110.64, 10:10 [6, 8513, 8350, 8426, 8761, -6]
612:121.91, 10:10 [6, 8689, 8569, 8502, 8894, -6]
613:76.26, 7:10 [6, 8414, 8798, 8703, 8619, -6]
614:95.65, 9:10 [6, 8494, 8915, 8782, 8305, 8577, -6]
615:81.75, 9:10 [6, 8966, 8810, 8500, 8923, -6]
616:127.01, 10:10 [6, 8338, 8530, 8353, 8773, 8791, 8335, -6]
617:45.91, 10:10 [6, 8893, 8328, 8534, 8737, 8799, -6]
618:120.22, 3:10 [6, 8973, -6]
619:96.98, 10:10 [6, 8519, 8972, 8506, 8736, 8486, -6]
620:117.88, 10:10 [6, 8455, 8707, 8327, 8454, 8348, 8759, 8838, -6]
621:104.83, 10:10 [6, 8532, 8745, 8373, 8640, 8855, 8487, -6]
622:92.73, 10:10 [6, 8452, 8645, 8723, 8762, 8859, 8508, -6]
623:149.63, 1:10 [6, 8940, -6]
624:122.93, 1:10 [6, 8809, -6]
625:108.41, 10:10 [6, 8561, 8369, 8794, 8429, 8491, -6]
626:118.38, 10:10 [6, 8367, 8730, 8834, 8381, 8718, 8468, -6]
627:88.19, 10:10 [6, 8360, 8374, 8295, 8671, -6]
628:116.14, 10:10 [6, 8659, 8560, 8729, 8308, 8582, 8872, 8719, 8906, 8991, -6]
629:105.38, 10:10 [6, 8865, 8485, 8604, 8504, 8828, 8684, 8437, -6]
630:113.93, 9:10 [6, 8533, 8627, 8316, 8406, 8840, 8899, -6]
631:146.07, 10:10 [6, 8361, 8620, 8422, 8714, 8396, 8345, 8728, -6]
633:65.58, 10:10 [6, 9027, 8691, 8979, 8665, 8891, 8871, -6]
634:189.10, 10:10 [6, 8393, 8405, 8885, 8652, 8597, 8601, 8368, 8589, 8860, -6]
635:121.72, 10:10 [6, 8610, 8441, 8958, 8647, 8858, -6]
636:96.86, 10:10 [6, 8585, 8420, 8365, 8656, 8916, -6]
637:73.38, 9:10 [6, 8641, 8546, 9018, 8535, 8389, -6]
639:87.67, 10:10 [6, 8556, 8954, 8459, 8655, 8969, 8938, 8997, -6]
701:51.34, 10:10 [7, 8336, 8553, 8741, 8968, 8817, 8942, 8715, -7]
702:55.28, 8:10 [7, 9000, 8660, 8734, 8900, -7]
703:59.81, 8:10 [7, 8896, 8507, 8423, -7]
704:94.69, 10:10 [7, 8882, 8555, 8531, 8867, 8960, 8296, -7]
705:78.89, 10:10 [7, 8574, 8683, 8583, 8646, 8290, 8789, -7]
706:103.70, 10:10 [7, 8642, 8331, 8334, 8704, 8520, 8670, 8462, -7]
707:62.79, 10:10 [7, 8383, 8371, 8303, 8677, 8293, -7]
708:20.68, 8:10 [7, 8658, 8571, 8470, -7]
709:94.05, 10:10 [7, 8364, 8417, 8995, 8477, 8372, 8370, -7]
710:48.97, 8:10 [7, 8312, 9017, 8680, 8294, -7]
711:69.36, 10:10 [7, 8581, 8398, 8769, 8630, -7]
712:138.31, 10:10 [7, 8611, 8387, 8518, 8542, -7]
713:104.24, 10:10 [7, 8359, 9015, 8479, 8625, 8490, 8907, -7]
716:55.66, 10:10 [7, 8451, 8931, 8788, 9029, 8856, -7]
722:120.05, 10:10 [7, 8558, 9021, 8498, 8654, 8666, 8837, 8731, -7]
fe: 12, se: 52

Day: 1, Time: 5
Total Cost: 5979.70
 11:94.59, 75:75 [3, 8, -8, -3]
 12:94.59, 61:75 [3, 8, -8, -3]
 13:90.24, 2:75 [3, -9, -3]
 14:94.59, 6:75 [3, 8, -8, -3]
 15:90.24, 75:75 [3, 9, -9, -3]
 16:90.24, 36:75 [3, 9, -9, -3]
 17:90.24, 52:75 [3, 9, -9, -3]
 18:94.59, 2:75 [3, -8, -3]
 19:90.24, 1:75 [3, -9, -3]
 20:94.59, 2:75 [3, -8, -3]
 21:90.24, 3:75 [3, -9, -3]
 22:90.24, 1:75 [3, -9, -3]
 23:94.59, 1:75 [3, -8, -3]
801:92.25, 10:10 [8, 8978, 8550, 8443, 8676, 8874, -8]
802:96.22, 10:10 [8, 8333, 8777, 8667, 8554, 8884, 8857, -8]
803:93.72, 10:10 [8, 8539, 8319, 8358, 8309, -8]
804:36.10, 7:10 [8, 8919, 8814, -8]
805:120.37, 10:10 [8, 8492, 8700, 9004, 8687, 8503, 8474, -8]
806:135.69, 9:10 [8, 8613, 8400, 8772, 8836, 8651, 8548, 8721, -8]
807:100.44, 9:10 [8, 8521, 8892, 8588, 8749, 8982, -8]
808:106.15, 2:10 [8, 8763, -8]
809:108.34, 10:10 [8, 8678, 8913, 8663, 8428, 8346, 8901, 8831, -8]
810:107.48, 2:10 [8, 8720, -8]
812:79.27, 7:10 [8, 8566, 8754, 9032, 8846, 8634, -8]
813:63.67, 10:10 [8, 8430, 8351, 8933, 8778, 9016, -8]
814:65.15, 1:10 [8, 8785, -8]
815:129.58, 10:10 [8, 8629, 8959, 8902, 8362, 8435, 8934, 8936, -8]
816:76.88, 8:10 [8, 8489, 8644, 8624, -8]
817:49.31, 5:10 [8, 8471, 8523, 8792, 8967, -8]
818:120.75, 10:10 [8, 8606, 8815, 8608, 9025, 8869, 8824, -8]
819:146.19, 10:10 [8, 8310, 8847, 8537, 8448, 9011, 8575, 8567, 8598, 8961, 8807, 8985, -8]
820:134.37, 10:10 [8, 8450, 8921, 8415, 8716, 8363, 8476, 8779, 8818, 8811, -8]
821:100.02, 9:10 [8, 8614, 8482, 8599, 8952, 8395, 8974, 9007, -8]
822:132.86, 10:10 [8, 8458, 8623, 8866, 8803, 8302, -8]
823:78.23, 1:10 [8, 8770, -8]
827:80.52, 9:10 [8, 8472, 8643, 9010, 8843, 8433, -8]
901:117.41, 10:10 [9, 8578, 8932, 8341, 8693, 8910, 8375, 8922, 8605, -9]
902:86.09, 2:10 [9, 8925, -9]
903:80.92, 8:10 [9, 8380, 8544, 8808, 8409, 8392, 8983, -9]
904:112.82, 9:10 [9, 8461, 8307, 8653, 9024, -9]
905:125.77, 10:10 [9, 8909, 8436, 8628, 8410, 8853, 9033, 8870, -9]
906:93.42, 10:10 [9, 8621, 8977, 8366, 8937, 8755, 8698, 8661, -9]
907:64.07, 10:10 [9, 8297, 8344, 8332, 9005, -9]
908:91.44, 9:10 [9, 8626, 8686, 8617, 8765, 8463, 8886, -9]
909:123.79, 9:10 [9, 8573, 8377, 8418, 8524, 8880, 8800, 8501, 8701, -9]
910:126.69, 10:10 [9, 8744, 8790, 8679, 8793, 8464, 8820, -9]
911:51.24, 3:10 [9, 8825, 8876, -9]
912:89.32, 10:10 [9, 8457, 8432, 8570, 8673, -9]
913:91.61, 1:10 [9, 8738, -9]
914:126.69, 9:10 [9, 9026, 8586, 8848, 8509, 8981, -9]
915:112.02, 1:10 [9, 8950, -9]
916:15.88, 4:10 [9, 8378, 8551, -9]
917:124.52, 10:10 [9, 8552, 8376, 8292, 8446, 8607, 8812, 8835, 8767, -9]
918:130.04, 9:10 [9, 8431, 8742, 8317, 8318, 8802, 8924, 8733, -9]
919:155.77, 10:10 [9, 8511, 8696, 8935, 8314, 9028, 8299, 8466, 8752, -9]
920:110.01, 9:10 [9, 8342, 8527, 8669, 8547, 8897, -9]
921:130.60, 10:10 [9, 8478, 8903, 8568, 8510, -9]
923:121.66, 10:10 [9, 8298, 8496, 8562, 8905, 8971, 8708, 8822, -9]
925:132.62, 10:10 [9, 8427, 8681, 8639, 8495, 9006, 8804, 8949, 8549, 8833, -9]
928:112.46, 10:10 [9, 8813, 8852, 8347, 8771, 8313, -9]
fe: 13, se: 47

Day: 1, Time: 15
Total Cost: 162.94
 11:90.24, 1:75 [3, -9, -3]
901:72.69, 1:10 [9, 14594, -9]
fe: 1, se: 1

Day: 1, Time: 20
Total Cost: 152.63
 11:94.59, 3:75 [3, -8, -3]
801:58.03, 3:10 [8, 16525, -8]
fe: 1, se: 1

Day: 1, Time: 30
Total Cost: 589.33
 11:66.27, 15:75 [2, -6, -2]
 13:66.27, 13:75 [2, -6, -2]
601:102.15, 8:10 [6, 12188, 15579, 10109, -6]
602:72.29, 10:10 [6, 9402, 13407, 15430, -6]
603:160.20, 7:10 [6, 11030, 16555, -6]
604:122.15, 3:10 [6, 16463, -6]
fe: 2, se: 4

Day: 1, Time: 40
Total Cost: 365.52
 11:66.27, 4:75 [2, -6, -2]
 12:145.23, 5:75 [2, -7, -2]
601:110.53, 4:10 [6, 14025, 13481, -6]
701:43.48, 5:10 [7, 15769, 15867, -7]
fe: 2, se: 2

Day: 1, Time: 50
Total Cost: 164.35
 11:66.27, 3:75 [2, -6, -2]
601:98.08, 3:10 [6, 10611, 11176, -6]
fe: 1, se: 1

Day: 1, Time: 55
Total Cost: 1023.70
 11:136.01, 17:75 [1, -4, -1]
 12:136.01, 5:75 [1, -4, -1]
 13:153.31, 13:75 [1, -5, -1]
401:165.61, 9:10 [4, 11151, 14616, 10086, -4]
402:140.32, 5:10 [4, 10229, 13779, -4]
403:48.47, 8:10 [4, 15409, 11114, -4]
502:102.91, 7:10 [5, 12539, 14517, -5]
503:141.06, 6:10 [5, 15133, 9656, -5]
fe: 3, se: 5

Day: 1, Time: 55
Total Cost: 157.88
 11:66.27, 2:75 [2, -6, -2]
601:91.61, 2:10 [6, 15517, -6]
fe: 1, se: 1

Day: 1, Time: 65
Total Cost: 562.33
 11:136.01, 2:75 [1, -4, -1]
 12:153.31, 1:75 [1, -5, -1]
401:134.37, 2:10 [4, 10817, 15855, -4]
501:138.64, 1:10 [5, 10483, -5]
fe: 2, se: 2

Day: 1, Time: 100
Total Cost: 944.37
 11:113.51, 43:75 [3, -8, -9, -3]
 13:90.24, 18:75 [3, -9, -3]
801:12.81, 4:10 [8, 13156, -8]
901:35.09, 7:10 [9, 10931, 15051, -9]
902:109.99, 8:10 [9, 16528, 13035, -9]
903:116.16, 10:10 [9, 16333, 10703, 15509, -9]
904:138.28, 9:10 [9, 16234, 11716, 13839, -9]
905:136.79, 8:10 [9, 15150, 14768, -9]
906:12.65, 4:10 [9, 13843, -9]
907:80.33, 7:10 [9, 9707, 10253, -9]
908:98.51, 4:10 [9, 15098, -9]
fe: 2, se: 9

Day: 1, Time: 110
Total Cost: 1031.94
 11:153.31, 17:75 [1, -5, -1]
 12:136.01, 4:75 [1, -4, -1]
 13:153.31, 3:75 [1, -5, -1]
403:114.44, 3:10 [4, 10936, -4]
404:66.75, 1:10 [4, 13710, -4]
501:141.40, 8:10 [5, 12205, 9485, 14198, -5]
502:32.31, 3:10 [5, 10974, -5]
503:234.40, 9:10 [5, 11442, 10354, 15592, 12137, -5]
fe: 3, se: 5

Day: 1, Time: 120
Total Cost: 663.69
 11:66.27, 16:75 [2, -6, -2]
 12:66.27, 13:75 [2, -6, -2]
601:209.24, 8:10 [6, 11186, 14387, 13743, 15265, -6]
602:100.78, 8:10 [6, 13061, 15441, -6]
603:150.28, 8:10 [6, 11612, 9449, 9657, -6]
604:70.85, 5:10 [6, 15811, 11347, -6]
fe: 2, se: 4

Day: 1, Time: 125
Total Cost: 728.13
 11:90.24, 1:75 [3, -9, -3]
 12:94.59, 4:75 [3, -8, -3]
 13:113.51, 17:75 [3, -8, -9, -3]
801:218.61, 9:10 [8, 15552, 9362, 15352, -8]
803:52.80, 4:10 [8, 11491, -8]
901:34.53, 1:10 [9, 12739, -9]
902:123.84, 8:10 [9, 14652, 12801, -9]
fe: 3, se: 4

Day: 1, Time: 130
Total Cost: 309.66
 11:94.59, 3:75 [3, -8, -3]
 12:90.24, 3:75 [3, -9, -3]
801:48.66, 3:10 [8, 10807, -8]
901:76.16, 3:10 [9, 16851, -9]
fe: 2, se: 2

Day: 1, Time: 135
Total Cost: 300.23
 11:66.27, 9:75 [2, -6, -2]
 12:66.27, 2:75 [2, -6, -2]
601:108.83, 9:10 [6, 9661, 10570, 13340, -6]
603:58.86, 2:10 [6, 11458, -6]
fe: 2, se: 2

Day: 1, Time: 145
Total Cost: 461.10
 11:136.01, 4:75 [1, -4, -1]
 12:153.31, 5:75 [1, -5, -1]
401:57.20, 4:10 [4, 16747, -4]
501:114.57, 5:10 [5, 9432, 16504, 15052, -5]
fe: 2, se: 2

Day: 1, Time: 145
Total Cost: 220.30
 11:66.27, 5:75 [2, -6, -2]
601:154.03, 5:10 [6, 12524, 14845, -6]
fe: 1, se: 1

Day: 1, Time: 145
Total Cost: 628.14
 11:90.24, 10:75 [3, -9, -3]
 12:94.59, 1:75 [3, -8, -3]
 13:94.59, 2:75 [3, -8, -3]
802:67.47, 1:10 [8, 16621, -8]
803:115.60, 2:10 [8, 13480, -8]
901:165.63, 10:10 [9, 15054, 11882, 15308, -9]
fe: 3, se: 3

Day: 1, Time: 155
Total Cost: 118.62
 11:66.27, 2:75 [2, -6, -2]
601:52.35, 2:10 [6, 14481, -6]
fe: 1, se: 1

Day: 1, Time: 165
Total Cost: 276.48
 11:153.31, 2:75 [1, -5, -1]
501:123.17, 2:10 [5, 10092, -5]
fe: 1, se: 1

Day: 1, Time: 175
Total Cost: 262.55
 11:66.27, 9:75 [2, -6, -2]
602:196.28, 9:10 [6, 15071, 12881, 10607, 14152, 11559, -6]
fe: 1, se: 1

Day: 1, Time: 175
Total Cost: 391.37
 11:94.59, 16:75 [3, -8, -3]
801:120.84, 7:10 [8, 13263, 13106, -8]
802:175.93, 9:10 [8, 13114, 9879, 14942, -8]
fe: 1, se: 2

Day: 1, Time: 290
Total Cost: 1055.11
 11:136.01, 34:75 [1, 4, -4, -1]
 12:153.31, 18:75 [1, 5, -5, -1]
402:113.29, 9:10 [4, 80, 5904, 73, 12041, 14461, 13416, -4]
403:84.46, 8:10 [4, 13715, 10524, 16346, 10374, -4]
404:128.86, 8:10 [4, 12955, 15121, 10669, -4]
406:136.07, 9:10 [4, 11825, 11119, 14840, 14321, -4]
501:100.41, 8:10 [5, 12660, 48, 11425, 16892, -5]
502:202.70, 10:10 [5, 16046, 102, 7835, 14621, 260, 95, 16959, -5]
fe: 2, se: 6

Day: 1, Time: 290
Total Cost: 780.11
 11:66.27, 55:75 [2, 6, -6, -2]
601:177.21, 10:10 [6, 16844, 235, 13981, 15206, 186, 12901, -6]
602:112.38, 8:10 [6, 9176, 9345, 135, 15470, -6]
603:75.24, 9:10 [6, 9174, 13177, 14487, -6]
604:131.66, 9:10 [6, 11685, 15077, 30, 13502, -6]
606:104.22, 10:10 [6, 11799, 11838, 9516, -6]
609:113.14, 9:10 [6, 14237, 11635, 9566, 13499, -6]
fe: 1, se: 6

Day: 1, Time: 295
Total Cost: 279.53
 11:66.27, 6:75 [2, -6, -2]
601:69.57, 3:10 [6, 12320, -6]
602:143.69, 3:10 [6, 15877, 11489, -6]
fe: 1, se: 2

Day: 1, Time: 300
Total Cost: 838.94
 11:90.24, 55:75 [3, -9, -3]
901:126.90, 10:10 [9, 12019, 9589, 12356, 16759, -9]
902:91.76, 9:10 [9, 10732, 13604, 10016, -9]
903:122.49, 9:10 [9, 16934, 16829, 9925, 11091, -9]
904:197.49, 10:10 [9, 16031, 12921, 16935, 13433, -9]
905:114.50, 7:10 [9, 10581, 12202, -9]
906:95.56, 10:10 [9, 10650, 15273, 10953, -9]
fe: 1, se: 6

Day: 1, Time: 345
Total Cost: 899.63
 11:136.01, 20:75 [1, 4, -4, -1]
 13:153.31, 26:75 [1, 5, -5, -1]
401:48.69, 10:10 [4, 307, 15729, 11802, 9955, -4]
402:91.41, 10:10 [4, 11995, 250, 10048, 5335, 15730, 12216, -4]
403:121.75, 5:10 [4, 6827, 109, -4]
501:110.09, 6:10 [5, 9304, 9326, -5]
502:110.99, 10:10 [5, 15911, 6740, 11772, 15631, -5]
503:127.37, 10:10 [5, 9895, 7773, 248, 11960, 11610, -5]
fe: 2, se: 6

Day: 1, Time: 360
Total Cost: 568.93
 11:136.01, 16:75 [1, 4, -4, -1]
401:190.07, 8:10 [4, 4049, 337, 10513, 3723, 241, -4]
402:159.09, 6:10 [4, 2117, 10905, 289, -4]
403:83.76, 2:10 [4, 2768, -4]
fe: 1, se: 3

Day: 1, Time: 360
Total Cost: 620.95
 11:66.27, 21:75 [2, 6, -6, -2]
601:108.24, 10:10 [6, 16361, 7931, 16508, 10848, 100, -6]
602:98.98, 4:10 [6, 16375, 16505, 287, 13381, -6]
603:172.96, 3:10 [6, 118, 54, 15240, -6]
604:174.50, 7:10 [6, 13781, 13471, 13700, -6]
fe: 1, se: 4

Day: 1, Time: 375
Total Cost: 878.86
 11:94.59, 18:75 [3, 8, -8, -3]
 12:90.24, 22:75 [3, 9, -9, -3]
801:49.43, 4:10 [8, 712, 14161, -8]
802:131.69, 9:10 [8, 15390, 14148, 119, 279, 16471, 14769, 25, -8]
803:134.98, 9:10 [8, 11350, 47, 283, 14865, 2486, -8]
901:140.59, 8:10 [9, 264, 15378, 10503, 9436, 7121, -9]
902:155.82, 10:10 [9, 72, 4791, 127, 11097, 13976, 33, 203, 44, -9]
903:81.53, 10:10 [9, 12490, 12916, 16748, -9]
fe: 2, se: 6

Day: 1, Time: 405
Total Cost: 1070.95
 11:136.01, 25:75 [1, 4, -4, -1]
 12:153.31, 17:75 [1, 5, -5, -1]
401:138.69, 10:10 [4, 11515, 51, 216, 39, -4]
403:84.89, 10:10 [4, 158, 13622, 103, 311, -4]
405:124.75, 10:10 [4, 9182, 144, 281, -4]
501:105.17, 5:10 [5, 18, 309, 15, -5]
502:52.15, 3:10 [5, 293, -5]
503:148.50, 4:10 [5, 336, 300, -5]
504:85.88, 2:10 [5, 23, -5]
505:41.59, 3:10 [5, 1017, 14712, -5]
fe: 2, se: 8

Day: 1, Time: 405
Total Cost: 880.13
 11:66.27, 48:75 [2, 6, -6, -2]
601:122.30, 7:10 [6, 93, 13160, 10647, -6]
602:133.03, 5:10 [6, 36, 78, 10051, -6]
603:136.78, 10:10 [6, 304, 13513, 227, 35, -6]
604:73.79, 8:10 [6, 2801, 2241, -6]
605:100.67, 7:10 [6, 149, 10419, 180, 16872, -6]
606:156.50, 10:10 [6, 297, 10900, 6408, 188, -6]
607:90.79, 6:10 [6, 205, 163, -6]
fe: 1, se: 7

Day: 1, Time: 405
Total Cost: 1228.56
 11:94.59, 41:75 [3, 8, -8, -3]
 12:90.24, 44:75 [3, 9, -9, -3]
801:93.55, 10:10 [8, 306, 13990, 312, 90, 2284, -8]
802:82.06, 9:10 [8, 254, 8057, 272, -8]
803:127.11, 10:10 [8, 22, 178, 11415, 189, 296, -8]
804:92.96, 10:10 [8, 9664, 318, 16385, 4371, 199, -8]
806:105.79, 8:10 [8, 14772, 5089, 324, -8]
901:99.63, 7:10 [9, 40, 155, 126, 13887, -9]
902:106.19, 9:10 [9, 2657, 16, 98, -9]
903:88.52, 10:10 [9, 133, 332, 29, 263, 182, -9]
904:135.27, 10:10 [9, 60, 6576, 237, 70, -9]
906:112.64, 8:10 [9, 1770, 11059, 166, 310, -9]
fe: 2, se: 10

Day: 1, Time: 410
Total Cost: 250.17
 11:136.01, 2:75 [1, -4, -1]
401:114.16, 2:10 [4, 9943, -4]
fe: 1, se: 1

Day: 1, Time: 420
Total Cost: 439.43
 11:153.31, 3:75 [1, -5, -1]
 12:153.31, 4:75 [1, -5, -1]
501:105.60, 4:10 [5, 11376, -5]
502:27.20, 3:10 [5, 12762, -5]
fe: 2, se: 2

Day: 1, Time: 435
Total Cost: 212.39
 11:113.51, 4:75 [3, -8, -9, -3]
801:26.08, 3:10 [8, 12341, -8]
901:72.80, 1:10 [9, 10694, -9]
fe: 1, se: 2

Day: 1, Time: 450
Total Cost: 482.82
 11:136.01, 13:75 [1, 4, -1]
401:119.23, 2:10 [4, 314, -4]
402:95.37, 7:10 [4, 87, 194, -4]
403:132.20, 4:10 [4, 124, -4]
fe: 1, se: 3

Day: 1, Time: 450
Total Cost: 863.12
 11:151.76, 38:75 [2, 6, -6, -7, -2]
601:115.48, 4:10 [6, 267, 61, -6]
602:110.38, 10:10 [6, 4790, 68, 88, -6]
603:76.55, 3:10 [6, 154, -6]
604:109.07, 9:10 [6, 85, 57, 243, -6]
605:56.85, 2:10 [6, 167, -6]
607:70.53, 5:10 [6, 236, 1793, -6]
608:144.70, 5:10 [6, 5020, 3849, -6]
609:15.62, 3:10 [6, 11715, -6]
701:12.17, 2:10 [7, 11669, -7]
fe: 1, se: 9

Day: 1, Time: 450
Total Cost: 435.66
 11:94.59, 7:75 [3, 8, -3]
 12:90.24, 9:75 [3, 9, -3]
801:66.02, 6:10 [8, 273, 45, -8]
802:28.43, 1:10 [8, 97, -8]
901:50.60, 2:10 [9, 20, -9]
902:56.89, 3:10 [9, 6443, -9]
903:48.89, 4:10 [9, 2246, 161, -9]
fe: 2, se: 5

Day: 1, Time: 460
Total Cost: 198.44
 11:66.27, 8:75 [2, 6, -2]
601:120.51, 6:10 [6, 86, 341, 333, -6]
602:11.66, 2:10 [6, 12, -6]
fe: 1, se: 2

Day: 1, Time: 460
Total Cost: 160.19
 11:94.59, 5:75 [3, 8, -3]
801:65.60, 5:10 [8, 63, 200, -8]
fe: 1, se: 1


Day	Area	ID	Time	Load	Utilization	NoOrders	AssignmentCost
1	1	27	315	 76	0.84	29	835.00
1	1	28	360	 42	0.47	17	495.00
1	1	119	400	 13	0.07	 6	410.00
1	1	32	540	 54	0.50	20	492.00
1	1	15	630	 89	0.99	35	965.00
1	1	37	765	 48	0.67	18	666.00
1	1	38	810	 72	1.00	29	954.00
1	1	19	810	 72	1.00	38	954.00
1	2	44	225	 42	0.47	17	495.00
1	2	64	270	 12	0.13	 5	195.00
1	2	136	300	  8	0.04	 6	310.00
1	2	65	315	 61	0.68	24	685.00
1	2	50	495	 14	0.13	 4	172.00
1	2	71	585	 61	0.68	21	685.00
1	2	53	630	 90	1.00	29	975.00
1	2	75	765	 58	0.81	17	786.00
1	2	57	810	 72	1.00	40	954.00
1	2	76	810	 72	1.00	30	954.00
1	3	162	200	 18	0.10	12	510.00
1	3	154	300	 11	0.06	 7	370.00
1	3	103	315	 38	0.42	12	455.00
1	3	104	360	 25	0.28	 8	325.00
1	3	108	540	 49	0.45	13	452.00
1	3	110	630	 90	1.00	29	975.00
1	3	91	630	 89	0.99	25	965.00
1	3	94	765	 41	0.57	13	582.00
1	3	114	810	 72	1.00	34	954.00
1	3	95	810	 72	1.00	38	954.00


Day	Area	Time	Pickup	Delivery	Direct	FEVehicles	SEVehicles	ALNSTime	ALNSBestTime	RoutingCostArea
1	1	0	118	124	0	7	49	310.24	232.02	6020.61
1	1	55	11	0	0	3	5	0.88	0.00	1023.70
1	1	65	3	0	0	2	2	0.39	0.00	562.33
1	1	110	10	0	0	3	5	1.12	0.00	1031.94
1	1	145	4	0	0	2	2	0.57	0.00	461.10
1	1	165	1	0	1	1	1	0.21	0.00	776.48
1	1	290	20	8	0	2	6	3.63	0.63	1055.11
1	1	345	15	8	0	2	6	2.44	0.47	899.63
1	1	360	2	7	0	1	3	1.11	0.00	568.93
1	1	405	4	16	0	2	8	1.80	0.00	1070.95
1	1	410	1	0	0	1	1	0.21	0.00	250.17
1	1	420	2	0	0	2	2	0.33	0.00	439.43
1	1	450	0	4	0	1	3	0.41	0.00	482.82
1	2	5	110	157	0	12	52	406.20	229.61	6123.98
1	2	30	9	0	0	2	4	0.79	0.05	589.33
1	2	40	4	0	0	2	2	0.52	0.00	365.52
1	2	50	2	0	0	1	1	0.30	0.00	164.35
1	2	55	1	0	0	1	1	0.20	0.00	157.88
1	2	120	11	0	0	2	4	0.91	0.00	663.69
1	2	135	4	0	0	2	2	0.48	0.00	300.23
1	2	145	2	0	1	1	1	0.28	0.00	720.30
1	2	155	1	0	1	1	1	0.19	0.00	618.62
1	2	175	5	0	0	1	1	0.60	0.00	262.55
1	2	290	20	4	0	1	6	1.99	0.00	780.11
1	2	295	3	0	0	1	2	0.30	0.00	279.53
1	2	360	10	5	0	1	4	1.07	0.00	620.95
1	2	405	7	15	0	1	7	2.01	0.28	880.13
1	2	450	2	14	0	1	9	1.16	0.00	863.12
1	2	460	0	4	0	1	2	0.35	0.00	198.44
1	3	5	109	129	0	13	47	196.25	129.40	5979.70
1	3	15	1	0	0	1	1	0.22	0.00	162.94
1	3	20	1	0	0	1	1	0.21	0.00	152.63
1	3	100	17	0	0	2	9	2.43	0.84	944.37
1	3	125	7	0	0	3	4	1.13	0.71	728.13
1	3	130	2	0	0	2	2	0.36	0.00	309.66
1	3	145	5	0	0	3	3	0.69	0.00	628.14
1	3	175	5	0	0	1	2	0.42	0.00	391.37
1	3	300	20	0	0	1	6	5.04	1.95	838.94
1	3	375	15	15	0	2	6	2.69	0.04	878.86
1	3	405	7	34	0	2	10	6.09	3.06	1228.56
1	3	435	2	0	0	1	2	0.29	0.00	212.39
1	3	450	0	7	0	2	5	0.54	0.00	435.66
1	3	460	0	2	0	1	1	0.28	0.00	160.19

Day	SL	Own	DispatchTimes	AssignmentCost	RoutingCost	TotalCost
1	24	4	29	18524.00	41283.44	59807.44

Total Cost: 59807.441134011875
Cost per Day: 59807.441134011875
Running time in Seconds: 1358.26
Running time in minutes: 22.637666666666668