INSTANCE: 2hubs_MND_A_37_x.csv
PARAMETER: tuning_loose.txt
POLICY: MIP
ALPHA: 0.387023956898126
BETA: 78
OMEGA: 586
EPSILON: 1.00597325044486

Day: 1, Time: 0
Total Cost: 3301.85
 11:136.01, 55:75 [1, 3, -3, -1]
 12:136.01, 28:75 [1, 3, -3, -1]
 13:153.31, 42:75 [1, 4, -4, -1]
 14:179.78, 67:75 [1, 3, 4, -4, -1]
 15:136.01, 10:75 [1, 3, -3, -1]
301:109.91, 10:10 [3, 3143, 3188, 3083, 3129, 3208, -3]
302:126.92, 9:10 [3, 3196, 3153, 3309, 3146, 3230, -3]
303:101.83, 9:10 [3, 3126, 3079, 3240, 3287, 3172, 3285, 3111, -3]
304:2.83, 4:10 [3, 3210, -3]
305:84.83, 8:10 [3, 3237, 3053, 3283, -3]
308:87.23, 10:10 [3, 3288, 3052, 3057, 3275, 3213, -3]
309:95.18, 9:10 [3, 3179, 3282, 3067, 3047, -3]
310:145.62, 10:10 [3, 3164, 3235, 3197, 3110, 3098, 3105, 3194, -3]
311:119.12, 10:10 [3, 3051, 3121, 3065, 3106, 3206, 3187, -3]
312:158.13, 10:10 [3, 3061, 3266, 3260, 3086, 3248, 3277, 3263, -3]
313:197.26, 10:10 [3, 3314, 3092, 3199, 3066, 3130, 3088, 3225, -3]
314:172.73, 10:10 [3, 3074, 3226, 3078, 3075, 3224, -3]
401:105.07, 9:10 [4, 3218, 3063, 3216, 3246, -4]
402:65.70, 10:10 [4, 3232, 3200, 3055, 3313, -4]
403:120.71, 9:10 [4, 3099, 3202, 3056, 3183, 3181, -4]
404:105.80, 9:10 [4, 3180, 3274, 3184, 3270, 3113, 3152, -4]
405:108.66, 10:10 [4, 3292, 3069, 3068, 3176, 3269, 3221, 3280, -4]
406:116.27, 8:10 [4, 3264, 3310, -4]
407:80.05, 10:10 [4, 3177, 3301, 3147, 3178, -4]
408:58.81, 9:10 [4, 3201, 3265, 3211, -4]
409:73.36, 8:10 [4, 3294, 3154, 3236, 3101, -4]
410:23.92, 6:10 [4, 3311, 3173, -4]
411:50.40, 8:10 [4, 3207, 3159, 3064, 3209, 3302, -4]
412:179.47, 10:10 [4, 3095, 3214, 3170, 3291, 3135, 3220, 3198, -4]
413:70.88, 10:10 [4, 3134, 3137, 3119, 3120, -4]
fe: 5, se: 25

Day: 1, Time: 0
Total Cost: 3338.43
 11:66.27, 60:75 [2, 5, -5, -2]
 12:66.27, 75:75 [2, 5, -5, -2]
 13:66.27, 26:75 [2, 5, -5, -2]
 16:145.23, 66:75 [2, 6, -6, -2]
501:130.10, 9:10 [5, 3231, 3204, 3144, 3241, 3174, 3090, -5]
502:174.97, 10:10 [5, 3234, 3125, 3122, 3131, 3247, 3303, 3257, 3136, -5]
503:25.14, 7:10 [5, 3262, 3073, -5]
504:84.59, 10:10 [5, 3222, 3109, 3142, 3278, 3049, -5]
505:116.24, 10:10 [5, 3128, 3259, 3290, 3243, 3219, -5]
506:116.94, 10:10 [5, 3293, 3193, 3255, 3084, 3296, -5]
507:106.71, 9:10 [5, 3298, 3166, 3273, 3304, 3089, -5]
508:31.42, 8:10 [5, 3223, 3070, -5]
509:88.86, 10:10 [5, 3116, 3169, 3080, 3085, -5]
512:78.42, 8:10 [5, 3185, 3305, 3151, 3217, -5]
513:70.23, 10:10 [5, 3189, 3048, 3093, -5]
514:110.85, 10:10 [5, 3102, 3171, 3097, 3103, -5]
515:154.91, 10:10 [5, 3071, 3253, 3133, 3205, 3268, 3168, -5]
516:147.64, 10:10 [5, 3267, 3192, 3124, 3229, 3182, 3155, 3315, -5]
517:131.78, 10:10 [5, 3107, 3132, 3279, 3244, 3077, -5]
518:73.21, 10:10 [5, 3284, 3261, 3271, -5]
519:79.32, 10:10 [5, 3114, 3094, 3108, -5]
520:107.67, 8:10 [5, 3100, 3212, 3112, 3203, -5]
522:96.93, 9:10 [5, 3138, 3233, 3249, 3087, 3286, -5]
523:72.95, 8:10 [5, 3150, 3289, 3186, 3104, 3072, -5]
524:123.10, 10:10 [5, 3251, 3059, 3239, 3252, 3076, 3060, 3256, -5]
525:53.26, 9:10 [5, 3190, 3148, 3157, 3127, 3238, -5]
526:62.00, 9:10 [5, 3297, 3227, 3162, 3139, -5]
527:177.01, 10:10 [5, 3081, 3215, 3245, 3228, 3299, 3312, 3058, -5]
601:76.02, 10:10 [6, 3141, 3161, 3167, 3250, 3281, 3254, -6]
602:63.84, 7:10 [6, 3117, 3295, 3082, 3272, -6]
603:113.12, 9:10 [6, 3160, 3123, 3307, 3096, 3165, 3308, -6]
604:94.94, 8:10 [6, 3145, 3276, 3156, 3258, 3140, -6]
605:32.51, 10:10 [6, 3062, 3175, 3091, -6]
606:66.25, 10:10 [6, 3191, 3163, 3115, 3118, -6]
607:72.27, 10:10 [6, 3300, 3242, 3149, 3050, 3158, -6]
608:61.16, 10:10 [6, 3306, 3195, 3054, -6]
fe: 4, se: 32

Day: 1, Time: 20
Total Cost: 288.14
 11:153.31, 1:75 [1, -4, -1]
401:134.83, 1:10 [4, 3662, -4]
fe: 1, se: 1

Day: 1, Time: 50
Total Cost: 276.09
 11:66.27, 10:75 [2, -5, -2]
501:209.82, 10:10 [5, 4550, 4539, 3419, -5]
fe: 1, se: 1

Day: 1, Time: 55
Total Cost: 549.43
 11:136.01, 12:75 [1, -3, -1]
 12:153.31, 5:75 [1, -4, -1]
301:72.25, 4:10 [3, 5339, -3]
302:116.17, 8:10 [3, 3752, 5454, 4586, -3]
402:71.68, 5:10 [4, 3373, 4725, -4]
fe: 2, se: 3

Day: 1, Time: 65
Total Cost: 432.99
 11:153.31, 3:75 [1, -4, -1]
 12:153.31, 4:75 [1, -4, -1]
401:48.37, 3:10 [4, 4634, -4]
402:78.00, 4:10 [4, 5909, -4]
fe: 2, se: 2

Day: 1, Time: 65
Total Cost: 279.36
 11:66.27, 6:75 [2, -5, -2]
501:56.04, 3:10 [5, 5480, -5]
502:91.93, 1:10 [5, 3938, -5]
503:65.12, 2:10 [5, 5551, -5]
fe: 1, se: 3

Day: 1, Time: 90
Total Cost: 338.33
 11:136.01, 2:75 [1, -3, -1]
 12:136.01, 3:75 [1, -3, -1]
301:61.82, 2:10 [3, 5278, 4779, -3]
302:4.47, 3:10 [3, 5148, -3]
fe: 2, se: 2

Day: 1, Time: 130
Total Cost: 306.50
 11:66.27, 7:75 [2, -5, -2]
 12:66.27, 7:75 [2, -5, -2]
501:54.93, 7:10 [5, 3827, 3594, -5]
502:119.02, 7:10 [5, 5820, 5401, 4156, -5]
fe: 2, se: 2

Day: 1, Time: 135
Total Cost: 334.92
 11:66.27, 2:75 [2, -5, -2]
 12:145.23, 3:75 [2, -6, -2]
501:76.16, 2:10 [5, 4817, -5]
601:47.26, 3:10 [6, 5974, 4912, -6]
fe: 2, se: 2

Day: 1, Time: 150
Total Cost: 358.12
 11:66.27, 1:75 [2, -5, -2]
 12:145.23, 3:75 [2, -6, -2]
501:76.16, 1:10 [5, 6020, -5]
601:70.46, 3:10 [6, 4008, -6]
fe: 2, se: 2

Day: 1, Time: 170
Total Cost: 119.07
 11:66.27, 1:75 [2, -5, -2]
501:52.80, 1:10 [5, 3727, -5]
fe: 1, se: 1

Day: 1, Time: 180
Total Cost: 542.24
 11:153.31, 9:75 [1, -4, -1]
 12:136.01, 5:75 [1, -3, -1]
302:70.96, 5:10 [3, 5644, 5839, -3]
401:181.95, 9:10 [4, 3722, 4050, 4529, 3585, -4]
fe: 2, se: 2

Day: 1, Time: 275
Total Cost: 558.60
 11:179.78, 25:75 [1, -3, -4, -1]
301:108.88, 8:10 [3, 5675, 3744, 6181, -3]
302:126.67, 7:10 [3, 5991, 5455, -3]
401:143.28, 10:10 [4, 5496, 3545, 3937, 5802, 5449, -4]
fe: 1, se: 3

Day: 1, Time: 280
Total Cost: 499.17
 11:66.27, 28:75 [2, -5, -2]
501:157.84, 9:10 [5, 5433, 4104, 6017, -5]
502:119.57, 8:10 [5, 4987, 5053, 5777, 4188, 4024, -5]
503:145.48, 8:10 [5, 5113, 4696, 4240, -5]
504:10.00, 3:10 [5, 4347, -5]
fe: 1, se: 4

Day: 1, Time: 360
Total Cost: 846.19
 11:136.01, 21:75 [1, 3, -3, -1]
302:114.89, 6:10 [3, 6200, 3962, 748, -3]
303:135.41, 6:10 [3, 3491, 29, 2361, 5057, 537, -3]
304:155.59, 4:10 [3, 3776, 14, -3]
305:155.02, 9:10 [3, 4353, 5158, 6049, 2830, -3]
306:149.26, 6:10 [3, 103, 69, -3]
fe: 1, se: 5

Day: 1, Time: 395
Total Cost: 673.27
 11:66.27, 40:75 [2, -5, -2]
501:122.52, 8:10 [5, 3910, 5837, 4844, -5]
502:120.15, 8:10 [5, 5850, 5544, 4832, -5]
504:109.13, 7:10 [5, 3429, 3611, 5076, -5]
505:101.99, 8:10 [5, 6055, 3780, -5]
506:153.20, 9:10 [5, 3820, 3401, 4883, -5]
fe: 1, se: 5

Day: 1, Time: 405
Total Cost: 1098.16
 11:136.01, 30:75 [1, 3, -1]
 12:153.31, 34:75 [1, 4, -4, -1]
301:72.08, 8:10 [3, 89, 25, 53, -3]
302:48.71, 8:10 [3, 100, 55, 51, -3]
303:81.73, 10:10 [3, 1627, 54, 65, 108, -3]
304:42.80, 4:10 [3, 106, -3]
401:99.79, 10:10 [4, 59, 637, 404, -4]
402:127.72, 10:10 [4, 109, 6063, 94, 114, -4]
403:84.38, 4:10 [4, 43, -4]
405:80.66, 8:10 [4, 4470, 49, 71, -4]
406:170.96, 5:10 [4, 32, 41, 38, -4]
fe: 2, se: 9

Day: 1, Time: 405
Total Cost: 882.28
 11:66.27, 52:75 [2, 5, -5, -2]
501:183.55, 9:10 [5, 85, 28, 472, 17, -5]
502:99.97, 8:10 [5, 121, 46, 98, -5]
503:78.45, 8:10 [5, 4977, 104, 120, -5]
504:161.07, 10:10 [5, 1958, 19, 26, -5]
505:110.81, 10:10 [5, 183, 1444, 21, 4561, -5]
506:182.16, 8:10 [5, 74, 5540, 11, -5]
fe: 1, se: 6

Day: 1, Time: 410
Total Cost: 231.54
 11:153.31, 2:75 [1, -4, -1]
401:78.23, 2:10 [4, 5650, -4]
fe: 1, se: 1

Day: 1, Time: 420
Total Cost: 300.01
 11:153.31, 1:75 [1, -4, -1]
401:146.70, 1:10 [4, 3874, -4]
fe: 1, se: 1

Day: 1, Time: 450
Total Cost: 357.74
 11:66.27, 20:75 [2, 5, -2]
501:40.00, 4:10 [5, 47, -5]
502:119.77, 8:10 [5, 20, 95, -5]
503:131.70, 8:10 [5, 50, 70, 2649, 97, -5]
fe: 1, se: 3


Day	Area	ID	Time	Load	Utilization	NoOrders	AssignmentCost
1	1	 8	315	 52	0.58	17	595.00
1	1	 9	360	 20	0.22	 7	275.00
1	1	13	540	 30	0.28	 9	300.00
1	1	15	630	 51	0.57	18	585.00
1	1	18	765	 21	0.29	 9	342.00
1	1	19	810	 72	1.00	35	954.00
1	2	51	300	 13	0.07	 8	410.00
1	2	27	315	 64	0.71	23	715.00
1	2	34	630	 90	1.00	28	975.00
1	2	37	765	 40	0.56	11	570.00
1	2	38	810	 72	1.00	40	954.00


Day	Area	Time	Pickup	Delivery	Direct	FEVehicles	SEVehicles	ALNSTime	ALNSBestTime	RoutingCostArea
1	1	0	55	64	0	5	25	61.17	47.48	3301.85
1	1	20	1	0	0	1	1	0.23	0.00	288.14
1	1	55	6	0	0	2	3	0.48	0.00	549.43
1	1	65	2	0	0	2	2	0.36	0.00	432.99
1	1	90	3	0	0	2	2	0.37	0.00	338.33
1	1	180	6	0	0	2	2	0.62	0.00	542.24
1	1	275	10	0	0	1	3	0.77	0.00	558.60
1	1	360	8	8	0	1	5	2.07	1.36	846.19
1	1	405	2	23	0	2	9	1.94	0.22	1098.16
1	1	410	1	0	0	1	1	0.21	0.00	231.54
1	1	420	1	0	0	1	1	0.20	0.00	300.01
1	2	0	64	86	0	4	32	118.26	96.42	3338.43
1	2	50	3	0	0	1	1	0.33	0.00	276.09
1	2	65	3	0	0	1	3	0.34	0.00	279.36
1	2	130	5	0	0	2	2	0.48	0.00	306.50
1	2	135	3	0	0	2	2	0.47	0.00	334.92
1	2	150	2	0	0	2	2	0.35	0.00	358.12
1	2	170	1	0	0	1	1	0.20	0.00	119.07
1	2	280	12	0	0	1	4	0.90	0.00	499.17
1	2	395	14	0	0	1	5	1.08	0.00	673.27
1	2	405	3	17	0	1	6	1.92	1.24	882.28
1	2	450	0	7	0	1	3	0.35	0.00	357.74

Day	SL	Own	DispatchTimes	AssignmentCost	RoutingCost	TotalCost
1	10	1	22	6675.00	15912.44	22587.44

Total Cost: 22587.442085355084
Cost per Day: 22587.442085355084
Running time in Seconds: 240.692
Running time in minutes: 4.011533333333333