INSTANCE: 2hubs_MND_A_36_x.csv
PARAMETER: tuning_loose.txt
POLICY: MIP
ALPHA: 0.387023956898126
BETA: 78
OMEGA: 586
EPSILON: 1.00597325044486

Day: 1, Time: 0
Total Cost: 3915.65
 11:136.01, 73:75 [1, 3, -3, -1]
 12:136.01, 39:75 [1, 3, -3, -1]
 13:153.31, 34:75 [1, 4, -4, -1]
 14:153.31, 69:75 [1, 4, -4, -1]
 15:153.31, 20:75 [1, 4, -4, -1]
301:129.40, 6:10 [3, 3060, 3203, 3138, -3]
302:100.23, 10:10 [3, 3241, 3075, 3184, 3283, 3168, -3]
304:82.45, 10:10 [3, 3286, 3090, 3120, 3256, 3132, 3297, -3]
305:117.11, 10:10 [3, 3197, 3062, 3105, 3274, 3087, 3214, -3]
306:85.14, 9:10 [3, 3140, 3083, 3123, 3100, 3141, -3]
307:164.91, 10:10 [3, 3152, 3051, 3234, 3074, 3065, 3236, 3166, 3176, -3]
308:48.67, 9:10 [3, 3078, 3273, 3144, 3175, -3]
309:89.34, 10:10 [3, 3122, 3178, 3222, 3088, -3]
310:66.62, 7:10 [3, 3108, 3103, 3302, 3160, -3]
311:155.42, 10:10 [3, 3143, 3137, 3154, 3294, 3173, 3069, -3]
314:109.27, 6:10 [3, 3228, 3066, 3264, -3]
315:90.57, 10:10 [3, 3106, 3248, 3081, 3188, 3311, 3254, 3098, -3]
320:110.70, 10:10 [3, 3110, 3259, 3157, 3194, 3284, 3116, -3]
321:82.24, 8:10 [3, 3079, 3199, 3237, 3118, 3056, -3]
401:153.20, 9:10 [4, 3296, 3253, 3252, 3230, -4]
402:131.32, 9:10 [4, 3063, 3155, 3054, 3126, -4]
403:52.07, 10:10 [4, 3239, 3158, 3124, -4]
404:104.92, 8:10 [4, 3261, 3125, 3093, 3139, -4]
406:113.34, 7:10 [4, 3258, 3225, 3096, -4]
407:71.51, 10:10 [4, 3061, 3151, 3077, 3114, 3133, 3162, -4]
409:91.05, 9:10 [4, 3150, 3288, 3070, 3053, -4]
410:58.88, 8:10 [4, 3055, 3048, 3187, 3235, -4]
411:149.41, 10:10 [4, 3218, 3131, 3220, 3130, -4]
412:132.98, 10:10 [4, 3058, 3183, 3299, 3099, 3163, -4]
413:161.25, 7:10 [4, 3191, 3211, 3076, -4]
414:172.74, 10:10 [4, 3174, 3092, 3149, 3190, 3305, 3049, 3308, -4]
415:121.64, 9:10 [4, 3164, 3085, 3282, 3202, 3250, 3238, -4]
416:39.08, 10:10 [4, 3147, 3109, 3119, -4]
417:90.62, 10:10 [4, 3285, 3192, 3205, 3195, 3135, -4]
418:107.60, 9:10 [4, 3127, 3298, 3277, 3181, 3052, 3303, -4]
fe: 5, se: 30

Day: 1, Time: 0
Total Cost: 2976.28
 11:66.27, 68:75 [2, 5, -5, -2]
 12:66.27, 66:75 [2, 5, -5, -2]
 16:145.23, 14:75 [2, 6, -6, -2]
 17:145.23, 57:75 [2, 6, -6, -2]
501:87.03, 10:10 [5, 3251, 3313, 3280, 3245, -5]
502:109.08, 10:10 [5, 3146, 3101, 3097, 3226, -5]
503:84.01, 8:10 [5, 3182, 3159, 3094, 3232, 3057, -5]
504:90.99, 10:10 [5, 3112, 3255, 3289, 3086, 3142, -5]
505:164.41, 10:10 [5, 3115, 3272, 3080, 3095, 3082, 3209, 3067, 3292, 3217, -5]
506:149.38, 10:10 [5, 3309, 3161, 3089, 3281, 3219, 3314, -5]
507:89.57, 10:10 [5, 3213, 3304, 3177, 3240, -5]
508:83.31, 8:10 [5, 3276, 3229, 3260, 3295, -5]
509:72.14, 10:10 [5, 3287, 3210, 3262, 3275, -5]
510:101.26, 10:10 [5, 3059, 3227, 3180, 3072, -5]
512:88.15, 10:10 [5, 3306, 3165, 3207, 3128, -5]
513:87.80, 8:10 [5, 3148, 3231, 3102, 3279, -5]
514:70.12, 9:10 [5, 3129, 3268, 3291, 3265, -5]
517:127.53, 9:10 [5, 3270, 3212, 3216, -5]
521:57.16, 8:10 [5, 3215, 3310, -5]
523:126.78, 10:10 [5, 3293, 3172, 3047, 3134, 3091, 3050, 3315, -5]
601:93.42, 9:10 [6, 3064, 3244, 3196, 3189, 3179, 3242, -6]
602:156.61, 10:10 [6, 3171, 3263, 3170, 3204, 3136, 3153, 3200, 3169, 3223, -6]
603:140.25, 10:10 [6, 3300, 3312, 3107, 3208, 3246, 3117, -6]
604:99.37, 10:10 [6, 3186, 3071, 3198, 3073, 3156, 3121, 3243, -6]
605:52.57, 10:10 [6, 3247, 3269, 3185, 3307, -6]
606:122.68, 9:10 [6, 3266, 3111, 3267, 3145, 3201, -6]
607:37.05, 5:10 [6, 3233, 3249, 3193, -6]
608:65.14, 10:10 [6, 3224, 3301, 3104, -6]
609:109.74, 10:10 [6, 3271, 3257, 3113, 3084, -6]
610:87.72, 10:10 [6, 3206, 3167, 3290, 3221, 3068, 3278, -6]
fe: 4, se: 26

Day: 1, Time: 15
Total Cost: 465.91
 11:136.01, 6:75 [1, -3, -1]
301:80.72, 3:10 [3, 5859, -3]
302:123.04, 1:10 [3, 5097, -3]
303:126.13, 2:10 [3, 4880, -3]
fe: 1, se: 3

Day: 1, Time: 35
Total Cost: 786.29
 11:153.31, 3:75 [1, -4, -1]
 12:136.01, 1:75 [1, -3, -1]
 13:136.01, 3:75 [1, -3, -1]
301:128.81, 1:10 [3, 4888, -3]
302:120.52, 3:10 [3, 6236, 3969, -3]
401:111.62, 3:10 [4, 4009, 5415, -4]
fe: 3, se: 3

Day: 1, Time: 55
Total Cost: 430.53
 11:136.01, 2:75 [1, -3, -1]
 12:153.31, 1:75 [1, -4, -1]
301:56.36, 2:10 [3, 5371, -3]
401:84.85, 1:10 [4, 5878, -4]
fe: 2, se: 2

Day: 1, Time: 60
Total Cost: 395.41
 11:66.27, 16:75 [2, -5, -2]
501:108.02, 6:10 [5, 5778, 3502, -5]
502:77.19, 3:10 [5, 4626, 5083, -5]
503:143.92, 7:10 [5, 5157, 5378, 5496, -5]
fe: 1, se: 3

Day: 1, Time: 70
Total Cost: 211.19
 11:136.01, 4:75 [1, -3, -1]
301:75.18, 4:10 [3, 4007, -3]
fe: 1, se: 1

Day: 1, Time: 70
Total Cost: 292.42
 11:66.27, 2:75 [2, -5, -2]
 12:66.27, 2:75 [2, -5, -2]
501:123.11, 2:10 [5, 6190, -5]
502:36.77, 2:10 [5, 5920, -5]
fe: 2, se: 2

Day: 1, Time: 80
Total Cost: 500.70
 11:136.01, 3:75 [1, -3, -1]
 12:153.31, 6:75 [1, -4, -1]
301:60.30, 3:10 [3, 3689, -3]
401:151.08, 6:10 [4, 5595, 3992, -4]
fe: 2, se: 2

Day: 1, Time: 100
Total Cost: 508.43
 11:136.01, 7:75 [1, -3, -1]
 12:153.31, 2:75 [1, -4, -1]
301:152.35, 7:10 [3, 5769, 4801, -3]
401:66.75, 2:10 [4, 5681, -4]
fe: 2, se: 2

Day: 1, Time: 105
Total Cost: 373.65
 11:66.27, 8:75 [2, -5, -2]
 12:66.27, 5:75 [2, -5, -2]
501:37.02, 7:10 [5, 5236, 5320, -5]
502:87.93, 1:10 [5, 6230, -5]
503:116.16, 5:10 [5, 4397, 3785, -5]
fe: 2, se: 3

Day: 1, Time: 170
Total Cost: 429.18
 11:136.01, 13:75 [1, -3, -1]
301:99.77, 4:10 [3, 5016, 6073, -3]
302:193.39, 9:10 [3, 5885, 4470, 6007, 4934, -3]
fe: 1, se: 2

Day: 1, Time: 170
Total Cost: 435.51
 11:66.27, 17:75 [2, -5, -2]
 12:66.27, 1:75 [2, -5, -2]
501:183.85, 8:10 [5, 3740, 5596, 6087, 4740, -5]
502:32.31, 1:10 [5, 4828, -5]
503:86.80, 9:10 [5, 5293, 6025, 5868, -5]
fe: 2, se: 3

Day: 1, Time: 175
Total Cost: 191.04
 11:136.01, 2:75 [1, -3, -1]
301:55.03, 2:10 [3, 4029, -3]
fe: 1, se: 1

Day: 1, Time: 265
Total Cost: 642.78
 11:136.01, 21:75 [1, -3, -1]
301:196.57, 8:10 [3, 5788, 5481, 4853, 4294, -3]
302:142.40, 4:10 [3, 5621, 3501, -3]
303:167.80, 9:10 [3, 3366, 5353, 6054, 4456, -3]
fe: 1, se: 3

Day: 1, Time: 295
Total Cost: 546.52
 11:66.27, 36:75 [2, -5, -2]
501:121.31, 8:10 [5, 6067, 4812, 5906, -5]
502:74.47, 9:10 [5, 4018, 4890, 4388, -5]
503:174.70, 10:10 [5, 5020, 3379, 6064, 3482, -5]
504:109.77, 9:10 [5, 4375, 3586, 5738, -5]
fe: 1, se: 4

Day: 1, Time: 360
Total Cost: 960.71
 11:136.01, 25:75 [1, 3, -3, -1]
301:151.02, 9:10 [3, 105, 5831, 5263, 5976, 43, -3]
302:64.28, 5:10 [3, 3936, 1436, -3]
303:173.49, 4:10 [3, 80, 4421, -3]
304:161.32, 5:10 [3, 5959, 1638, 39, 16, 75, -3]
305:123.75, 8:10 [3, 4718, 22, 3609, -3]
306:150.85, 5:10 [3, 3040, 5485, 59, -3]
fe: 1, se: 6

Day: 1, Time: 360
Total Cost: 642.45
 11:66.27, 28:75 [2, 5, -5, -2]
501:160.49, 5:10 [5, 3963, 4230, 2669, 5845, -5]
502:119.73, 10:10 [5, 5319, 4152, 2688, 819, 5562, -5]
503:173.62, 10:10 [5, 4306, 1698, 2181, 489, -5]
505:122.32, 9:10 [5, 4611, 4642, 3925, 1907, 4309, -5]
fe: 1, se: 4

Day: 1, Time: 395
Total Cost: 283.03
 11:66.27, 10:75 [2, -5, -2]
501:133.52, 7:10 [5, 5326, 5540, 4873, -5]
502:83.23, 3:10 [5, 5854, -5]
fe: 1, se: 2

Day: 1, Time: 405
Total Cost: 1107.48
 11:136.01, 32:75 [1, 3, -3, -1]
 12:153.31, 25:75 [1, 4, -4, -1]
302:153.92, 10:10 [3, 5758, 3000, 2046, 124, -3]
303:58.20, 4:10 [3, 55, 5594, -3]
304:150.48, 10:10 [3, 123, 101, 100, -3]
306:92.86, 5:10 [3, 85, 5647, 86, -3]
308:68.75, 5:10 [3, 5419, 31, 91, -3]
401:61.29, 4:10 [4, 1967, 5343, -4]
402:134.86, 10:10 [4, 4363, 50, 61, 72, -4]
403:53.06, 9:10 [4, 23, 5946, 4326, 2188, -4]
404:44.75, 6:10 [4, 114, 88, -4]
fe: 2, se: 9

Day: 1, Time: 405
Total Cost: 703.83
 11:66.27, 26:75 [2, 5, -5, -2]
501:168.77, 7:10 [5, 9, 38, 47, -5]
503:127.13, 7:10 [5, 51, 84, 7, -5]
504:186.02, 5:10 [5, 4453, 13, 74, -5]
505:155.63, 9:10 [5, 499, 93, 2491, -5]
fe: 1, se: 4

Day: 1, Time: 430
Total Cost: 121.16
 11:66.27, 6:75 [2, -5, -2]
501:54.89, 6:10 [5, 4424, 5121, -5]
fe: 1, se: 1

Day: 1, Time: 450
Total Cost: 514.85
 11:66.27, 27:75 [2, 5, -2]
501:96.71, 7:10 [5, 28, 21, 839, -5]
502:144.44, 6:10 [5, 92, 62, 12, -5]
503:158.87, 7:10 [5, 68, 63, 87, -5]
505:48.56, 7:10 [5, 60, 30, -5]
fe: 1, se: 4


Day	Area	ID	Time	Load	Utilization	NoOrders	AssignmentCost
1	1	 7	270	 12	0.13	 7	195.00
1	1	 8	315	 26	0.29	11	335.00
1	1	 9	360	 27	0.30	11	345.00
1	1	15	630	 67	0.74	23	745.00
1	1	18	765	 27	0.38	10	414.00
1	1	19	810	 72	1.00	39	954.00
1	2	51	300	 19	0.11	11	530.00
1	2	27	315	 57	0.63	19	645.00
1	2	33	585	 23	0.26	 7	305.00
1	2	34	630	 76	0.84	24	835.00
1	2	37	765	 72	1.00	20	954.00
1	2	38	810	 72	1.00	42	954.00


Day	Area	Time	Pickup	Delivery	Direct	FEVehicles	SEVehicles	ALNSTime	ALNSBestTime	RoutingCostArea
1	1	0	49	94	0	5	30	75.12	57.60	3915.65
1	1	15	3	0	0	1	3	0.38	0.00	465.91
1	1	35	5	0	0	3	3	0.64	0.01	786.29
1	1	55	2	0	0	2	2	0.33	0.00	430.53
1	1	70	1	0	1	1	1	0.20	0.00	711.19
1	1	80	3	0	0	2	2	0.46	0.00	500.70
1	1	100	3	0	0	2	2	0.42	0.00	508.43
1	1	170	6	0	0	1	2	0.49	0.00	429.18
1	1	175	1	0	0	1	1	0.18	0.00	191.04
1	1	265	10	0	0	1	3	0.72	0.00	642.78
1	1	360	9	11	0	1	6	1.87	0.08	960.71
1	1	405	8	19	0	2	9	2.25	0.00	1107.48
1	2	0	70	56	0	4	26	56.24	42.71	2976.28
1	2	60	7	0	0	1	3	0.81	0.22	395.41
1	2	70	2	0	0	2	2	0.36	0.00	292.42
1	2	105	5	0	0	2	3	0.42	0.00	373.65
1	2	170	8	0	0	2	3	0.71	0.00	435.51
1	2	295	13	0	0	1	4	0.91	0.00	546.52
1	2	360	11	7	0	1	4	1.76	0.00	642.45
1	2	395	4	0	0	1	2	0.41	0.00	283.03
1	2	405	1	11	0	1	4	0.94	0.00	703.83
1	2	430	2	0	0	1	1	0.26	0.00	121.16
1	2	450	0	11	0	1	4	0.67	0.00	514.85

Day	SL	Own	DispatchTimes	AssignmentCost	RoutingCost	TotalCost
1	11	1	23	7211.00	17935.01	25146.01

Total Cost: 25146.00837228888
Cost per Day: 25146.00837228888
Running time in Seconds: 212.869
Running time in minutes: 3.547816666666667