INSTANCE: 2hubs_MND_A_26_x.csv
PARAMETER: tuning_loose.txt
POLICY: MIP
ALPHA: 0.387023956898126
BETA: 78
OMEGA: 586
EPSILON: 1.00597325044486

Day: 1, Time: 0
Total Cost: 3743.71
 11:136.01, 20:75 [1, 3, -3, -1]
 12:136.01, 66:75 [1, 3, -3, -1]
 13:136.01, 18:75 [1, 3, -3, -1]
 14:136.01, 15:75 [1, 3, -3, -1]
 15:153.31, 75:75 [1, 4, -4, -1]
 16:153.31, 30:75 [1, 4, -4, -1]
301:146.06, 10:10 [3, 3083, 3170, 3205, 3185, 3311, 3138, 3171, -3]
302:64.87, 10:10 [3, 3277, 3121, 3201, 3127, 3144, -3]
303:122.06, 8:10 [3, 3163, 3268, 3179, 3240, -3]
304:158.99, 10:10 [3, 3096, 3306, 3147, 3056, 3165, 3280, -3]
305:136.64, 3:10 [3, 3161, 3253, -3]
308:167.00, 10:10 [3, 3054, 3063, 3233, 3210, 3211, 3109, 3135, 3236, -3]
309:154.98, 10:10 [3, 3176, 3154, 3252, 3206, 3142, 3257, 3131, -3]
310:72.94, 8:10 [3, 3181, 3231, 3264, 3123, 3301, -3]
311:70.85, 10:10 [3, 3087, 3152, 3226, 3160, 3156, 3190, -3]
312:73.87, 9:10 [3, 3102, 3118, 3293, 3218, 3275, -3]
313:58.15, 10:10 [3, 3191, 3196, 3162, 3086, -3]
314:41.84, 9:10 [3, 3287, 3297, 3217, 3059, -3]
318:113.89, 10:10 [3, 3061, 3052, 3223, 3084, 3051, 3139, -3]
319:112.33, 10:10 [3, 3089, 3220, 3049, 3305, 3178, 3221, -3]
401:116.16, 9:10 [4, 3309, 3175, 3130, 3167, 3290, 3202, -4]
402:123.97, 4:10 [4, 3310, -4]
403:56.59, 10:10 [4, 3076, 3050, 3184, 3071, -4]
404:97.92, 10:10 [4, 3308, 3285, 3209, 3239, -4]
405:84.72, 10:10 [4, 3187, 3068, 3134, 3110, 3313, 3312, 3128, 3251, -4]
406:63.99, 7:10 [4, 3172, 3066, 3234, 3255, -4]
407:162.28, 9:10 [4, 3114, 3099, 3113, 3080, 3274, 3214, -4]
408:73.53, 8:10 [4, 3074, 3158, 3157, -4]
409:107.02, 10:10 [4, 3064, 3143, 3126, 3256, 3289, -4]
410:99.64, 10:10 [4, 3104, 3116, 3164, -4]
412:91.09, 9:10 [4, 3053, 3193, 3282, 3215, 3188, 3263, -4]
413:89.52, 9:10 [4, 3159, 3079, 3132, -4]
414:100.59, 6:10 [4, 3124, 3198, 3208, -4]
415:131.53, 10:10 [4, 3093, 3183, 3122, 3296, 3073, -4]
fe: 6, se: 28

Day: 1, Time: 0
Total Cost: 2588.41
 11:66.27, 31:75 [2, 5, -5, -2]
 12:66.27, 70:75 [2, 5, -5, -2]
 15:145.23, 51:75 [2, 6, -6, -2]
 16:145.23, 37:75 [2, 6, -6, -2]
501:8.25, 3:10 [5, 3254, -5]
502:141.99, 10:10 [5, 3180, 3284, 3097, 3058, 3286, 3238, 3120, 3279, -5]
503:162.71, 10:10 [5, 3106, 3270, 3062, 3095, 3228, 3315, 3141, 3222, 3174, 3248, 3107, 3261, -5]
504:81.83, 10:10 [5, 3150, 3092, 3105, 3250, 3292, 3088, -5]
505:134.07, 10:10 [5, 3108, 3169, 3232, 3291, 3241, 3276, -5]
506:58.36, 10:10 [5, 3060, 3137, 3195, 3055, -5]
507:171.88, 10:10 [5, 3260, 3136, 3098, 3259, 3173, 3224, 3115, 3246, 3133, -5]
508:149.82, 10:10 [5, 3177, 3194, 3300, 3307, 3230, 3225, 3100, 3203, -5]
509:71.54, 10:10 [5, 3075, 3192, 3057, 3197, 3227, 3314, 3273, -5]
510:112.28, 10:10 [5, 3146, 3200, 3111, 3288, 3155, 3303, -5]
511:148.54, 10:10 [5, 3212, 3112, 3244, 3117, 3101, 3304, 3119, 3249, 3186, -5]
512:16.49, 4:10 [5, 3189, -5]
513:96.35, 10:10 [5, 3072, 3145, 3269, 3153, 3302, 3168, -5]
601:78.94, 9:10 [6, 3199, 3271, 3219, 3242, -6]
602:76.87, 10:10 [6, 3070, 3278, 3213, 3090, 3140, 3182, -6]
603:72.14, 10:10 [6, 3216, 3262, 3166, 3243, 3245, 3048, -6]
604:112.67, 10:10 [6, 3069, 3272, 3129, 3082, 3078, 3258, 3247, 3266, -6]
605:113.09, 10:10 [6, 3103, 3267, 3091, 3065, 3235, -6]
606:64.29, 9:10 [6, 3299, 3229, 3298, -6]
607:100.52, 10:10 [6, 3237, 3265, 3081, 3295, 3294, -6]
608:70.78, 9:10 [6, 3085, 3281, 3151, 3067, -6]
610:47.23, 10:10 [6, 3283, 3077, 3148, 3094, -6]
612:74.75, 10:10 [6, 3125, 3207, 3149, 3047, 3204, -6]
fe: 4, se: 23

Day: 1, Time: 35
Total Cost: 746.24
 11:136.01, 12:75 [1, -3, -1]
 13:153.31, 9:75 [1, -4, -1]
301:140.50, 9:10 [3, 4816, 3935, 5559, -3]
303:86.17, 3:10 [3, 3910, 4122, -3]
401:230.24, 9:10 [4, 5582, 5036, 5904, -4]
fe: 2, se: 3

Day: 1, Time: 40
Total Cost: 290.22
 11:136.01, 1:75 [1, -3, -1]
301:154.21, 1:10 [3, 5596, -3]
fe: 1, se: 1

Day: 1, Time: 45
Total Cost: 296.68
 12:66.27, 6:75 [2, -5, -2]
501:97.19, 2:10 [5, 5722, 4496, -5]
502:133.21, 4:10 [5, 3839, 5725, -5]
fe: 1, se: 2

Day: 1, Time: 85
Total Cost: 387.28
 11:66.27, 8:75 [2, -5, -2]
 12:66.27, 7:75 [2, -5, -2]
501:87.80, 8:10 [5, 5409, 5713, -5]
502:166.94, 7:10 [5, 4686, 4914, 5145, -5]
fe: 2, se: 2

Day: 1, Time: 110
Total Cost: 170.58
 11:66.27, 3:75 [2, -5, -2]
501:104.31, 3:10 [5, 5950, -5]
fe: 1, se: 1

Day: 1, Time: 130
Total Cost: 861.22
 11:179.78, 16:75 [1, -3, -4, -1]
 12:136.01, 2:75 [1, -3, -1]
 13:153.31, 4:75 [1, -4, -1]
301:149.86, 8:10 [3, 4668, 4375, -3]
302:44.05, 2:10 [3, 6032, -3]
303:12.17, 4:10 [3, 3884, -3]
401:90.97, 4:10 [4, 4963, 5506, -4]
402:95.08, 4:10 [4, 5593, -4]
fe: 3, se: 5

Day: 1, Time: 135
Total Cost: 261.22
 11:66.27, 4:75 [2, -5, -2]
 12:66.27, 3:75 [2, -5, -2]
501:57.20, 4:10 [5, 5239, -5]
502:71.47, 3:10 [5, 4361, -5]
fe: 2, se: 2

Day: 1, Time: 140
Total Cost: 153.11
 11:66.27, 3:75 [2, -5, -2]
501:86.83, 3:10 [5, 6119, -5]
fe: 1, se: 1

Day: 1, Time: 160
Total Cost: 163.59
 11:66.27, 6:75 [2, -5, -2]
501:97.32, 6:10 [5, 3826, 5446, -5]
fe: 1, se: 1

Day: 1, Time: 170
Total Cost: 622.41
 11:179.78, 8:75 [1, -3, -4, -1]
 13:153.31, 4:75 [1, -4, -1]
301:82.61, 4:10 [3, 5477, -3]
302:48.83, 3:10 [3, 6152, -3]
401:39.70, 1:10 [4, 4827, -4]
402:118.19, 4:10 [4, 4166, -4]
fe: 2, se: 4

Day: 1, Time: 175
Total Cost: 152.43
 11:66.27, 3:75 [2, -5, -2]
501:86.16, 3:10 [5, 5529, -5]
fe: 1, se: 1

Day: 1, Time: 180
Total Cost: 405.32
 11:153.31, 3:75 [1, -4, -1]
 12:136.01, 1:75 [1, -3, -1]
301:39.45, 1:10 [3, 5399, -3]
401:76.55, 3:10 [4, 5183, -4]
fe: 2, se: 2

Day: 1, Time: 275
Total Cost: 414.83
 11:66.27, 19:75 [2, -5, -2]
501:193.70, 9:10 [5, 4457, 5912, 3660, 5808, -5]
502:154.86, 10:10 [5, 5393, 4084, 3632, 3960, -5]
fe: 1, se: 2

Day: 1, Time: 295
Total Cost: 609.13
 11:136.01, 25:75 [1, -3, -1]
301:179.11, 8:10 [3, 5033, 4508, 3619, -3]
302:160.95, 10:10 [3, 5293, 4271, 6206, 3620, -3]
303:133.06, 7:10 [3, 3356, 4248, -3]
fe: 1, se: 3

Day: 1, Time: 360
Total Cost: 890.25
 11:136.01, 22:75 [1, 3, -3, -1]
301:89.20, 10:10 [3, 3574, 4221, 6042, 5852, -3]
302:134.90, 7:10 [3, 1306, 5645, 649, 64, -3]
303:73.59, 4:10 [3, 4687, -3]
304:127.91, 2:10 [3, 10, -3]
306:163.29, 5:10 [3, 3503, 5146, 4094, -3]
307:165.34, 4:10 [3, 40, 124, -3]
fe: 1, se: 6

Day: 1, Time: 390
Total Cost: 542.66
 11:66.27, 21:75 [2, -5, -2]
501:96.00, 2:10 [5, 4967, 5470, -5]
502:123.91, 9:10 [5, 4323, 4918, 5167, -5]
503:147.28, 2:10 [5, 4009, 5805, -5]
504:109.20, 8:10 [5, 4486, 3677, 5282, -5]
fe: 1, se: 4

Day: 1, Time: 400
Total Cost: 484.86
 11:136.01, 4:75 [1, -3, -1]
 12:153.31, 6:75 [1, -4, -1]
301:123.03, 4:10 [3, 4606, 5025, -3]
401:72.51, 6:10 [4, 3663, 3811, -4]
fe: 2, se: 2

Day: 1, Time: 405
Total Cost: 884.09
 11:136.01, 15:75 [1, 3, -1]
 12:153.31, 28:75 [1, 4, -4, -1]
301:78.05, 5:10 [3, 47, 9, 39, -3]
302:133.14, 10:10 [3, 2760, 75, 109, -3]
401:64.95, 6:10 [4, 110, 72, -4]
402:45.71, 6:10 [4, 108, 1171, -4]
403:109.81, 10:10 [4, 4148, 2219, 2929, -4]
404:111.84, 7:10 [4, 53, 7, 81, -4]
405:51.26, 2:10 [4, 52, -4]
fe: 2, se: 7

Day: 1, Time: 405
Total Cost: 832.03
 11:66.27, 44:75 [2, 5, -5, -2]
501:145.01, 5:10 [5, 932, 63, 123, -5]
502:76.94, 3:10 [5, 41, -5]
505:108.30, 7:10 [5, 74, 8, 2369, 44, -5]
506:99.56, 7:10 [5, 95, 19, -5]
507:65.41, 6:10 [5, 2842, 111, 4650, 3430, -5]
508:130.47, 10:10 [5, 118, 120, 85, -5]
509:140.07, 6:10 [5, 745, 122, 5236, -5]
fe: 1, se: 7

Day: 1, Time: 410
Total Cost: 260.73
 11:153.31, 3:75 [1, -4, -1]
401:107.42, 3:10 [4, 4226, -4]
fe: 1, se: 1

Day: 1, Time: 415
Total Cost: 213.84
 11:136.01, 3:75 [1, -3, -1]
301:77.82, 3:10 [3, 5259, -3]
fe: 1, se: 1

Day: 1, Time: 420
Total Cost: 272.35
 11:151.76, 10:75 [2, -5, -6, -2]
501:58.56, 6:10 [5, 5372, 5581, -5]
601:62.02, 4:10 [6, 6227, 4429, -6]
fe: 1, se: 2

Day: 1, Time: 450
Total Cost: 158.82
 11:136.01, 3:75 [1, 3, -1]
301:22.80, 3:10 [3, 2339, -3]
fe: 1, se: 1

Day: 1, Time: 495
Total Cost: 491.53
 11:66.27, 12:75 [2, 5, -2]
 12:145.23, 6:75 [2, 6, -2]
501:102.18, 1:10 [5, 21, -5]
502:48.08, 7:10 [5, 2403, 1993, -5]
503:70.96, 4:10 [5, 27, 97, -5]
601:26.00, 4:10 [6, 976, -6]
602:32.80, 2:10 [6, 20, -6]
fe: 2, se: 5

Day: 1, Time: 525
Total Cost: 102.49
 11:66.27, 3:75 [2, 5, -2]
501:36.22, 3:10 [5, 115, -5]
fe: 1, se: 1


Day	Area	ID	Time	Load	Utilization	NoOrders	AssignmentCost
1	1	 8	315	 44	0.49	17	515.00
1	1	10	405	 18	0.20	 7	255.00
1	1	11	450	  6	0.06	 2	108.00
1	1	15	630	 59	0.66	19	665.00
1	1	18	765	 49	0.68	17	678.00
1	1	19	810	 72	1.00	38	954.00
1	2	51	300	 11	0.06	 6	370.00
1	2	27	315	 43	0.48	16	505.00
1	2	28	360	  3	0.03	 1	105.00
1	2	34	630	 71	0.79	24	785.00
1	2	37	765	 58	0.81	16	786.00
1	2	38	810	 72	1.00	44	954.00


Day	Area	Time	Pickup	Delivery	Direct	FEVehicles	SEVehicles	ALNSTime	ALNSBestTime	RoutingCostArea
1	1	0	53	83	0	6	28	73.21	39.84	3743.71
1	1	35	8	0	0	2	3	0.77	0.00	746.24
1	1	40	1	0	0	1	1	0.21	0.00	290.22
1	1	130	7	0	0	3	5	0.73	0.00	861.22
1	1	170	4	0	0	2	4	0.57	0.00	622.41
1	1	180	2	0	0	2	2	0.35	0.00	405.32
1	1	295	9	0	0	1	3	0.68	0.00	609.13
1	1	360	9	6	0	1	6	1.55	0.21	890.25
1	1	400	4	0	0	2	2	0.58	0.00	484.86
1	1	405	1	16	0	2	7	1.28	0.69	884.09
1	1	410	1	0	0	1	1	0.21	0.00	260.73
1	1	415	1	0	0	1	1	0.20	0.00	213.84
1	1	450	0	1	0	1	1	0.20	0.00	158.82
1	2	0	66	67	0	4	23	100.82	85.26	2588.41
1	2	45	4	0	0	1	2	0.44	0.00	296.68
1	2	85	5	0	0	2	2	0.51	0.00	387.28
1	2	110	1	0	0	1	1	0.21	0.00	170.58
1	2	135	2	0	0	2	2	0.32	0.00	261.22
1	2	140	1	0	0	1	1	0.21	0.00	153.11
1	2	160	2	0	0	1	1	0.26	0.00	163.59
1	2	175	1	0	0	1	1	0.20	0.00	152.43
1	2	275	8	0	0	1	2	0.59	0.00	414.83
1	2	390	10	0	0	1	4	0.77	0.00	542.66
1	2	405	3	17	0	1	7	1.58	0.00	832.03
1	2	420	4	0	0	1	2	0.49	0.00	272.35
1	2	495	0	7	0	2	5	0.52	0.00	491.53
1	2	525	0	1	1	1	1	0.19	0.00	602.49

Day	SL	Own	DispatchTimes	AssignmentCost	RoutingCost	TotalCost
1	11	1	27	6680.00	17500.02	24180.02

Total Cost: 24180.018081231367
Cost per Day: 24180.018081231367
Running time in Seconds: 267.109
Running time in minutes: 4.451816666666667