INSTANCE: 3hubs_MND_A_33_x.csv
PARAMETER: edp_tight.txt
POLICY: EARLIEST DEPARTURE
ALPHA: 0.0
BETA: 64
OMEGA: 586
EPSILON: 1.0

Day: 1, Time: 0
Total Cost: 6576.01
 11:136.01, 74:75 [1, 4, -4, -1]
 12:136.01, 74:75 [1, 4, -4, -1]
 13:136.01, 40:75 [1, 4, -4, -1]
 14:153.31, 2:75 [1, -5, -1]
 15:153.31, 4:75 [1, -5, -1]
 16:136.01, 10:75 [1, 4, -1]
 17:153.31, 67:75 [1, 5, -5, -1]
 18:153.31, 47:75 [1, 5, -1]
 19:153.31, 48:75 [1, 5, -5, -1]
401:51.90, 5:10 [4, 8790, 8709, 8684, -4]
402:125.44, 8:10 [4, 8336, 8893, 8337, 8407, 8360, 9033, -4]
403:52.61, 7:10 [4, 8327, 8775, 8352, -4]
404:113.44, 9:10 [4, 8982, 8540, 8936, 9030, -4]
405:113.28, 10:10 [4, 8493, 8300, 8587, -4]
406:187.44, 10:10 [4, 8538, 8593, 8412, 8811, 8940, 8717, 8418, -4]
407:26.23, 2:10 [4, 8582, 8330, -4]
408:43.08, 4:10 [4, 8906, -4]
409:122.78, 10:10 [4, 8899, 8681, 8816, 8894, 8797, -4]
410:111.77, 10:10 [4, 8789, 8770, 8646, 8510, 8965, 9031, -4]
411:140.83, 9:10 [4, 8357, 8628, 8928, 8976, 8851, 8477, 8782, -4]
413:76.29, 9:10 [4, 8307, 9014, 9017, 8679, 8359, 8838, 8404, -4]
414:129.13, 10:10 [4, 8597, 8605, 8980, 8555, 8857, 8613, 8954, 8741, -4]
415:59.05, 8:10 [4, 8774, 8530, 8667, -4]
416:89.63, 10:10 [4, 8938, 8581, 8349, 8338, 8614, -4]
417:96.58, 10:10 [4, 8428, 8435, 8801, 8487, 8966, -4]
419:118.60, 10:10 [4, 8963, 8783, 8950, 8350, -4]
420:113.96, 10:10 [4, 8363, 8844, 8714, 8974, 8997, 8542, -4]
421:147.31, 10:10 [4, 8370, 8760, 8970, 9005, 8559, 8930, -4]
422:118.90, 8:10 [4, 8601, 8820, 8798, 8753, 8382, -4]
423:44.08, 6:10 [4, 8994, 8693, 8634, 8735, -4]
424:60.47, 10:10 [4, 8632, 8919, 8527, 9011, 8456, -4]
425:132.37, 9:10 [4, 8696, 8326, 8358, 8591, 8588, 8874, -4]
426:89.57, 8:10 [4, 8447, 8661, 8752, 8972, 8409, 8727, 8498, 9020, -4]
427:60.96, 10:10 [4, 8649, 8514, 8308, 8362, -4]
428:163.87, 10:10 [4, 8296, 8988, 8670, 8565, 8539, 8937, 8835, 8738, -4]
430:88.53, 10:10 [4, 8883, 8713, 8736, -4]
431:81.51, 10:10 [4, 8413, 8651, 8476, 8627, -4]
433:93.18, 8:10 [4, 8415, 8341, 8672, 8567, 8503, -4]
436:135.35, 10:10 [4, 8299, 8440, 8345, 8719, 8294, 8483, -4]
501:83.33, 9:10 [5, 8862, 8380, 8616, 8384, -5]
502:154.90, 10:10 [5, 8698, 8397, 8755, 8306, 8478, -5]
503:56.78, 9:10 [5, 8578, 8968, 8915, 8342, 8708, 8739, 8903, -5]
504:133.03, 10:10 [5, 8655, 8385, 8730, 8659, 8389, -5]
505:151.60, 10:10 [5, 8513, 8361, 8691, 8643, 8344, 8853, 8868, 8876, -5]
506:69.28, 8:10 [5, 8612, 8675, -5]
507:90.73, 10:10 [5, 8910, 8800, 8861, 8604, 8932, -5]
508:142.25, 10:10 [5, 8331, 8419, 8886, 8907, 8956, 8695, -5]
509:203.78, 9:10 [5, 8654, 8400, 8334, 8769, 8610, 8822, 8898, -5]
510:102.09, 8:10 [5, 8585, 8865, 8722, 8584, 8609, -5]
511:105.09, 8:10 [5, 8765, 8297, 8751, 8592, 8453, -5]
512:84.26, 10:10 [5, 8761, 8554, 8833, 8729, 9021, 8537, 8402, -5]
513:146.49, 2:10 [5, 8890, -5]
514:84.63, 10:10 [5, 8323, 8293, 8546, 8924, 8469, 8724, -5]
515:126.82, 4:10 [5, 8756, -5]
516:85.52, 9:10 [5, 8823, 8485, 8809, 8837, 8416, -5]
518:44.63, 8:10 [5, 8606, 8386, -5]
519:45.62, 8:10 [5, 9034, 8482, 8497, -5]
520:147.67, 10:10 [5, 8427, 8991, 8807, 8623, 8626, 8674, 8701, -5]
521:56.43, 9:10 [5, 8808, 8949, 8733, 8410, -5]
522:66.62, 10:10 [5, 8617, 9004, 8586, 8454, 8455, 8486, 9013, 8464, -5]
524:95.69, 10:10 [5, 8472, 8411, 8824, 8947, 8720, 8731, -5]
fe: 9, se: 52

Day: 1, Time: 0
Total Cost: 4579.52
 11:66.27, 70:75 [2, 6, -6, -2]
 12:66.27, 46:75 [2, 6, -6, -2]
 13:66.27, 62:75 [2, 6, -6, -2]
 14:66.27, 23:75 [2, 6, -6, -2]
 15:66.27, 38:75 [2, 6, -6, -2]
 17:145.23, 43:75 [2, 7, -7, -2]
 18:145.23, 59:75 [2, 7, -7, -2]
601:68.35, 10:10 [6, 8852, 8375, 8545, 8383, -6]
602:116.71, 10:10 [6, 8845, 8785, 8993, 8405, 8373, 8792, -6]
603:156.24, 10:10 [6, 8504, 8699, 8633, 8365, 8569, 8946, 8848, 8312, -6]
604:144.54, 10:10 [6, 8366, 8321, 8960, 8707, 8737, 8841, -6]
605:159.04, 10:10 [6, 8319, 8502, 8759, 8967, 8608, 8558, 9016, -6]
606:104.99, 10:10 [6, 8859, 8615, 8550, 8772, 8952, -6]
607:111.36, 10:10 [6, 9027, 8348, 8959, 8377, 8840, 8939, 8564, -6]
608:65.05, 10:10 [6, 8961, 8664, 8311, 8506, 8768, -6]
609:86.89, 8:10 [6, 8748, 8394, 8450, 8420, 8892, -6]
610:64.53, 10:10 [6, 8855, 8408, 8710, 8392, -6]
611:74.55, 8:10 [6, 8902, 8703, 8596, -6]
612:80.54, 8:10 [6, 8393, 9024, 8471, 8505, 8992, -6]
613:120.77, 9:10 [6, 8484, 8978, 8560, 8879, 8301, 8763, -6]
614:45.34, 8:10 [6, 8971, 8579, -6]
615:40.32, 5:10 [6, 8387, 8821, 8629, -6]
616:40.57, 7:10 [6, 8474, 8518, -6]
617:149.93, 10:10 [6, 8690, 8529, 8916, 8718, 8544, 8975, 8462, 8843, -6]
618:88.86, 8:10 [6, 8863, 8388, 8726, 8678, 8422, 8434, 8788, -6]
619:101.46, 9:10 [6, 8850, 8781, 8864, 8929, -6]
620:129.90, 10:10 [6, 8444, 8803, 8452, 8896, 8673, -6]
621:137.30, 10:10 [6, 8647, 8522, 8912, 8778, 8325, 8449, 9000, 8747, -6]
623:59.04, 8:10 [6, 8436, 8704, 8645, -6]
624:106.69, 10:10 [6, 8451, 8355, 8943, 9008, 9010, 8951, 8734, -6]
625:68.55, 9:10 [6, 8884, 8519, 8368, 8470, 8791, 8642, -6]
626:123.73, 9:10 [6, 8802, 8831, 8390, 8882, 8401, 8878, -6]
630:91.28, 10:10 [6, 8557, 8794, 8461, 8977, 8445, 8766, 8295, -6]
632:134.39, 10:10 [6, 8780, 8669, 8396, 8494, 8758, 8856, 8573, 8860, 8887, 8757, -6]
634:64.87, 10:10 [6, 8849, 8810, 8981, 8764, 8507, -6]
636:138.04, 9:10 [6, 8561, 8805, 8437, 8490, 8933, 8543, 8962, 8818, 8875, -6]
638:111.20, 10:10 [6, 8636, 8547, 8290, 8406, 8686, 8369, 9032, 8786, 8828, -6]
644:54.51, 9:10 [6, 8944, 8793, 8316, 8305, -6]
701:10.00, 3:10 [7, 8749, -7]
702:107.02, 10:10 [7, 8333, 8463, 8378, 8313, 8922, 8508, -7]
703:91.14, 10:10 [7, 8926, 8677, 8744, 8942, 8999, -7]
704:77.57, 10:10 [7, 8905, 8315, 8777, 8712, 8694, 8953, -7]
705:43.94, 10:10 [7, 8688, 8441, 8481, 8872, 8866, -7]
706:71.04, 9:10 [7, 8795, 8644, 8517, 8990, 9002, -7]
707:88.34, 10:10 [7, 8830, 8657, 8426, 9029, 8787, -7]
708:86.49, 10:10 [7, 8658, 8465, 8622, 8895, 8381, 8957, 8304, -7]
709:72.50, 9:10 [7, 8716, 8525, 8568, 8934, -7]
710:158.24, 10:10 [7, 8340, 8666, 8847, 8572, 8897, 8577, 8292, -7]
711:36.39, 10:10 [7, 8935, 9018, 8590, -7]
712:75.52, 10:10 [7, 8398, 8743, 8869, 8549, 8877, 8329, 9015, -7]
fe: 7, se: 43

Day: 1, Time: 0
Total Cost: 5210.85
 11:94.59, 75:75 [3, 8, -8, -3]
 12:94.59, 70:75 [3, 8, -8, -3]
 15:90.24, 73:75 [3, 9, -9, -3]
 16:113.51, 73:75 [3, 8, 9, -9, -3]
 18:90.24, 69:75 [3, 9, -9, -3]
 22:90.24, 31:75 [3, 9, -9, -3]
801:7.21, 4:10 [8, 8918, -8]
802:120.46, 10:10 [8, 8475, 8948, 8371, 8700, 8631, 9003, 8552, -8]
803:34.49, 10:10 [8, 8995, 8553, 8687, -8]
804:55.71, 10:10 [8, 8328, 8414, 8563, 8403, -8]
805:86.66, 10:10 [8, 8541, 8676, 8638, -8]
806:79.72, 4:10 [8, 8618, 8625, 8825, -8]
807:85.51, 8:10 [8, 8298, 8888, 8468, 8662, 8917, -8]
808:77.53, 10:10 [8, 8656, 8509, 8640, -8]
809:28.10, 4:10 [8, 8431, 8526, -8]
810:61.40, 9:10 [8, 8671, 8715, 8834, 8532, 8648, -8]
811:129.04, 10:10 [8, 8660, 8637, 9006, 8812, 8531, 8923, 8500, 8945, -8]
812:94.37, 10:10 [8, 8562, 8931, 8630, 9012, 8570, 8776, 8773, -8]
813:119.81, 10:10 [8, 8754, 8665, 8836, 8846, 8520, -8]
814:100.08, 10:10 [8, 8548, 8871, 8433, 8491, 8817, 8523, -8]
815:98.43, 9:10 [8, 8921, 9028, 8372, 9009, 8891, 8347, -8]
816:130.15, 10:10 [8, 8639, 8511, 8310, 8987, 8706, 8580, -8]
818:97.91, 10:10 [8, 8320, 8443, 8804, 8583, 8721, -8]
819:94.05, 10:10 [8, 8575, 8870, 8556, 8745, 8732, 8986, -8]
821:126.17, 10:10 [8, 8650, 8881, 8332, 8653, 8521, 8964, 9023, -8]
823:152.50, 10:10 [8, 8374, 8969, 9001, 8364, 8367, 8574, 8354, 8813, -8]
825:91.38, 10:10 [8, 8322, 8496, 8489, 8528, -8]
901:120.31, 9:10 [9, 8889, 8318, 8459, 9022, 9026, 8914, -9]
902:21.71, 5:10 [9, 8576, 8495, -9]
903:36.83, 10:10 [9, 8814, 8430, 8473, -9]
904:91.81, 10:10 [9, 8663, 8460, 8391, 8858, -9]
905:111.75, 10:10 [9, 8682, 8480, 8302, 8351, 9007, -9]
906:140.45, 9:10 [9, 8599, 8448, 8842, 8799, 8955, 8439, -9]
907:126.64, 10:10 [9, 8885, 8680, 8941, 8920, 8984, 8566, 8740, -9]
908:116.27, 9:10 [9, 8535, 8900, 8379, 8767, 8796, 8985, 8395, -9]
909:76.70, 10:10 [9, 8446, 8602, 8641, 8624, -9]
910:90.83, 10:10 [9, 8711, 8594, 8827, 8291, -9]
911:63.00, 10:10 [9, 8429, 8479, 8551, 8346, -9]
912:14.14, 4:10 [9, 8911, -9]
913:166.15, 10:10 [9, 8457, 8904, 8723, 8697, 8524, 8652, 8589, -9]
915:108.89, 9:10 [9, 8826, 8683, 8438, -9]
916:39.44, 7:10 [9, 8501, 8512, 8806, -9]
917:126.15, 10:10 [9, 8600, 8309, 8762, 8873, 8620, 8685, -9]
918:114.15, 10:10 [9, 8488, 8432, 8423, 8515, 8705, 8466, 8983, -9]
919:140.16, 10:10 [9, 8467, 8534, 8829, 8989, 8750, 8815, 8854, -9]
921:110.55, 10:10 [9, 8353, 8595, 8314, 8621, 8784, 8603, 8927, -9]
922:137.71, 10:10 [9, 8335, 8356, 8619, 8399, 9025, -9]
923:60.42, 10:10 [9, 8417, 8458, 8635, -9]
924:88.85, 10:10 [9, 8998, 8668, 8779, 8996, -9]
925:92.26, 10:10 [9, 8317, 8958, 8516, 8324, 8702, 8925, -9]
926:90.60, 10:10 [9, 8571, 8343, 8607, 8692, 8742, 8746, -9]
927:44.46, 9:10 [9, 8880, 8492, 8839, 8819, -9]
928:50.87, 8:10 [9, 8771, 8832, 8611, 8421, -9]
929:70.57, 9:10 [9, 8901, 8598, 8689, -9]
930:98.77, 10:10 [9, 8867, 8303, 8973, 8913, 8725, -9]
931:96.63, 10:10 [9, 8533, 8425, 8536, 8908, 8442, 8909, 8339, -9]
932:119.70, 10:10 [9, 8499, 9019, 8728, 8376, 8424, 8979, -9]
fe: 6, se: 51

Day: 1, Time: 5
Total Cost: 281.00
 11:66.27, 1:75 [2, -6, -2]
 12:66.27, 2:75 [2, -6, -2]
601:78.23, 1:10 [6, 11780, -6]
602:70.23, 2:10 [6, 9310, -6]
fe: 2, se: 2

Day: 1, Time: 15
Total Cost: 738.54
 11:136.01, 3:75 [1, -4, -1]
 12:153.31, 3:75 [1, -5, -1]
 13:153.31, 3:75 [1, -5, -1]
401:84.21, 3:10 [4, 13669, -4]
501:82.37, 3:10 [5, 13859, -5]
502:129.32, 3:10 [5, 14573, -5]
fe: 3, se: 3

Day: 1, Time: 15
Total Cost: 260.80
 11:66.27, 2:75 [2, -6, -2]
 12:66.27, 3:75 [2, -6, -2]
601:84.21, 2:10 [6, 16132, -6]
602:44.05, 3:10 [6, 15816, -6]
fe: 2, se: 2

Day: 1, Time: 15
Total Cost: 273.97
 11:94.59, 4:75 [3, -8, -3]
 12:90.24, 4:75 [3, -9, -3]
801:18.11, 4:10 [8, 12540, -8]
901:71.02, 4:10 [9, 16386, -9]
fe: 2, se: 2

Day: 1, Time: 25
Total Cost: 389.49
 11:136.01, 4:75 [1, -4, -1]
 12:136.01, 1:75 [1, -4, -1]
401:25.46, 4:10 [4, 9750, -4]
402:92.00, 1:10 [4, 15662, -4]
fe: 2, se: 2

Day: 1, Time: 25
Total Cost: 511.61
 11:94.59, 4:75 [3, -8, -3]
 12:90.24, 2:75 [3, -9, -3]
 13:90.24, 2:75 [3, -9, -3]
801:90.02, 4:10 [8, 9914, -8]
901:91.59, 2:10 [9, 15926, -9]
902:54.92, 2:10 [9, 16140, -9]
fe: 3, se: 3

Day: 1, Time: 30
Total Cost: 231.72
 11:153.31, 2:75 [1, -5, -1]
501:78.41, 2:10 [5, 11080, -5]
fe: 1, se: 1

Day: 1, Time: 30
Total Cost: 548.24
 11:66.27, 2:75 [2, -6, -2]
 12:145.23, 1:75 [2, -7, -2]
 13:145.23, 2:75 [2, -7, -2]
601:72.80, 2:10 [6, 16105, -6]
701:54.15, 1:10 [7, 14764, -7]
702:64.56, 2:10 [7, 16957, -7]
fe: 3, se: 3

Day: 1, Time: 30
Total Cost: 159.89
 11:94.59, 4:75 [3, -8, -3]
801:65.30, 4:10 [8, 11053, -8]
fe: 1, se: 1

Day: 1, Time: 35
Total Cost: 174.08
 11:145.23, 2:75 [2, -7, -2]
701:28.84, 2:10 [7, 12350, -7]
fe: 1, se: 1

Day: 1, Time: 45
Total Cost: 454.35
 11:136.01, 3:75 [1, -4, -1]
 12:153.31, 2:75 [1, -5, -1]
401:116.36, 3:10 [4, 12047, -4]
501:48.66, 2:10 [5, 16521, -5]
fe: 2, se: 2

Day: 1, Time: 50
Total Cost: 190.42
 11:136.01, 1:75 [1, -4, -1]
401:54.41, 1:10 [4, 15687, -4]
fe: 1, se: 1

Day: 1, Time: 55
Total Cost: 265.13
 11:136.01, 4:75 [1, -4, -1]
401:129.12, 4:10 [4, 11020, -4]
fe: 1, se: 1

Day: 1, Time: 55
Total Cost: 635.75
 11:94.59, 1:75 [3, -8, -3]
 12:94.59, 4:75 [3, -8, -3]
 13:94.59, 3:75 [3, -8, -3]
 14:90.24, 3:75 [3, -9, -3]
801:58.41, 1:10 [8, 16936, -8]
802:82.87, 4:10 [8, 16528, -8]
803:27.20, 3:10 [8, 15285, -8]
901:93.23, 3:10 [9, 14631, -9]
fe: 4, se: 4

Day: 1, Time: 60
Total Cost: 200.64
 11:136.01, 1:75 [1, -4, -1]
401:64.62, 1:10 [4, 14020, -4]
fe: 1, se: 1

Day: 1, Time: 60
Total Cost: 423.05
 11:66.27, 6:75 [2, -6, -2]
 12:66.27, 2:75 [2, -6, -2]
 13:145.23, 4:75 [2, -7, -2]
601:67.09, 6:10 [6, 12354, 16002, -6]
602:24.33, 2:10 [6, 10197, -6]
701:53.85, 4:10 [7, 16886, -7]
fe: 3, se: 3

Day: 1, Time: 60
Total Cost: 190.68
 11:94.59, 3:75 [3, -8, -3]
801:96.08, 3:10 [8, 11100, -8]
fe: 1, se: 1

Day: 1, Time: 70
Total Cost: 192.34
 11:136.01, 4:75 [1, -4, -1]
401:56.32, 4:10 [4, 10994, -4]
fe: 1, se: 1

Day: 1, Time: 80
Total Cost: 571.72
 12:136.01, 1:75 [1, -4, -1]
 13:153.31, 7:75 [1, -5, -1]
402:56.04, 1:10 [4, 10481, -4]
501:88.57, 2:10 [5, 13334, -5]
502:32.25, 2:10 [5, 10265, -5]
503:105.55, 3:10 [5, 15654, -5]
fe: 2, se: 4

Day: 1, Time: 80
Total Cost: 536.63
 11:66.27, 4:75 [2, -6, -2]
 12:66.27, 3:75 [2, -6, -2]
 13:66.27, 2:75 [2, -6, -2]
601:104.17, 4:10 [6, 11288, -6]
602:91.30, 3:10 [6, 14134, -6]
603:142.34, 2:10 [6, 14684, -6]
fe: 3, se: 3

Day: 1, Time: 85
Total Cost: 947.02
 11:90.24, 4:75 [3, -9, -3]
 12:94.59, 3:75 [3, -8, -3]
 13:94.59, 4:75 [3, -8, -3]
 14:94.59, 6:75 [3, -8, -3]
 15:90.24, 8:75 [3, -9, -3]
801:94.40, 2:10 [8, 12234, -8]
802:60.83, 3:10 [8, 13244, -8]
803:90.62, 4:10 [8, 9960, -8]
804:54.33, 4:10 [8, 13081, -8]
901:32.25, 2:10 [9, 14108, -9]
902:64.40, 4:10 [9, 14501, -9]
903:42.05, 2:10 [9, 10643, -9]
904:43.86, 4:10 [9, 14681, -9]
fe: 5, se: 8

Day: 1, Time: 90
Total Cost: 254.20
 11:136.01, 1:75 [1, -4, -1]
401:118.19, 1:10 [4, 12773, -4]
fe: 1, se: 1

Day: 1, Time: 95
Total Cost: 370.93
 11:66.27, 2:75 [2, -6, -2]
 12:145.23, 2:75 [2, -7, -2]
601:99.30, 2:10 [6, 13692, -6]
701:60.13, 2:10 [7, 15825, -7]
fe: 2, se: 2

Day: 1, Time: 95
Total Cost: 173.31
 11:94.59, 1:75 [3, -8, -3]
801:78.71, 1:10 [8, 14421, -8]
fe: 1, se: 1

Day: 1, Time: 100
Total Cost: 282.83
 11:66.27, 4:75 [2, -6, -2]
 12:66.27, 4:75 [2, -6, -2]
601:50.99, 4:10 [6, 9758, -6]
602:99.30, 4:10 [6, 14938, -6]
fe: 2, se: 2

Day: 1, Time: 110
Total Cost: 96.54
 11:66.27, 1:75 [2, -6, -2]
601:30.27, 1:10 [6, 13579, -6]
fe: 1, se: 1

Day: 1, Time: 115
Total Cost: 891.47
 11:136.01, 3:75 [1, -4, -1]
 12:136.01, 4:75 [1, -4, -1]
 13:153.31, 4:75 [1, -5, -1]
 14:153.31, 1:75 [1, -5, -1]
401:137.88, 3:10 [4, 13271, -4]
402:52.35, 4:10 [4, 13162, -4]
501:69.34, 4:10 [5, 11679, -5]
502:53.25, 1:10 [5, 12114, -5]
fe: 4, se: 4

Day: 1, Time: 120
Total Cost: 182.53
 11:136.01, 1:75 [1, -4, -1]
401:46.52, 1:10 [4, 11044, -4]
fe: 1, se: 1

Day: 1, Time: 120
Total Cost: 298.12
 11:66.27, 1:75 [2, -6, -2]
 12:66.27, 1:75 [2, -6, -2]
601:51.92, 1:10 [6, 10239, -6]
602:113.65, 1:10 [6, 9629, -6]
fe: 2, se: 2

Day: 1, Time: 125
Total Cost: 489.01
 11:94.59, 1:75 [3, -8, -3]
 12:90.24, 1:75 [3, -9, -3]
 13:90.24, 2:75 [3, -9, -3]
801:77.90, 1:10 [8, 16741, -8]
901:70.00, 1:10 [9, 11814, -9]
902:66.03, 2:10 [9, 14655, -9]
fe: 3, se: 3

Day: 1, Time: 130
Total Cost: 130.65
 11:94.59, 4:75 [3, -8, -3]
801:36.06, 4:10 [8, 14332, -8]
fe: 1, se: 1

Day: 1, Time: 135
Total Cost: 597.97
 11:136.01, 1:75 [1, -4, -1]
 12:136.01, 4:75 [1, -4, -1]
 13:153.31, 1:75 [1, -5, -1]
401:31.30, 1:10 [4, 16490, -4]
402:128.51, 4:10 [4, 11048, -4]
501:12.81, 1:10 [5, 16378, -5]
fe: 3, se: 3

Day: 1, Time: 135
Total Cost: 204.40
 11:66.27, 2:75 [2, -6, -2]
601:138.13, 2:10 [6, 16621, -6]
fe: 1, se: 1

Day: 1, Time: 135
Total Cost: 116.32
 11:90.24, 4:75 [3, -9, -3]
901:26.08, 4:10 [9, 15772, -9]
fe: 1, se: 1

Day: 1, Time: 140
Total Cost: 394.32
 11:136.01, 2:75 [1, -4, -1]
 12:136.01, 2:75 [1, -4, -1]
401:16.12, 2:10 [4, 11625, -4]
402:106.17, 2:10 [4, 10794, -4]
fe: 2, se: 2

Day: 1, Time: 140
Total Cost: 146.52
 11:94.59, 3:75 [3, -8, -3]
801:51.92, 3:10 [8, 14478, -8]
fe: 1, se: 1

Day: 1, Time: 145
Total Cost: 304.69
 11:153.31, 2:75 [1, -5, -1]
501:151.38, 2:10 [5, 12550, -5]
fe: 1, se: 1

Day: 1, Time: 145
Total Cost: 350.80
 11:90.24, 1:75 [3, -9, -3]
 12:90.24, 1:75 [3, -9, -3]
901:62.29, 1:10 [9, 10981, -9]
902:108.02, 1:10 [9, 15769, -9]
fe: 2, se: 2

Day: 1, Time: 150
Total Cost: 276.48
 11:94.59, 2:75 [3, -8, -3]
 12:94.59, 1:75 [3, -8, -3]
801:66.03, 2:10 [8, 15262, -8]
802:21.26, 1:10 [8, 11574, -8]
fe: 2, se: 2

Day: 1, Time: 155
Total Cost: 449.18
 11:136.01, 4:75 [1, -4, -1]
 12:153.31, 1:75 [1, -5, -1]
401:44.18, 1:10 [4, 16930, -4]
402:49.19, 3:10 [4, 15376, -4]
501:66.48, 1:10 [5, 15352, -5]
fe: 2, se: 3

Day: 1, Time: 155
Total Cost: 760.88
 11:66.27, 5:75 [2, -6, -2]
 12:66.27, 4:75 [2, -6, -2]
 13:66.27, 3:75 [2, -6, -2]
 14:66.27, 3:75 [2, -6, -2]
 15:145.23, 4:75 [2, -7, -2]
601:92.09, 1:10 [6, 9953, -6]
602:38.42, 4:10 [6, 16459, -6]
603:59.06, 3:10 [6, 14526, -6]
604:60.17, 3:10 [6, 15122, -6]
605:52.50, 4:10 [6, 10780, -6]
701:48.33, 4:10 [7, 11283, -7]
fe: 5, se: 6

Day: 1, Time: 160
Total Cost: 269.59
 11:153.31, 2:75 [1, -5, -1]
501:116.28, 2:10 [5, 10993, -5]
fe: 1, se: 1

Day: 1, Time: 160
Total Cost: 190.35
 11:145.23, 2:75 [2, -7, -2]
701:45.12, 2:10 [7, 12926, -7]
fe: 1, se: 1

Day: 1, Time: 165
Total Cost: 413.26
 11:136.01, 1:75 [1, -4, -1]
 12:153.31, 1:75 [1, -5, -1]
401:75.60, 1:10 [4, 15158, -4]
501:48.33, 1:10 [5, 13355, -5]
fe: 2, se: 2

Day: 1, Time: 165
Total Cost: 326.73
 11:66.27, 3:75 [2, -6, -2]
 12:66.27, 3:75 [2, -6, -2]
601:129.07, 3:10 [6, 10723, -6]
602:65.12, 3:10 [6, 13895, -6]
fe: 2, se: 2

Day: 1, Time: 170
Total Cost: 163.22
 11:136.01, 2:75 [1, -4, -1]
401:27.20, 2:10 [4, 10898, -4]
fe: 1, se: 1

Day: 1, Time: 170
Total Cost: 384.80
 11:94.59, 4:75 [3, -8, -3]
 12:90.24, 2:75 [3, -9, -3]
801:102.31, 4:10 [8, 14317, -8]
901:97.65, 2:10 [9, 15268, -9]
fe: 2, se: 2

Day: 1, Time: 175
Total Cost: 241.04
 11:153.31, 2:75 [1, -5, -1]
501:87.73, 2:10 [5, 15873, -5]
fe: 1, se: 1

Day: 1, Time: 180
Total Cost: 323.76
 11:66.27, 3:75 [2, -6, -2]
 12:145.23, 3:75 [2, -7, -2]
601:71.22, 3:10 [6, 10625, -6]
701:41.04, 3:10 [7, 16524, -7]
fe: 2, se: 2

Day: 1, Time: 185
Total Cost: 433.99
 11:136.01, 4:75 [1, -4, -1]
 12:136.01, 1:75 [1, -4, -1]
401:62.10, 4:10 [4, 9790, -4]
402:99.86, 1:10 [4, 16152, -4]
fe: 2, se: 2

Day: 1, Time: 195
Total Cost: 553.30
 11:66.27, 7:75 [2, -6, -2]
 12:66.27, 3:75 [2, -6, -2]
 13:66.27, 3:75 [2, -6, -2]
601:56.85, 4:10 [6, 12487, -6]
602:94.25, 3:10 [6, 10585, -6]
603:134.42, 3:10 [6, 15025, -6]
604:68.96, 3:10 [6, 12929, -6]
fe: 3, se: 4

Day: 1, Time: 200
Total Cost: 146.89
 11:66.27, 1:75 [2, -6, -2]
601:80.62, 1:10 [6, 12810, -6]
fe: 1, se: 1

Day: 1, Time: 205
Total Cost: 436.72
 11:136.01, 6:75 [1, -4, -1]
 12:136.01, 3:75 [1, -4, -1]
401:112.77, 6:10 [4, 12011, 14408, -4]
402:51.92, 3:10 [4, 11105, -4]
fe: 2, se: 2

Day: 1, Time: 205
Total Cost: 697.65
 11:94.59, 10:75 [3, -8, -3]
 12:90.24, 1:75 [3, -9, -3]
 13:94.59, 3:75 [3, -8, -3]
 14:90.24, 2:75 [3, -9, -3]
801:51.11, 4:10 [8, 15375, -8]
802:99.48, 3:10 [8, 15680, -8]
803:65.99, 6:10 [8, 14019, 9588, -8]
901:32.98, 1:10 [9, 9717, -9]
902:78.41, 2:10 [9, 9474, -9]
fe: 4, se: 5

Day: 1, Time: 220
Total Cost: 271.54
 11:66.27, 2:75 [2, -6, -2]
 12:66.27, 2:75 [2, -6, -2]
601:104.94, 2:10 [6, 15356, -6]
602:34.06, 2:10 [6, 12333, -6]
fe: 2, se: 2

Day: 1, Time: 225
Total Cost: 1256.66
 11:136.01, 6:75 [1, -4, -1]
 12:136.01, 7:75 [1, -4, -1]
 13:136.01, 6:75 [1, -4, -1]
 14:153.31, 1:75 [1, -5, -1]
401:61.22, 1:10 [4, 15945, -4]
402:44.89, 5:10 [4, 12915, 12186, -4]
403:141.42, 2:10 [4, 11323, -4]
404:64.16, 4:10 [4, 16801, 11134, -4]
406:103.73, 1:10 [4, 11239, -4]
407:56.89, 2:10 [4, 16635, -4]
408:84.76, 4:10 [4, 9561, -4]
501:138.23, 1:10 [5, 12102, -5]
fe: 4, se: 8

Day: 1, Time: 225
Total Cost: 206.23
 11:66.27, 7:75 [2, -6, -2]
601:77.67, 4:10 [6, 13632, -6]
602:62.29, 3:10 [6, 11019, -6]
fe: 1, se: 2

Day: 1, Time: 230
Total Cost: 203.69
 11:136.01, 1:75 [1, -4, -1]
401:67.68, 1:10 [4, 13057, -4]
fe: 1, se: 1

Day: 1, Time: 235
Total Cost: 274.25
 11:136.01, 1:75 [1, -4, -1]
401:138.23, 1:10 [4, 13410, -4]
fe: 1, se: 1

Day: 1, Time: 235
Total Cost: 291.57
 11:94.59, 3:75 [3, -8, -3]
 12:90.24, 4:75 [3, -9, -3]
801:106.73, 3:10 [8, 15847, -8]
901:0.00, 4:10 [9, 10959, -9]
fe: 2, se: 2

Day: 1, Time: 240
Total Cost: 158.64
 11:136.01, 2:75 [1, -4, -1]
401:22.63, 2:10 [4, 9207, -4]
fe: 1, se: 1

Day: 1, Time: 240
Total Cost: 157.49
 11:66.27, 3:75 [2, -6, -2]
601:91.21, 3:10 [6, 15078, -6]
fe: 1, se: 1

Day: 1, Time: 240
Total Cost: 172.41
 11:94.59, 4:75 [3, -8, -3]
801:77.82, 4:10 [8, 9395, -8]
fe: 1, se: 1

Day: 1, Time: 250
Total Cost: 108.74
 11:94.59, 1:75 [3, -8, -3]
801:14.14, 1:10 [8, 10200, -8]
fe: 1, se: 1

Day: 1, Time: 255
Total Cost: 430.72
 11:136.01, 7:75 [1, -4, -1]
 12:153.31, 2:75 [1, -5, -1]
401:56.57, 3:10 [4, 11352, -4]
402:24.00, 4:10 [4, 10365, -4]
501:60.83, 2:10 [5, 16813, -5]
fe: 2, se: 3

Day: 1, Time: 260
Total Cost: 127.58
 11:94.59, 2:75 [3, -8, -3]
801:32.98, 2:10 [8, 11144, -8]
fe: 1, se: 1

Day: 1, Time: 265
Total Cost: 753.46
 12:136.01, 3:75 [1, 4, -4, -1]
 13:153.31, 4:75 [1, -5, -1]
 14:153.31, 3:75 [1, -5, -1]
401:128.28, 2:10 [4, 7236, -4]
402:47.07, 3:10 [4, 10663, -4]
501:95.27, 4:10 [5, 13643, -5]
502:40.20, 3:10 [5, 15340, -5]
fe: 3, se: 4

Day: 1, Time: 265
Total Cost: 139.64
 11:90.24, 1:75 [3, -9, -3]
901:49.40, 1:10 [9, 9538, -9]
fe: 1, se: 1

Day: 1, Time: 270
Total Cost: 1076.40
 11:66.27, 1:75 [2, -6, -2]
 12:66.27, 11:75 [2, 6, -6, -2]
 13:66.27, 3:75 [2, -6, -2]
 14:66.27, 4:75 [2, -6, -2]
 15:66.27, 1:75 [2, -6, -2]
601:39.70, 1:10 [6, 12840, -6]
602:95.77, 2:10 [6, 15860, -6]
603:50.99, 3:10 [6, 13950, -6]
604:106.28, 4:10 [6, 16601, -6]
605:115.18, 6:10 [6, 9682, 1224, -6]
606:90.38, 4:10 [6, 13968, -6]
607:134.13, 1:10 [6, 13662, -6]
608:112.61, 3:10 [6, 15897, -6]
fe: 5, se: 8

Day: 1, Time: 270
Total Cost: 325.89
 11:94.59, 4:75 [3, -8, -3]
 12:94.59, 3:75 [3, -8, -3]
801:52.61, 4:10 [8, 16864, -8]
802:84.10, 3:10 [8, 9445, -8]
fe: 2, se: 2

Day: 1, Time: 275
Total Cost: 205.07
 11:136.01, 2:75 [1, -4, -1]
401:69.05, 2:10 [4, 10601, -4]
fe: 1, se: 1

Day: 1, Time: 275
Total Cost: 328.63
 11:66.27, 3:75 [2, -6, -2]
 12:145.23, 3:75 [2, -7, -2]
601:62.10, 3:10 [6, 14779, -6]
701:55.03, 3:10 [7, 10406, -7]
fe: 2, se: 2

Day: 1, Time: 275
Total Cost: 439.96
 11:94.59, 2:75 [3, -8, -3]
 12:94.59, 3:75 [3, -8, -3]
 13:90.24, 1:75 [3, -9, -3]
801:25.61, 2:10 [8, 9290, -8]
802:52.84, 3:10 [8, 14940, -8]
901:82.07, 1:10 [9, 16854, -9]
fe: 3, se: 3

Day: 1, Time: 280
Total Cost: 577.83
 11:94.59, 3:75 [3, -8, -3]
 12:94.59, 4:75 [3, -8, -3]
 13:90.24, 8:75 [3, -9, -3]
801:123.17, 3:10 [8, 9147, -8]
802:26.68, 4:10 [8, 10141, -8]
901:86.93, 4:10 [9, 12282, -9]
902:61.61, 4:10 [9, 16667, -9]
fe: 3, se: 4

Day: 1, Time: 285
Total Cost: 101.26
 11:66.27, 2:75 [2, -6, -2]
601:34.99, 2:10 [6, 9726, -6]
fe: 1, se: 1

Day: 1, Time: 290
Total Cost: 298.35
 11:66.27, 3:75 [2, -6, -2]
 12:66.27, 3:75 [2, -6, -2]
601:94.25, 3:10 [6, 10191, -6]
602:71.55, 3:10 [6, 10134, -6]
fe: 2, se: 2

Day: 1, Time: 295
Total Cost: 570.27
 11:136.01, 1:75 [1, -4, -1]
 12:136.01, 7:75 [1, -4, -1]
401:80.00, 1:10 [4, 12423, -4]
402:105.60, 4:10 [4, 15913, -4]
403:112.64, 3:10 [4, 12849, -4]
fe: 2, se: 3

Day: 1, Time: 295
Total Cost: 342.69
 11:66.27, 3:75 [2, -6, -2]
 12:66.27, 3:75 [2, -6, -2]
 13:66.27, 1:75 [2, -6, -2]
601:34.18, 3:10 [6, 15957, -6]
602:61.61, 3:10 [6, 15894, -6]
603:48.08, 1:10 [6, 14722, -6]
fe: 3, se: 3

Day: 1, Time: 300
Total Cost: 244.05
 11:66.27, 3:75 [2, -6, -2]
601:68.88, 1:10 [6, 11875, -6]
602:108.90, 2:10 [6, 10398, -6]
fe: 1, se: 2

Day: 1, Time: 300
Total Cost: 525.02
 12:90.24, 9:75 [3, 9, -9, -3]
 13:90.24, 4:75 [3, -9, -3]
901:71.14, 3:10 [9, 11855, 12147, -9]
902:102.70, 4:10 [9, 9198, -9]
903:82.67, 6:10 [9, 16239, 13187, -9]
904:88.02, 2:10 [9, 7442, -9]
fe: 2, se: 4

Day: 1, Time: 305
Total Cost: 263.58
 11:136.01, 3:75 [1, -4, -1]
401:127.56, 3:10 [4, 10396, -4]
fe: 1, se: 1

Day: 1, Time: 315
Total Cost: 357.06
 12:94.59, 7:75 [3, 8, -8, -3]
801:69.86, 4:10 [8, 14320, -8]
802:99.96, 2:10 [8, 7831, -8]
803:92.65, 3:10 [8, 13257, -8]
fe: 1, se: 3

Day: 1, Time: 320
Total Cost: 509.13
 11:66.27, 6:75 [2, 6, -6, -2]
 12:145.23, 6:75 [2, -7, -2]
601:161.59, 6:10 [6, 2390, 7838, -6]
602:45.61, 4:10 [6, 16607, -6]
701:42.39, 3:10 [7, 16288, 16668, -7]
702:48.04, 3:10 [7, 9421, -7]
fe: 2, se: 4

Day: 1, Time: 325
Total Cost: 163.10
 11:66.27, 4:75 [2, -6, -2]
601:96.83, 4:10 [6, 15697, -6]
fe: 1, se: 1

Day: 1, Time: 330
Total Cost: 224.38
 11:90.24, 8:75 [3, -9, -3]
901:44.05, 4:10 [9, 14906, -9]
902:90.09, 4:10 [9, 13603, -9]
fe: 1, se: 2

Day: 1, Time: 335
Total Cost: 465.00
 11:136.01, 7:75 [1, -4, -1]
 12:153.31, 1:75 [1, -5, -1]
401:116.31, 7:10 [4, 11808, 10422, -4]
501:59.36, 1:10 [5, 15466, -5]
fe: 2, se: 2

Day: 1, Time: 335
Total Cost: 196.27
 11:66.27, 1:75 [2, -6, -2]
601:130.00, 1:10 [6, 12325, -6]
fe: 1, se: 1

Day: 1, Time: 340
Total Cost: 197.55
 11:94.59, 2:75 [3, -8, -3]
801:102.96, 2:10 [8, 9919, -8]
fe: 1, se: 1

Day: 1, Time: 345
Total Cost: 532.18
 11:153.31, 1:75 [1, -5, -1]
 12:153.31, 3:75 [1, -5, -1]
501:157.44, 1:10 [5, 12361, -5]
502:68.12, 3:10 [5, 13436, -5]
fe: 2, se: 2

Day: 1, Time: 345
Total Cost: 165.30
 11:94.59, 4:75 [3, -8, -3]
801:70.71, 4:10 [8, 12856, -8]
fe: 1, se: 1

Day: 1, Time: 350
Total Cost: 257.09
 11:136.01, 2:75 [1, -4, -1]
401:121.08, 2:10 [4, 10934, -4]
fe: 1, se: 1

Day: 1, Time: 350
Total Cost: 291.38
 11:66.27, 7:75 [2, -6, -2]
601:116.64, 4:10 [6, 15306, 12987, -6]
602:108.46, 3:10 [6, 13747, -6]
fe: 1, se: 2

Day: 1, Time: 355
Total Cost: 160.75
 11:90.24, 7:75 [3, -9, -3]
901:70.51, 7:10 [9, 11295, 10129, -9]
fe: 1, se: 1

Day: 1, Time: 360
Total Cost: 1125.37
 11:136.01, 2:75 [1, -4, -1]
 12:179.78, 69:75 [1, 5, 4, -1]
402:60.98, 9:10 [4, 88, 160, 5205, 91, -4]
403:59.23, 1:10 [4, 139, -4]
404:57.76, 6:10 [4, 17, 36, -4]
405:64.03, 6:10 [4, 125, 74, -4]
406:32.98, 2:10 [4, 13994, -4]
501:120.05, 10:10 [5, 6248, 183, 21, -5]
502:57.63, 8:10 [5, 5418, 2598, 3702, -5]
503:175.04, 9:10 [5, 164, 261, 5991, -5]
504:91.70, 10:10 [5, 6432, 5788, 47, -5]
507:90.17, 10:10 [5, 174, 318, 281, 310, -5]
fe: 2, se: 10

Day: 1, Time: 360
Total Cost: 613.29
 11:113.51, 27:75 [3, 8, 9, -3]
 12:90.24, 3:75 [3, -9, -3]
801:167.00, 9:10 [8, 165, 200, 173, 5002, -8]
802:105.55, 10:10 [8, 4889, 239, 2502, 3997, -8]
901:78.94, 8:10 [9, 159, 20, 3357, -9]
902:58.03, 3:10 [9, 12784, -9]
fe: 2, se: 4

Day: 1, Time: 365
Total Cost: 538.83
 11:66.27, 19:75 [2, 6, -6, -2]
601:98.79, 1:10 [6, 14377, -6]
602:134.79, 10:10 [6, 60, 5731, 2809, 66, 89, -6]
603:111.07, 8:10 [6, 5642, 308, -6]
604:127.91, 1:10 [6, 1791, -6]
fe: 1, se: 4

Day: 1, Time: 365
Total Cost: 340.34
 11:90.24, 1:75 [3, -9, -3]
 12:90.24, 1:75 [3, -9, -3]
901:62.10, 1:10 [9, 9935, -9]
902:97.75, 1:10 [9, 16698, -9]
fe: 2, se: 2

Day: 1, Time: 370
Total Cost: 298.11
 11:153.31, 2:75 [1, -5, -1]
501:144.80, 2:10 [5, 10924, -5]
fe: 1, se: 1

Day: 1, Time: 370
Total Cost: 287.00
 11:66.27, 3:75 [2, -6, -2]
 12:66.27, 2:75 [2, -6, -2]
601:131.04, 3:10 [6, 10336, -6]
602:23.41, 2:10 [6, 9779, -6]
fe: 2, se: 2

Day: 1, Time: 370
Total Cost: 175.00
 11:90.24, 3:75 [3, -9, -3]
901:84.76, 3:10 [9, 15366, -9]
fe: 1, se: 1

Day: 1, Time: 375
Total Cost: 228.66
 11:136.01, 3:75 [1, -4, -1]
401:92.65, 3:10 [4, 14994, -4]
fe: 1, se: 1

Day: 1, Time: 375
Total Cost: 311.06
 11:94.59, 4:75 [3, -8, -3]
 12:90.24, 3:75 [3, -9, -3]
801:11.66, 4:10 [8, 9422, -8]
901:114.56, 3:10 [9, 11360, -9]
fe: 2, se: 2

Day: 1, Time: 380
Total Cost: 133.19
 11:90.24, 1:75 [3, -9, -3]
901:42.94, 1:10 [9, 15580, -9]
fe: 1, se: 1

Day: 1, Time: 385
Total Cost: 107.45
 11:90.24, 4:75 [3, -9, -3]
901:17.20, 4:10 [9, 9444, -9]
fe: 1, se: 1

Day: 1, Time: 390
Total Cost: 270.90
 11:153.31, 3:75 [1, -5, -1]
501:117.59, 3:10 [5, 15667, -5]
fe: 1, se: 1

Day: 1, Time: 390
Total Cost: 125.18
 11:66.27, 6:75 [2, -6, -2]
601:27.86, 4:10 [6, 12574, -6]
602:31.05, 2:10 [6, 15578, -6]
fe: 1, se: 2

Day: 1, Time: 390
Total Cost: 124.19
 11:90.24, 4:75 [3, -9, -3]
901:33.94, 4:10 [9, 12489, -9]
fe: 1, se: 1

Day: 1, Time: 395
Total Cost: 178.82
 11:136.01, 3:75 [1, -4, -1]
401:42.80, 3:10 [4, 16971, -4]
fe: 1, se: 1

Day: 1, Time: 395
Total Cost: 343.68
 11:94.59, 4:75 [3, -8, -3]
 12:90.24, 2:75 [3, -9, -3]
801:96.33, 4:10 [8, 14634, -8]
901:62.51, 2:10 [9, 16078, -9]
fe: 2, se: 2

Day: 1, Time: 400
Total Cost: 249.58
 11:136.01, 4:75 [1, -4, -1]
401:66.03, 3:10 [4, 9397, -4]
402:47.54, 1:10 [4, 16050, -4]
fe: 1, se: 2

Day: 1, Time: 405
Total Cost: 1873.09
 11:136.01, 27:75 [1, 4, -1]
 12:136.01, 6:75 [1, -4, -1]
 13:153.31, 4:75 [1, -5, -1]
 14:153.31, 27:75 [1, 5, -1]
 15:136.01, 4:75 [1, -4, -1]
401:75.63, 8:10 [4, 54, 332, 231, -4]
402:63.14, 6:10 [4, 15944, 11158, -4]
403:129.99, 9:10 [4, 199, 87, 177, 86, 251, -4]
404:115.26, 4:10 [4, 9233, -4]
405:119.10, 10:10 [4, 339, 31, 59, -4]
501:151.61, 9:10 [5, 210, 265, 296, 939, 149, -5]
502:141.70, 3:10 [5, 297, 223, 195, -5]
503:78.49, 4:10 [5, 241, 190, -5]
504:138.92, 4:10 [5, 12328, -5]
505:98.35, 8:10 [5, 228, 338, 53, -5]
506:46.25, 3:10 [5, 295, 230, -5]
fe: 5, se: 11

Day: 1, Time: 405
Total Cost: 957.75
 11:66.27, 59:75 [2, 6, -2]
601:131.47, 10:10 [6, 294, 83, 307, -6]
602:171.76, 9:10 [6, 46, 75, 274, -6]
603:159.67, 9:10 [6, 7688, 16, 221, -6]
604:105.07, 10:10 [6, 322, 109, 175, 282, 154, -6]
605:145.05, 9:10 [6, 284, 118, 35, -6]
606:52.00, 4:10 [6, 30, -6]
607:126.46, 8:10 [6, 119, 191, 129, -6]
fe: 1, se: 7

Day: 1, Time: 405
Total Cost: 825.51
 11:113.51, 54:75 [3, 9, 8, -3]
801:63.23, 2:10 [8, 63, 8240, -8]
802:98.39, 9:10 [8, 23, 215, 39, -8]
901:54.40, 10:10 [9, 220, 229, 97, -9]
902:99.74, 8:10 [9, 7135, 236, 179, -9]
903:128.65, 9:10 [9, 108, 37, 6686, -9]
904:170.43, 8:10 [9, 331, 71, 24, 193, -9]
905:97.16, 8:10 [9, 32, 134, 259, 22, -9]
fe: 1, se: 7

Day: 1, Time: 410
Total Cost: 263.33
 11:66.27, 3:75 [2, -6, -2]
 12:145.23, 1:75 [2, -7, -2]
601:22.09, 3:10 [6, 9145, -6]
701:29.73, 1:10 [7, 10799, -7]
fe: 2, se: 2

Day: 1, Time: 410
Total Cost: 163.05
 11:90.24, 3:75 [3, -9, -3]
901:72.80, 3:10 [9, 12299, -9]
fe: 1, se: 1

Day: 1, Time: 415
Total Cost: 185.43
 11:145.23, 3:75 [2, -7, -2]
701:40.20, 3:10 [7, 16690, -7]
fe: 1, se: 1

Day: 1, Time: 415
Total Cost: 176.78
 11:90.24, 4:75 [3, -9, -3]
901:86.53, 4:10 [9, 15504, -9]
fe: 1, se: 1

Day: 1, Time: 420
Total Cost: 205.12
 11:66.27, 6:75 [2, -6, -2]
601:67.91, 2:10 [6, 13551, -6]
602:70.94, 4:10 [6, 10514, -6]
fe: 1, se: 2

Day: 1, Time: 420
Total Cost: 308.59
 11:94.59, 3:75 [3, -8, -3]
 12:90.24, 1:75 [3, -9, -3]
801:57.27, 3:10 [8, 12326, -8]
901:66.48, 1:10 [9, 13871, -9]
fe: 2, se: 2

Day: 1, Time: 450
Total Cost: 142.34
 11:136.01, 2:75 [1, 4, -1]
401:6.32, 2:10 [4, 4236, -4]
fe: 1, se: 1

Day: 1, Time: 450
Total Cost: 359.86
 11:66.27, 12:75 [2, 6, -2]
603:139.16, 6:10 [6, 6578, 2208, 6468, 7079, -6]
605:154.42, 6:10 [6, 4581, 4083, 2104, -6]
fe: 1, se: 2

Day: 1, Time: 460
Total Cost: 434.74
 12:153.31, 12:75 [1, 5, -1]
501:68.41, 3:10 [5, 104, -5]
502:81.06, 4:10 [5, 150, 254, -5]
503:36.88, 1:10 [5, 90, -5]
504:95.08, 4:10 [5, 206, -5]
fe: 1, se: 4

Day: 1, Time: 460
Total Cost: 206.59
 11:66.27, 7:75 [2, 6, -2]
601:40.05, 2:10 [6, 93, -6]
602:100.27, 5:10 [6, 2303, 290, -6]
fe: 1, se: 2

Day: 1, Time: 460
Total Cost: 533.44
 12:113.51, 34:75 [3, 9, 8, -3]
801:56.33, 6:10 [8, 166, 273, -8]
802:32.56, 2:10 [8, 298, -8]
902:121.53, 9:10 [9, 216, 303, 169, -9]
903:101.51, 8:10 [9, 126, 141, 209, -9]
904:108.01, 9:10 [9, 107, 286, 161, -9]
fe: 1, se: 5


Day	Area	ID	Time	Load	Utilization	NoOrders	AssignmentCost
1	1	 6	225	  6	0.10	 4	135.00
1	1	 7	270	 15	0.25	 7	225.00
1	1	118	300	 14	0.12	 5	430.00
1	1	 8	315	 60	1.00	31	675.00
1	1	27	315	 30	0.50	11	375.00
1	1	 9	360	  9	0.15	 5	165.00
1	1	119	400	 63	0.53	25	1410.00
1	1	10	405	  4	0.07	 1	115.00
1	1	11	450	 32	0.44	16	316.00
1	1	12	495	  7	0.10	 4	116.00
1	1	13	540	 30	0.42	11	300.00
1	1	14	585	 54	0.90	20	615.00
1	1	15	630	 60	1.00	26	675.00
1	1	34	630	 21	0.35	 8	285.00
1	1	16	675	  4	0.08	 1	138.00
1	1	17	720	 48	1.00	18	666.00
1	1	36	720	 15	0.31	 7	270.00
1	2	43	180	  4	0.08	 2	138.00
1	2	135	200	  3	0.03	 2	210.00
1	2	44	225	  4	0.07	 1	115.00
1	2	45	270	  6	0.10	 3	135.00
1	2	136	300	 78	0.65	32	1710.00
1	2	46	315	 46	0.77	18	535.00
1	2	47	360	 11	0.18	 4	185.00
1	2	137	400	109	0.91	42	2330.00
1	2	49	450	 25	0.35	 9	260.00
1	2	50	495	 15	0.21	 6	180.00
1	2	138	500	  9	0.06	 4	264.00
1	2	51	540	 52	0.72	22	476.00
1	2	52	585	 17	0.28	 7	245.00
1	2	139	600	 45	0.38	14	1050.00
1	2	53	630	 60	1.00	23	675.00
1	2	72	630	 21	0.35	10	285.00
1	3	81	180	  8	0.17	 2	186.00
1	3	153	200	  6	0.05	 2	270.00
1	3	82	225	  4	0.07	 1	115.00
1	3	83	270	 18	0.30	 6	255.00
1	3	154	300	 46	0.38	19	1070.00
1	3	84	315	 60	1.00	25	675.00
1	3	103	315	 49	0.82	20	565.00
1	3	85	360	  3	0.05	 2	105.00
1	3	155	400	 27	0.23	12	690.00
1	3	86	405	  3	0.05	 2	105.00
1	3	87	450	 28	0.39	 8	284.00
1	3	88	495	 15	0.21	 4	180.00
1	3	156	500	  1	0.01	 1	136.00
1	3	89	540	 72	1.00	24	636.00
1	3	108	540	  7	0.10	 3	116.00
1	3	90	585	 60	1.00	24	675.00
1	3	109	585	 15	0.25	 5	225.00
1	3	157	600	 13	0.11	 6	410.00
1	3	92	675	 47	0.98	18	654.00


Day	Area	Time	Pickup	Delivery	Direct	FEVehicles	SEVehicles	ALNSTime	ALNSBestTime	RoutingCostArea
1	1	0	115	143	0	9	52	247.07	171.56	6576.01
1	1	15	3	0	0	3	3	0.55	0.00	738.54
1	1	25	2	0	0	2	2	0.30	0.00	389.49
1	1	30	1	0	0	1	1	0.19	0.00	231.72
1	1	45	2	0	0	2	2	0.30	0.00	454.35
1	1	50	1	0	0	1	1	0.19	0.00	190.42
1	1	55	1	0	0	1	1	0.19	0.00	265.13
1	1	60	1	0	0	1	1	0.19	0.00	200.64
1	1	70	1	0	1	1	1	0.19	0.00	692.34
1	1	80	4	0	0	2	4	0.60	0.00	571.72
1	1	90	1	0	0	1	1	0.19	0.00	254.20
1	1	115	4	0	0	4	4	0.69	0.00	891.47
1	1	120	1	0	0	1	1	0.19	0.00	182.53
1	1	135	3	0	0	3	3	0.48	0.00	597.97
1	1	140	2	0	0	2	2	0.28	0.00	394.32
1	1	145	1	0	0	1	1	0.19	0.00	304.69
1	1	155	3	0	0	2	3	0.38	0.00	449.18
1	1	160	1	0	1	1	1	0.19	0.00	769.59
1	1	165	2	0	0	2	2	0.31	0.00	413.26
1	1	170	1	0	0	1	1	0.19	0.00	163.22
1	1	175	1	0	1	1	1	0.19	0.00	741.04
1	1	185	2	0	0	2	2	0.30	0.00	433.99
1	1	205	3	0	0	2	2	0.31	0.00	436.72
1	1	225	10	0	0	4	8	0.68	0.00	1256.66
1	1	230	1	0	0	1	1	0.19	0.00	203.69
1	1	235	1	0	0	1	1	0.19	0.00	274.25
1	1	240	1	0	0	1	1	0.19	0.00	158.64
1	1	255	3	0	0	2	3	0.36	0.00	430.72
1	1	265	3	1	0	3	4	0.87	0.00	753.46
1	1	275	1	0	0	1	1	0.20	0.00	205.07
1	1	295	3	0	0	2	3	0.36	0.00	570.27
1	1	305	1	0	0	1	1	0.18	0.00	263.58
1	1	335	3	0	0	2	2	0.34	0.00	465.00
1	1	345	2	0	0	2	2	0.29	0.00	532.18
1	1	350	1	0	0	1	1	0.19	0.00	257.09
1	1	360	1	25	0	2	10	3.67	2.71	1125.37
1	1	370	1	0	0	1	1	0.19	0.00	298.11
1	1	375	1	0	0	1	1	0.19	0.00	228.66
1	1	390	1	0	0	1	1	0.19	0.00	270.90
1	1	395	1	0	0	1	1	0.19	0.00	178.82
1	1	400	2	0	0	1	2	0.28	0.00	249.58
1	1	405	4	26	0	5	11	3.11	0.23	1873.09
1	1	450	0	1	0	1	1	0.19	0.00	142.34
1	1	460	0	5	0	1	4	0.44	0.00	434.74
1	2	0	118	119	0	7	43	243.48	168.93	4579.52
1	2	5	2	0	0	2	2	0.32	0.00	281.00
1	2	15	2	0	0	2	2	0.33	0.00	260.80
1	2	30	3	0	0	3	3	0.48	0.00	548.24
1	2	35	1	0	0	1	1	0.19	0.00	174.08
1	2	60	4	0	0	3	3	0.56	0.00	423.05
1	2	80	3	0	0	3	3	0.43	0.00	536.63
1	2	95	2	0	0	2	2	0.30	0.00	370.93
1	2	100	2	0	0	2	2	0.30	0.00	282.83
1	2	110	1	0	0	1	1	0.19	0.00	96.54
1	2	120	2	0	0	2	2	0.30	0.00	298.12
1	2	135	1	0	0	1	1	0.19	0.00	204.40
1	2	155	6	0	0	5	6	0.82	0.06	760.88
1	2	160	1	0	0	1	1	0.19	0.00	190.35
1	2	165	2	0	0	2	2	0.29	0.00	326.73
1	2	180	2	0	0	2	2	0.31	0.00	323.76
1	2	195	4	0	0	3	4	0.54	0.00	553.30
1	2	200	1	0	0	1	1	0.19	0.00	146.89
1	2	220	2	0	0	2	2	0.30	0.00	271.54
1	2	225	2	0	0	1	2	0.27	0.00	206.23
1	2	240	1	0	0	1	1	0.19	0.00	157.49
1	2	270	8	1	0	5	8	1.05	0.00	1076.40
1	2	275	2	0	0	2	2	0.33	0.00	328.63
1	2	285	1	0	0	1	1	0.21	0.00	101.26
1	2	290	2	0	0	2	2	0.34	0.00	298.35
1	2	295	3	0	0	3	3	0.42	0.00	342.69
1	2	300	2	0	0	1	2	0.24	0.00	244.05
1	2	320	4	2	0	2	4	0.67	0.00	509.13
1	2	325	1	0	0	1	1	0.18	0.00	163.10
1	2	335	1	0	0	1	1	0.19	0.00	196.27
1	2	350	3	0	0	1	2	0.37	0.00	291.38
1	2	365	1	8	0	1	4	0.70	0.00	538.83
1	2	370	2	0	0	2	2	0.29	0.00	287.00
1	2	390	2	0	0	1	2	0.26	0.00	125.18
1	2	405	0	21	0	1	7	1.36	0.06	957.75
1	2	410	2	0	0	2	2	0.29	0.00	263.33
1	2	415	1	0	0	1	1	0.19	0.00	185.43
1	2	420	2	0	0	1	2	0.27	0.00	205.12
1	2	450	0	7	0	1	2	0.45	0.00	359.86
1	2	460	0	3	0	1	2	0.23	0.00	206.59
1	3	0	102	148	0	6	51	446.20	340.07	5210.85
1	3	15	2	0	0	2	2	0.32	0.00	273.97
1	3	25	3	0	0	3	3	0.48	0.00	511.61
1	3	30	1	0	0	1	1	0.19	0.00	159.89
1	3	55	4	0	0	4	4	0.67	0.00	635.75
1	3	60	1	0	0	1	1	0.19	0.00	190.68
1	3	85	8	0	0	5	8	0.86	0.00	947.02
1	3	95	1	0	0	1	1	0.19	0.00	173.31
1	3	125	3	0	0	3	3	0.48	0.00	489.01
1	3	130	1	0	0	1	1	0.19	0.00	130.65
1	3	135	1	0	0	1	1	0.19	0.00	116.32
1	3	140	1	0	0	1	1	0.19	0.00	146.52
1	3	145	2	0	0	2	2	0.29	0.00	350.80
1	3	150	2	0	1	2	2	0.29	0.00	776.48
1	3	170	2	0	0	2	2	0.31	0.00	384.80
1	3	205	6	0	0	4	5	0.71	0.00	697.65
1	3	235	2	0	0	2	2	0.32	0.00	291.57
1	3	240	1	0	0	1	1	0.19	0.00	172.41
1	3	250	1	0	0	1	1	0.19	0.00	108.74
1	3	260	1	0	0	1	1	0.20	0.00	127.58
1	3	265	1	0	0	1	1	0.19	0.00	139.64
1	3	270	2	0	0	2	2	0.33	0.00	325.89
1	3	275	3	0	0	3	3	0.52	0.00	439.96
1	3	280	4	0	0	3	4	0.46	0.00	577.83
1	3	300	5	1	0	2	4	0.76	0.00	525.02
1	3	315	2	1	0	1	3	0.35	0.01	357.06
1	3	330	2	0	0	1	2	0.27	0.00	224.38
1	3	340	1	0	0	1	1	0.19	0.00	197.55
1	3	345	1	0	0	1	1	0.19	0.00	165.30
1	3	355	2	0	0	1	1	0.26	0.00	160.75
1	3	360	1	11	0	2	4	0.81	0.00	613.29
1	3	365	2	0	0	2	2	0.30	0.00	340.34
1	3	370	1	0	0	1	1	0.19	0.00	175.00
1	3	375	2	0	0	2	2	0.31	0.00	311.06
1	3	380	1	0	0	1	1	0.19	0.00	133.19
1	3	385	1	0	0	1	1	0.19	0.00	107.45
1	3	390	1	0	0	1	1	0.19	0.00	124.19
1	3	395	2	0	0	2	2	0.30	0.00	343.68
1	3	405	0	22	0	1	7	2.80	1.03	825.51
1	3	410	1	0	0	1	1	0.19	0.00	163.05
1	3	415	1	0	0	1	1	0.19	0.00	176.78
1	3	420	2	0	0	2	2	0.30	0.00	308.59
1	3	460	0	12	0	1	5	0.83	0.03	533.44
1	3	525	0	0	1	0	0	0.00	0.00	500.00

Day	SL	Own	DispatchTimes	AssignmentCost	RoutingCost	TotalCost
1	40	12	84	23056.00	63852.94	86908.94

Total Cost: 86908.93642375212
Cost per Day: 86908.93642375212
Running time in Seconds: 1107.534
Running time in minutes: 18.4589