INSTANCE: 4hubs_MND_A_11_x.csv
PARAMETER: tuning_tight.txt
POLICY: MIP
ALPHA: 0.116676541539658
BETA: 65
OMEGA: 586
EPSILON: 1.02309230249707

Day: 1, Time: 0
Total Cost: 8655.73
 11:136.01, 74:75 [1, 5, -5, -1]
 12:136.01, 74:75 [1, 5, -5, -1]
 13:136.01, 73:75 [1, 5, -5, -1]
 14:153.31, 59:75 [1, 6, -6, -1]
 15:179.78, 73:75 [1, 5, 6, -6, -1]
 16:153.31, 60:75 [1, 6, -6, -1]
 17:136.01, 30:75 [1, 5, -5, -1]
 18:153.31, 57:75 [1, 6, -6, -1]
 19:136.01, 38:75 [1, 5, -1]
 20:153.31, 4:75 [1, -6, -1]
 21:153.31, 20:75 [1, 6, -6, -1]
501:23.41, 3:10 [5, 17696, -5]
502:86.71, 10:10 [5, 16911, 16432, 17789, 17596, 17399, 17359, -5]
503:56.75, 9:10 [5, 16957, 16536, 16471, -5]
504:15.23, 3:10 [5, 16558, -5]
505:146.98, 10:10 [5, 17172, 17568, 16718, 16947, 16398, 16708, 17506, 17805, -5]
506:50.28, 8:10 [5, 16704, 16944, 17184, -5]
507:131.43, 10:10 [5, 17812, 16569, 16907, 17634, 17319, 17676, 17788, 16748, 17795, -5]
508:143.68, 10:10 [5, 16717, 16426, 17744, 17340, 17252, 17097, 16386, -5]
509:27.93, 10:10 [5, 17790, 17451, 17573, 17707, -5]
510:32.26, 7:10 [5, 17144, 16421, -5]
511:65.73, 10:10 [5, 17245, 17436, 17360, 16795, 17461, -5]
512:39.30, 5:10 [5, 17628, 16390, 17468, -5]
513:126.10, 9:10 [5, 17085, 17540, 17378, 17740, -5]
514:63.31, 10:10 [5, 16673, 16402, 16628, -5]
515:109.89, 10:10 [5, 16766, 17166, 17146, 17754, 17682, 17684, 16414, -5]
516:86.17, 10:10 [5, 16743, 17747, 17831, 16816, 16868, -5]
517:63.60, 9:10 [5, 16775, 16797, 16448, -5]
518:143.64, 10:10 [5, 16527, 16747, 17411, 17775, 17054, 16640, -5]
519:53.63, 9:10 [5, 17576, 16656, 16663, 17148, -5]
520:29.72, 3:10 [5, 17188, 17323, -5]
521:97.49, 10:10 [5, 17631, 16644, 16808, 16894, -5]
522:116.95, 10:10 [5, 16899, 17761, 16502, 17585, 16521, -5]
523:84.39, 8:10 [5, 17759, 16846, 16982, 17523, -5]
524:154.73, 10:10 [5, 17832, 17158, 16869, 17163, 17267, 16453, 17448, -5]
525:174.77, 10:10 [5, 17106, 16538, 16969, 17203, 17017, 17533, -5]
526:103.39, 10:10 [5, 17528, 16482, 16613, 16778, 16515, 17383, -5]
527:150.56, 10:10 [5, 17475, 16776, 17053, 17592, 16960, 17408, -5]
528:98.98, 10:10 [5, 16834, 17500, 17192, 16891, 16600, 16621, -5]
529:98.59, 9:10 [5, 17122, 16385, 17117, 17574, 17494, 16739, 17118, -5]
530:135.34, 9:10 [5, 16394, 16548, 16435, 17499, 17284, 17447, -5]
531:72.97, 8:10 [5, 16683, 17406, 17701, 17096, 17440, -5]
532:56.37, 9:10 [5, 16811, 16517, 17616, 16627, 17222, 16763, -5]
533:84.25, 10:10 [5, 17377, 16792, 16584, 16719, 17711, 17381, 17211, -5]
536:80.61, 9:10 [5, 17156, 16452, 16572, 17741, 16534, 17495, -5]
538:106.63, 9:10 [5, 17750, 17082, 16886, 17269, 17793, 17303, -5]
541:129.02, 10:10 [5, 17813, 17827, 17220, -5]
543:81.27, 10:10 [5, 17667, 16413, 17699, 16850, 17313, 17304, -5]
545:118.62, 10:10 [5, 17665, 16535, 16556, 16501, 17327, 17760, -5]
547:107.89, 10:10 [5, 16746, 17247, 16659, 16642, 17657, -5]
548:78.94, 10:10 [5, 17274, 17753, 17554, 16586, 17265, -5]
549:36.15, 8:10 [5, 17798, 17131, -5]
550:90.38, 10:10 [5, 17529, 17282, 16961, 17250, 17671, 16578, 17579, 17792, -5]
601:159.85, 10:10 [6, 16684, 17139, 17627, 16648, 16547, 17251, 17589, 16618, -6]
602:57.50, 9:10 [6, 16465, 17457, 17005, 17731, 16872, -6]
603:108.87, 10:10 [6, 16609, 17444, 16384, 17366, 16926, 17728, -6]
604:98.84, 9:10 [6, 17697, 17821, 17298, 17685, -6]
605:132.55, 10:10 [6, 17571, 16565, 17190, 16504, 17394, 17186, -6]
606:145.43, 9:10 [6, 16677, 17766, 17290, 16992, 17718, -6]
607:70.55, 10:10 [6, 17093, 17621, 17757, 17636, -6]
608:73.28, 10:10 [6, 17618, 16524, 16733, -6]
609:61.16, 10:10 [6, 17425, 17625, 16496, 17691, 16705, -6]
610:168.56, 10:10 [6, 16562, 17558, 16844, 17110, -6]
611:72.98, 10:10 [6, 16653, 16881, 17135, -6]
612:61.93, 10:10 [6, 16551, 17048, 16429, -6]
613:144.74, 10:10 [6, 16678, 16801, 17445, 16681, 16786, -6]
614:64.00, 9:10 [6, 17635, 17601, 16391, 16487, -6]
615:43.67, 7:10 [6, 16553, 17016, 17777, 17229, -6]
616:112.42, 10:10 [6, 16423, 16781, 16953, 17280, 17288, 16722, 17516, -6]
617:26.88, 8:10 [6, 17556, 16483, 16813, 17646, -6]
618:98.01, 9:10 [6, 17112, 16437, 16880, 17215, 17357, 17784, -6]
619:91.25, 10:10 [6, 17057, 17524, 16671, 17076, 17231, 17162, -6]
620:20.11, 4:10 [6, 17301, 17561, -6]
621:94.62, 10:10 [6, 16988, 17680, 17598, 16665, 16403, 17745, 17113, -6]
622:67.07, 10:10 [6, 17490, 17508, 17756, 17839, -6]
623:60.86, 10:10 [6, 16664, 16753, 16415, 17815, 17719, 16697, 17100, -6]
624:33.02, 7:10 [6, 17736, 16573, -6]
625:100.59, 8:10 [6, 17562, 16866, 16672, 17565, 17336, 16378, -6]
626:127.20, 10:10 [6, 16851, 17544, 16958, 16462, -6]
627:155.41, 10:10 [6, 16842, 16752, 17272, 17214, 16979, 17328, 17385, 16948, -6]
628:140.00, 10:10 [6, 16873, 16443, 17787, 17726, 17114, 17513, 17705, -6]
629:173.71, 10:10 [6, 16581, 17070, 16910, 17212, 17549, 17806, -6]
630:128.16, 4:10 [6, 17420, -6]
633:78.08, 8:10 [6, 16690, 17483, 17019, 17439, 16861, -6]
634:100.82, 9:10 [6, 16649, 16711, 16444, 17660, 17623, 17234, -6]
636:79.85, 10:10 [6, 17101, 17334, 16376, 17078, 17402, -6]
638:123.31, 10:10 [6, 17015, 17570, 16794, 17559, 16862, 16807, -6]
fe: 11, se: 76

Day: 1, Time: 0
Total Cost: 7389.04
 11:66.27, 75:75 [2, 7, -7, -2]
 12:66.27, 75:75 [2, 7, -7, -2]
 13:66.27, 72:75 [2, 7, -7, -2]
 14:66.27, 73:75 [2, 7, -7, -2]
 15:66.27, 17:75 [2, 7, -7, -2]
 16:145.23, 71:75 [2, 8, -8, -2]
 17:66.27, 10:75 [2, 7, -2]
 18:145.23, 75:75 [2, 8, -8, -2]
 19:66.27, 9:75 [2, 7, -7, -2]
 22:66.27, 8:75 [2, 7, -7, -2]
 33:66.27, 9:75 [2, 7, -7, -2]
 42:66.27, 10:75 [2, 7, -2]
 43:66.27, 7:75 [2, 7, -2]
701:20.59, 1:10 [7, 16890, -7]
702:116.34, 9:10 [7, 17629, 17189, 16989, -7]
703:53.39, 8:10 [7, 16882, 16759, 16768, -7]
704:72.73, 10:10 [7, 17010, 16440, 17455, 17200, 17012, 17661, 17594, -7]
705:167.18, 10:10 [7, 17090, 17773, 17312, 16533, 16964, 17237, 17599, 16666, 17126, -7]
706:87.87, 10:10 [7, 16442, 17712, 17009, 16841, -7]
708:104.04, 10:10 [7, 16493, 17130, 17171, 17392, 16952, -7]
709:118.46, 10:10 [7, 16912, 17299, 17092, 17597, 17296, 17123, -7]
710:136.64, 10:10 [7, 17560, 17154, 16723, 17066, 17153, 17818, 16932, -7]
711:141.60, 10:10 [7, 16938, 16510, 17473, 16624, 16461, 17204, 16450, -7]
712:134.03, 10:10 [7, 16843, 16847, 17072, 17255, 17677, 16451, 17438, -7]
713:52.56, 9:10 [7, 16612, 16570, 16660, -7]
714:108.24, 9:10 [7, 16798, 17182, 17729, 17221, 16478, 16715, 17424, -7]
716:78.64, 10:10 [7, 16561, 16460, 16405, 17717, 17000, 16532, -7]
717:104.67, 10:10 [7, 17593, 16645, 16954, 17322, 17370, 17611, -7]
718:87.03, 9:10 [7, 17419, 17175, 17578, 16680, 17642, -7]
719:158.77, 10:10 [7, 17652, 17733, 16554, 17668, -7]
720:70.66, 8:10 [7, 17400, 16412, 17581, 16543, 17749, 16732, -7]
722:167.33, 10:10 [7, 16513, 16725, 17797, 17428, 16991, 17547, 16625, 17486, 17008, 17810, -7]
723:108.61, 10:10 [7, 17822, 17782, 16522, 16736, 17003, -7]
724:77.86, 9:10 [7, 17638, 17145, 16939, -7]
725:128.45, 10:10 [7, 17433, 16985, 17161, 17692, 17210, -7]
726:77.35, 8:10 [7, 17567, 17430, 16490, 17277, 16611, 17365, -7]
727:136.74, 10:10 [7, 17422, 17149, 17278, 16687, 17630, 16900, -7]
728:122.14, 10:10 [7, 17361, 17843, 16987, 16545, 17612, 17776, -7]
729:82.93, 10:10 [7, 17249, 16480, 17155, 17199, 17132, 17622, 17232, -7]
730:58.57, 10:10 [7, 17478, 16917, 16564, -7]
731:94.14, 9:10 [7, 16698, 16639, 16635, 16468, -7]
732:169.74, 10:10 [7, 17059, 17456, 16833, 16380, 17033, 16810, 17226, 17829, -7]
733:122.42, 10:10 [7, 17799, 16506, 17450, 17802, 17714, 17826, 16668, 17488, -7]
734:129.98, 10:10 [7, 16410, 17094, 16636, 17511, 16796, 17202, -7]
735:118.94, 10:10 [7, 16492, 16761, 17683, 16832, 16993, 17287, 16393, 16925, 17716, -7]
736:111.79, 10:10 [7, 16840, 16758, 17459, 17023, 17442, 17803, -7]
737:139.34, 10:10 [7, 16419, 16682, 16436, 17504, 17706, 17233, -7]
738:50.21, 7:10 [7, 17196, 17034, -7]
739:145.69, 10:10 [7, 16920, 17165, 16809, 17352, 17748, 16828, -7]
740:176.00, 10:10 [7, 17397, 17108, 17648, 17670, 17550, 16756, 16670, 17548, -7]
741:149.61, 10:10 [7, 17170, 16408, 17213, 17830, 16836, 17342, 16406, -7]
742:117.38, 10:10 [7, 16800, 17687, 16887, 17356, 16823, 17505, 16959, 17446, -7]
744:112.12, 10:10 [7, 16928, 16375, 17649, 16525, 17002, -7]
745:89.92, 10:10 [7, 17828, 16729, 16927, 17471, -7]
746:126.31, 10:10 [7, 17374, 17030, 16392, 17396, 17228, 17435, -7]
751:66.28, 10:10 [7, 16782, 16574, 17036, 16514, -7]
754:146.33, 10:10 [7, 17236, 16654, 17774, 17703, 16676, -7]
760:158.37, 10:10 [7, 16404, 16637, 17261, 16857, 16599, 17177, 17254, 16619, -7]
801:80.61, 10:10 [8, 16580, 17619, 16541, 16606, 16662, -8]
802:96.22, 10:10 [8, 16904, 17243, 17645, 17487, 16675, -8]
803:45.52, 6:10 [8, 17527, 17244, -8]
804:93.38, 9:10 [8, 16793, 17695, 17136, 17429, 17043, 16783, -8]
805:66.09, 7:10 [8, 16689, 17067, 16876, -8]
806:123.23, 10:10 [8, 16464, 17160, 16855, 17248, 17143, 17498, 17268, -8]
808:71.43, 8:10 [8, 17264, 17004, 16924, 17124, -8]
809:91.68, 8:10 [8, 17371, 16789, 16875, 16475, 17720, 17794, 16693, -8]
810:94.18, 10:10 [8, 16871, 17767, 16805, 17553, 16765, 17600, 17152, 17700, -8]
811:74.69, 10:10 [8, 16784, 16598, 16546, 16661, 17308, 17819, 17260, -8]
813:46.88, 8:10 [8, 17098, 17007, 16605, -8]
816:90.80, 10:10 [8, 16456, 17613, 17111, 16520, 16529, 17710, 16486, -8]
817:25.03, 7:10 [8, 16699, 17343, 16695, -8]
818:61.59, 10:10 [8, 16433, 16477, 17390, 17338, 16694, 17109, -8]
820:95.07, 10:10 [8, 16788, 16647, 17300, 17492, 16688, 16620, 17658, -8]
821:69.68, 9:10 [8, 17413, 16582, 17833, 16728, -8]
822:67.99, 10:10 [8, 16657, 16457, 16399, 17653, 17021, -8]
823:37.51, 9:10 [8, 16425, 16950, 16830, -8]
825:39.98, 9:10 [8, 16941, 16803, 16787, 16820, 17811, 17358, -8]
fe: 13, se: 64

Day: 1, Time: 0
Total Cost: 7882.51
 11:64.00, 75:75 [4, 12, -12, -4]
 12:120.02, 74:75 [4, 11, -11, -4]
 13:120.02, 75:75 [4, 11, -11, -4]
 14:64.00, 75:75 [4, 12, -12, -4]
 15:64.00, 69:75 [4, 12, -12, -4]
 16:64.00, 45:75 [4, 12, -12, -4]
 17:64.00, 27:75 [4, 12, -12, -4]
 18:64.00, 23:75 [4, 12, -12, -4]
 19:64.00, 28:75 [4, 12, -12, -4]
 21:64.00, 27:75 [4, 12, -12, -4]
 22:120.02, 31:75 [4, 11, -11, -4]
1101:71.33, 9:10 [11, 17779, 17603, 17362, 17077, -11]
1102:184.01, 10:10 [11, 17368, 16902, 17102, 16481, 17046, 17672, 17201, -11]
1103:36.16, 6:10 [11, 17640, 17509, 16550, -11]
1104:63.79, 10:10 [11, 17325, 17674, 17780, 16458, -11]
1105:79.89, 7:10 [11, 17159, 17836, 17572, 16555, 17454, -11]
1106:57.70, 10:10 [11, 17310, 17569, 16720, 16559, 17060, -11]
1107:121.95, 10:10 [11, 16724, 17107, 16741, 16614, 16508, -11]
1108:37.17, 10:10 [11, 17614, 17580, 17391, -11]
1109:103.72, 9:10 [11, 16879, 17035, 17026, 17410, 17617, 17164, -11]
1110:86.16, 10:10 [11, 16940, 16870, 16571, 16626, -11]
1111:67.50, 10:10 [11, 16877, 16685, 17441, 17464, 16745, -11]
1112:37.24, 7:10 [11, 17329, 16734, 17364, -11]
1113:112.24, 10:10 [11, 17770, 16921, 17061, 16430, 16829, -11]
1114:67.42, 10:10 [11, 17518, 17496, 17335, -11]
1115:92.41, 10:10 [11, 16906, 17218, 17814, 17332, 16679, 17584, -11]
1116:107.75, 10:10 [11, 16610, 17772, 17497, 16516, 17382, 17785, -11]
1117:27.67, 8:10 [11, 16592, 16750, -11]
1118:49.22, 7:10 [11, 17071, 17105, -11]
1119:189.18, 10:10 [11, 16692, 17467, 16540, 16884, 17507, 16901, 16817, 16831, 17350, -11]
1121:117.82, 10:10 [11, 16878, 17694, 17063, 17409, 16819, 17349, -11]
1122:65.06, 8:10 [11, 17125, 16488, 17472, 17783, 16631, -11]
1123:87.57, 10:10 [11, 17800, 16737, 17765, 17610, 17713, -11]
1124:30.26, 4:10 [11, 17285, 16897, -11]
1125:102.52, 9:10 [11, 16898, 16434, 17088, 17286, 16962, 16757, 17796, 17470, -11]
1126:69.40, 10:10 [11, 16528, 16994, 17412, 16893, 17198, 17038, -11]
1127:71.52, 10:10 [11, 16996, 16970, 16849, 17115, 16650, 17205, -11]
1201:145.83, 10:10 [12, 17025, 17217, 16557, 17816, 16867, 17443, 16804, 17469, -12]
1202:93.20, 10:10 [12, 16526, 16416, 16963, 16633, 16769, -12]
1203:38.05, 8:10 [12, 17032, 16935, -12]
1204:163.39, 10:10 [12, 16691, 17058, 17235, 16930, 17551, 16971, 16409, -12]
1205:164.98, 10:10 [12, 16966, 17355, 17515, 16773, 17022, -12]
1206:106.40, 10:10 [12, 17045, 17786, 17582, 16727, 16467, 17140, 17434, -12]
1207:51.16, 10:10 [12, 16566, 16585, 16587, -12]
1208:130.19, 9:10 [12, 17006, 17121, 17644, 17641, 17324, 16951, 17225, -12]
1209:36.72, 4:10 [12, 17330, -12]
1210:52.67, 9:10 [12, 16998, 16560, 16762, 17452, 17632, 17398, -12]
1211:119.08, 9:10 [12, 16777, 16655, 16824, -12]
1212:53.75, 7:10 [12, 16505, 17209, 17702, 17246, -12]
1213:113.67, 8:10 [12, 17609, 17393, 17414, -12]
1214:111.16, 10:10 [12, 17179, 16602, 17590, 17151, 16972, 17404, 17297, 17181, -12]
1215:71.66, 6:10 [12, 17804, 16934, 16946, -12]
1216:54.09, 7:10 [12, 17337, 16669, -12]
1217:95.62, 9:10 [12, 17127, 17432, 17037, 16608, 17534, 17242, 16703, -12]
1218:95.32, 10:10 [12, 16595, 17318, 16730, 17256, 16845, -12]
1219:59.63, 9:10 [12, 17721, 17586, 16772, -12]
1220:126.98, 10:10 [12, 17662, 16755, 17722, 16503, 17557, 16818, 17587, 17681, -12]
1221:78.91, 9:10 [12, 16799, 16588, 16590, -12]
1222:126.82, 10:10 [12, 16806, 17216, 17608, 17081, 16701, 17395, 17768, -12]
1223:133.84, 10:10 [12, 17708, 17367, 16489, 17321, 16848, 17835, 17055, -12]
1224:153.77, 10:10 [12, 16860, 17075, 16407, 16519, 16617, -12]
1225:126.02, 10:10 [12, 16956, 16976, 16552, 17678, 17415, 16864, 17453, -12]
1226:129.85, 10:10 [12, 17502, 16597, 16388, 16485, -12]
1227:76.57, 9:10 [12, 16523, 16751, 16858, 17537, 17407, 17531, -12]
1228:111.60, 8:10 [12, 16852, 17510, 16896, 17305, 17013, 17620, -12]
1229:46.01, 7:10 [12, 16983, 16438, -12]
1230:63.98, 10:10 [12, 16915, 16914, 17065, -12]
1231:119.97, 10:10 [12, 17116, 17650, 16428, 17688, 17363, 16632, 17437, -12]
1232:114.71, 10:10 [12, 16923, 17133, 16604, 17737, 16974, 17838, -12]
1233:50.12, 9:10 [12, 17659, 17266, 17512, -12]
1234:101.46, 10:10 [12, 17474, 17591, 16596, 17522, 17341, -12]
1235:73.48, 10:10 [12, 16780, 17302, 16779, 16978, -12]
1236:63.24, 10:10 [12, 16530, 16973, 16616, 16445, -12]
1237:116.18, 10:10 [12, 16498, 17049, 16981, 17345, 17238, 16594, 17752, -12]
1238:8.25, 2:10 [12, 17539, -12]
1240:81.43, 10:10 [12, 17056, 17460, 17482, 16856, 17427, 17333, -12]
1241:147.54, 10:10 [12, 16895, 16472, 16577, 17479, 17275, 16455, 17824, 17421, -12]
1242:100.94, 10:10 [12, 16916, 17698, 16686, 16943, -12]
1244:113.65, 9:10 [12, 16785, 17375, 17119, 16491, 16802, 17372, -12]
1245:149.29, 10:10 [12, 16567, 17841, 16744, 17195, 16499, 17386, 17138, -12]
1249:142.11, 10:10 [12, 16397, 16603, 17463, 17169, 17837, 17690, 17086, -12]
1250:124.48, 10:10 [12, 17351, 16933, 17651, 16509, 17501, 17354, -12]
1252:58.03, 10:10 [12, 16439, 17257, 17314, 17532, 16544, -12]
1253:110.38, 10:10 [12, 16623, 17087, 16651, 17739, 17309, -12]
1256:126.91, 10:10 [12, 17073, 17484, 16706, 17535, 16825, 17194, 17746, -12]
1257:140.67, 9:10 [12, 17563, 17178, 16387, 16822, 17311, 17481, 17781, -12]
fe: 11, se: 75

Day: 1, Time: 5
Total Cost: 6994.54
 11:94.59, 75:75 [3, 9, -9, -3]
 12:94.59, 72:75 [3, 9, -9, -3]
 13:113.51, 73:75 [3, 10, 9, -9, -3]
 14:113.51, 72:75 [3, 10, 9, -9, -3]
 15:90.24, 72:75 [3, 10, -10, -3]
 16:90.24, 62:75 [3, 10, -10, -3]
 17:90.24, 75:75 [3, 10, -10, -3]
 32:94.59, 27:75 [3, 9, -3]
901:75.26, 8:10 [9, 17602, 16791, 17180, 17403, -9]
902:106.64, 8:10 [9, 16474, 16500, 17477, 17755, 17099, -9]
903:56.85, 10:10 [9, 17150, 17723, 17344, 17626, 17517, -9]
904:129.85, 10:10 [9, 17197, 16615, 17239, 16889, 17743, 17173, 17347, 16713, -9]
905:32.76, 8:10 [9, 16537, 16424, -9]
906:42.64, 7:10 [9, 16479, 17564, 17655, -9]
908:112.87, 10:10 [9, 16431, 16495, 16579, 16740, 17526, 17462, 17227, -9]
909:84.20, 10:10 [9, 16658, 16696, 16942, -9]
910:158.14, 10:10 [9, 16497, 17168, 17289, 17825, 17137, 17074, 17709, -9]
911:95.39, 9:10 [9, 17465, 17763, 16771, 16975, 17476, 17840, -9]
912:107.30, 10:10 [9, 17051, 17331, 17520, 17416, 17679, -9]
913:38.76, 8:10 [9, 16441, 16955, 16700, -9]
914:112.03, 8:10 [9, 16531, 16767, 17240, 16968, -9]
915:96.04, 10:10 [9, 17401, 17052, 16742, 17807, 17273, -9]
916:85.84, 10:10 [9, 17656, 16476, 16630, 17735, 17844, 17541, 17575, 17307, 17525, -9]
917:91.74, 9:10 [9, 17279, 16646, 16738, 16980, -9]
918:14.42, 4:10 [9, 17466, -9]
919:69.79, 10:10 [9, 16874, 16401, 16716, -9]
920:98.70, 10:10 [9, 17040, 16389, 16539, 16575, 17405, -9]
921:145.89, 10:10 [9, 16449, 17027, 17778, 17253, 17348, 16629, 17044, 17387, 17673, -9]
922:71.86, 10:10 [9, 17704, 17546, 16721, 16995, 17317, -9]
923:92.06, 10:10 [9, 17292, 17120, 16790, 17817, 17241, 17820, 17224, 16883, -9]
924:62.70, 9:10 [9, 17207, 16853, 17187, -9]
925:152.38, 10:10 [9, 17147, 16634, 16909, 17230, 17808, 17675, 17519, 17083, 17193, 16652, 17730, -9]
927:115.58, 10:10 [9, 22195, 17270, 17538, 16381, -9]
928:97.72, 10:10 [9, 17689, 17418, 16865, 17791, 17315, -9]
929:29.82, 10:10 [9, 16411, 17595, 16908, 17103, -9]
930:128.83, 9:10 [9, 16903, 17686, 17606, 17029, 17742, -9]
931:87.14, 10:10 [9, 16454, 16643, 17095, -9]
932:112.00, 10:10 [9, 17417, 17191, 17157, 17141, 17295, -9]
933:168.26, 10:10 [9, 16447, 17104, 17047, 17583, 16859, 17555, 17020, 17605, -9]
934:106.26, 10:10 [9, 17084, 16888, 16576, 17028, 17715, 16754, 16395, 17663, -9]
935:112.11, 8:10 [9, 17604, 16905, 17042, 16710, 17389, 17842, 17068, 17291, -9]
936:103.14, 10:10 [9, 17091, 16922, 16549, 16591, -9]
937:37.42, 7:10 [9, 16774, 16396, -9]
939:82.44, 9:10 [9, 16863, 17530, 16984, 16466, 17024, 16990, -9]
941:135.73, 10:10 [9, 16568, 17764, 17276, 16918, 16965, 16382, 16702, -9]
1001:113.98, 10:10 [10, 16674, 17183, 16931, 16667, 16835, 17588, -10]
1002:126.51, 10:10 [10, 17089, 16936, 17834, 17306, 16714, 17050, 17734, 17771, 17079, 17283, -10]
1003:116.41, 10:10 [10, 16377, 17552, 16760, 17664, 16997, 17423, 16764, 17666, -10]
1004:149.55, 10:10 [10, 16400, 17353, 17129, 17503, 17080, 16641, 17489, 17637, -10]
1005:108.25, 10:10 [10, 17654, 16622, 17258, 17449, 16712, -10]
1006:46.41, 10:10 [10, 17624, 16446, 17176, 16854, -10]
1008:124.60, 10:10 [10, 16827, 16812, 16469, 17801, 16512, 16484, 17647, -10]
1009:102.85, 10:10 [10, 16507, 17062, 17039, 17064, 17431, -10]
1010:84.30, 9:10 [10, 16986, 16821, 16470, 17128, 16967, -10]
1011:79.73, 10:10 [10, 17339, 17769, 16735, 17615, 17758, -10]
1012:12.17, 4:10 [10, 16593, -10]
1013:39.70, 10:10 [10, 17693, 17727, 17669, 17809, -10]
1014:45.56, 10:10 [10, 17724, 17543, 17263, -10]
1015:93.59, 10:10 [10, 16379, 17134, 16583, 17206, 17426, 17514, 17633, 16511, -10]
1016:112.46, 10:10 [10, 16839, 17379, 16607, 17185, 16826, 16945, 17380, -10]
1017:107.33, 10:10 [10, 17732, 17458, 17639, 17384, 16589, -10]
1019:98.36, 9:10 [10, 16749, 17566, 17376, 17480, 16417, -10]
1020:11.60, 8:10 [10, 16937, 17014, -10]
1022:74.86, 9:10 [10, 17545, 17219, 17536, 17823, 17223, -10]
1023:39.49, 9:10 [10, 17491, 17320, 17294, -10]
1024:54.01, 8:10 [10, 17174, 17069, 17751, 16707, 16949, -10]
1025:136.62, 10:10 [10, 17041, 16427, 16422, 16815, 17485, -10]
1026:74.65, 10:10 [10, 17369, 16473, 17373, 16542, 17271, -10]
1027:78.31, 10:10 [10, 16885, 17738, 16814, 17607, 16459, -10]
1028:89.07, 9:10 [10, 16929, 17388, 16999, 17142, 17346, 31754, -10]
1029:80.47, 9:10 [10, 16709, 17001, 17167, -10]
1032:76.20, 10:10 [10, 16463, 16977, 16838, 16892, 16518, -10]
1033:82.46, 10:10 [10, 16601, 17643, 17542, 17281, 16494, -10]
1034:119.48, 10:10 [10, 16420, 16383, 16563, 16418, 16726, 17493, 17018, 17208, -10]
1035:124.30, 10:10 [10, 16638, 17316, 16837, 17577, 17762, 17262, 17011, 17725, -10]
1036:90.54, 10:10 [10, 16731, 17259, 16919, 17521, 17326, 17293, -10]
1038:68.59, 9:10 [10, 16770, 17031, 16913, -10]
fe: 8, se: 69

Day: 1, Time: 40
Total Cost: 735.55
 11:66.27, 16:75 [2, -7, -2]
 12:66.27, 17:75 [2, -7, -2]
701:131.32, 9:10 [7, 18339, 23473, 29696, -7]
702:107.10, 7:10 [7, 29038, 20929, -7]
703:118.00, 6:10 [7, 25639, 29457, -7]
704:195.59, 10:10 [7, 31443, 27268, 27324, 33523, -7]
705:50.99, 1:10 [7, 27668, -7]
fe: 2, se: 5

Day: 1, Time: 45
Total Cost: 790.36
 11:90.24, 11:75 [3, -10, -3]
 12:94.59, 4:75 [3, -9, -3]
 13:90.24, 7:75 [3, -10, -3]
902:115.32, 4:10 [9, 19870, 27258, -9]
1001:72.59, 5:10 [10, 27889, 26368, 23910, -10]
1003:204.09, 6:10 [10, 21615, 28413, 29183, 18353, -10]
1004:123.26, 7:10 [10, 33049, 21083, 26175, -10]
fe: 3, se: 4

Day: 1, Time: 50
Total Cost: 229.04
 11:66.27, 3:75 [2, -7, -2]
701:162.77, 3:10 [7, 25853, 18312, -7]
fe: 1, se: 1

Day: 1, Time: 50
Total Cost: 831.07
 11:64.00, 24:75 [4, -12, -4]
 12:64.00, 23:75 [4, -12, -4]
1201:115.91, 10:10 [12, 32826, 30332, 30928, 30531, -12]
1202:74.51, 4:10 [12, 31806, 22416, -12]
1203:159.59, 10:10 [12, 19456, 24837, 22748, 20576, -12]
1204:123.75, 8:10 [12, 28130, 31265, 22733, -12]
1205:109.98, 9:10 [12, 20063, 20447, 22348, -12]
1206:119.33, 6:10 [12, 21569, 23366, -12]
fe: 2, se: 6

Day: 1, Time: 55
Total Cost: 1201.93
 11:136.01, 21:75 [1, -5, -1]
 12:136.01, 4:75 [1, -5, -1]
 13:153.31, 13:75 [1, -6, -1]
 14:153.31, 4:75 [1, -6, -1]
501:73.91, 4:10 [5, 30723, 31386, -5]
502:115.51, 4:10 [5, 28483, 21317, -5]
503:85.00, 9:10 [5, 24041, 27300, 28456, -5]
504:48.78, 8:10 [5, 22717, 25290, 18393, -5]
601:153.50, 10:10 [6, 24773, 19003, 25483, 26033, 30259, 21406, -6]
603:81.37, 4:10 [6, 28160, 23642, -6]
604:65.21, 3:10 [6, 22452, 33452, -6]
fe: 4, se: 7

Day: 1, Time: 55
Total Cost: 416.56
 11:151.76, 6:75 [2, -7, -8, -2]
 12:66.27, 4:75 [2, -7, -2]
701:42.05, 3:10 [7, 33547, -7]
702:114.86, 4:10 [7, 26207, -7]
801:41.62, 3:10 [8, 33125, -8]
fe: 2, se: 3

Day: 1, Time: 70
Total Cost: 575.85
 11:90.24, 6:75 [3, -10, -3]
 12:90.24, 9:75 [3, -10, -3]
1001:234.47, 6:10 [10, 21533, 18313, 27707, -10]
1002:72.36, 5:10 [10, 23558, 20775, -10]
1003:88.53, 4:10 [10, 22892, 26516, -10]
fe: 2, se: 3

Day: 1, Time: 70
Total Cost: 496.14
 11:64.00, 9:75 [4, -12, -4]
 12:120.02, 9:75 [4, -11, -4]
1101:62.61, 3:10 [11, 28262, -11]
1102:72.58, 6:10 [11, 28560, 26417, -11]
1202:176.93, 9:10 [12, 27233, 24074, 24738, -12]
fe: 2, se: 3

Day: 1, Time: 75
Total Cost: 612.47
 11:136.01, 14:75 [1, -5, -1]
 12:153.31, 4:75 [1, -6, -1]
501:94.67, 10:10 [5, 31289, 21452, 21418, -5]
502:135.88, 4:10 [5, 28488, -5]
601:92.58, 4:10 [6, 18317, 21147, -6]
fe: 2, se: 3

Day: 1, Time: 90
Total Cost: 638.29
 11:66.27, 9:75 [2, -7, -2]
 12:66.27, 10:75 [2, -7, -2]
 14:66.27, 4:75 [2, -7, -2]
701:146.48, 10:10 [7, 23737, 30840, 29180, -7]
702:49.27, 9:10 [7, 30696, 30212, 25534, -7]
703:91.41, 2:10 [7, 23930, -7]
704:152.32, 2:10 [7, 30808, -7]
fe: 3, se: 4

Day: 1, Time: 90
Total Cost: 522.33
 11:94.59, 9:75 [3, -9, -3]
 12:94.59, 1:75 [3, -9, -3]
901:246.98, 9:10 [9, 33316, 32732, 18110, 18575, -9]
902:86.16, 1:10 [9, 22681, -9]
fe: 2, se: 2

Day: 1, Time: 95
Total Cost: 363.87
 11:66.27, 4:75 [2, -7, -2]
 12:145.23, 1:75 [2, -8, -2]
701:98.33, 4:10 [7, 27133, -7]
801:54.04, 1:10 [8, 29001, -8]
fe: 2, se: 2

Day: 1, Time: 105
Total Cost: 993.97
 11:136.01, 14:75 [1, -5, -1]
 12:136.01, 7:75 [1, -5, -1]
 13:153.31, 9:75 [1, -6, -1]
501:105.26, 1:10 [5, 29225, -5]
502:20.00, 7:10 [5, 27108, 32954, -5]
504:66.09, 7:10 [5, 23919, 33115, -5]
505:110.20, 6:10 [5, 27212, 20362, 25732, -5]
601:267.09, 9:10 [6, 24351, 31102, 32060, 22240, -6]
fe: 3, se: 5

Day: 1, Time: 115
Total Cost: 474.49
 11:94.59, 8:75 [3, -9, -3]
 12:90.24, 2:75 [3, -10, -3]
901:254.26, 8:10 [9, 30846, 18830, 25250, 18907, 21570, 19839, -9]
1002:35.38, 2:10 [10, 26153, -10]
fe: 2, se: 2

Day: 1, Time: 115
Total Cost: 809.21
 12:64.00, 37:75 [4, -12, -4]
 13:64.00, 13:75 [4, -12, -4]
1201:117.05, 3:10 [12, 31666, -12]
1202:106.45, 8:10 [12, 33466, 32007, 32374, -12]
1203:107.32, 10:10 [12, 30578, 20231, 31426, -12]
1204:146.10, 10:10 [12, 32745, 24359, 25625, -12]
1205:119.14, 9:10 [12, 23088, 28371, 28960, -12]
1206:85.15, 10:10 [12, 29826, 24566, 26831, -12]
fe: 2, se: 6

Day: 1, Time: 125
Total Cost: 540.26
 11:136.01, 5:75 [1, -5, -1]
 12:153.31, 1:75 [1, -6, -1]
501:143.95, 4:10 [5, 30225, 20892, 29259, -5]
502:66.48, 1:10 [5, 26436, -5]
601:40.50, 1:10 [6, 26781, -6]
fe: 2, se: 3

Day: 1, Time: 125
Total Cost: 430.61
 11:94.59, 8:75 [3, -9, -3]
 12:90.24, 2:75 [3, -10, -3]
 13:90.24, 1:75 [3, -10, -3]
901:31.30, 4:10 [9, 24664, -9]
902:24.00, 4:10 [9, 22555, -9]
1001:16.12, 2:10 [10, 29241, -10]
1002:84.10, 1:10 [10, 29470, -10]
fe: 3, se: 4

Day: 1, Time: 130
Total Cost: 200.79
 11:136.01, 1:75 [1, -5, -1]
501:64.78, 1:10 [5, 21116, -5]
fe: 1, se: 1

Day: 1, Time: 135
Total Cost: 242.59
 11:136.01, 3:75 [1, -5, -1]
501:74.32, 2:10 [5, 32471, -5]
502:32.25, 1:10 [5, 24431, -5]
fe: 1, se: 2

Day: 1, Time: 140
Total Cost: 737.81
 11:66.27, 19:75 [2, -7, -2]
 12:66.27, 2:75 [2, -7, -2]
 13:66.27, 26:75 [2, -7, -2]
701:89.68, 10:10 [7, 23337, 20548, 29327, -7]
702:30.00, 2:10 [7, 30120, -7]
703:120.65, 9:10 [7, 20355, 24888, 30582, -7]
704:66.78, 7:10 [7, 26034, 21008, 23715, -7]
705:143.68, 10:10 [7, 21539, 33202, 28387, -7]
706:88.20, 9:10 [7, 19314, 28866, 18252, -7]
fe: 3, se: 6

Day: 1, Time: 150
Total Cost: 589.77
 11:90.24, 9:75 [3, -10, -3]
 12:90.24, 2:75 [3, -10, -3]
1001:119.25, 3:10 [10, 27252, 19559, -10]
1002:47.71, 2:10 [10, 26179, -10]
1003:242.32, 6:10 [10, 18652, 22301, 30579, 25246, -10]
fe: 2, se: 3

Day: 1, Time: 160
Total Cost: 507.25
 11:64.00, 15:75 [4, -12, -4]
 12:64.00, 4:75 [4, -12, -4]
1201:14.14, 4:10 [12, 24925, -12]
1202:214.85, 8:10 [12, 20898, 21058, 30357, -12]
1203:150.26, 7:10 [12, 31677, 22293, -12]
fe: 2, se: 3

Day: 1, Time: 165
Total Cost: 685.90
 11:136.01, 2:75 [1, -5, -1]
 12:136.01, 18:75 [1, -5, -1]
501:45.12, 2:10 [5, 21268, -5]
502:188.42, 10:10 [5, 30462, 24722, 29963, 28429, -5]
503:180.33, 8:10 [5, 19867, 32044, 32665, -5]
fe: 2, se: 3

Day: 1, Time: 165
Total Cost: 261.99
 11:113.51, 5:75 [3, -9, -10, -3]
901:118.41, 3:10 [9, 30778, -9]
1001:30.07, 2:10 [10, 23171, -10]
fe: 1, se: 2

Day: 1, Time: 165
Total Cost: 327.68
 11:120.02, 4:75 [4, -11, -4]
 12:64.00, 1:75 [4, -12, -4]
1101:69.34, 4:10 [11, 26480, -11]
1201:74.32, 1:10 [12, 22455, -12]
fe: 2, se: 2

Day: 1, Time: 170
Total Cost: 636.21
 11:66.27, 19:75 [2, -7, -2]
 12:66.27, 8:75 [2, -7, -2]
701:185.48, 10:10 [7, 25982, 23756, 24192, 27054, -7]
702:145.62, 8:10 [7, 23825, 27544, -7]
703:172.57, 9:10 [7, 23383, 23334, 23541, 26015, -7]
fe: 2, se: 3

Day: 1, Time: 170
Total Cost: 127.25
 11:64.00, 4:75 [4, -12, -4]
1201:63.25, 4:10 [12, 29316, -12]
fe: 1, se: 1

Day: 1, Time: 180
Total Cost: 165.55
 11:64.00, 3:75 [4, -12, -4]
1201:101.55, 3:10 [12, 26639, -12]
fe: 1, se: 1

Day: 1, Time: 185
Total Cost: 648.51
 11:153.31, 16:75 [1, -6, -1]
 12:136.01, 5:75 [1, -5, -1]
501:61.89, 5:10 [5, 23676, 20535, -5]
601:197.05, 10:10 [6, 22578, 29150, 19925, 25645, -6]
602:100.25, 6:10 [6, 21096, 19889, -6]
fe: 2, se: 3

Day: 1, Time: 275
Total Cost: 1207.76
 11:64.00, 50:75 [4, -12, -4]
 14:120.02, 40:75 [4, -11, -4]
1101:123.98, 7:10 [11, 22772, 30308, 25663, 31100, -11]
1102:113.80, 10:10 [11, 32225, 28373, 29141, -11]
1103:119.94, 10:10 [11, 26989, 22810, 20024, -11]
1104:108.88, 9:10 [11, 24500, 26750, 22652, 23573, 20819, -11]
1105:31.24, 4:10 [11, 26276, -11]
1201:159.23, 10:10 [12, 22036, 31137, 24649, 23398, -12]
1203:99.79, 10:10 [12, 33305, 29851, 32102, -12]
1204:97.77, 10:10 [12, 29702, 30335, 18977, 26605, -12]
1205:111.99, 10:10 [12, 24999, 23713, 31761, 20346, -12]
1206:57.12, 10:10 [12, 28428, 32346, 29245, 28822, -12]
fe: 2, se: 10

Day: 1, Time: 285
Total Cost: 946.88
 11:66.27, 49:75 [2, -7, -2]
 12:145.23, 28:75 [2, -8, -2]
701:46.55, 4:10 [7, 24162, 19288, -7]
702:114.87, 8:10 [7, 23031, 28914, 29042, 32937, 27240, -7]
703:167.75, 9:10 [7, 21315, 31694, 30300, 19444, 22715, -7]
704:42.99, 10:10 [7, 21835, 26801, 27070, 32405, -7]
705:113.49, 9:10 [7, 28107, 31178, 31896, 29627, -7]
706:82.51, 9:10 [7, 29000, 25825, 27784, 24912, -7]
802:46.60, 10:10 [8, 24508, 20633, 27959, -8]
803:70.28, 9:10 [8, 27623, 21562, 23597, 27907, -8]
804:50.34, 9:10 [8, 25801, 22755, 19124, -8]
fe: 2, se: 9

Day: 1, Time: 290
Total Cost: 417.43
 11:125.25, 11:75 [4, -11, -12, -4]
1101:98.83, 6:10 [11, 28505, 27588, -11]
1201:193.34, 5:10 [12, 27494, 20856, 30258, -12]
fe: 1, se: 2

Day: 1, Time: 300
Total Cost: 1284.20
 11:94.59, 67:75 [3, -9, -3]
 12:90.24, 44:75 [3, -10, -3]
901:103.38, 8:10 [9, 31932, 31650, 25560, -9]
902:98.66, 9:10 [9, 19670, 26764, 20395, -9]
903:60.44, 10:10 [9, 24376, 29056, 20375, -9]
904:89.33, 10:10 [9, 30172, 27483, 31748, -9]
905:121.31, 10:10 [9, 21824, 29911, 26487, 18993, -9]
906:109.37, 10:10 [9, 23050, 21889, 31166, 21285, -9]
907:85.97, 10:10 [9, 24158, 28717, 27916, 21980, -9]
1001:127.71, 10:10 [10, 26840, 22100, 20000, -10]
1002:93.89, 9:10 [10, 26395, 23806, 25028, 18516, -10]
1004:54.44, 7:10 [10, 28831, 25669, -10]
1005:46.62, 8:10 [10, 23143, 30581, -10]
1006:108.26, 10:10 [10, 20086, 26120, 31634, 26687, -10]
fe: 2, se: 12

Day: 1, Time: 305
Total Cost: 1215.38
 11:136.01, 43:75 [1, -5, -1]
 12:153.31, 32:75 [1, -6, -1]
501:123.51, 9:10 [5, 20453, 19159, 28566, -5]
502:135.33, 10:10 [5, 18361, 21590, 21329, 19978, -5]
503:197.89, 7:10 [5, 20430, 26156, -5]
504:87.83, 8:10 [5, 25213, 19131, 19320, -5]
505:92.79, 9:10 [5, 20712, 32847, 25775, -5]
601:31.33, 4:10 [6, 27993, 28687, -6]
602:57.68, 10:10 [6, 32114, 33147, 27751, 18885, 30385, -6]
603:99.67, 10:10 [6, 24260, 28199, 33096, 32537, -6]
604:100.03, 8:10 [6, 28529, 19762, 30381, -6]
fe: 2, se: 9

Day: 1, Time: 335
Total Cost: 655.31
 11:66.27, 46:75 [2, -7, -2]
701:118.79, 10:10 [7, 30046, 31919, 25698, 21276, -7]
702:176.10, 9:10 [7, 30906, 18113, 22104, -7]
703:76.02, 8:10 [7, 21396, 23072, 21480, -7]
705:142.07, 9:10 [7, 29992, 20469, 22719, -7]
706:76.06, 10:10 [7, 22417, 23683, 20339, -7]
fe: 1, se: 5

Day: 1, Time: 340
Total Cost: 593.22
 11:136.01, 8:75 [1, -5, -1]
 12:153.31, 17:75 [1, -6, -1]
501:36.89, 2:10 [5, 26999, 19658, -5]
502:128.78, 6:10 [5, 21178, 30382, -5]
601:29.10, 7:10 [6, 30920, 21020, -6]
602:109.13, 10:10 [6, 23026, 31042, 18562, 20977, -6]
fe: 2, se: 4

Day: 1, Time: 360
Total Cost: 1292.35
 11:136.01, 33:75 [1, 5, -5, -1]
 12:153.31, 39:75 [1, 6, -6, -1]
501:56.60, 4:10 [5, 75, 21648, -5]
502:58.22, 10:10 [5, 429, 129, 294, -5]
505:132.47, 9:10 [5, 58, 662, 230, 10486, -5]
506:150.66, 10:10 [5, 335, 41, 461, 354, 545, 641, -5]
601:183.28, 5:10 [6, 9497, 235, -6]
602:124.20, 9:10 [6, 172, 1157, 140, 29572, 472, -6]
603:153.26, 10:10 [6, 355, 435, 14361, -6]
604:56.09, 6:10 [6, 188, 553, 299, 20012, -6]
605:88.24, 9:10 [6, 457, 2688, 444, 202, -6]
fe: 2, se: 9

Day: 1, Time: 365
Total Cost: 341.73
 11:136.01, 7:75 [1, -5, -1]
501:103.73, 3:10 [5, 21144, -5]
502:101.98, 4:10 [5, 26218, -5]
fe: 1, se: 2

Day: 1, Time: 365
Total Cost: 706.44
 11:66.27, 38:75 [2, 7, -7, -2]
701:64.74, 9:10 [7, 20880, 339, 381, 627, -7]
702:126.81, 6:10 [7, 625, 33444, 77, -7]
703:153.02, 10:10 [7, 139, 393, 32529, 474, 609, 18438, 658, 76, -7]
704:160.42, 8:10 [7, 144, 31432, 132, 542, 31149, -7]
705:135.18, 10:10 [7, 497, 15348, 7743, -7]
fe: 1, se: 5

Day: 1, Time: 365
Total Cost: 891.94
 11:94.59, 35:75 [3, 9, -9, -3]
 12:90.24, 11:75 [3, 10, -10, -3]
901:114.66, 10:10 [9, 18809, 9025, 469, 26657, 18498, -9]
902:120.94, 8:10 [9, 25049, 31881, 8457, -9]
903:106.46, 9:10 [9, 412, 30984, 23544, 20997, -9]
906:107.09, 10:10 [9, 29433, 29517, 479, 26532, 18527, -9]
1001:109.33, 6:10 [10, 19192, 25296, 33136, -10]
1002:148.62, 9:10 [10, 31619, 599, 26927, 319, -10]
fe: 2, se: 6

Day: 1, Time: 365
Total Cost: 1204.03
 11:120.02, 28:75 [4, 11, -11, -4]
 13:64.00, 36:75 [4, 12, -12, -4]
 14:64.00, 6:75 [4, 12, -12, -4]
1101:54.45, 8:10 [11, 23311, 10076, 125, 30040, 363, -11]
1102:79.93, 9:10 [11, 162, 12275, 30853, 30179, 234, 23579, -11]
1103:76.26, 8:10 [11, 8971, 21100, 7482, -11]
1105:88.44, 10:10 [11, 29182, 28070, 133, 23862, 361, -11]
1201:105.47, 10:10 [12, 12938, 360, 32784, 267, 26472, 30396, 19412, -12]
1203:127.92, 8:10 [12, 359, 21841, 511, 21489, 22466, -12]
1204:92.11, 10:10 [12, 338, 581, 236, 32626, 33104, 30642, -12]
1205:145.54, 9:10 [12, 283, 30596, 343, 31593, 276, -12]
1208:185.89, 9:10 [12, 27190, 26288, 550, 20404, 411, -12]
fe: 3, se: 9

Day: 1, Time: 380
Total Cost: 402.75
 11:94.59, 12:75 [3, -9, -3]
901:88.41, 2:10 [9, 28250, -9]
902:93.73, 6:10 [9, 28938, 32362, -9]
903:126.02, 4:10 [9, 28220, -9]
fe: 1, se: 3

Day: 1, Time: 385
Total Cost: 612.42
 11:136.01, 3:75 [1, -5, -1]
 12:153.31, 10:75 [1, -6, -1]
501:71.02, 3:10 [5, 31638, -5]
601:168.22, 4:10 [6, 18730, 32222, -6]
602:83.85, 6:10 [6, 32465, 26338, -6]
fe: 2, se: 3

Day: 1, Time: 395
Total Cost: 251.76
 11:136.01, 4:75 [1, -5, -1]
501:115.74, 4:10 [5, 30113, -5]
fe: 1, se: 1

Day: 1, Time: 395
Total Cost: 584.71
 11:120.02, 9:75 [4, -11, -4]
 12:64.00, 10:75 [4, -12, -4]
1101:122.02, 9:10 [11, 21009, 30821, 21185, -11]
1201:132.97, 2:10 [12, 26138, -12]
1202:145.70, 8:10 [12, 25379, 22337, 26769, -12]
fe: 2, se: 3

Day: 1, Time: 400
Total Cost: 556.65
 11:136.01, 6:75 [1, -5, -1]
 12:153.31, 4:75 [1, -6, -1]
501:139.56, 6:10 [5, 33172, 21261, 33405, -5]
601:127.77, 4:10 [6, 28006, 27082, -6]
fe: 2, se: 2

Day: 1, Time: 400
Total Cost: 688.40
 11:66.27, 28:75 [2, -7, -2]
 12:145.23, 7:75 [2, -8, -2]
701:92.06, 9:10 [7, 23407, 24115, 28152, -7]
702:135.20, 6:10 [7, 26383, 31273, 28772, -7]
703:72.26, 4:10 [7, 31167, 27524, -7]
704:104.63, 9:10 [7, 24085, 32236, 21895, 21863, 32711, -7]
801:72.75, 7:10 [8, 18202, 18469, 31059, -8]
fe: 2, se: 5

Day: 1, Time: 405
Total Cost: 1405.26
 11:136.01, 43:75 [1, 5, -5, -1]
 12:153.31, 34:75 [1, 6, -6, -1]
501:102.68, 7:10 [5, 384, 304, 67, -5]
502:75.73, 5:10 [5, 398, 5273, 253, -5]
503:42.94, 4:10 [5, 33232, -5]
504:66.68, 6:10 [5, 587, 309, -5]
505:93.71, 9:10 [5, 532, 274, 336, 600, -5]
506:95.98, 10:10 [5, 84, 192, 12288, 12145, -5]
509:143.95, 6:10 [5, 9951, 615, 103, -5]
601:59.10, 6:10 [6, 277, 31590, 214, -6]
602:74.53, 6:10 [6, 329, 315, -6]
604:98.12, 5:10 [6, 466, 4387, 644, 5499, -6]
605:36.83, 3:10 [6, 23275, 480, -6]
606:58.30, 6:10 [6, 191, 270, 322, -6]
607:167.37, 10:10 [6, 197, 590, 189, 3901, -6]
fe: 2, se: 13

Day: 1, Time: 405
Total Cost: 1388.66
 12:66.27, 74:75 [2, 7, -7, -2]
 13:151.76, 41:75 [2, 8, 7, -2]
701:59.25, 8:10 [7, 9599, 583, 185, 9235, -7]
703:103.97, 10:10 [7, 6376, 154, 438, 123, 250, -7]
704:148.01, 10:10 [7, 574, 24, 563, -7]
705:116.41, 10:10 [7, 269, 453, 595, 477, -7]
706:79.90, 9:10 [7, 611, 10948, 597, 216, -7]
707:103.64, 9:10 [7, 100, 53, 63, -7]
708:101.76, 10:10 [7, 16, 618, 12644, -7]
709:32.39, 7:10 [7, 564, 187, -7]
710:80.32, 8:10 [7, 454, 21684, 178, -7]
801:54.44, 4:10 [8, 652, 13357, -8]
802:41.01, 9:10 [8, 9334, 196, 14484, -8]
803:17.25, 6:10 [8, 645, 11080, -8]
804:42.19, 2:10 [8, 180, -8]
805:75.21, 6:10 [8, 122, 416, 8997, -8]
806:114.87, 7:10 [8, 278, 579, -8]
fe: 2, se: 15

Day: 1, Time: 405
Total Cost: 1618.71
 11:94.59, 52:75 [3, 9, -9, -3]
 12:90.24, 71:75 [3, 10, -10, -3]
 13:90.24, 9:75 [3, 10, -3]
901:92.50, 10:10 [9, 568, 463, 38, 409, -9]
902:76.50, 9:10 [9, 11378, 6460, 1335, 33028, -9]
903:71.54, 8:10 [9, 353, 403, 28141, 428, 92, -9]
904:128.81, 10:10 [9, 7249, 261, 661, 17, 3265, -9]
905:74.54, 7:10 [9, 131, 23948, 328, -9]
906:88.98, 8:10 [9, 631, 9926, -9]
1001:105.16, 9:10 [10, 6184, 30011, 440, 73, 603, -10]
1002:99.02, 10:10 [10, 15772, 35, 6748, 65, -10]
1003:118.55, 10:10 [10, 32274, 225, 116, 421, -10]
1004:107.01, 10:10 [10, 517, 20184, 240, 114, 3366, 211, -10]
1005:19.71, 5:10 [10, 62, 145, -10]
1006:74.52, 8:10 [10, 495, 602, -10]
1007:103.93, 10:10 [10, 175, 12134, 13541, -10]
1008:93.59, 10:10 [10, 11301, 227, 5535, 485, -10]
1010:89.27, 9:10 [10, 369, 439, 200, 26476, -10]
fe: 3, se: 15

Day: 1, Time: 405
Total Cost: 1552.65
 11:120.02, 68:75 [4, 11, -11, -4]
 12:64.00, 51:75 [4, 12, -12, -4]
1101:62.72, 10:10 [11, 4041, 551, 525, 10978, 380, -11]
1102:95.46, 10:10 [11, 117, 268, 279, 345, 68, -11]
1103:48.88, 9:10 [11, 368, 470, 26629, 385, -11]
1104:65.83, 10:10 [11, 594, 503, 571, -11]
1105:78.70, 10:10 [11, 15867, 50, 372, 326, -11]
1106:89.98, 10:10 [11, 157, 5710, 238, 524, -11]
1107:35.31, 9:10 [11, 371, 138, 451, -11]
1201:128.11, 10:10 [12, 11819, 397, 29738, 51, 308, 396, -12]
1203:154.33, 7:10 [12, 383, 32450, 26537, 13626, -12]
1204:63.77, 7:10 [12, 1070, 28733, 28275, -12]
1206:152.27, 8:10 [12, 538, 585, 33, 3934, -12]
1207:156.88, 6:10 [12, 418, 26453, 118, -12]
1208:102.78, 10:10 [12, 578, 47, 27987, 639, 419, 96, -12]
1210:133.59, 9:10 [12, 617, 19462, 246, 608, 10118, -12]
fe: 2, se: 14

Day: 1, Time: 410
Total Cost: 186.43
 11:90.24, 4:75 [3, -10, -3]
1001:96.19, 4:10 [10, 24693, -10]
fe: 1, se: 1

Day: 1, Time: 415
Total Cost: 220.06
 11:64.00, 5:75 [4, -12, -4]
1201:19.70, 4:10 [12, 26353, -12]
1202:136.37, 1:10 [12, 24389, -12]
fe: 1, se: 2

Day: 1, Time: 420
Total Cost: 315.02
 11:66.27, 13:75 [2, -7, -2]
701:109.69, 4:10 [7, 20864, 31119, -7]
702:139.06, 9:10 [7, 19127, 26878, 24918, -7]
fe: 1, se: 2

Day: 1, Time: 425
Total Cost: 444.73
 11:136.01, 1:75 [1, -5, -1]
 12:153.31, 3:75 [1, -6, -1]
501:79.25, 1:10 [5, 24617, -5]
601:76.16, 3:10 [6, 20166, -6]
fe: 2, se: 2

Day: 1, Time: 440
Total Cost: 207.67
 11:113.51, 13:75 [3, -9, -10, -3]
901:44.18, 3:10 [9, 21568, -9]
1001:49.98, 10:10 [10, 24464, 21797, 27963, -10]
fe: 1, se: 2

Day: 1, Time: 450
Total Cost: 253.49
 11:66.27, 15:75 [2, 7, -2]
701:115.85, 7:10 [7, 496, 9457, -7]
703:71.36, 8:10 [7, 5551, 60, -7]
fe: 1, se: 2

Day: 1, Time: 450
Total Cost: 459.51
 11:94.59, 6:75 [3, 9, -3]
 12:90.24, 15:75 [3, 10, -3]
901:48.37, 2:10 [9, 2132, -9]
902:26.08, 4:10 [9, 13658, -9]
1001:109.83, 8:10 [10, 305, 228, -10]
1002:58.14, 3:10 [10, 237, -10]
1003:32.25, 4:10 [10, 404, -10]
fe: 2, se: 5

Day: 1, Time: 450
Total Cost: 162.95
 11:64.00, 3:75 [4, 12, -4]
1201:98.95, 3:10 [12, 6555, -12]
fe: 1, se: 1

Day: 1, Time: 495
Total Cost: 350.50
 11:66.27, 9:75 [2, 7, -2]
701:83.84, 3:10 [7, 12077, 12043, -7]
703:110.16, 1:10 [7, 3180, -7]
704:90.22, 5:10 [7, 13043, 544, -7]
fe: 1, se: 3

Day: 1, Time: 495
Total Cost: 256.89
 11:94.59, 9:75 [3, 9, -3]
901:24.41, 4:10 [9, 6494, -9]
902:71.61, 3:10 [9, 6737, -9]
903:66.27, 2:10 [9, 8550, -9]
fe: 1, se: 3

Day: 1, Time: 495
Total Cost: 346.15
 11:64.00, 15:75 [4, 12, -4]
1201:96.02, 3:10 [12, 456, -12]
1202:63.71, 5:10 [12, 90, 4086, -12]
1203:65.15, 3:10 [12, 1135, -12]
1204:57.27, 4:10 [12, 10362, -12]
fe: 1, se: 4


Day	Area	ID	Time	Load	Utilization	NoOrders	AssignmentCost
1	1	27	315	 57	0.95	25	645.00
1	1	 8	315	 60	1.00	23	675.00
1	1	46	315	 39	0.65	13	465.00
1	1	10	405	 26	0.43	11	335.00
1	1	11	450	 39	0.54	12	372.00
1	1	14	585	 55	0.92	23	625.00
1	1	33	585	 54	0.90	18	615.00
1	1	15	630	 60	1.00	22	675.00
1	1	34	630	 60	1.00	21	675.00
1	1	53	630	 60	1.00	20	675.00
1	1	56	765	 22	0.46	 8	354.00
1	1	18	765	 41	0.85	12	582.00
1	1	57	810	 48	1.00	22	666.00
1	1	19	810	 48	1.00	37	666.00
1	1	38	810	 48	1.00	32	666.00
1	2	64	270	 31	0.52	12	385.00
1	2	103	315	 60	1.00	33	675.00
1	2	84	315	 60	1.00	18	675.00
1	2	66	360	 16	0.27	 5	235.00
1	2	67	405	 11	0.18	 3	185.00
1	2	89	540	 57	0.79	16	516.00
1	2	70	540	 72	1.00	23	636.00
1	2	109	585	 52	0.87	17	595.00
1	2	72	630	 55	0.92	18	625.00
1	2	110	630	 49	0.82	18	565.00
1	2	91	630	 40	0.67	15	475.00
1	2	75	765	 48	1.00	15	666.00
1	2	114	810	 48	1.00	31	666.00
1	2	95	810	 48	1.00	25	666.00
1	2	76	810	 48	1.00	29	666.00
1	3	159	270	 60	1.00	29	675.00
1	3	140	270	 53	0.88	20	605.00
1	3	160	315	 47	0.78	20	545.00
1	3	146	540	 68	0.94	23	604.00
1	3	128	585	 18	0.30	 5	255.00
1	3	166	585	 59	0.98	17	665.00
1	3	129	630	 60	1.00	22	675.00
1	3	167	630	 60	1.00	23	675.00
1	3	148	630	 60	1.00	17	675.00
1	3	151	765	 45	0.94	13	630.00
1	3	133	810	 48	1.00	29	666.00
1	3	171	810	 48	1.00	33	666.00
1	3	152	810	 48	1.00	30	666.00
1	4	178	270	 33	0.55	11	405.00
1	4	313	300	 15	0.13	 5	450.00
1	4	198	315	 60	1.00	25	675.00
1	4	179	315	 60	1.00	21	675.00
1	4	180	360	 30	0.50	 8	375.00
1	4	184	540	 71	0.99	20	628.00
1	4	203	540	 19	0.26	 6	212.00
1	4	185	585	 59	0.98	19	665.00
1	4	204	585	 55	0.92	15	625.00
1	4	223	585	 60	1.00	21	675.00
1	4	205	630	 59	0.98	19	665.00
1	4	186	630	 54	0.90	18	615.00
1	4	224	630	 50	0.83	17	575.00
1	4	189	765	 35	0.73	10	510.00
1	4	209	810	 48	1.00	27	666.00
1	4	228	810	 48	1.00	27	666.00
1	4	190	810	 48	1.00	32	666.00


Day	Area	Time	Pickup	Delivery	Direct	FEVehicles	SEVehicles	ALNSTime	ALNSBestTime	RoutingCostArea
1	1	0	175	201	0	11	76	1260.24	1056.47	8655.73
1	1	55	20	0	0	4	7	1.77	0.00	1201.93
1	1	75	6	0	1	2	3	0.45	0.00	1112.47
1	1	105	12	0	0	3	5	1.06	0.00	993.97
1	1	125	5	0	0	2	3	0.67	0.00	540.26
1	1	130	1	0	0	1	1	0.20	0.00	200.79
1	1	135	2	0	0	1	2	0.36	0.00	242.59
1	1	165	8	0	1	2	3	0.92	0.00	1185.90
1	1	185	8	0	0	2	3	0.87	0.00	648.51
1	1	305	29	0	0	2	9	2.63	0.21	1215.38
1	1	340	10	0	0	2	4	1.00	0.00	593.22
1	1	360	3	30	0	2	9	7.51	6.04	1292.35
1	1	365	2	0	0	1	2	0.34	0.00	341.73
1	1	385	5	0	0	2	3	0.72	0.00	612.42
1	1	395	1	0	0	1	1	0.23	0.00	251.76
1	1	400	5	0	0	2	2	0.91	0.00	556.65
1	1	405	3	35	0	2	13	4.19	2.48	1405.26
1	1	425	2	0	0	2	2	0.42	0.00	444.73
1	2	0	147	208	0	13	64	526.95	211.47	7389.04
1	2	40	12	0	0	2	5	1.09	0.00	735.55
1	2	50	2	0	0	1	1	0.42	0.00	229.04
1	2	55	3	0	0	2	3	0.45	0.00	416.56
1	2	90	8	0	0	3	4	0.93	0.59	638.29
1	2	95	2	0	0	2	2	0.30	0.00	363.87
1	2	140	16	0	0	3	6	1.52	0.00	737.81
1	2	170	10	0	0	2	3	0.92	0.00	636.21
1	2	285	34	0	0	2	9	3.19	1.71	946.88
1	2	335	16	0	0	1	5	1.63	0.21	655.31
1	2	365	6	17	0	1	5	2.30	0.67	706.44
1	2	400	16	0	0	2	5	1.30	0.00	688.40
1	2	405	1	43	0	2	15	6.29	3.42	1388.66
1	2	420	5	0	0	1	2	0.58	0.00	315.02
1	2	450	0	4	0	1	2	0.51	0.00	253.49
1	2	495	0	5	0	1	3	0.59	0.00	350.50
1	3	5	163	201	0	8	69	967.76	791.07	6994.54
1	3	45	12	0	0	3	4	1.20	0.00	790.36
1	3	70	7	0	0	2	3	0.84	0.00	575.85
1	3	90	5	0	0	2	2	0.60	0.00	522.33
1	3	115	7	0	0	2	2	0.80	0.00	474.49
1	3	125	4	0	0	3	4	0.64	0.00	430.61
1	3	150	7	0	0	2	3	0.85	0.00	589.77
1	3	165	2	0	0	1	2	0.34	0.00	261.99
1	3	180	0	0	2	0	0	0.00	0.00	1000.00
1	3	300	39	0	0	2	12	5.43	3.44	1284.20
1	3	365	17	7	0	2	6	2.06	0.02	891.94
1	3	380	4	0	0	1	3	0.90	0.00	402.75
1	3	405	7	50	0	3	15	34.22	29.80	1618.71
1	3	410	1	0	0	1	1	0.26	0.00	186.43
1	3	440	4	0	0	1	2	0.62	0.00	207.67
1	3	450	0	6	0	2	5	0.66	0.00	459.51
1	3	495	0	3	0	1	3	0.39	0.00	256.89
1	4	0	167	210	0	11	75	798.63	598.67	7882.51
1	4	50	18	0	0	2	6	2.53	0.53	831.07
1	4	70	6	0	0	2	3	0.60	0.01	496.14
1	4	115	16	0	0	2	6	1.57	0.00	809.21
1	4	160	6	0	1	2	3	0.75	0.00	1007.25
1	4	165	2	0	0	2	2	0.40	0.00	327.68
1	4	170	1	0	0	1	1	0.37	0.00	127.25
1	4	180	1	0	1	1	1	0.26	0.00	665.55
1	4	275	35	0	0	2	10	8.35	5.30	1207.76
1	4	290	5	0	0	1	2	0.71	0.00	417.43
1	4	365	24	23	0	3	9	11.24	5.55	1204.03
1	4	395	7	0	0	2	3	0.66	0.00	584.71
1	4	405	9	50	0	2	14	17.58	14.08	1552.65
1	4	415	2	0	0	1	2	0.55	0.00	220.06
1	4	450	0	1	0	1	1	0.20	0.00	162.95
1	4	495	0	5	0	1	4	0.53	0.00	346.15

Day	SL	Own	DispatchTimes	AssignmentCost	RoutingCost	TotalCost
1	59	1	34	34672.00	72737.12	107409.12

Total Cost: 107409.11639939048
Cost per Day: 107409.11639939048
Running time in Seconds: 6659.88
Running time in minutes: 110.998