INSTANCE: 3hubs_A_11_x.csv
PARAMETER: tuning_standard.txt
POLICY: MIP
ALPHA: 0.387023956898126
BETA: 78
OMEGA: 586
EPSILON: 1.00597325044486

Day: 1, Time: 0
Total Cost: 4859.74
 11:136.01, 73:75 [1, 4, -4, -1]
 12:136.01, 33:75 [1, 4, -4, -1]
 13:136.01, 48:75 [1, 4, -4, -1]
 14:153.31, 72:75 [1, 5, -5, -1]
 15:153.31, 58:75 [1, 5, -5, -1]
 17:153.31, 57:75 [1, 5, -5, -1]
401:131.71, 10:10 [4, 8423, 8491, 8566, 8429, -4]
402:131.90, 10:10 [4, 8907, 8724, 8713, -4]
403:132.86, 7:10 [4, 8898, 8823, 8886, -4]
404:55.14, 5:10 [4, 8455, 8604, 8673, -4]
405:118.80, 10:10 [4, 8503, 8618, 8451, 8443, 8740, -4]
406:51.33, 10:10 [4, 8747, 8930, 8700, 8467, -4]
407:76.98, 10:10 [4, 8690, 8742, 8902, 8994, 8855, -4]
408:33.49, 9:10 [4, 9007, 8585, 8909, 8854, 8628, 8931, -4]
409:145.84, 10:10 [4, 8464, 8634, 8603, 8527, 8675, 8435, 8711, -4]
410:162.84, 8:10 [4, 8858, 8615, 8718, 8705, 8617, 8948, 8541, -4]
411:51.19, 8:10 [4, 8922, 8745, 8897, -4]
412:114.73, 10:10 [4, 8697, 8998, 8869, 8814, -4]
413:95.15, 10:10 [4, 8494, 8561, 8457, 8462, 8648, 8834, -4]
414:127.55, 9:10 [4, 8676, 8631, 8624, -4]
415:126.21, 10:10 [4, 8763, 8881, 8589, 8748, -4]
416:109.41, 10:10 [4, 8625, 8637, 8583, -4]
417:35.59, 8:10 [4, 8757, 8482, -4]
418:78.50, 8:10 [4, 8725, 8982, 8989, -4]
419:11.12, 8:10 [4, 8945, 8468, -4]
424:136.74, 10:10 [4, 8712, 8794, 8485, 8799, -4]
425:192.96, 10:10 [4, 8939, 8866, 8896, 8779, 8421, 8599, 8729, 8734, -4]
501:74.44, 10:10 [5, 8787, 8444, 8900, 9002, 8917, 8770, -5]
502:8.25, 3:10 [5, 8856, -5]
503:35.61, 6:10 [5, 8962, 8659, -5]
504:53.94, 8:10 [5, 8706, 8707, 8737, -5]
505:27.79, 8:10 [5, 8905, 8602, 8489, -5]
506:167.11, 9:10 [5, 8598, 8678, 8595, 8811, 8653, 8554, 8911, -5]
507:31.95, 7:10 [5, 8893, 8822, -5]
508:110.56, 10:10 [5, 8438, 8833, 8590, 8576, 8687, 8851, 8465, -5]
509:97.09, 10:10 [5, 8478, 8484, 9017, 8681, 8622, 8754, 8476, -5]
510:122.60, 10:10 [5, 9013, 8935, 8436, 8848, 8677, 8759, 8918, 8446, -5]
511:196.99, 10:10 [5, 8591, 8612, 8862, 8865, 8667, 8623, 8777, -5]
512:84.28, 10:10 [5, 8803, 8609, 8801, 8795, -5]
513:108.97, 10:10 [5, 8492, 8525, 8495, 8685, 8710, -5]
514:66.59, 10:10 [5, 8635, 8974, 8916, 8820, -5]
515:98.67, 10:10 [5, 8668, 9004, 8738, 8947, 8512, -5]
516:55.53, 9:10 [5, 8798, 8684, 8466, -5]
517:154.85, 9:10 [5, 8992, 8986, 8619, 8875, -5]
518:77.22, 10:10 [5, 8731, 9008, 8723, 8873, -5]
519:69.82, 8:10 [5, 8552, 9020, 8920, 9021, -5]
520:80.11, 9:10 [5, 8997, 8772, 8828, 9011, 8531, -5]
521:61.72, 9:10 [5, 8629, 8638, 8614, -5]
522:20.20, 7:10 [5, 8979, 8831, -5]
523:67.45, 10:10 [5, 8441, 8735, 9014, 8804, 8825, -5]
fe: 6, se: 44

Day: 1, Time: 0
Total Cost: 4975.39
 11:94.59, 65:75 [3, 8, -8, -3]
 15:90.24, 73:75 [3, 9, -9, -3]
 16:90.24, 74:75 [3, 9, -9, -3]
 17:94.59, 24:75 [3, 8, -8, -3]
 18:90.24, 38:75 [3, 9, -9, -3]
801:47.16, 10:10 [8, 8680, 8655, 8534, 8529, -8]
802:82.06, 10:10 [8, 8498, 8546, 8597, 8644, -8]
803:27.40, 6:10 [8, 8776, 8753, 9025, -8]
804:118.21, 10:10 [8, 8938, 8784, 8688, 9018, -8]
805:128.82, 10:10 [8, 8751, 8835, 8474, 9012, 9001, 8506, 8830, -8]
806:76.78, 7:10 [8, 8515, 8463, -8]
807:108.36, 10:10 [8, 8650, 8564, 8559, -8]
808:81.43, 10:10 [8, 8845, 8704, 8473, 8958, 9031, -8]
809:127.93, 10:10 [8, 8778, 8860, 8720, 8755, -8]
810:86.79, 8:10 [8, 8578, 8545, 8437, -8]
811:112.29, 10:10 [8, 8842, 8903, 8806, 8956, 8839, -8]
813:124.53, 10:10 [8, 8683, 8558, 8606, 8596, 8519, -8]
814:91.33, 10:10 [8, 8789, 8487, 8952, 8846, 8592, -8]
815:113.15, 10:10 [8, 8666, 8607, 8439, 8693, 8571, 8565, -8]
816:88.73, 9:10 [8, 8523, 8452, 8528, -8]
817:94.26, 10:10 [8, 8826, 8942, 8769, 8928, -8]
818:96.06, 9:10 [8, 8949, 8868, 8844, 8975, -8]
901:87.87, 10:10 [9, 8921, 8936, 8805, 8807, 8841, -9]
902:141.08, 10:10 [9, 8646, 8449, 8431, 8616, 8660, -9]
903:126.78, 10:10 [9, 8447, 8717, 9016, 8611, 8959, -9]
904:152.46, 10:10 [9, 8732, 8610, 8889, 8540, 8420, 8984, 8643, 8765, -9]
905:22.10, 7:10 [9, 8620, 8511, -9]
906:139.12, 10:10 [9, 8915, 8730, 8669, -9]
907:89.92, 10:10 [9, 8563, 8442, 8627, 8526, -9]
908:148.32, 9:10 [9, 8888, 8547, 8448, 8781, 8574, 8941, -9]
909:15.62, 4:10 [9, 8852, -9]
910:147.14, 10:10 [9, 8567, 8569, 8864, 15564, 8500, 8671, 8906, -9]
911:88.10, 10:10 [9, 8880, 8746, 9029, 8843, -9]
913:20.11, 7:10 [9, 8766, 8654, -9]
914:73.94, 8:10 [9, 8819, 8837, 8483, 8990, -9]
915:118.37, 10:10 [9, 8472, 8555, 8562, 8550, -9]
916:59.80, 9:10 [9, 8767, 8749, 8871, 8876, -9]
917:148.70, 10:10 [9, 8640, 8577, 8458, 8425, 8557, 8870, 8840, -9]
918:96.58, 9:10 [9, 8584, 8568, 8582, -9]
919:104.63, 8:10 [9, 8538, 8966, 8479, -9]
920:119.19, 10:10 [9, 8507, 8481, 8575, 8817, -9]
921:82.21, 10:10 [9, 8964, 9005, 8808, 8792, 8850, 8497, -9]
922:67.31, 9:10 [9, 8788, 8899, 9022, 8816, -9]
923:90.17, 10:10 [9, 8832, 8927, 8433, 8813, 8791, -9]
924:158.90, 10:10 [9, 8535, 8988, 8861, 8783, 8892, 8971, -9]
925:69.41, 6:10 [9, 8664, 8847, 8456, -9]
926:111.07, 9:10 [9, 8910, 8636, 8961, 8663, 8542, -9]
927:23.40, 10:10 [9, 8786, 9034, 8972, -9]
928:102.49, 10:10 [9, 8827, 8488, 8925, 8593, 8694, -9]
929:96.51, 8:10 [9, 8600, 8641, 8689, -9]
931:133.07, 10:10 [9, 8499, 8955, 8993, 8797, 8978, -9]
932:75.82, 10:10 [9, 8501, 8605, 8490, -9]
fe: 5, se: 47

Day: 1, Time: 5
Total Cost: 7745.29
 11:66.27, 75:75 [2, 6, -6, -2]
 12:66.27, 75:75 [2, 6, -6, -2]
 13:66.27, 54:75 [2, 6, -6, -2]
 14:66.27, 3:75 [2, -6, -2]
 15:66.27, 11:75 [2, 6, -6, -2]
 16:145.23, 4:75 [2, -7, -2]
 17:145.23, 74:75 [2, 7, -7, -2]
 18:66.27, 3:75 [2, -6, -2]
 19:66.27, 4:75 [2, -6, -2]
 21:66.27, 1:75 [2, -6, -2]
 22:66.27, 7:75 [2, 6, -6, -2]
 23:66.27, 13:75 [2, -6, -2]
 24:145.23, 30:75 [2, 7, -7, -2]
 26:66.27, 16:75 [2, 6, -6, -2]
 27:151.76, 10:75 [2, -7, 6, -2]
 29:66.27, 2:75 [2, -6, -2]
 31:66.27, 11:75 [2, 6, -6, -2]
 42:66.27, 10:75 [2, -6, -2]
601:102.68, 8:10 [6, 8702, 8716, 8933, 8895, -6]
602:114.14, 2:10 [6, 8829, -6]
603:66.07, 8:10 [6, 8995, 8750, 8963, -6]
604:143.47, 10:10 [6, 8953, 8836, 8722, 8849, 8954, 8471, -6]
605:117.98, 9:10 [6, 8728, 8859, 8991, 8674, -6]
606:88.53, 10:10 [6, 8672, 8999, 9003, 8965, -6]
607:145.60, 1:10 [6, 8967, -6]
608:129.07, 4:10 [6, 8857, -6]
609:114.02, 3:10 [6, 8924, -6]
610:128.65, 4:10 [6, 8934, -6]
611:116.43, 3:10 [6, 8709, -6]
612:105.49, 9:10 [6, 8708, 8741, 8913, -6]
613:126.57, 1:10 [6, 8874, -6]
614:73.00, 10:10 [6, 8946, 8445, 8973, 8821, -6]
615:124.34, 2:10 [6, 8937, -6]
616:84.99, 10:10 [6, 8701, 8743, 8422, 9033, 8572, -6]
617:120.15, 1:10 [6, 9026, -6]
618:107.23, 7:10 [6, 8626, 8863, 8756, -6]
619:73.21, 4:10 [6, 8884, 8815, -6]
620:51.66, 10:10 [6, 8882, 9023, 8891, -6]
621:170.71, 10:10 [6, 8508, 8761, 8440, 8573, 8877, 8504, 8587, -6]
622:126.40, 3:10 [6, 8976, -6]
623:105.35, 9:10 [6, 8853, 8630, 8926, 9009, 8715, -6]
624:94.78, 10:10 [6, 8901, 8657, 8929, 9030, 8727, -6]
625:97.82, 9:10 [6, 8764, 8996, 8981, 9000, -6]
626:131.53, 3:10 [6, 8904, -6]
627:47.08, 7:10 [6, 8570, 8549, -6]
628:82.27, 10:10 [6, 8642, 8696, 8530, 8480, -6]
629:49.85, 8:10 [6, 9028, 8692, 8679, -6]
631:93.45, 10:10 [6, 8943, 8633, 8790, 8428, 8682, -6]
633:106.55, 7:10 [6, 8424, 8885, 9010, -6]
634:87.60, 10:10 [6, 8509, 8698, 8454, 8714, 8477, 8639, 8560, -6]
635:81.16, 9:10 [6, 8802, 8721, 8914, -6]
637:144.41, 9:10 [6, 8461, 8752, 8957, 8773, 11300, 8985, -6]
638:94.52, 9:10 [6, 8980, 8923, 8951, -6]
639:129.65, 10:10 [6, 9015, 8496, 8950, 8430, 8774, 8780, -6]
642:162.37, 10:10 [6, 8632, 8691, 9006, 8539, 11504, -6]
643:74.29, 9:10 [6, 8517, 8426, 8450, -6]
647:120.10, 10:10 [6, 8522, 8520, 8613, 8919, 8890, 8662, 8645, -6]
649:94.99, 10:10 [6, 8969, 9027, 8809, 9019, -6]
650:128.03, 10:10 [6, 8532, 8586, 8883, 8608, 8432, -6]
651:93.29, 9:10 [6, 8894, 8785, 9032, 8796, -6]
652:85.72, 9:10 [6, 8556, 8516, 8968, 8513, -6]
654:110.94, 10:10 [6, 8812, 8744, 8838, -6]
701:96.86, 8:10 [7, 8658, 8661, 8514, 8493, 8736, 8760, 8537, -7]
702:54.04, 1:10 [7, 8977, -7]
703:58.14, 4:10 [7, 8782, -7]
704:68.52, 9:10 [7, 8649, 8647, 8543, -7]
705:34.93, 8:10 [7, 8459, 8699, 8475, -7]
706:39.21, 5:10 [7, 8656, 8469, -7]
707:88.36, 9:10 [7, 8733, 8434, 8453, -7]
708:93.16, 8:10 [7, 8970, 8510, 8867, 8987, 8824, -7]
709:114.64, 10:10 [7, 8940, 8768, 8887, 8775, -7]
711:119.96, 10:10 [7, 8960, 8651, 8818, 8553, 8486, -7]
713:87.29, 10:10 [7, 8800, 8703, 8470, 8739, -7]
714:100.71, 9:10 [7, 8588, 8719, 8536, 8912, 8521, 8793, -7]
715:123.46, 10:10 [7, 8533, 8762, 8502, 8621, 8686, -7]
716:97.66, 10:10 [7, 8427, 8548, 8670, 8518, 8771, 8652, -7]
717:172.87, 9:10 [7, 8581, 8460, 8579, 8544, 8726, 8695, 8932, 8872, -7]
718:77.44, 10:10 [7, 8879, 8758, 9024, 8580, -7]
719:96.55, 10:10 [7, 8908, 8594, 8601, 8524, 8944, 8665, -7]
721:60.09, 6:10 [7, 8810, 8505, 8983, 8878, 8551, -7]
fe: 18, se: 62

Day: 1, Time: 10
Total Cost: 298.75
 11:136.01, 3:75 [1, -4, -1]
401:162.73, 3:10 [4, 10836, 11775, -4]
fe: 1, se: 1

Day: 1, Time: 25
Total Cost: 271.50
 11:153.31, 3:75 [1, -5, -1]
501:118.19, 3:10 [5, 16710, -5]
fe: 1, se: 1

Day: 1, Time: 25
Total Cost: 377.52
 11:66.27, 4:75 [2, -6, -2]
 12:66.27, 6:75 [2, -6, -2]
601:106.34, 4:10 [6, 14086, 15610, -6]
602:138.64, 6:10 [6, 11507, 14887, -6]
fe: 2, se: 2

Day: 1, Time: 45
Total Cost: 334.87
 11:90.24, 14:75 [3, -9, -3]
901:137.91, 5:10 [9, 15559, 10055, -9]
902:106.72, 9:10 [9, 11620, 16480, 14126, -9]
fe: 1, se: 2

Day: 1, Time: 50
Total Cost: 587.39
 11:136.01, 10:75 [1, -4, -1]
 12:153.31, 11:75 [1, -5, -1]
401:157.01, 10:10 [4, 16474, 11879, 9730, -4]
501:81.06, 7:10 [5, 9322, 14804, -5]
502:60.00, 4:10 [5, 15705, -5]
fe: 2, se: 3

Day: 1, Time: 50
Total Cost: 218.85
 11:66.27, 7:75 [2, -6, -2]
601:152.58, 7:10 [6, 10529, 9817, 14883, -6]
fe: 1, se: 1

Day: 1, Time: 60
Total Cost: 144.37
 11:66.27, 3:75 [2, -6, -2]
601:78.10, 3:10 [6, 11736, -6]
fe: 1, se: 1

Day: 1, Time: 65
Total Cost: 212.17
 11:136.01, 1:75 [1, -4, -1]
401:76.16, 1:10 [4, 11208, -4]
fe: 1, se: 1

Day: 1, Time: 65
Total Cost: 306.52
 11:94.59, 4:75 [3, -8, -3]
 12:90.24, 2:75 [3, -9, -3]
801:19.70, 4:10 [8, 12103, -8]
901:101.98, 2:10 [9, 16948, -9]
fe: 2, se: 2

Day: 1, Time: 70
Total Cost: 199.69
 11:66.27, 2:75 [2, -6, -2]
601:133.42, 2:10 [6, 12279, -6]
fe: 1, se: 1

Day: 1, Time: 70
Total Cost: 176.62
 11:94.59, 1:75 [3, -8, -3]
801:82.02, 1:10 [8, 9367, -8]
fe: 1, se: 1

Day: 1, Time: 75
Total Cost: 161.14
 11:66.27, 4:75 [2, -6, -2]
601:94.87, 4:10 [6, 15828, -6]
fe: 1, se: 1

Day: 1, Time: 75
Total Cost: 177.78
 11:94.59, 4:75 [3, -8, -3]
801:83.19, 4:10 [8, 17078, -8]
fe: 1, se: 1

Day: 1, Time: 80
Total Cost: 300.09
 11:136.01, 3:75 [1, -4, -1]
401:164.07, 3:10 [4, 11396, -4]
fe: 1, se: 1

Day: 1, Time: 85
Total Cost: 164.24
 11:90.24, 4:75 [3, -9, -3]
901:74.00, 4:10 [9, 12990, -9]
fe: 1, se: 1

Day: 1, Time: 105
Total Cost: 137.14
 11:66.27, 7:75 [2, -6, -2]
601:70.87, 7:10 [6, 9882, 14884, -6]
fe: 1, se: 1

Day: 1, Time: 105
Total Cost: 334.48
 11:94.59, 1:75 [3, -8, -3]
 12:90.24, 2:75 [3, -9, -3]
801:72.44, 1:10 [8, 14150, -8]
901:77.20, 2:10 [9, 10895, -9]
fe: 2, se: 2

Day: 1, Time: 115
Total Cost: 769.04
 11:136.01, 3:75 [1, -4, -1]
 12:136.01, 2:75 [1, -4, -1]
 14:153.31, 10:75 [1, -5, -1]
401:31.24, 3:10 [4, 11848, -4]
402:132.62, 2:10 [4, 16771, -4]
501:47.07, 3:10 [5, 10257, -5]
502:56.53, 5:10 [5, 13510, 13116, -5]
503:76.24, 2:10 [5, 14746, -5]
fe: 3, se: 5

Day: 1, Time: 115
Total Cost: 214.62
 11:66.27, 5:75 [2, -6, -2]
601:92.35, 3:10 [6, 11863, -6]
602:56.00, 2:10 [6, 15716, -6]
fe: 1, se: 2

Day: 1, Time: 115
Total Cost: 231.62
 11:90.24, 6:75 [3, -9, -3]
901:83.23, 4:10 [9, 13961, -9]
902:58.14, 2:10 [9, 12783, -9]
fe: 1, se: 2

Day: 1, Time: 120
Total Cost: 222.55
 11:136.01, 2:75 [1, -4, -1]
401:86.53, 2:10 [4, 15555, -4]
fe: 1, se: 1

Day: 1, Time: 120
Total Cost: 339.20
 11:94.59, 1:75 [3, -8, -3]
 12:94.59, 3:75 [3, -8, -3]
801:62.29, 1:10 [8, 16644, -8]
802:87.73, 3:10 [8, 11631, -8]
fe: 2, se: 2

Day: 1, Time: 125
Total Cost: 252.73
 11:153.31, 5:75 [1, -5, -1]
501:99.42, 5:10 [5, 16668, 14524, -5]
fe: 1, se: 1

Day: 1, Time: 130
Total Cost: 192.76
 11:153.31, 3:75 [1, -5, -1]
501:39.45, 3:10 [5, 15157, -5]
fe: 1, se: 1

Day: 1, Time: 130
Total Cost: 139.94
 11:94.59, 2:75 [3, -8, -3]
801:45.34, 2:10 [8, 14395, -8]
fe: 1, se: 1

Day: 1, Time: 135
Total Cost: 179.35
 11:90.24, 2:75 [3, -9, -3]
901:89.11, 2:10 [9, 16407, -9]
fe: 1, se: 1

Day: 1, Time: 140
Total Cost: 279.29
 11:66.27, 3:75 [2, -6, -2]
 12:66.27, 4:75 [2, -6, -2]
601:50.00, 3:10 [6, 11290, -6]
602:96.75, 4:10 [6, 14209, -6]
fe: 2, se: 2

Day: 1, Time: 145
Total Cost: 122.59
 11:66.27, 4:75 [2, -6, -2]
601:56.32, 4:10 [6, 9493, -6]
fe: 1, se: 1

Day: 1, Time: 145
Total Cost: 329.00
 11:90.24, 3:75 [3, -9, -3]
 12:90.24, 6:75 [3, -9, -3]
901:76.24, 3:10 [9, 9887, -9]
902:72.28, 6:10 [9, 10499, 10775, -9]
fe: 2, se: 2

Day: 1, Time: 155
Total Cost: 149.53
 11:66.27, 1:75 [2, -6, -2]
601:83.26, 1:10 [6, 13442, -6]
fe: 1, se: 1

Day: 1, Time: 160
Total Cost: 229.22
 11:66.27, 4:75 [2, -6, -2]
 12:66.27, 1:75 [2, -6, -2]
601:90.35, 4:10 [6, 16213, -6]
602:6.32, 1:10 [6, 14502, -6]
fe: 2, se: 2

Day: 1, Time: 165
Total Cost: 699.84
 11:136.01, 3:75 [1, -4, -1]
 12:136.01, 8:75 [1, -4, -1]
 13:153.31, 6:75 [1, -5, -1]
401:12.65, 3:10 [4, 15688, -4]
402:211.16, 8:10 [4, 13798, 12277, 9303, -4]
502:50.70, 6:10 [5, 14949, 16778, -5]
fe: 3, se: 3

Day: 1, Time: 165
Total Cost: 300.03
 11:94.59, 3:75 [3, -8, -3]
 12:90.24, 3:75 [3, -9, -3]
801:49.68, 3:10 [8, 11280, -8]
901:65.51, 3:10 [9, 15497, -9]
fe: 2, se: 2

Day: 1, Time: 170
Total Cost: 186.17
 11:136.01, 3:75 [1, -4, -1]
401:50.16, 3:10 [4, 9471, -4]
fe: 1, se: 1

Day: 1, Time: 175
Total Cost: 354.10
 11:66.27, 1:75 [2, -6, -2]
 12:66.27, 2:75 [2, -6, -2]
601:124.79, 1:10 [6, 10157, -6]
602:96.77, 2:10 [6, 16053, -6]
fe: 2, se: 2

Day: 1, Time: 180
Total Cost: 482.87
 11:94.59, 1:75 [3, -8, -3]
 12:94.59, 4:75 [3, -8, -3]
 13:94.59, 1:75 [3, -8, -3]
801:93.68, 1:10 [8, 13870, -8]
802:82.61, 4:10 [8, 15832, -8]
803:22.80, 1:10 [8, 13443, -8]
fe: 3, se: 3

Day: 1, Time: 265
Total Cost: 870.44
 11:136.01, 55:75 [1, -4, -1]
401:89.38, 10:10 [4, 9427, 15663, 15329, -4]
402:183.51, 9:10 [4, 11907, 14818, 14555, -4]
403:128.00, 9:10 [4, 10959, 16785, 10315, -4]
404:144.27, 10:10 [4, 16993, 10021, 14073, 9841, -4]
405:102.51, 10:10 [4, 14100, 14559, 10446, -4]
407:86.76, 7:10 [4, 10369, 9490, -4]
fe: 1, se: 6

Day: 1, Time: 285
Total Cost: 513.44
 11:136.01, 13:75 [1, -4, -1]
401:166.39, 8:10 [4, 10411, 14699, 9344, -4]
402:211.03, 5:10 [4, 15812, 12819, 15210, -4]
fe: 1, se: 2

Day: 1, Time: 290
Total Cost: 689.29
 11:94.59, 46:75 [3, -8, -3]
801:108.23, 10:10 [8, 16467, 15150, 11068, 12445, -8]
802:102.19, 9:10 [8, 15070, 11602, 16772, 12308, -8]
803:171.28, 10:10 [8, 14326, 12996, 13471, 14835, 9540, 11651, -8]
804:62.47, 7:10 [8, 13720, 11943, 9173, -8]
805:150.51, 10:10 [8, 10488, 13929, 13889, 11338, -8]
fe: 1, se: 5

Day: 1, Time: 300
Total Cost: 746.43
 11:66.27, 32:75 [2, -6, -2]
 12:145.23, 16:75 [2, -7, -2]
601:113.16, 6:10 [6, 10556, 13451, 13282, -6]
602:63.03, 8:10 [6, 14858, 10373, 11108, -6]
603:106.99, 10:10 [6, 14267, 11634, 10205, -6]
604:163.41, 8:10 [6, 12544, 9153, 15772, 13637, 10659, -6]
701:24.39, 8:10 [7, 11635, 11527, -7]
702:63.95, 8:10 [7, 9416, 13113, 12214, 12322, -7]
fe: 2, se: 6

Day: 1, Time: 300
Total Cost: 328.61
 11:90.24, 15:75 [3, -9, -3]
901:112.86, 7:10 [9, 14805, 13435, 9193, -9]
902:125.50, 8:10 [9, 13732, 12757, -9]
fe: 1, se: 2

Day: 1, Time: 325
Total Cost: 1043.22
 12:153.31, 56:75 [1, 5, -5, -1]
501:173.64, 10:10 [5, 5396, 125, 3046, 14561, 106, 211, -5]
502:165.96, 10:10 [5, 112, 12, 60, 15376, 313, -5]
503:101.12, 10:10 [5, 192, 205, 239, 31, 15941, -5]
504:25.61, 4:10 [5, 10921, -5]
505:162.08, 10:10 [5, 333, 11294, 305, 342, 336, -5]
506:125.67, 10:10 [5, 11667, 234, 19, 12561, 14202, -5]
507:135.84, 10:10 [5, 256, 337, 13265, 15838, 51, 14789, -5]
fe: 1, se: 7

Day: 1, Time: 355
Total Cost: 1269.81
 11:94.59, 49:75 [3, 8, -8, -3]
 12:90.24, 45:75 [3, 9, -9, -3]
801:110.83, 10:10 [8, 275, 320, 194, -8]
802:135.36, 10:10 [8, 37, 173, 233, 16568, 11563, -8]
803:121.04, 10:10 [8, 119, 286, 184, 13697, 244, -8]
804:117.33, 10:10 [8, 201, 247, 74, 12288, 223, -8]
805:117.73, 9:10 [8, 6920, 277, 12085, 306, 261, -8]
901:132.70, 10:10 [9, 273, 279, 15755, 287, 139, -9]
902:109.22, 10:10 [9, 131, 283, 10547, 66, -9]
903:93.68, 10:10 [9, 26, 92, 309, -9]
904:46.62, 7:10 [9, 214, 167, -9]
905:100.46, 8:10 [9, 95, 310, 10801, 9534, 18, -9]
fe: 2, se: 10

Day: 1, Time: 360
Total Cost: 1384.90
 11:136.01, 30:75 [1, 4, -4, -1]
 12:153.31, 18:75 [1, 5, -5, -1]
401:81.86, 6:10 [4, 129, 7954, 311, 4753, 118, -4]
402:137.06, 10:10 [4, 14200, 16646, 13040, 243, 61, -4]
403:145.37, 8:10 [4, 213, 11595, 10919, 195, 231, -4]
407:126.18, 5:10 [4, 4093, 14790, 63, 16042, -4]
408:106.26, 10:10 [4, 332, 1127, 803, 2205, 12764, 101, -4]
501:130.11, 9:10 [5, 12726, 16340, 1561, 9868, -5]
502:159.76, 5:10 [5, 16007, 3094, 288, -5]
503:92.57, 7:10 [5, 152, 340, 293, -5]
504:116.41, 6:10 [5, 155, 88, 11066, -5]
fe: 2, se: 9

Day: 1, Time: 360
Total Cost: 881.31
 11:66.27, 40:75 [2, 6, -6, -2]
601:98.68, 7:10 [6, 14313, 77, 14353, 15466, -6]
602:146.59, 9:10 [6, 274, 15646, 677, 238, 98, 341, 5705, -6]
603:175.37, 9:10 [6, 15653, 30, 147, 10466, 16317, -6]
604:161.31, 9:10 [6, 190, 16035, 10807, 335, 13880, 8258, 15836, 246, 126, -6]
607:96.00, 10:10 [6, 117, 14144, 16126, 14927, -6]
609:137.09, 8:10 [6, 237, 14373, 86, 315, 186, 11741, -6]
fe: 1, se: 6

Day: 1, Time: 375
Total Cost: 224.53
 11:66.27, 5:75 [2, -6, -2]
601:158.26, 5:10 [6, 12331, 15278, -6]
fe: 1, se: 1

Day: 1, Time: 395
Total Cost: 588.69
 11:136.01, 13:75 [1, -4, -1]
 12:153.31, 4:75 [1, -5, -1]
401:134.78, 5:10 [4, 12924, 10451, -4]
402:110.73, 8:10 [4, 15291, 11974, 9705, 15390, -4]
501:53.85, 4:10 [5, 15237, -5]
fe: 2, se: 3

Day: 1, Time: 400
Total Cost: 531.99
 11:136.01, 3:75 [1, -4, -1]
 12:153.31, 4:75 [1, -5, -1]
401:153.22, 3:10 [4, 12750, -4]
501:89.44, 4:10 [5, 15044, -5]
fe: 2, se: 2

Day: 1, Time: 400
Total Cost: 672.63
 11:94.59, 29:75 [3, 8, -8, -3]
801:66.16, 7:10 [8, 10370, 13581, 13266, -8]
802:116.90, 9:10 [8, 11170, 15142, 3589, 5812, -8]
803:73.12, 5:10 [8, 120, 15059, 13997, -8]
804:132.33, 6:10 [8, 13621, 12650, 9596, -8]
805:54.33, 4:10 [8, 11258, -8]
806:135.20, 4:10 [8, 2600, 9990, 188, -8]
fe: 1, se: 6

Day: 1, Time: 405
Total Cost: 1401.11
 11:136.01, 47:75 [1, 4, -1]
 12:153.31, 57:75 [1, 5, -5, -1]
401:77.89, 9:10 [4, 339, 248, 156, -4]
402:98.76, 9:10 [4, 49, 90, 83, -4]
403:134.18, 9:10 [4, 94, 178, 301, -4]
404:107.35, 10:10 [4, 197, 262, 7717, 170, -4]
405:87.05, 10:10 [4, 2590, 326, 79, -4]
501:162.53, 10:10 [5, 1192, 159, 7790, -5]
502:58.13, 10:10 [5, 260, 338, 14, -5]
503:56.58, 10:10 [5, 136, 300, 68, -5]
504:173.60, 9:10 [5, 282, 181, 76, -5]
506:64.17, 9:10 [5, 2610, 38, 15267, 153, -5]
507:91.55, 9:10 [5, 154, 145, 169, -5]
fe: 2, se: 11

Day: 1, Time: 405
Total Cost: 1929.02
 11:66.27, 66:75 [2, 6, -6, -2]
 12:66.27, 29:75 [2, 6, -2]
 13:145.23, 50:75 [2, 7, -7, -2]
 18:66.27, 10:75 [2, 6, -2]
601:76.08, 10:10 [6, 284, 34, 115, -6]
602:101.91, 9:10 [6, 6056, 289, 45, 207, -6]
603:105.92, 8:10 [6, 268, 232, 191, 16344, -6]
604:54.31, 10:10 [6, 5271, 2085, 162, -6]
605:158.75, 9:10 [6, 23, 99, 209, -6]
606:116.64, 10:10 [6, 7015, 59, 303, -6]
608:115.08, 10:10 [6, 219, 13314, 17, 40, 8020, -6]
609:91.31, 10:10 [6, 179, 2930, 6114, -6]
611:76.64, 9:10 [6, 259, 252, 212, 307, -6]
614:60.72, 10:10 [6, 124, 8388, 27, -6]
617:112.21, 10:10 [6, 226, 1809, 57, 138, -6]
701:65.84, 9:10 [7, 107, 52, 141, -7]
702:121.28, 10:10 [7, 285, 4300, 4820, 142, -7]
703:79.66, 6:10 [7, 160, 269, -7]
704:85.53, 9:10 [7, 196, 5447, 632, -7]
705:48.85, 5:10 [7, 47, 123, -7]
706:34.99, 4:10 [7, 225, -7]
708:79.26, 9:10 [7, 12420, 344, 322, -7]
fe: 4, se: 18

Day: 1, Time: 405
Total Cost: 1256.13
 11:94.59, 60:75 [3, 8, -8, -3]
 12:90.24, 53:75 [3, 9, -3]
801:68.27, 10:10 [8, 55, 304, 308, -8]
802:41.99, 3:10 [8, 264, 16558, -8]
803:103.50, 10:10 [8, 240, 2518, 122, 317, -8]
804:95.70, 10:10 [8, 4426, 208, 7026, -8]
805:62.47, 9:10 [8, 3085, 7138, 73, -8]
806:107.65, 10:10 [8, 48, 2146, 54, 110, -8]
808:79.11, 10:10 [8, 6194, 6910, 130, 263, -8]
901:122.40, 8:10 [9, 203, 321, 163, 324, -9]
902:105.82, 9:10 [9, 325, 133, 6467, 4752, 6865, -9]
903:66.76, 9:10 [9, 82, 1839, 135, 32, -9]
904:89.08, 8:10 [9, 16, 314, -9]
905:52.94, 10:10 [9, 85, 164, 189, 165, -9]
906:75.60, 9:10 [9, 13, 114, 217, -9]
fe: 2, se: 13

Day: 1, Time: 410
Total Cost: 220.66
 11:94.59, 5:75 [3, -8, -3]
801:126.07, 5:10 [8, 15858, 10401, -8]
fe: 1, se: 1

Day: 1, Time: 415
Total Cost: 190.40
 11:66.27, 7:75 [2, -6, -2]
601:124.12, 7:10 [6, 10124, 16473, 14472, -6]
fe: 1, se: 1

Day: 1, Time: 415
Total Cost: 194.26
 11:90.24, 1:75 [3, -9, -3]
901:104.02, 1:10 [9, 10697, -9]
fe: 1, se: 1

Day: 1, Time: 420
Total Cost: 209.95
 11:153.31, 3:75 [1, -5, -1]
501:56.64, 3:10 [5, 16574, -5]
fe: 1, se: 1

Day: 1, Time: 420
Total Cost: 130.18
 11:66.27, 2:75 [2, -6, -2]
601:63.91, 2:10 [6, 12917, -6]
fe: 1, se: 1

Day: 1, Time: 420
Total Cost: 223.51
 11:90.24, 2:75 [3, -9, -3]
901:99.04, 1:10 [9, 13854, -9]
902:34.23, 1:10 [9, 10122, -9]
fe: 1, se: 2

Day: 1, Time: 450
Total Cost: 268.45
 11:136.01, 2:75 [1, 4, -1]
401:132.44, 2:10 [4, 7363, -4]
fe: 1, se: 1

Day: 1, Time: 450
Total Cost: 629.74
 11:66.27, 42:75 [2, 6, -2]
601:136.97, 6:10 [6, 111, 8088, -6]
602:115.88, 10:10 [6, 5834, 230, 7142, -6]
603:145.68, 8:10 [6, 8081, 302, 781, -6]
605:73.18, 9:10 [6, 183, 227, 41, -6]
606:91.76, 9:10 [6, 331, 33, 323, -6]
fe: 1, se: 5

Day: 1, Time: 450
Total Cost: 544.24
 11:94.59, 31:75 [3, 8, -3]
801:113.76, 4:10 [8, 210, 7978, 158, -8]
802:82.27, 9:10 [8, 105, 113, 2706, -8]
803:112.16, 9:10 [8, 166, 312, 7784, 245, -8]
804:90.87, 4:10 [8, 318, 330, -8]
805:50.59, 5:10 [8, 6998, 296, -8]
fe: 1, se: 5

Day: 1, Time: 460
Total Cost: 405.74
 11:66.27, 14:75 [2, 6, -2]
601:146.83, 3:10 [6, 176, 15, 249, -6]
603:98.36, 8:10 [6, 104, 299, -6]
604:94.28, 3:10 [6, 28, 292, -6]
fe: 1, se: 3

Day: 1, Time: 460
Total Cost: 259.29
 12:113.51, 7:75 [3, 9, 8, -3]
801:37.95, 1:10 [8, 206, -8]
802:22.36, 3:10 [8, 89, -8]
901:85.47, 3:10 [9, 35, 109, -9]
fe: 1, se: 3


Day	Area	ID	Time	Load	Utilization	NoOrders	AssignmentCost
1	1	27	315	 75	1.00	30	825.00
1	1	 8	315	 73	0.97	25	805.00
1	1	28	360	 69	0.92	27	765.00
1	1	119	400	 21	0.14	11	570.00
1	1	15	630	 74	0.99	20	815.00
1	1	34	630	 18	0.24	 7	255.00
1	1	36	720	 55	0.92	23	750.00
1	1	38	810	 60	1.00	23	810.00
1	1	19	810	 60	1.00	27	810.00
1	2	63	225	 75	1.00	34	825.00
1	2	44	225	 75	1.00	21	825.00
1	2	64	270	 18	0.24	 6	255.00
1	2	145	300	  9	0.06	 7	330.00
1	2	65	315	 74	0.99	30	815.00
1	2	66	360	  2	0.03	 1	95.00
1	2	70	540	  8	0.09	 2	124.00
1	2	53	630	 61	0.81	20	685.00
1	2	75	765	 59	0.98	16	798.00
1	2	76	810	 60	1.00	32	810.00
1	2	57	810	 60	1.00	32	810.00
1	3	163	300	 59	0.39	36	1330.00
1	3	84	315	 75	1.00	24	825.00
1	3	103	315	 75	1.00	23	825.00
1	3	85	360	  4	0.05	 1	115.00
1	3	110	630	 53	0.71	16	605.00
1	3	113	765	 60	1.00	16	810.00
1	3	114	810	 60	1.00	26	810.00
1	3	95	810	 60	1.00	39	810.00


Day	Area	Time	Pickup	Delivery	Direct	FEVehicles	SEVehicles	ALNSTime	ALNSBestTime	RoutingCostArea
1	1	0	105	85	0	6	44	236.28	193.63	4859.74
1	1	10	2	0	0	1	1	0.29	0.00	298.75
1	1	25	1	0	0	1	1	0.20	0.00	271.50
1	1	50	6	0	0	2	3	0.65	0.00	587.39
1	1	65	1	0	0	1	1	0.22	0.00	212.17
1	1	80	1	0	0	1	1	0.20	0.00	300.09
1	1	115	6	0	0	3	5	0.62	0.00	769.04
1	1	120	1	0	0	1	1	0.20	0.00	222.55
1	1	125	2	0	0	1	1	0.29	0.00	252.73
1	1	130	1	0	0	1	1	0.20	0.00	192.76
1	1	165	6	0	0	3	3	0.72	0.00	699.84
1	1	170	1	0	0	1	1	0.20	0.00	186.17
1	1	180	0	0	1	0	0	0.00	0.00	500.00
1	1	265	18	0	0	1	6	1.74	0.27	870.44
1	1	285	6	0	0	1	2	0.55	0.00	513.44
1	1	325	11	22	0	1	7	5.87	3.43	1043.22
1	1	360	13	25	0	2	9	3.83	0.00	1384.90
1	1	395	7	0	0	2	3	0.65	0.00	588.69
1	1	400	2	0	0	2	2	0.33	0.00	531.99
1	1	405	1	34	0	2	11	3.36	2.04	1401.11
1	1	420	1	0	0	1	1	0.19	0.00	209.95
1	1	450	0	1	0	1	1	0.19	0.00	268.45
1	2	5	131	97	0	18	62	240.69	166.22	7745.29
1	2	25	4	0	0	2	2	0.52	0.00	377.52
1	2	50	3	0	0	1	1	0.33	0.00	218.85
1	2	60	1	0	0	1	1	0.18	0.00	144.37
1	2	70	1	0	1	1	1	0.20	0.00	699.69
1	2	75	1	0	0	1	1	0.20	0.00	161.14
1	2	105	2	0	0	1	1	0.26	0.00	137.14
1	2	115	2	0	0	1	2	0.26	0.00	214.62
1	2	140	2	0	0	2	2	0.31	0.00	279.29
1	2	145	1	0	0	1	1	0.20	0.00	122.59
1	2	155	1	0	0	1	1	0.20	0.00	149.53
1	2	160	2	0	0	2	2	0.33	0.00	229.22
1	2	165	0	0	1	0	0	0.00	0.00	500.00
1	2	175	2	0	1	2	2	0.30	0.00	854.10
1	2	300	20	0	0	2	6	1.52	0.00	746.43
1	2	360	16	19	0	1	6	6.01	2.91	881.31
1	2	375	2	0	0	1	1	0.25	0.00	224.53
1	2	405	3	54	0	4	18	11.39	8.38	1929.02
1	2	415	3	0	0	1	1	0.30	0.00	190.40
1	2	420	1	0	0	1	1	0.22	0.00	130.18
1	2	450	0	14	0	1	5	0.84	0.00	629.74
1	2	460	0	7	0	1	3	0.44	0.00	405.74
1	3	0	102	98	0	5	47	173.70	134.10	4975.39
1	3	45	5	0	0	1	2	0.49	0.00	334.87
1	3	65	2	0	0	2	2	0.33	0.00	306.52
1	3	70	1	0	0	1	1	0.20	0.00	176.62
1	3	75	1	0	0	1	1	0.20	0.00	177.78
1	3	85	1	0	0	1	1	0.20	0.00	164.24
1	3	105	2	0	0	2	2	0.33	0.00	334.48
1	3	115	2	0	0	1	2	0.32	0.00	231.62
1	3	120	2	0	0	2	2	0.31	0.00	339.20
1	3	130	1	0	0	1	1	0.23	0.00	139.94
1	3	135	1	0	0	1	1	0.20	0.00	179.35
1	3	145	3	0	0	2	2	0.43	0.00	329.00
1	3	165	2	0	0	2	2	0.32	0.00	300.03
1	3	180	3	0	0	3	3	0.41	0.00	482.87
1	3	290	21	0	0	1	5	2.86	1.26	689.29
1	3	300	5	0	0	1	2	0.56	0.00	328.61
1	3	355	9	33	0	2	10	5.92	2.02	1269.81
1	3	400	12	5	0	1	6	1.89	0.16	672.63
1	3	405	1	44	0	2	13	4.02	0.00	1256.13
1	3	410	2	0	0	1	1	0.27	0.00	220.66
1	3	415	1	0	0	1	1	0.20	0.00	194.26
1	3	420	2	0	0	1	2	0.28	0.00	223.51
1	3	450	0	14	0	1	5	0.83	0.02	544.24
1	3	460	0	4	0	1	3	0.43	0.00	259.29

Day	SL	Own	DispatchTimes	AssignmentCost	RoutingCost	TotalCost
1	25	3	44	18907.00	47265.98	66172.98

Total Cost: 66172.97983551607
Cost per Day: 66172.97983551607
Running time in Seconds: 990.078
Running time in minutes: 16.5013