INSTANCE: 3hubs_A_42_x.csv
PARAMETER: tuning_standard.txt
POLICY: MIP
ALPHA: 0.387023956898126
BETA: 78
OMEGA: 586
EPSILON: 1.00597325044486

Day: 1, Time: 0
Total Cost: 6693.29
 11:136.01, 74:75 [1, 4, -4, -1]
 12:136.01, 67:75 [1, 4, -4, -1]
 13:153.31, 33:75 [1, 5, -5, -1]
 14:136.01, 51:75 [1, 4, -4, -1]
 15:153.31, 19:75 [1, 5, -5, -1]
 16:153.31, 18:75 [1, 5, -5, -1]
 17:153.31, 13:75 [1, -5, -1]
 18:153.31, 68:75 [1, 5, -5, -1]
 20:136.01, 22:75 [1, 4, -4, -1]
401:110.71, 10:10 [4, 8734, 8846, 8898, 8970, -4]
402:140.87, 10:10 [4, 8482, 8663, 8478, 9019, 8817, 8603, 8964, -4]
403:109.23, 7:10 [4, 8547, 8953, 8987, -4]
404:93.31, 9:10 [4, 8665, 8943, 8647, 8924, 8652, -4]
406:96.59, 10:10 [4, 8794, 8899, 8774, 8509, -4]
407:188.07, 10:10 [4, 8806, 8869, 8481, 8434, 8961, -4]
408:60.43, 10:10 [4, 8915, 8735, 8942, 8767, -4]
409:145.74, 10:10 [4, 9010, 8966, 8771, 8990, 8692, -4]
410:86.95, 10:10 [4, 8785, 8466, 9012, 8792, 8985, -4]
411:140.65, 9:10 [4, 8583, 8797, 9024, 8948, 8491, 8759, -4]
412:68.10, 9:10 [4, 8496, 8510, 8465, -4]
413:72.49, 6:10 [4, 8715, 8935, 8600, 8873, 8947, -4]
414:126.05, 10:10 [4, 8571, 9029, 8754, 8755, -4]
415:170.29, 10:10 [4, 8861, 8524, 8929, 8477, -4]
416:71.01, 10:10 [4, 8802, 8751, 8732, 8952, -4]
417:171.63, 8:10 [4, 8694, 8598, 8474, 8689, 8549, 8909, -4]
418:171.28, 6:10 [4, 8937, 9026, 8611, -4]
419:75.54, 9:10 [4, 8607, 8430, 8672, -4]
420:106.63, 10:10 [4, 8502, 8637, 8664, 8508, 8440, -4]
422:58.17, 7:10 [4, 8624, 8578, -4]
423:71.09, 10:10 [4, 8701, 8536, 8889, 8699, 8612, -4]
424:153.22, 10:10 [4, 8793, 8545, 8998, 8772, 8737, 8649, -4]
425:104.70, 8:10 [4, 9018, 8839, 8945, 8907, -4]
426:127.91, 10:10 [4, 8666, 8486, 8698, -4]
427:161.06, 10:10 [4, 8960, 8941, 8867, 9000, 8535, 8901, -4]
428:146.68, 10:10 [4, 8827, 8911, 8447, 8674, 8471, 9032, -4]
429:120.12, 10:10 [4, 8462, 8616, 8824, 8475, 8678, 8479, -4]
432:128.22, 8:10 [4, 8826, 8963, 8853, -4]
434:75.57, 10:10 [4, 8967, 8805, 9031, 8760, -4]
501:84.93, 10:10 [5, 8762, 8427, 8501, -5]
502:10.24, 6:10 [5, 8804, 8865, -5]
503:85.94, 9:10 [5, 8921, 9004, 8798, -5]
504:109.51, 10:10 [5, 8741, 8876, 8927, 8903, -5]
505:61.20, 7:10 [5, 8831, 8845, -5]
506:99.24, 9:10 [5, 8467, 8778, 8807, 8939, -5]
507:95.68, 10:10 [5, 8704, 8897, 8777, 8646, 8814, 8908, -5]
508:180.02, 10:10 [5, 8854, 8576, 8461, 8516, 8543, -5]
509:54.04, 8:10 [5, 8933, 8634, 8983, 8896, -5]
510:120.45, 3:10 [5, 8621, 8829, -5]
511:88.80, 9:10 [5, 8651, 8443, 8758, 8453, 8842, 8928, -5]
512:143.74, 3:10 [5, 8902, -5]
513:41.78, 10:10 [5, 8546, 8523, 8638, 8555, -5]
514:159.30, 3:10 [5, 8719, -5]
515:109.74, 10:10 [5, 8470, 8728, 8495, 8622, 8800, 8574, -5]
516:89.34, 9:10 [5, 9021, 8457, 9030, 8976, 8566, -5]
517:64.80, 10:10 [5, 8993, 8850, 9020, -5]
518:131.06, 10:10 [5, 8645, 8604, 8862, 8533, 8521, 8789, -5]
519:106.98, 10:10 [5, 8613, 8542, 8683, -5]
520:97.60, 6:10 [5, 8858, 8877, 8954, 8587, -5]
521:96.02, 10:10 [5, 9011, 9014, 8631, 8558, 8635, 8725, 8819, -5]
fe: 9, se: 50

Day: 1, Time: 0
Total Cost: 3938.27
 11:66.27, 71:75 [2, 6, -6, -2]
 12:66.27, 75:75 [2, 6, -6, -2]
 13:66.27, 38:75 [2, 6, -6, -2]
 16:145.23, 38:75 [2, 7, -7, -2]
 17:145.23, 63:75 [2, 7, -7, -2]
 24:66.27, 18:75 [2, 6, -6, -2]
601:102.30, 10:10 [6, 8554, 8926, 8892, 8724, -6]
602:58.66, 10:10 [6, 8809, 8677, 8497, 8597, -6]
603:102.05, 10:10 [6, 8519, 8625, 8605, 8484, -6]
604:121.19, 10:10 [6, 8748, 8436, 8763, 8917, 8517, 8596, -6]
605:136.36, 10:10 [6, 8656, 8745, 8871, 8757, 8851, 8550, -6]
606:26.93, 4:10 [6, 8485, 8426, -6]
607:82.48, 10:10 [6, 8650, 8995, 8492, 8572, -6]
608:80.10, 9:10 [6, 8782, 8776, 8615, 8951, -6]
609:120.52, 10:10 [6, 8444, 8849, 8661, 8866, 8808, 8534, -6]
610:100.17, 10:10 [6, 8753, 8562, 8565, 8702, 8841, -6]
611:129.52, 10:10 [6, 8618, 8916, 8463, 8515, 8676, 8790, 8895, -6]
612:137.05, 10:10 [6, 8437, 8557, 8489, 8581, -6]
613:68.28, 10:10 [6, 8561, 8834, 8821, 8588, 8979, -6]
614:110.45, 10:10 [6, 8878, 8710, 8589, 8564, 8548, 8599, -6]
615:87.57, 8:10 [6, 8868, 8455, 8787, 8680, -6]
616:68.28, 9:10 [6, 8744, 8920, 8838, 8568, -6]
617:152.30, 9:10 [6, 8675, 8739, 8679, 8765, 8786, 8881, -6]
618:143.49, 10:10 [6, 8816, 8648, 8938, 8830, 8718, 8843, 8617, 8731, -6]
619:140.96, 10:10 [6, 8493, 8714, 8593, 8541, 8431, 8811, 8950, -6]
620:107.26, 10:10 [6, 8712, 9028, 8504, 8690, 8487, -6]
622:75.37, 10:10 [6, 8799, 8883, 9005, -6]
624:71.10, 10:10 [6, 8888, 8483, 8553, 8931, -6]
625:92.94, 10:10 [6, 8445, 8766, 8608, 8906, 8446, 8856, 8601, -6]
626:132.15, 9:10 [6, 8432, 8703, 8696, 9013, 8688, -6]
628:95.15, 10:10 [6, 8630, 8833, 8636, 8823, 8422, 8706, 8893, 8439, -6]
701:48.48, 8:10 [7, 8999, 8913, 8813, -7]
702:58.52, 10:10 [7, 9009, 8801, 8820, 8977, -7]
703:64.04, 8:10 [7, 8982, 8750, 8682, -7]
704:19.98, 8:10 [7, 8918, 8828, -7]
705:88.26, 10:10 [7, 8957, 8887, 8476, 8975, 8469, 8864, -7]
706:75.65, 10:10 [7, 8925, 8556, 8743, 8989, 8726, -7]
707:84.70, 9:10 [7, 8919, 8686, 8627, 8914, 8910, -7]
708:43.37, 7:10 [7, 8855, 8971, -7]
709:87.00, 10:10 [7, 8857, 8994, 8847, 8986, 9015, -7]
710:18.00, 4:10 [7, 8539, -7]
711:71.32, 10:10 [7, 8639, 8629, 8619, 9027, 8459, 8592, -7]
712:47.31, 8:10 [7, 8582, 8480, 8904, -7]
714:133.47, 10:10 [7, 8531, 8818, 8584, 8473, 8640, 8591, -7]
fe: 6, se: 38

Day: 1, Time: 0
Total Cost: 5235.51
 11:90.24, 74:75 [3, 9, -9, -3]
 12:94.59, 70:75 [3, 8, -8, -3]
 13:94.59, 45:75 [3, 8, -8, -3]
 14:90.24, 55:75 [3, 9, -9, -3]
 16:94.59, 75:75 [3, 8, -8, -3]
 17:90.24, 46:75 [3, 9, -9, -3]
801:78.08, 10:10 [8, 8874, 8781, 9023, 8770, 8720, 8730, -8]
802:67.12, 10:10 [8, 8973, 8746, 8708, 8595, -8]
803:94.41, 10:10 [8, 8585, 8425, 8641, 8577, -8]
804:91.98, 10:10 [8, 8528, 8456, 8768, 8632, 8681, 9034, 8586, -8]
805:104.46, 10:10 [8, 8788, 8835, 8687, 8532, 8795, 8996, 9001, 8511, -8]
806:90.16, 10:10 [8, 8551, 8580, 8633, 8691, -8]
807:81.65, 10:10 [8, 8742, 8522, 8894, 8980, 8756, -8]
808:100.20, 9:10 [8, 8852, 8570, 8968, 8575, -8]
809:109.75, 9:10 [8, 8490, 8653, 8569, 8912, 8736, 8796, 8761, -8]
811:81.50, 9:10 [8, 8733, 8922, 9016, -8]
812:94.57, 9:10 [8, 8620, 8433, 8602, 8429, -8]
813:135.39, 10:10 [8, 8815, 8498, 8450, 8812, 8984, 8610, -8]
814:129.76, 10:10 [8, 8420, 8505, 8438, 8579, 8695, -8]
815:127.01, 9:10 [8, 8654, 8727, 8890, 8723, 8451, 8832, -8]
816:87.56, 10:10 [8, 8494, 8659, 8655, 8560, 8518, -8]
817:129.29, 10:10 [8, 8934, 8693, 8499, 8709, 9025, -8]
818:113.66, 10:10 [8, 8623, 8428, 8667, 8563, 8506, -8]
819:111.22, 10:10 [8, 8875, 8527, 8644, 8822, 8721, -8]
820:74.50, 6:10 [8, 8538, 8779, 8707, -8]
821:117.88, 10:10 [8, 8540, 8936, 8662, 8717, 8749, 8880, 8423, -8]
822:105.67, 10:10 [8, 8421, 8609, 8628, -8]
823:10.00, 1:10 [8, 9006, -8]
824:96.49, 7:10 [8, 8643, 8882, 8525, 8747, -8]
825:116.10, 10:10 [8, 8962, 8840, 8825, 8791, 8872, 8891, -8]
826:80.95, 10:10 [8, 8500, 8526, 8552, -8]
827:85.90, 10:10 [8, 8974, 8773, 8944, 8764, -8]
828:136.34, 10:10 [8, 8460, 8544, 8668, 8514, 8530, -8]
832:77.54, 10:10 [8, 8837, 8965, 8507, -8]
901:102.84, 10:10 [9, 8567, 8885, 8658, 8452, 8923, -9]
902:85.36, 10:10 [9, 8671, 8573, 8520, -9]
903:136.80, 10:10 [9, 8472, 9008, 8900, 8905, 8859, 8940, -9]
904:61.98, 10:10 [9, 8949, 8700, 8956, -9]
905:26.62, 9:10 [9, 8884, 8713, 8769, -9]
906:107.19, 10:10 [9, 8559, 8697, 8879, 8468, 8529, 8685, -9]
907:123.49, 10:10 [9, 8729, 8441, 8991, 8997, 8959, 8458, 8969, -9]
909:71.02, 8:10 [9, 8503, 8958, 8537, 8863, -9]
910:133.28, 10:10 [9, 8740, 8992, 8860, 8512, 9033, 8673, -9]
911:93.37, 10:10 [9, 8738, 8972, 8614, 8810, 8711, -9]
912:155.56, 10:10 [9, 8930, 8606, 8775, 8684, 8449, -9]
913:47.36, 6:10 [9, 8836, 8932, 8660, -9]
915:62.87, 10:10 [9, 8780, 8870, 8752, -9]
916:120.60, 9:10 [9, 8978, 8784, 8670, 16706, 8844, -9]
917:125.67, 10:10 [9, 8448, 8513, 8848, 8464, 8626, -9]
919:68.68, 10:10 [9, 8981, 9003, 8722, 8488, -9]
922:32.35, 10:10 [9, 8657, 8642, 8886, 8590, -9]
924:112.05, 10:10 [9, 8424, 8716, 8955, 9017, 9002, -9]
925:124.27, 9:10 [9, 9007, 8946, 8988, 9022, 8803, -9]
926:160.48, 10:10 [9, 8594, 8783, 8705, 8454, 8442, 8669, 8435, -9]
fe: 6, se: 48

Day: 1, Time: 20
Total Cost: 616.18
 11:179.78, 13:75 [1, -4, -5, -1]
401:107.73, 7:10 [4, 13064, 12415, -4]
402:90.51, 1:10 [4, 12940, -4]
501:80.05, 3:10 [5, 12184, -5]
502:158.11, 2:10 [5, 16613, -5]
fe: 1, se: 4

Day: 1, Time: 30
Total Cost: 242.82
 11:66.27, 3:75 [2, -6, -2]
601:129.34, 2:10 [6, 11038, 9650, -6]
602:47.20, 1:10 [6, 13424, -6]
fe: 1, se: 2

Day: 1, Time: 30
Total Cost: 435.02
 11:94.59, 20:75 [3, -8, -3]
 12:90.24, 3:75 [3, -9, -3]
801:6.32, 4:10 [8, 12761, -8]
802:92.33, 8:10 [8, 11641, 15598, -8]
803:73.63, 8:10 [8, 11147, 14385, -8]
901:77.90, 3:10 [9, 13033, -9]
fe: 2, se: 4

Day: 1, Time: 35
Total Cost: 403.81
 11:179.78, 6:75 [1, -4, -5, -1]
401:88.02, 3:10 [4, 12987, -4]
501:136.01, 3:10 [5, 17020, -5]
fe: 1, se: 2

Day: 1, Time: 40
Total Cost: 487.58
 11:136.01, 7:75 [1, -4, -1]
 12:136.01, 2:75 [1, -4, -1]
401:150.44, 7:10 [4, 16085, 10441, -4]
402:65.12, 2:10 [4, 11521, -4]
fe: 2, se: 2

Day: 1, Time: 50
Total Cost: 509.05
 11:66.27, 13:75 [2, -6, -2]
 12:66.27, 2:75 [2, -6, -2]
601:181.99, 9:10 [6, 11530, 14082, 15311, -6]
602:115.88, 2:10 [6, 17059, -6]
603:78.64, 4:10 [6, 11734, -6]
fe: 2, se: 3

Day: 1, Time: 60
Total Cost: 380.35
 11:66.27, 5:75 [2, -6, -2]
 12:145.23, 2:75 [2, -7, -2]
601:50.60, 4:10 [6, 14503, -6]
602:105.60, 1:10 [6, 13038, -6]
701:12.65, 2:10 [7, 9723, -7]
fe: 2, se: 3

Day: 1, Time: 60
Total Cost: 458.35
 11:94.59, 8:75 [3, -8, -3]
 12:90.24, 1:75 [3, -9, -3]
801:108.30, 5:10 [8, 12029, 15535, -8]
802:87.32, 3:10 [8, 15161, -8]
901:77.90, 1:10 [9, 14493, -9]
fe: 2, se: 3

Day: 1, Time: 65
Total Cost: 608.22
 11:136.01, 13:75 [1, -4, -1]
 12:153.31, 3:75 [1, -5, -1]
401:76.84, 4:10 [4, 15626, -4]
402:194.01, 9:10 [4, 11510, 12503, 15671, -4]
501:48.04, 3:10 [5, 14350, -5]
fe: 2, se: 3

Day: 1, Time: 65
Total Cost: 205.56
 11:66.27, 2:75 [2, -6, -2]
601:139.28, 2:10 [6, 14443, -6]
fe: 1, se: 1

Day: 1, Time: 70
Total Cost: 451.66
 11:136.01, 4:75 [1, -4, -1]
 12:153.31, 2:75 [1, -5, -1]
401:101.61, 4:10 [4, 11599, -4]
501:60.73, 2:10 [5, 15235, -5]
fe: 2, se: 2

Day: 1, Time: 70
Total Cost: 254.24
 11:66.27, 4:75 [2, -6, -2]
601:121.21, 2:10 [6, 10916, -6]
602:66.75, 2:10 [6, 13509, -6]
fe: 1, se: 2

Day: 1, Time: 75
Total Cost: 235.60
 11:153.31, 3:75 [1, -5, -1]
501:82.29, 3:10 [5, 10611, -5]
fe: 1, se: 1

Day: 1, Time: 80
Total Cost: 198.30
 11:136.01, 4:75 [1, -4, -1]
401:62.29, 4:10 [4, 15786, -4]
fe: 1, se: 1

Day: 1, Time: 95
Total Cost: 802.29
 11:153.31, 4:75 [1, -5, -1]
 12:136.01, 3:75 [1, -4, -1]
 13:136.01, 5:75 [1, -4, -1]
401:63.81, 3:10 [4, 15622, -4]
402:166.33, 5:10 [4, 15150, 12751, -4]
501:42.00, 2:10 [5, 12930, -5]
502:104.80, 2:10 [5, 11575, -5]
fe: 3, se: 4

Day: 1, Time: 95
Total Cost: 276.13
 11:94.59, 3:75 [3, -8, -3]
 12:90.24, 4:75 [3, -9, -3]
801:52.00, 3:10 [8, 15381, -8]
901:39.29, 4:10 [9, 16327, -9]
fe: 2, se: 2

Day: 1, Time: 100
Total Cost: 219.20
 11:136.01, 4:75 [1, -4, -1]
401:83.19, 4:10 [4, 13759, -4]
fe: 1, se: 1

Day: 1, Time: 100
Total Cost: 316.32
 11:90.24, 4:75 [3, -9, -3]
 12:90.24, 1:75 [3, -9, -3]
901:46.39, 4:10 [9, 15704, -9]
902:89.44, 1:10 [9, 10329, -9]
fe: 2, se: 2

Day: 1, Time: 105
Total Cost: 215.10
 11:136.01, 5:75 [1, -4, -1]
401:54.92, 1:10 [4, 11554, -4]
402:24.17, 4:10 [4, 12103, -4]
fe: 1, se: 2

Day: 1, Time: 110
Total Cost: 312.05
 11:94.59, 2:75 [3, -8, -3]
 12:90.24, 3:75 [3, -9, -3]
801:106.62, 2:10 [8, 10755, -8]
901:20.59, 3:10 [9, 16094, -9]
fe: 2, se: 2

Day: 1, Time: 115
Total Cost: 352.06
 11:136.01, 2:75 [1, -4, -1]
 12:153.31, 2:75 [1, -5, -1]
401:45.65, 2:10 [4, 15070, -4]
501:17.09, 2:10 [5, 14834, -5]
fe: 2, se: 2

Day: 1, Time: 125
Total Cost: 451.63
 11:66.27, 8:75 [2, -6, -2]
 12:145.23, 4:75 [2, -7, -2]
601:189.77, 8:10 [6, 15977, 12015, 14740, 16343, -6]
702:50.36, 4:10 [7, 9526, -7]
fe: 2, se: 2

Day: 1, Time: 125
Total Cost: 664.34
 11:94.59, 3:75 [3, -8, -3]
 12:90.24, 11:75 [3, -9, -3]
 13:90.24, 4:75 [3, -9, -3]
801:89.31, 3:10 [8, 16277, -8]
901:146.78, 10:10 [9, 13468, 10214, 13321, -9]
902:69.08, 1:10 [9, 12326, -9]
903:84.10, 4:10 [9, 14375, -9]
fe: 3, se: 4

Day: 1, Time: 130
Total Cost: 489.66
 11:94.59, 3:75 [3, -8, -3]
 12:90.24, 1:75 [3, -9, -3]
 13:90.24, 1:75 [3, -9, -3]
801:85.16, 3:10 [8, 13220, -8]
901:109.42, 1:10 [9, 16726, -9]
902:20.00, 1:10 [9, 13324, -9]
fe: 3, se: 3

Day: 1, Time: 155
Total Cost: 194.76
 11:66.27, 4:75 [2, -6, -2]
601:128.49, 4:10 [6, 13959, 13860, -6]
fe: 1, se: 1

Day: 1, Time: 155
Total Cost: 397.13
 11:90.24, 6:75 [3, -9, -3]
 12:94.59, 2:75 [3, -8, -3]
802:108.90, 2:10 [8, 15451, -8]
901:103.38, 6:10 [9, 9704, 10145, -9]
fe: 2, se: 2

Day: 1, Time: 160
Total Cost: 421.03
 11:136.01, 13:75 [1, -4, -1]
401:191.95, 10:10 [4, 14890, 16643, 10831, 12539, -4]
402:93.06, 3:10 [4, 16824, 12356, -4]
fe: 1, se: 2

Day: 1, Time: 160
Total Cost: 121.28
 11:94.59, 3:75 [3, -8, -3]
801:26.68, 3:10 [8, 9902, -8]
fe: 1, se: 1

Day: 1, Time: 165
Total Cost: 288.95
 11:145.23, 3:75 [2, -7, -2]
 12:66.27, 2:75 [2, -6, -2]
601:60.96, 2:10 [6, 13072, -6]
701:16.49, 3:10 [7, 11311, -7]
fe: 2, se: 2

Day: 1, Time: 170
Total Cost: 255.87
 11:94.59, 5:75 [3, -8, -3]
801:101.61, 2:10 [8, 13343, -8]
802:59.67, 3:10 [8, 15402, -8]
fe: 1, se: 2

Day: 1, Time: 175
Total Cost: 367.36
 11:136.01, 1:75 [1, -4, -1]
 12:153.31, 4:75 [1, -5, -1]
401:28.64, 1:10 [4, 15810, -4]
501:49.40, 4:10 [5, 10882, -5]
fe: 2, se: 2

Day: 1, Time: 175
Total Cost: 162.27
 11:94.59, 3:75 [3, -8, -3]
801:67.68, 3:10 [8, 13229, -8]
fe: 1, se: 1

Day: 1, Time: 270
Total Cost: 977.17
 11:136.01, 33:75 [1, -4, -1]
 12:153.31, 22:75 [1, -5, -1]
401:52.96, 7:10 [4, 15428, 11808, -4]
402:82.33, 10:10 [4, 13445, 15496, 11108, -4]
403:125.26, 6:10 [4, 9173, 11504, -4]
404:84.98, 10:10 [4, 16185, 14924, 12032, 14397, -4]
501:173.60, 10:10 [5, 13110, 15648, 14684, 16978, -5]
502:118.12, 6:10 [5, 10471, 16790, 10400, 10297, -5]
503:50.59, 6:10 [5, 11175, 14821, -5]
fe: 2, se: 7

Day: 1, Time: 275
Total Cost: 778.07
 11:66.27, 43:75 [2, -6, -2]
601:154.62, 10:10 [6, 15586, 12440, 10488, 10839, -6]
602:172.87, 9:10 [6, 9450, 13812, 16490, -6]
603:128.53, 9:10 [6, 15100, 9339, 10258, -6]
604:124.14, 6:10 [6, 16254, 10647, 17032, 11506, -6]
605:131.63, 9:10 [6, 12344, 12624, 16828, 9731, -6]
fe: 1, se: 5

Day: 1, Time: 275
Total Cost: 991.04
 11:90.24, 63:75 [3, -9, -3]
901:174.99, 10:10 [9, 11751, 15943, 9758, 15329, 12485, -9]
902:85.43, 9:10 [9, 12468, 15658, 12740, 13948, -9]
903:109.26, 9:10 [9, 9207, 14304, 13845, -9]
904:87.04, 8:10 [9, 15815, 9444, -9]
905:157.03, 7:10 [9, 12560, 10051, 10574, -9]
906:151.89, 10:10 [9, 12345, 12433, 10604, -9]
907:135.16, 10:10 [9, 13952, 14454, 10175, 11991, -9]
fe: 1, se: 7

Day: 1, Time: 300
Total Cost: 253.29
 11:113.51, 4:75 [3, -8, -9, -3]
801:83.45, 2:10 [8, 13052, -8]
901:56.32, 2:10 [9, 12955, -9]
fe: 1, se: 2

Day: 1, Time: 360
Total Cost: 1619.44
 11:136.01, 43:75 [1, 4, -4, -1]
 12:153.31, 41:75 [1, 5, -5, -1]
401:141.32, 10:10 [4, 267, 154, 259, 10, -4]
402:18.87, 4:10 [4, 12290, -4]
403:105.40, 9:10 [4, 313, 106, 4634, 296, 12432, 200, -4]
404:100.68, 10:10 [4, 4071, 79, 4348, 2348, 9282, 12983, 58, 15095, -4]
405:162.97, 8:10 [4, 9974, 27, 56, -4]
406:140.93, 10:10 [4, 6845, 227, 43, 13804, 13248, 287, -4]
501:61.68, 4:10 [5, 288, 86, 3339, 16885, -5]
502:84.94, 6:10 [5, 246, 7404, 182, 10608, 105, -5]
504:138.65, 10:10 [5, 26, 36, 236, 109, -5]
505:138.68, 9:10 [5, 315, 16649, 15869, 223, -5]
506:128.29, 9:10 [5, 317, 311, 9409, 194, -5]
507:107.71, 9:10 [5, 120, 176, 197, 333, 3224, 316, -5]
fe: 2, se: 12

Day: 1, Time: 360
Total Cost: 997.55
 11:66.27, 38:75 [2, 6, -6, -2]
 12:145.23, 27:75 [2, 7, -7, -2]
601:108.89, 10:10 [6, 16298, 2951, 16398, 7014, 12743, -6]
602:133.51, 7:10 [6, 307, 215, 8016, 14632, 282, 14685, -6]
603:163.81, 9:10 [6, 15846, 16364, 98, 170, 10208, 163, 30, -6]
604:104.64, 10:10 [6, 136, 23, 32, 6326, 11234, 12143, 12206, -6]
605:66.35, 7:10 [6, 7637, 21, 15668, 201, 150, -6]
701:62.73, 10:10 [7, 145, 184, 15219, 257, 291, 48, 15255, -7]
702:64.34, 10:10 [7, 94, 2457, 245, 113, -7]
703:81.79, 8:10 [7, 13039, 266, 328, 1212, 11908, -7]
fe: 2, se: 8

Day: 1, Time: 360
Total Cost: 931.03
 11:94.59, 28:75 [3, 8, -8, -3]
 12:90.24, 15:75 [3, 9, -9, -3]
801:64.23, 8:10 [8, 217, 12375, 16133, 16080, -8]
802:135.63, 9:10 [8, 4734, 7675, 9747, 10213, 15361, -8]
803:135.96, 9:10 [8, 255, 75, 17088, 14068, 14967, -8]
804:161.32, 9:10 [8, 960, 157, 14983, 15343, 2831, 183, 149, -8]
901:112.70, 9:10 [9, 161, 16070, 8086, 14163, 13931, 11441, 273, -9]
904:136.36, 10:10 [9, 14961, 10846, 16581, 25, -9]
fe: 2, se: 6

Day: 1, Time: 395
Total Cost: 295.78
 11:90.24, 13:75 [3, -9, -3]
901:124.03, 5:10 [9, 12735, 13997, -9]
902:81.51, 8:10 [9, 16332, 16783, 13098, -9]
fe: 1, se: 2

Day: 1, Time: 400
Total Cost: 334.64
 11:66.27, 16:75 [2, -6, -2]
601:65.71, 9:10 [6, 14482, 10737, 16176, -6]
602:101.44, 4:10 [6, 15679, 13736, -6]
603:101.21, 3:10 [6, 11050, -6]
fe: 1, se: 3

Day: 1, Time: 405
Total Cost: 1823.34
 11:136.01, 75:75 [1, 4, -4, -1]
 12:153.31, 46:75 [1, 5, -5, -1]
 14:136.01, 18:75 [1, 4, -1]
401:46.89, 9:10 [4, 169, 74, 37, 17, -4]
402:80.51, 8:10 [4, 298, 166, 318, -4]
403:102.87, 10:10 [4, 281, 16253, 204, 80, -4]
404:67.68, 8:10 [4, 67, 174, 12951, -4]
405:96.22, 10:10 [4, 14466, 33, 91, 52, -4]
406:127.39, 10:10 [4, 235, 126, 144, 90, -4]
407:106.06, 10:10 [4, 18, 2840, 299, -4]
408:110.23, 10:10 [4, 193, 836, 256, -4]
409:132.84, 10:10 [4, 269, 165, 272, 319, -4]
412:99.03, 10:10 [4, 7587, 46, 148, -4]
501:65.73, 10:10 [5, 302, 62, 312, -5]
502:63.86, 7:10 [5, 3044, 11608, 162, -5]
503:57.09, 10:10 [5, 131, 325, 304, 180, -5]
504:135.50, 9:10 [5, 343, 5753, 53, -5]
507:106.11, 10:10 [5, 140, 10786, 190, 73, -5]
fe: 3, se: 15

Day: 1, Time: 405
Total Cost: 1656.98
 11:66.27, 71:75 [2, 6, -6, -2]
 12:66.27, 58:75 [2, 6, -2]
601:115.94, 10:10 [6, 278, 88, 293, -6]
602:91.35, 10:10 [6, 5069, 87, 237, -6]
603:21.54, 2:10 [6, 104, -6]
604:161.04, 10:10 [6, 210, 4505, 14180, 66, 147, -6]
605:132.18, 10:10 [6, 297, 29, 326, -6]
606:87.44, 10:10 [6, 301, 7096, 243, 284, -6]
607:92.31, 10:10 [6, 142, 218, 4530, 187, -6]
608:99.05, 10:10 [6, 101, 213, 322, 83, -6]
609:161.77, 8:10 [6, 186, 9616, 306, 6932, -6]
610:145.86, 10:10 [6, 139, 5685, 64, 6144, 249, -6]
611:85.81, 9:10 [6, 207, 232, 275, 14, -6]
612:109.55, 10:10 [6, 89, 4374, 222, -6]
613:72.12, 10:10 [6, 8330, 7923, 332, 303, -6]
616:148.48, 10:10 [6, 254, 39, 10741, 135, 208, -6]
fe: 2, se: 14

Day: 1, Time: 405
Total Cost: 1841.37
 11:94.59, 72:75 [3, 8, -3]
 12:90.24, 71:75 [3, 9, -9, -3]
 17:90.24, 20:75 [3, 9, -3]
801:92.04, 10:10 [8, 123, 228, 202, -8]
802:81.38, 9:10 [8, 5392, 34, 285, -8]
803:106.48, 9:10 [8, 130, 42, 156, 28, -8]
804:101.26, 10:10 [8, 155, 63, 44, 76, 168, -8]
805:131.45, 9:10 [8, 181, 152, 70, 341, -8]
806:110.01, 10:10 [8, 6380, 289, 159, -8]
807:20.60, 6:10 [8, 108, 4297, -8]
809:84.77, 9:10 [8, 49, 84, 225, 112, -8]
901:52.52, 10:10 [9, 277, 92, 216, -9]
902:4.00, 4:10 [9, 252, -9]
903:81.29, 10:10 [9, 212, 330, 160, -9]
904:77.80, 8:10 [9, 68, 138, 12543, -9]
905:120.25, 10:10 [9, 280, 5813, 3494, 115, -9]
906:86.55, 10:10 [9, 295, 4819, 314, 111, -9]
907:109.05, 10:10 [9, 264, 167, 153, 12339, 231, 309, -9]
908:101.26, 10:10 [9, 102, 55, 2864, 51, 2226, -9]
910:96.39, 9:10 [9, 191, 124, 118, -9]
913:109.21, 10:10 [9, 96, 263, 54, 6545, -9]
fe: 3, se: 18

Day: 1, Time: 415
Total Cost: 218.38
 11:113.51, 4:75 [3, -8, -9, -3]
801:94.87, 3:10 [8, 10184, -8]
901:10.00, 1:10 [9, 13097, -9]
fe: 1, se: 2

Day: 1, Time: 420
Total Cost: 442.41
 11:153.31, 4:75 [1, -5, -1]
 12:153.31, 7:75 [1, -5, -1]
501:106.94, 7:10 [5, 13955, 12151, -5]
502:28.84, 4:10 [5, 13167, -5]
fe: 2, se: 2

Day: 1, Time: 420
Total Cost: 254.03
 11:151.76, 8:75 [2, -6, -7, -2]
601:44.96, 6:10 [6, 16052, 11824, -6]
701:57.31, 2:10 [7, 12269, 10219, -7]
fe: 1, se: 2

Day: 1, Time: 420
Total Cost: 300.53
 11:113.51, 3:75 [3, -8, -9, -3]
801:96.66, 1:10 [8, 11702, -8]
901:90.35, 2:10 [9, 16484, -9]
fe: 1, se: 2

Day: 1, Time: 450
Total Cost: 208.41
 11:136.01, 4:75 [1, 4, -1]
401:72.40, 4:10 [4, 4653, 6761, -4]
fe: 1, se: 1

Day: 1, Time: 450
Total Cost: 713.27
 11:66.27, 29:75 [2, 6, -2]
 12:145.23, 16:75 [2, 7, -2]
601:22.36, 4:10 [6, 238, -6]
602:68.98, 8:10 [6, 270, 2885, 308, 4240, -6]
603:114.21, 7:10 [6, 107, 7395, 251, -6]
604:56.57, 1:10 [6, 276, -6]
605:38.83, 1:10 [6, 103, -6]
606:63.50, 8:10 [6, 247, 95, 81, -6]
701:65.66, 10:10 [7, 8036, 6712, 334, 4539, -7]
702:71.64, 6:10 [7, 310, 141, -7]
fe: 2, se: 8

Day: 1, Time: 450
Total Cost: 513.81
 12:90.24, 28:75 [3, 9, -3]
901:138.89, 7:10 [9, 221, 82, -9]
902:52.79, 9:10 [9, 336, 7120, 171, 5660, -9]
904:134.79, 7:10 [9, 258, 137, 339, -9]
905:97.09, 5:10 [9, 117, 300, -9]
fe: 1, se: 4

Day: 1, Time: 460
Total Cost: 372.52
 11:136.01, 10:75 [1, 4, -1]
401:106.47, 3:10 [4, 2621, -4]
402:31.24, 3:10 [4, 143, -4]
403:98.79, 4:10 [4, 119, -4]
fe: 1, se: 3

Day: 1, Time: 460
Total Cost: 319.76
 11:94.59, 9:75 [3, 8, -3]
801:107.52, 4:10 [8, 133, -8]
802:43.86, 2:10 [8, 178, -8]
803:73.78, 3:10 [8, 97, -8]
fe: 1, se: 3


Day	Area	ID	Time	Load	Utilization	NoOrders	AssignmentCost
1	1	 7	270	 28	0.37	14	355.00
1	1	27	315	 75	1.00	29	825.00
1	1	 8	315	 75	1.00	32	825.00
1	1	 9	360	 66	0.88	27	735.00
1	1	32	540	 32	0.36	 9	316.00
1	1	34	630	 71	0.95	23	785.00
1	1	18	765	 49	0.82	19	678.00
1	1	38	810	 60	1.00	24	810.00
1	1	19	810	 60	1.00	27	810.00
1	2	45	270	  8	0.11	 5	155.00
1	2	136	300	 28	0.19	17	710.00
1	2	46	315	 75	1.00	32	825.00
1	2	65	315	 75	1.00	19	825.00
1	2	146	400	 19	0.13	 6	530.00
1	2	72	630	 57	0.76	18	645.00
1	2	75	765	 26	0.43	 7	402.00
1	2	76	810	 60	1.00	31	810.00
1	2	57	810	 60	1.00	32	810.00
1	3	102	270	 73	0.97	25	805.00
1	3	163	300	 36	0.24	25	870.00
1	3	103	315	 57	0.76	24	645.00
1	3	84	315	 74	0.99	22	815.00
1	3	104	360	 11	0.15	 5	185.00
1	3	91	630	 54	0.72	16	615.00
1	3	113	765	 30	0.50	 8	450.00
1	3	94	765	 58	0.97	16	786.00
1	3	114	810	 60	1.00	34	810.00
1	3	95	810	 60	1.00	31	810.00


Day	Area	Time	Pickup	Delivery	Direct	FEVehicles	SEVehicles	ALNSTime	ALNSBestTime	RoutingCostArea
1	1	0	122	89	0	9	50	195.49	138.17	6693.29
1	1	20	5	0	0	1	4	0.49	0.00	616.18
1	1	35	2	0	0	1	2	0.29	0.00	403.81
1	1	40	3	0	0	2	2	0.35	0.00	487.58
1	1	65	5	0	1	2	3	0.53	0.00	1108.22
1	1	70	2	0	0	2	2	0.29	0.00	451.66
1	1	75	1	0	1	1	1	0.18	0.00	735.60
1	1	80	1	0	0	1	1	0.19	0.00	198.30
1	1	95	5	0	0	3	4	0.69	0.00	802.29
1	1	100	1	0	0	1	1	0.19	0.00	219.20
1	1	105	2	0	0	1	2	0.30	0.00	215.10
1	1	115	2	0	0	2	2	0.33	0.00	352.06
1	1	160	6	0	1	1	2	0.46	0.00	921.03
1	1	175	2	0	0	2	2	0.33	0.00	367.36
1	1	270	21	0	0	2	7	1.73	0.00	977.17
1	1	360	13	42	0	2	12	13.36	9.99	1619.44
1	1	405	5	47	0	3	15	12.90	4.30	1823.34
1	1	420	3	0	0	2	2	0.44	0.00	442.41
1	1	450	0	2	0	1	1	0.27	0.00	208.41
1	1	460	0	3	0	1	3	0.32	0.00	372.52
1	2	0	95	84	0	6	38	246.70	159.88	3938.27
1	2	30	3	0	0	1	2	0.34	0.00	242.82
1	2	50	5	0	0	2	3	0.61	0.00	509.05
1	2	60	3	0	0	2	3	0.39	0.00	380.35
1	2	65	1	0	0	1	1	0.19	0.00	205.56
1	2	70	2	0	0	1	2	0.26	0.00	254.24
1	2	125	5	0	0	2	2	0.62	0.00	451.63
1	2	155	2	0	1	1	1	0.24	0.00	694.76
1	2	165	2	0	0	2	2	0.33	0.00	288.95
1	2	180	0	0	1	0	0	0.00	0.00	500.00
1	2	275	18	0	0	1	5	1.36	0.03	778.07
1	2	360	16	30	0	2	8	5.59	0.42	997.55
1	2	400	6	0	0	1	3	0.43	0.00	334.64
1	2	405	3	49	0	2	14	9.47	1.02	1656.98
1	2	420	4	0	0	1	2	0.47	0.00	254.03
1	2	450	0	19	0	2	8	1.42	0.21	713.27
1	3	0	119	107	0	6	48	248.11	172.97	5235.51
1	3	30	6	0	0	2	4	0.42	0.00	435.02
1	3	60	4	0	0	2	3	0.46	0.00	458.35
1	3	95	2	0	0	2	2	0.32	0.00	276.13
1	3	100	2	0	0	2	2	0.29	0.00	316.32
1	3	110	2	0	0	2	2	0.31	0.00	312.05
1	3	125	6	0	0	3	4	0.69	0.00	664.34
1	3	130	3	0	0	3	3	0.48	0.00	489.66
1	3	155	3	0	0	2	2	0.49	0.00	397.13
1	3	160	1	0	0	1	1	0.19	0.00	121.28
1	3	170	2	0	0	1	2	0.28	0.00	255.87
1	3	175	1	0	0	1	1	0.19	0.00	162.27
1	3	275	24	0	0	1	7	3.83	0.97	991.04
1	3	300	2	0	0	1	2	0.26	0.00	253.29
1	3	360	18	14	0	2	6	3.24	1.57	931.03
1	3	395	5	0	0	1	2	0.53	0.00	295.78
1	3	405	2	62	0	3	18	28.86	15.04	1841.37
1	3	415	2	0	0	1	2	0.31	0.00	218.38
1	3	420	2	0	0	1	2	0.28	0.00	300.53
1	3	450	0	11	0	1	4	0.96	0.00	513.81
1	3	460	0	3	0	1	3	0.33	0.00	319.76

Day	SL	Own	DispatchTimes	AssignmentCost	RoutingCost	TotalCost
1	25	3	36	18642.00	46004.06	64646.06

Total Cost: 64646.06367011127
Cost per Day: 64646.06367011127
Running time in Seconds: 1110.283
Running time in minutes: 18.504716666666667