INSTANCE: 3hubs_A_38_x.csv
PARAMETER: tuning_standard.txt
POLICY: MIP
ALPHA: 0.387023956898126
BETA: 78
OMEGA: 586
EPSILON: 1.00597325044486

Day: 1, Time: 0
Total Cost: 6168.45
 11:136.01, 47:75 [1, 4, -4, -1]
 12:136.01, 74:75 [1, 4, -4, -1]
 13:136.01, 61:75 [1, 4, -4, -1]
 16:153.31, 72:75 [1, 5, -5, -1]
 17:153.31, 69:75 [1, 5, -5, -1]
 18:153.31, 48:75 [1, 5, -5, -1]
 19:136.01, 13:75 [1, -4, -1]
 22:153.31, 10:75 [1, -5, -1]
401:110.91, 9:10 [4, 8796, 8705, 8427, 8977, 8720, -4]
402:157.40, 9:10 [4, 8634, 8575, 8810, 8657, 8436, -4]
403:106.40, 10:10 [4, 8629, 8687, 8702, 8438, -4]
404:85.69, 9:10 [4, 8627, 8805, 8660, 8475, 8759, -4]
405:112.95, 10:10 [4, 8573, 8509, 8775, 8561, 8533, 8672, -4]
406:38.68, 6:10 [4, 8640, 8576, -4]
407:63.31, 10:10 [4, 8881, 8894, 8752, 8421, -4]
408:62.08, 8:10 [4, 9022, 8798, 8633, -4]
409:152.87, 9:10 [4, 8618, 8481, 9011, 9004, 8632, -4]
410:110.35, 8:10 [4, 8822, 8973, 8724, -4]
411:27.20, 2:10 [4, 8704, -4]
412:96.00, 10:10 [4, 8921, 8923, 8532, 8511, 8914, -4]
413:113.30, 10:10 [4, 8996, 8827, 8976, 8708, 8761, -4]
414:128.62, 10:10 [4, 8790, 8833, 8814, 8854, -4]
415:117.52, 10:10 [4, 8620, 8447, 8644, 8643, -4]
416:72.86, 9:10 [4, 8959, 8543, 8884, 8935, 8830, -4]
417:125.98, 10:10 [4, 8866, 8756, 8742, 8568, 8442, -4]
418:156.20, 3:10 [4, 8847, -4]
419:117.02, 10:10 [4, 8707, 8905, 8768, 8845, -4]
420:98.72, 10:10 [4, 8793, 9007, 8862, 8748, -4]
421:152.77, 9:10 [4, 8641, 13066, 8490, 8437, 8867, -4]
422:23.50, 8:10 [4, 8769, 8703, -4]
423:106.66, 10:10 [4, 8628, 8773, 8580, 8677, -4]
424:103.34, 8:10 [4, 8947, 8887, 8715, -4]
425:129.84, 9:10 [4, 9010, 8785, 8731, -4]
428:138.60, 10:10 [4, 8513, 8546, 8820, 8559, -4]
501:12.00, 4:10 [5, 8722, -5]
502:42.86, 10:10 [5, 8710, 8859, 8957, 8788, -5]
503:47.96, 6:10 [5, 8556, 8493, -5]
504:75.78, 9:10 [5, 8701, 8779, 8927, 8637, 8861, -5]
506:174.88, 10:10 [5, 8589, 8664, 8500, 8938, 8522, 8689, 8604, 8496, -5]
508:60.74, 10:10 [5, 9025, 8626, 8907, 8482, -5]
509:143.96, 10:10 [5, 8784, 8819, 8869, 8652, -5]
510:161.28, 9:10 [5, 8960, 8967, 8455, 8791, -5]
511:164.09, 9:10 [5, 8931, 8978, 8673, 8771, -5]
512:80.85, 10:10 [5, 8582, 8581, 8460, 8692, 8831, -5]
513:68.01, 10:10 [5, 8882, 8942, 8886, 8899, 8706, -5]
514:89.04, 10:10 [5, 8984, 8840, 8991, 8995, -5]
515:42.66, 7:10 [5, 8470, 8696, -5]
517:80.27, 10:10 [5, 8730, 8998, 8733, -5]
518:87.39, 10:10 [5, 8665, 8449, 8432, 8464, -5]
519:132.62, 10:10 [5, 8514, 8654, 8479, 8635, -5]
521:58.50, 10:10 [5, 8723, 8987, 9003, -5]
522:110.25, 9:10 [5, 8729, 8631, 9000, 8754, 8619, 8746, -5]
523:78.80, 9:10 [5, 8760, 8811, 8499, 8770, 9008, 9027, -5]
524:148.17, 10:10 [5, 8477, 8983, 8592, 8925, 8538, 8468, 8446, -5]
525:99.21, 10:10 [5, 8900, 8727, 8826, 8828, -5]
526:125.52, 10:10 [5, 8661, 8600, 8630, 8517, -5]
527:171.38, 9:10 [5, 8815, 8668, 8802, 8593, 8542, 8753, -5]
529:46.18, 10:10 [5, 8714, 8806, 9030, -5]
fe: 8, se: 50

Day: 1, Time: 0
Total Cost: 4729.42
 11:66.27, 75:75 [2, 6, -6, -2]
 12:66.27, 68:75 [2, 6, -6, -2]
 13:66.27, 75:75 [2, 6, -6, -2]
 16:151.76, 73:75 [2, 6, 7, -7, -2]
 17:145.23, 62:75 [2, 7, -7, -2]
601:106.41, 10:10 [6, 8434, 8448, 8530, -6]
602:45.74, 8:10 [6, 8735, 8599, 8924, -6]
603:56.64, 10:10 [6, 9015, 8560, 8649, 8693, 8883, 8520, -6]
604:95.49, 10:10 [6, 8584, 8457, 8536, 8521, 8548, 8838, -6]
605:123.49, 10:10 [6, 8423, 8544, 8713, 8965, 8856, 8758, 8466, 8872, -6]
606:103.40, 10:10 [6, 8969, 8787, 8863, 8962, -6]
607:128.60, 10:10 [6, 8824, 8766, 8579, 8765, 8875, 8750, -6]
608:91.94, 9:10 [6, 8786, 8839, 8910, 8970, 8525, -6]
609:146.33, 10:10 [6, 8653, 8639, 9014, 8424, 8851, 8459, 8743, 8451, 8666, 8846, 8906, -6]
610:48.16, 9:10 [6, 8698, 8528, 8566, -6]
611:65.93, 9:10 [6, 8783, 8699, 8553, -6]
612:106.26, 10:10 [6, 8608, 8880, 8612, 8860, 8986, 8930, -6]
613:71.53, 10:10 [6, 8646, 9019, 8889, 9016, 8946, -6]
614:117.75, 10:10 [6, 8605, 8430, 8744, 8817, 8601, -6]
615:125.18, 10:10 [6, 8807, 8716, 9012, 8843, 8918, -6]
616:125.90, 10:10 [6, 8621, 8858, 8645, 8491, 8516, -6]
617:108.36, 10:10 [6, 9005, 8567, 8789, 8794, 8865, -6]
618:81.39, 10:10 [6, 8913, 8681, 8558, 8444, 8837, -6]
619:157.97, 10:10 [6, 8848, 8674, 8422, 8999, 8623, 8871, 8901, -6]
620:81.63, 10:10 [6, 8879, 8527, 8832, 8990, -6]
621:36.88, 4:10 [6, 9024, -6]
622:98.83, 8:10 [6, 8658, 9028, 8441, 8697, 8486, -6]
623:159.02, 10:10 [6, 8494, 8489, 8606, 8638, 8940, -6]
624:104.36, 10:10 [6, 8964, 8842, 8902, 8738, 8975, -6]
625:163.96, 10:10 [6, 8981, 8515, 8534, -6]
626:54.83, 10:10 [6, 8834, 8948, 8922, -6]
627:39.51, 8:10 [6, 8809, 9026, -6]
628:87.22, 10:10 [6, 8825, 8757, 8877, -6]
630:80.95, 10:10 [6, 8535, 8497, 8445, 8549, 8571, -6]
632:79.72, 10:10 [6, 8966, 8461, 8443, -6]
701:38.17, 7:10 [7, 8992, 8892, -7]
702:83.15, 10:10 [7, 8683, 8597, 8498, 8518, -7]
703:76.01, 10:10 [7, 8755, 8878, 8776, 8994, -7]
704:48.27, 10:10 [7, 8728, 8732, 8944, 8890, 8762, -7]
705:52.18, 7:10 [7, 8908, 8439, -7]
706:90.02, 10:10 [7, 8458, 9032, 8816, 8740, 8476, -7]
709:76.36, 7:10 [7, 8551, 8583, 8982, 8763, -7]
710:86.90, 10:10 [7, 9034, 8782, 8736, 8625, 8717, -7]
711:92.74, 9:10 [7, 8507, 8721, 8980, 8800, 9031, -7]
712:45.43, 9:10 [7, 8537, 8454, 8663, -7]
713:154.01, 10:10 [7, 8512, 8602, 8508, 8467, 8670, 8939, 8953, -7]
714:95.76, 8:10 [7, 8484, 8615, 8529, 8929, 8835, -7]
716:142.64, 10:10 [7, 8453, 8578, 9018, 8682, 8803, 8650, 8751, -7]
717:68.09, 10:10 [7, 8801, 8920, 8912, 8868, -7]
720:85.43, 10:10 [7, 8502, 8462, 8669, 8897, -7]
721:105.05, 10:10 [7, 9009, 8904, 8648, 8777, 8504, -7]
fe: 5, se: 46

Day: 1, Time: 0
Total Cost: 4452.36
 11:94.59, 67:75 [3, 8, -8, -3]
 12:94.59, 75:75 [3, 8, -8, -3]
 13:90.24, 71:75 [3, 9, -9, -3]
 14:90.24, 46:75 [3, 9, -9, -3]
 15:90.24, 55:75 [3, 9, -9, -3]
 16:90.24, 7:75 [3, 9, -9, -3]
 17:90.24, 18:75 [3, 9, -9, -3]
 18:94.59, 25:75 [3, 8, -8, -3]
801:14.15, 6:10 [8, 8917, 8932, -8]
802:82.06, 10:10 [8, 8792, 8928, 8852, 8874, 8989, -8]
803:56.44, 10:10 [8, 8591, 8510, 8570, 8554, 8719, -8]
804:98.61, 10:10 [8, 8799, 8433, 8483, 8916, -8]
805:37.90, 7:10 [8, 8480, 8617, -8]
806:71.17, 10:10 [8, 8903, 8997, 8985, 8950, 8662, 8821, -8]
807:96.41, 10:10 [8, 8725, 8988, 8550, 8864, 8450, 8919, 8909, -8]
808:111.57, 9:10 [8, 8598, 8586, 8829, 8563, -8]
809:129.59, 10:10 [8, 8780, 8531, 8993, 8952, 8885, 8745, -8]
810:90.48, 10:10 [8, 8655, 8676, 8818, 8695, -8]
811:41.81, 10:10 [8, 9006, 8823, 8678, -8]
812:84.20, 10:10 [8, 9013, 8974, 8734, 8737, -8]
813:89.72, 10:10 [8, 8954, 8569, 8718, 8555, 8624, -8]
814:31.17, 10:10 [8, 8557, 8463, 8691, -8]
815:115.10, 9:10 [8, 8841, 8926, 8961, 8971, 8937, -8]
817:129.86, 10:10 [8, 8487, 8659, 8595, 8506, 8915, 8898, -8]
818:80.56, 10:10 [8, 8642, 8474, 8435, 8505, -8]
819:96.98, 10:10 [8, 8781, 9033, 8594, 8873, 8472, 8911, 8712, -8]
823:110.74, 10:10 [8, 8590, 8540, 8891, 8611, 8577, -8]
901:82.15, 10:10 [9, 8622, 8675, 8541, 8774, 8609, 8503, 8690, -9]
902:115.71, 7:10 [9, 8933, 8812, 8951, -9]
903:72.54, 9:10 [9, 8764, 8797, 8431, 8936, 8564, 8943, -9]
904:126.31, 10:10 [9, 8836, 8492, 8804, 8709, 8767, -9]
905:118.69, 10:10 [9, 8613, 8958, 8552, 8853, 8955, 8857, 8685, 8888, -9]
906:104.90, 10:10 [9, 8679, 8471, 8647, 8979, -9]
907:60.21, 9:10 [9, 8456, 8726, 8495, 8524, -9]
908:153.34, 10:10 [9, 8473, 8778, 8603, 8651, 8596, 8607, -9]
909:71.53, 10:10 [9, 8893, 8485, 8813, 8428, 8855, 8945, 8870, 8968, -9]
910:123.21, 9:10 [9, 8895, 8711, 8741, 8876, 9021, -9]
911:75.48, 8:10 [9, 8956, 8749, 9023, 8588, -9]
912:37.80, 7:10 [9, 9020, 8501, 8934, 8747, -9]
913:146.77, 10:10 [9, 8545, 8680, 8849, 8949, 8896, -9]
914:68.20, 10:10 [9, 8440, 8850, 8488, 8562, 9017, 8636, -9]
915:114.88, 10:10 [9, 8425, 8526, 8465, 8688, 8523, -9]
916:30.61, 8:10 [9, 8656, 8694, 8572, -9]
917:48.71, 6:10 [9, 8614, 8565, -9]
919:152.45, 10:10 [9, 8972, 8808, 8574, 8963, 8667, 9001, 8844, -9]
920:20.88, 4:10 [9, 8700, -9]
921:75.46, 10:10 [9, 8519, 8610, 8671, 8420, 8739, -9]
922:145.86, 9:10 [9, 8795, 8686, 8585, 8941, 8469, 8587, -9]
924:108.66, 10:10 [9, 8684, 8616, 8547, 8426, 9002, 9029, -9]
926:94.47, 10:10 [9, 8429, 8478, 8772, 8539, 8452, -9]
fe: 8, se: 42

Day: 1, Time: 35
Total Cost: 765.19
 11:136.01, 1:75 [1, -4, -1]
 12:153.31, 15:75 [1, -5, -1]
 13:153.31, 5:75 [1, -5, -1]
401:40.50, 1:10 [4, 10397, -4]
501:124.99, 8:10 [5, 12326, 13799, -5]
502:91.85, 5:10 [5, 11346, 9411, -5]
503:65.23, 7:10 [5, 13737, 16313, 14500, -5]
fe: 3, se: 4

Day: 1, Time: 40
Total Cost: 485.48
 11:66.27, 7:75 [2, -6, -2]
 12:66.27, 8:75 [2, -6, -2]
601:169.15, 7:10 [6, 12160, 13771, 12910, -6]
602:87.60, 4:10 [6, 10422, 14128, -6]
604:96.19, 4:10 [6, 16125, -6]
fe: 2, se: 3

Day: 1, Time: 50
Total Cost: 292.07
 11:136.01, 7:75 [1, -4, -1]
401:156.05, 7:10 [4, 11564, 9350, -4]
fe: 1, se: 1

Day: 1, Time: 55
Total Cost: 237.37
 11:153.31, 5:75 [1, -5, -1]
502:84.06, 5:10 [5, 16823, 13486, -5]
fe: 1, se: 1

Day: 1, Time: 55
Total Cost: 451.53
 11:94.59, 10:75 [3, -8, -3]
 12:90.24, 6:75 [3, -9, -3]
801:72.70, 4:10 [8, 13812, 17057, -8]
802:68.68, 6:10 [8, 11974, 9727, 9706, -8]
901:125.32, 6:10 [9, 10948, 12889, 12884, -9]
fe: 2, se: 3

Day: 1, Time: 60
Total Cost: 405.26
 11:66.27, 9:75 [2, -6, -2]
 12:66.27, 3:75 [2, -6, -2]
601:205.82, 9:10 [6, 9744, 16237, 16064, -6]
602:66.90, 3:10 [6, 10196, 14708, -6]
fe: 2, se: 2

Day: 1, Time: 60
Total Cost: 171.25
 11:94.59, 1:75 [3, -8, -3]
801:76.66, 1:10 [8, 16195, -8]
fe: 1, se: 1

Day: 1, Time: 65
Total Cost: 561.64
 11:153.31, 4:75 [1, -5, -1]
 12:136.01, 3:75 [1, -4, -1]
401:90.97, 3:10 [4, 12935, -4]
501:20.10, 1:10 [5, 9371, -5]
502:161.25, 3:10 [5, 10321, -5]
fe: 2, se: 3

Day: 1, Time: 70
Total Cost: 190.52
 11:66.27, 4:75 [2, -6, -2]
601:124.25, 4:10 [6, 16719, 11907, -6]
fe: 1, se: 1

Day: 1, Time: 80
Total Cost: 782.20
 11:136.01, 7:75 [1, -4, -1]
 12:153.31, 4:75 [1, -5, -1]
 13:153.31, 2:75 [1, -5, -1]
401:89.28, 5:10 [4, 14495, 15935, -4]
402:112.92, 2:10 [4, 10722, -4]
501:108.73, 4:10 [5, 12527, 17017, -5]
502:28.64, 2:10 [5, 13955, -5]
fe: 3, se: 4

Day: 1, Time: 90
Total Cost: 269.45
 12:153.31, 6:75 [1, -5, -1]
501:116.14, 6:10 [5, 9536, 13062, -5]
fe: 1, se: 1

Day: 1, Time: 90
Total Cost: 664.66
 11:66.27, 6:75 [2, -6, -2]
 12:66.27, 3:75 [2, -6, -2]
 13:66.27, 5:75 [2, -6, -2]
601:135.09, 2:10 [6, 12252, -6]
602:91.38, 3:10 [6, 15507, 10730, -6]
603:83.35, 4:10 [6, 14751, -6]
604:156.03, 5:10 [6, 16540, 15877, -6]
fe: 3, se: 4

Day: 1, Time: 90
Total Cost: 445.44
 11:90.24, 5:75 [3, -9, -3]
 12:90.24, 2:75 [3, -9, -3]
902:74.32, 1:10 [9, 15846, -9]
903:119.33, 2:10 [9, 15533, -9]
904:71.29, 4:10 [9, 14247, 15762, -9]
fe: 2, se: 3

Day: 1, Time: 95
Total Cost: 244.83
 11:136.01, 3:75 [1, -4, -1]
401:108.81, 3:10 [4, 14161, -4]
fe: 1, se: 1

Day: 1, Time: 95
Total Cost: 405.08
 11:90.24, 1:75 [3, -9, -3]
 12:90.24, 3:75 [3, -9, -3]
901:80.00, 1:10 [9, 16562, -9]
902:62.13, 1:10 [9, 9959, -9]
903:82.46, 2:10 [9, 10150, -9]
fe: 2, se: 3

Day: 1, Time: 100
Total Cost: 502.99
 11:66.27, 3:75 [2, -6, -2]
 12:66.27, 7:75 [2, -6, -2]
601:93.64, 2:10 [6, 11673, -6]
602:137.02, 7:10 [6, 16444, 9562, -6]
603:139.79, 1:10 [6, 12261, -6]
fe: 2, se: 3

Day: 1, Time: 115
Total Cost: 164.54
 11:66.27, 7:75 [2, -6, -2]
601:98.27, 7:10 [6, 13276, 10504, -6]
fe: 1, se: 1

Day: 1, Time: 115
Total Cost: 322.60
 11:94.59, 4:75 [3, -8, -3]
 12:90.24, 6:75 [3, -9, -3]
801:42.05, 4:10 [8, 16413, -8]
901:95.71, 6:10 [9, 13103, 15941, -9]
fe: 2, se: 2

Day: 1, Time: 120
Total Cost: 418.80
 11:136.01, 7:75 [1, -4, -1]
 12:153.31, 2:75 [1, -5, -1]
401:81.06, 7:10 [4, 12785, 15903, -4]
501:48.41, 2:10 [5, 14899, -5]
fe: 2, se: 2

Day: 1, Time: 130
Total Cost: 291.94
 11:90.24, 11:75 [3, -9, -3]
901:135.69, 10:10 [9, 9143, 11788, 15063, -9]
902:66.00, 1:10 [9, 11898, -9]
fe: 1, se: 2

Day: 1, Time: 135
Total Cost: 345.93
 11:66.27, 6:75 [2, -6, -2]
 12:66.27, 2:75 [2, -6, -2]
601:134.26, 6:10 [6, 15243, 9359, -6]
602:79.12, 2:10 [6, 11955, -6]
fe: 2, se: 2

Day: 1, Time: 135
Total Cost: 285.04
 11:90.24, 1:75 [3, -9, -3]
 12:90.24, 4:75 [3, -9, -3]
901:42.52, 1:10 [9, 12315, -9]
902:62.03, 4:10 [9, 9521, -9]
fe: 2, se: 2

Day: 1, Time: 140
Total Cost: 298.45
 11:66.27, 3:75 [2, -6, -2]
 12:66.27, 4:75 [2, -6, -2]
601:86.28, 3:10 [6, 10673, -6]
602:79.62, 4:10 [6, 12402, -6]
fe: 2, se: 2

Day: 1, Time: 140
Total Cost: 147.09
 11:94.59, 2:75 [3, -8, -3]
801:52.50, 2:10 [8, 12104, -8]
fe: 1, se: 1

Day: 1, Time: 150
Total Cost: 365.49
 11:136.01, 1:75 [1, -4, -1]
 12:153.31, 2:75 [1, -5, -1]
401:51.11, 1:10 [4, 10447, -4]
501:25.06, 2:10 [5, 11730, -5]
fe: 2, se: 2

Day: 1, Time: 155
Total Cost: 145.92
 11:66.27, 4:75 [2, -6, -2]
601:79.65, 4:10 [6, 13816, -6]
fe: 1, se: 1

Day: 1, Time: 155
Total Cost: 153.82
 11:94.59, 1:75 [3, -8, -3]
801:59.23, 1:10 [8, 15904, -8]
fe: 1, se: 1

Day: 1, Time: 160
Total Cost: 222.56
 11:136.01, 4:75 [1, -4, -1]
401:51.11, 3:10 [4, 13070, -4]
402:35.44, 1:10 [4, 16323, -4]
fe: 1, se: 2

Day: 1, Time: 165
Total Cost: 355.20
 11:66.27, 1:75 [2, -6, -2]
 12:66.27, 2:75 [2, -6, -2]
601:143.74, 1:10 [6, 13071, -6]
602:78.92, 2:10 [6, 11486, -6]
fe: 2, se: 2

Day: 1, Time: 165
Total Cost: 158.51
 11:90.24, 4:75 [3, -9, -3]
901:68.26, 4:10 [9, 12885, -9]
fe: 1, se: 1

Day: 1, Time: 175
Total Cost: 184.91
 11:66.27, 3:75 [2, -6, -2]
 12:66.27, 1:75 [2, -6, -2]
601:30.00, 3:10 [6, 13606, -6]
602:22.36, 1:10 [6, 11480, -6]
fe: 2, se: 2

Day: 1, Time: 175
Total Cost: 111.80
 11:94.59, 4:75 [3, -8, -3]
801:17.20, 4:10 [8, 12143, -8]
fe: 1, se: 1

Day: 1, Time: 195
Total Cost: 99.23
 11:66.27, 6:75 [2, -6, -2]
601:32.96, 6:10 [6, 9337, 13650, -6]
fe: 1, se: 1

Day: 1, Time: 270
Total Cost: 907.58
 11:136.01, 21:75 [1, -4, -1]
 12:153.31, 26:75 [1, -5, -1]
401:129.54, 10:10 [4, 14963, 12649, 15125, 15344, -4]
402:110.07, 6:10 [4, 12381, 13089, -4]
403:68.04, 5:10 [4, 12171, 16768, -4]
501:76.25, 7:10 [5, 16658, 16648, -5]
502:125.13, 10:10 [5, 16302, 16841, 10558, 13302, 13427, -5]
503:109.23, 9:10 [5, 15855, 13720, 9624, -5]
fe: 2, se: 6

Day: 1, Time: 275
Total Cost: 769.34
 11:66.27, 28:75 [2, -6, -2]
 12:145.23, 28:75 [2, -7, -2]
602:134.36, 10:10 [6, 15628, 15040, 14848, 12343, -6]
604:105.35, 9:10 [6, 9869, 12739, 10505, 10018, -6]
605:93.64, 9:10 [6, 12040, 16695, 11576, -6]
701:49.48, 9:10 [7, 11421, 9677, 11819, -7]
702:80.90, 9:10 [7, 9786, 15506, 10645, -7]
703:94.10, 10:10 [7, 12081, 14193, 9897, -7]
fe: 2, se: 6

Day: 1, Time: 280
Total Cost: 328.22
 11:136.01, 9:75 [1, -4, -1]
401:192.21, 9:10 [4, 15626, 17100, 15180, -4]
fe: 1, se: 1

Day: 1, Time: 295
Total Cost: 604.41
 11:90.24, 37:75 [3, -9, -3]
901:131.27, 9:10 [9, 9352, 12018, 15633, 9874, 12492, -9]
902:123.59, 8:10 [9, 9163, 10816, 11141, 10562, 10205, 14858, -9]
903:93.75, 10:10 [9, 16462, 11226, 10830, 11789, 12075, -9]
904:165.56, 10:10 [9, 9176, 12963, 14253, 12353, 12236, -9]
fe: 1, se: 4

Day: 1, Time: 310
Total Cost: 404.11
 11:179.78, 12:75 [1, -4, -5, -1]
401:32.28, 6:10 [4, 14793, 11913, -4]
402:132.20, 2:10 [4, 9237, -4]
501:59.85, 4:10 [5, 14370, 9494, -5]
fe: 1, se: 3

Day: 1, Time: 335
Total Cost: 456.80
 11:136.01, 7:75 [1, 4, -4, -1]
402:119.15, 4:10 [4, 3284, 7505, 14479, 12592, -4]
403:201.63, 3:10 [4, 8126, 1037, -4]
fe: 1, se: 2

Day: 1, Time: 350
Total Cost: 541.32
 12:90.24, 21:75 [3, 9, -9, -3]
901:143.60, 9:10 [9, 24, 11170, 13721, 11176, 9553, -9]
902:172.72, 6:10 [9, 9787, 9661, 1707, -9]
903:134.76, 7:10 [9, 116, 11854, 11630, -9]
fe: 1, se: 3

Day: 1, Time: 355
Total Cost: 796.27
 11:66.27, 55:75 [2, 6, -6, -2]
601:108.14, 10:10 [6, 12827, 9605, 13705, -6]
602:121.44, 8:10 [6, 3669, 10001, 10370, 10683, -6]
603:33.96, 8:10 [6, 10623, 10023, -6]
604:164.18, 10:10 [6, 5122, 13279, 15486, 11218, -6]
605:136.99, 10:10 [6, 12740, 13259, 12434, 11355, -6]
606:165.29, 9:10 [6, 9820, 7152, 13724, 8367, 13652, 13275, -6]
fe: 1, se: 6

Day: 1, Time: 360
Total Cost: 1423.02
 11:136.01, 28:75 [1, 4, -1]
 12:153.31, 52:75 [1, 5, -5, -1]
401:103.68, 7:10 [4, 1269, 300, 152, 175, -4]
402:158.86, 10:10 [4, 3414, 213, 195, 272, 187, -4]
403:181.02, 8:10 [4, 57, 6817, 7072, 1732, 5557, 123, -4]
404:20.88, 3:10 [4, 296, -4]
501:82.24, 8:10 [5, 265, 162, 258, 163, 26, 7214, -5]
502:170.32, 9:10 [5, 174, 3625, 3861, 7435, -5]
503:132.54, 10:10 [5, 151, 274, 234, 12360, 329, 59, -5]
504:112.26, 10:10 [5, 2040, 268, 48, 17107, -5]
505:72.40, 6:10 [5, 307, 96, 326, 198, 149, -5]
511:99.47, 9:10 [5, 104, 97, 11251, 74, 3265, -5]
fe: 2, se: 10

Day: 1, Time: 360
Total Cost: 463.44
 11:66.27, 15:75 [2, 6, -2]
601:34.53, 1:10 [6, 122, -6]
602:191.35, 8:10 [6, 58, 2258, 103, 3119, 271, 165, -6]
603:171.29, 6:10 [6, 262, 167, 343, 205, 221, 247, -6]
fe: 1, se: 3

Day: 1, Time: 360
Total Cost: 707.18
 12:113.51, 40:75 [3, 9, 8, -8, -3]
802:136.22, 10:10 [8, 212, 6018, 6840, 68, 719, 170, 322, -8]
803:96.92, 8:10 [8, 76, 15802, 317, 1506, -8]
901:135.90, 8:10 [9, 275, 181, 153, 144, -9]
902:69.51, 6:10 [9, 309, 228, -9]
903:155.12, 8:10 [9, 166, 23, 2790, 157, 134, -9]
fe: 1, se: 5

Day: 1, Time: 390
Total Cost: 608.50
 11:136.01, 14:75 [1, -4, -1]
 12:153.31, 9:75 [1, -5, -1]
401:70.98, 7:10 [4, 11783, 12636, -4]
402:132.60, 7:10 [4, 11087, 14000, -4]
501:62.82, 5:10 [5, 9603, 10905, -5]
502:52.78, 4:10 [5, 12117, 16321, -5]
fe: 2, se: 4

Day: 1, Time: 400
Total Cost: 351.48
 11:136.01, 8:75 [1, -4, -1]
401:94.39, 3:10 [4, 15446, 15096, -4]
402:121.07, 5:10 [4, 16885, 11578, -4]
fe: 1, se: 2

Day: 1, Time: 405
Total Cost: 1302.56
 11:136.01, 61:75 [1, 4, -1]
 12:153.31, 47:75 [1, 5, -1]
401:102.60, 10:10 [4, 647, 284, 102, 254, -4]
402:15.94, 7:10 [4, 38, 189, -4]
403:130.52, 10:10 [4, 232, 230, 281, -4]
404:64.52, 10:10 [4, 336, 202, 180, -4]
405:74.93, 7:10 [4, 126, 45, -4]
407:142.25, 9:10 [4, 3712, 243, 51, -4]
408:71.98, 8:10 [4, 330, 131, 259, -4]
501:88.03, 10:10 [5, 220, 35, 50, 256, -5]
502:70.25, 10:10 [5, 206, 229, 142, -5]
503:40.51, 10:10 [5, 10, 2983, 1814, -5]
504:53.97, 8:10 [5, 3562, 2796, 334, -5]
507:157.74, 9:10 [5, 111, 4195, 333, -5]
fe: 2, se: 12

Day: 1, Time: 405
Total Cost: 1572.62
 11:66.27, 73:75 [2, 6, -6, -2]
 13:145.23, 75:75 [2, 7, -7, -2]
601:23.32, 7:10 [6, 261, 297, 5265, -6]
602:71.22, 10:10 [6, 7623, 10938, 238, 4245, -6]
603:51.94, 9:10 [6, 244, 295, 41, 10121, -6]
604:94.94, 10:10 [6, 3453, 14562, 15, 209, -6]
606:98.90, 10:10 [6, 5047, 4413, 12811, 11, 301, -6]
607:112.72, 10:10 [6, 21, 13447, 219, 1757, 278, -6]
609:163.03, 10:10 [6, 25, 318, 132, 89, 55, -6]
611:92.22, 8:10 [6, 299, 7251, 15481, 194, 12481, -6]
701:39.02, 8:10 [7, 242, 252, 236, -7]
702:86.25, 10:10 [7, 313, 107, 70, -7]
703:42.90, 6:10 [7, 1460, 79, -7]
704:61.77, 8:10 [7, 95, 159, 13006, 44, -7]
705:63.57, 9:10 [7, 6209, 146, 22, -7]
706:37.00, 7:10 [7, 13288, 13395, -7]
708:87.58, 9:10 [7, 245, 91, 4194, 137, -7]
709:80.85, 10:10 [7, 253, 14831, 7633, 303, 260, -7]
710:81.60, 9:10 [7, 257, 6843, 323, 266, -7]
712:72.27, 8:10 [7, 114, 15720, 283, 47, -7]
fe: 2, se: 18

Day: 1, Time: 405
Total Cost: 1622.43
 11:113.51, 73:75 [3, 8, 9, -3]
 12:90.24, 74:75 [3, 9, -9, -3]
801:82.17, 9:10 [8, 5126, 222, 269, -8]
802:28.79, 8:10 [8, 117, 240, -8]
803:104.96, 10:10 [8, 72, 86, 306, 92, 121, -8]
804:106.36, 10:10 [8, 192, 31, 8029, 16, 286, -8]
805:143.11, 10:10 [8, 196, 4380, 3571, 344, 197, -8]
901:65.91, 8:10 [9, 75, 320, -9]
902:74.13, 10:10 [9, 150, 3636, 237, -9]
903:80.96, 9:10 [9, 287, 2874, 6061, -9]
904:87.18, 9:10 [9, 65, 305, 188, 34, -9]
905:91.68, 9:10 [9, 341, 18, 46, 14312, 11629, -9]
906:71.58, 9:10 [9, 5109, 173, 294, -9]
907:24.94, 7:10 [9, 4586, 13, -9]
909:135.67, 10:10 [9, 200, 67, 80, 342, -9]
910:115.57, 10:10 [9, 3217, 71, 30, 304, 290, -9]
911:118.31, 9:10 [9, 99, 10775, 42, 302, 106, -9]
914:87.35, 10:10 [9, 110, 12605, 9567, 4960, 119, -9]
fe: 2, se: 16

Day: 1, Time: 410
Total Cost: 320.01
 11:113.51, 8:75 [3, -8, -9, -3]
801:126.84, 5:10 [8, 13531, 11964, -8]
901:79.65, 3:10 [9, 10123, -9]
fe: 1, se: 2

Day: 1, Time: 415
Total Cost: 353.86
 11:136.01, 7:75 [1, -4, -1]
401:72.28, 1:10 [4, 13426, -4]
402:145.57, 6:10 [4, 12782, 16667, -4]
fe: 1, se: 2

Day: 1, Time: 415
Total Cost: 191.67
 11:66.27, 6:75 [2, -6, -2]
601:125.40, 6:10 [6, 12413, 15305, 11450, -6]
fe: 1, se: 1

Day: 1, Time: 415
Total Cost: 308.53
 11:113.51, 5:75 [3, -8, -9, -3]
801:90.44, 1:10 [8, 12089, -8]
901:104.57, 4:10 [9, 15942, 12339, -9]
fe: 1, se: 2

Day: 1, Time: 420
Total Cost: 295.21
 11:179.78, 6:75 [1, -4, -5, -1]
401:44.72, 2:10 [4, 10329, -4]
501:70.71, 4:10 [5, 10639, -5]
fe: 1, se: 2

Day: 1, Time: 450
Total Cost: 189.68
 11:136.01, 4:75 [1, 4, -1]
401:53.67, 4:10 [4, 3098, -4]
fe: 1, se: 1

Day: 1, Time: 450
Total Cost: 499.89
 11:66.27, 34:75 [2, 6, -2]
601:145.27, 10:10 [6, 453, 124, 4372, -6]
602:45.47, 8:10 [6, 321, 204, 215, -6]
603:100.33, 9:10 [6, 5471, 164, 191, 62, -6]
604:142.54, 7:10 [6, 6373, 14, 1631, -6]
fe: 1, se: 4

Day: 1, Time: 450
Total Cost: 662.25
 11:94.59, 14:75 [3, 8, -3]
 12:90.24, 35:75 [3, 9, -3]
801:80.06, 4:10 [8, 2032, 78, -8]
802:73.19, 10:10 [8, 115, 872, 52, 66, -8]
901:130.60, 10:10 [9, 8133, 17, 314, 100, -9]
902:90.45, 8:10 [9, 155, 669, -9]
903:17.92, 7:10 [9, 143, 7754, -9]
904:85.20, 10:10 [9, 176, 7245, 4095, -9]
fe: 2, se: 6

Day: 1, Time: 460
Total Cost: 572.44
 11:66.27, 7:75 [2, 6, -2]
 12:145.23, 9:75 [2, 7, -2]
602:131.59, 7:10 [6, 20, 43, -6]
701:67.22, 7:10 [7, 179, 277, 129, -7]
702:90.91, 1:10 [7, 288, -7]
703:71.22, 1:10 [7, 210, -7]
fe: 2, se: 4

Day: 1, Time: 460
Total Cost: 270.53
 11:94.59, 15:75 [3, 8, -3]
801:14.14, 4:10 [8, 241, -8]
802:18.11, 4:10 [8, 64, -8]
803:143.68, 7:10 [8, 138, 32, -8]
fe: 1, se: 3

Day: 1, Time: 495
Total Cost: 242.26
 11:66.27, 7:75 [2, 6, -2]
601:86.16, 3:10 [6, 270, -6]
602:89.82, 4:10 [6, 308, -6]
fe: 1, se: 2

Day: 1, Time: 495
Total Cost: 450.76
 11:94.59, 5:75 [3, 8, -3]
 12:90.24, 8:75 [3, 9, -3]
801:58.00, 3:10 [8, 94, -8]
802:52.15, 2:10 [8, 37, -8]
901:85.91, 4:10 [9, 136, -9]
902:69.87, 4:10 [9, 40, 169, -9]
fe: 2, se: 4


Day	Area	ID	Time	Load	Utilization	NoOrders	AssignmentCost
1	1	25	225	 15	0.20	 5	225.00
1	1	26	270	 13	0.17	 6	205.00
1	1	 8	315	 74	0.99	28	815.00
1	1	27	315	 55	0.73	24	625.00
1	1	 9	360	 66	0.88	25	735.00
1	1	128	400	 31	0.21	11	770.00
1	1	29	405	 20	0.27	 7	275.00
1	1	32	540	 12	0.13	 3	156.00
1	1	34	630	 72	0.96	25	795.00
1	1	18	765	 42	0.70	13	594.00
1	1	19	810	 60	1.00	34	810.00
1	1	38	810	 60	1.00	20	810.00
1	2	64	270	  9	0.12	 4	165.00
1	2	145	300	 74	0.49	37	1630.00
1	2	46	315	 75	1.00	27	825.00
1	2	65	315	 75	1.00	25	825.00
1	2	66	360	 11	0.15	 3	185.00
1	2	53	630	 68	0.91	20	755.00
1	2	75	765	 42	0.70	11	594.00
1	2	56	765	 60	1.00	16	810.00
1	2	57	810	 60	1.00	29	810.00
1	2	76	810	 60	1.00	37	810.00
1	3	101	225	 11	0.15	 6	185.00
1	3	163	300	 39	0.26	30	930.00
1	3	84	315	 74	0.99	25	815.00
1	3	103	315	 50	0.67	20	575.00
1	3	104	360	 10	0.13	 3	175.00
1	3	110	630	 33	0.44	11	405.00
1	3	113	765	 51	0.85	13	702.00
1	3	95	810	 60	1.00	28	810.00
1	3	114	810	 60	1.00	37	810.00


Day	Area	Time	Pickup	Delivery	Direct	FEVehicles	SEVehicles	ALNSTime	ALNSBestTime	RoutingCostArea
1	1	0	118	85	0	8	50	154.50	57.68	6168.45
1	1	35	8	0	0	3	4	1.00	0.00	765.19
1	1	50	2	0	0	1	1	0.32	0.00	292.07
1	1	55	2	0	0	1	1	0.25	0.00	237.37
1	1	65	3	0	0	2	3	0.48	0.00	561.64
1	1	80	6	0	0	3	4	0.69	0.00	782.20
1	1	90	2	0	1	1	1	0.33	0.00	769.45
1	1	95	1	0	0	1	1	0.20	0.00	244.83
1	1	120	3	0	0	2	2	0.35	0.00	418.80
1	1	150	2	0	1	2	2	0.31	0.00	865.49
1	1	155	0	0	1	0	0	0.00	0.00	500.00
1	1	160	2	0	1	1	2	0.26	0.00	722.56
1	1	270	18	0	0	2	6	1.33	0.00	907.58
1	1	280	3	0	0	1	1	0.32	0.00	328.22
1	1	310	5	0	0	1	3	0.47	0.00	404.11
1	1	335	2	4	0	1	2	0.64	0.00	456.80
1	1	360	3	43	0	2	10	9.19	6.78	1423.02
1	1	390	8	0	0	2	4	0.73	0.00	608.50
1	1	400	4	0	0	1	2	0.52	0.00	351.48
1	1	405	0	36	0	2	12	2.86	0.00	1302.56
1	1	415	3	0	0	1	2	0.35	0.00	353.86
1	1	420	2	0	0	1	2	0.29	0.00	295.21
1	1	450	0	1	0	1	1	0.18	0.00	189.68
1	2	0	116	95	0	5	46	283.57	189.69	4729.42
1	2	40	6	0	0	2	3	0.46	0.00	485.48
1	2	60	5	0	0	2	2	0.49	0.00	405.26
1	2	70	2	0	0	1	1	0.25	0.00	190.52
1	2	90	6	0	0	3	4	0.48	0.00	664.66
1	2	100	4	0	0	2	3	0.42	0.00	502.99
1	2	115	2	0	0	1	1	0.29	0.00	164.54
1	2	135	3	0	0	2	2	0.33	0.00	345.93
1	2	140	2	0	0	2	2	0.33	0.00	298.45
1	2	150	0	0	1	0	0	0.00	0.00	500.00
1	2	155	1	0	0	1	1	0.19	0.00	145.92
1	2	165	2	0	0	2	2	0.24	0.00	355.20
1	2	175	2	0	1	2	2	0.34	0.00	684.91
1	2	195	2	0	0	1	1	0.24	0.00	99.23
1	2	275	20	0	0	2	6	1.45	0.00	769.34
1	2	355	19	4	0	1	6	2.09	1.25	796.27
1	2	360	0	13	0	1	3	0.72	0.00	463.44
1	2	405	12	57	0	2	18	21.54	12.25	1572.62
1	2	415	3	0	0	1	1	0.30	0.00	191.67
1	2	450	0	13	0	1	4	0.95	0.11	499.89
1	2	460	0	7	0	2	4	0.50	0.00	572.44
1	2	495	0	2	0	1	2	0.23	0.00	242.26
1	3	0	102	100	0	8	42	165.24	119.13	4452.36
1	3	55	8	0	0	2	3	0.64	0.00	451.53
1	3	60	1	0	0	1	1	0.18	0.00	171.25
1	3	90	4	0	0	2	3	0.45	0.00	445.44
1	3	95	3	0	0	2	3	0.42	0.00	405.08
1	3	115	3	0	0	2	2	0.37	0.00	322.60
1	3	130	4	0	0	1	2	0.58	0.00	291.94
1	3	135	2	0	0	2	2	0.30	0.00	285.04
1	3	140	1	0	0	1	1	0.18	0.00	147.09
1	3	155	1	0	0	1	1	0.22	0.00	153.82
1	3	160	0	0	1	0	0	0.00	0.00	500.00
1	3	165	1	0	0	1	1	0.18	0.00	158.51
1	3	175	1	0	0	1	1	0.18	0.00	111.80
1	3	295	21	0	0	1	4	2.71	0.89	604.41
1	3	350	8	3	0	1	3	1.08	0.01	541.32
1	3	360	1	21	0	1	5	1.45	0.05	707.18
1	3	405	5	56	0	2	16	15.64	12.25	1622.43
1	3	410	3	0	0	1	2	0.29	0.00	320.01
1	3	415	3	0	0	1	2	0.36	0.00	308.53
1	3	450	0	17	0	2	6	1.45	0.95	662.25
1	3	460	0	4	0	1	3	0.39	0.00	270.53
1	3	495	0	5	0	2	4	0.53	0.00	450.76

Day	SL	Own	DispatchTimes	AssignmentCost	RoutingCost	TotalCost
1	28	3	45	19631.00	47013.37	66644.37

Total Cost: 66644.36808101925
Cost per Day: 66644.36808101925
Running time in Seconds: 991.923
Running time in minutes: 16.53205