INSTANCE: 3hubs_A_41_x.csv
PARAMETER: tuning_loose.txt
POLICY: MIP
ALPHA: 0.0240177634262549
BETA: 67
OMEGA: 586
EPSILON: 1.44934881724368

Day: 1, Time: 0
Total Cost: 5237.13
 11:136.01, 45:75 [1, 4, -4, -1]
 12:136.01, 71:75 [1, 4, -4, -1]
 13:136.01, 65:75 [1, 4, -4, -1]
 14:153.31, 53:75 [1, 5, -5, -1]
 15:153.31, 61:75 [1, 5, -5, -1]
 16:153.31, 19:75 [1, 5, -5, -1]
 18:136.01, 11:75 [1, -4, -1]
401:158.81, 1:10 [4, 8890, -4]
402:116.72, 10:10 [4, 8488, 8817, 8687, 8715, 8529, 8490, -4]
403:188.35, 1:10 [4, 8838, -4]
404:84.16, 7:10 [4, 8755, 8761, 8757, -4]
405:61.93, 8:10 [4, 8904, 8965, 8952, 8680, 8887, 8852, -4]
406:159.59, 10:10 [4, 8861, 8505, 8424, 8911, 8508, -4]
407:121.23, 10:10 [4, 8909, 8933, 8749, 8717, -4]
408:143.35, 10:10 [4, 8995, 8829, 9021, 8545, 8847, 9003, 8992, 8819, -4]
409:103.32, 10:10 [4, 8750, 8891, 8977, -4]
410:85.69, 10:10 [4, 8672, 8703, 9026, 8454, 9027, -4]
411:50.02, 9:10 [4, 8722, 8868, 8882, -4]
412:69.41, 10:10 [4, 8839, 8896, 8607, 8907, 8573, 8803, -4]
413:109.72, 10:10 [4, 8779, 8796, 8707, 8728, -4]
414:151.27, 10:10 [4, 8600, 8554, 8953, 8538, 8774, 8466, 8441, 8885, -4]
415:77.82, 10:10 [4, 8507, 8442, 8498, 8446, -4]
416:77.27, 10:10 [4, 8788, 8810, 8858, -4]
417:159.56, 8:10 [4, 8834, 8960, 8914, -4]
419:140.10, 9:10 [4, 8763, 9030, 8765, 8798, 8874, -4]
420:97.54, 10:10 [4, 8625, 8957, 8617, 8472, 8773, 8489, -4]
422:93.25, 10:10 [4, 8772, 9012, 8808, 8994, 9000, -4]
423:159.51, 9:10 [4, 8878, 8997, 8543, 8643, 8611, 8628, -4]
425:62.59, 8:10 [4, 8637, 8690, 8766, 8662, 8934, -4]
431:150.60, 10:10 [4, 8695, 8856, 8450, 8428, 8660, -4]
501:97.47, 9:10 [5, 8759, 8782, 8435, 8931, 9005, -5]
502:90.65, 10:10 [5, 8801, 8919, 8797, 8857, 9024, -5]
503:142.44, 10:10 [5, 8462, 8586, 8837, 8612, 8528, 8444, -5]
504:32.40, 10:10 [5, 8976, 9022, 8443, 8864, -5]
506:169.64, 10:10 [5, 8432, 8913, 8564, 8500, 8456, -5]
507:65.74, 8:10 [5, 8721, 9002, 8811, -5]
508:87.60, 10:10 [5, 8551, 8562, 8469, 8524, 8916, -5]
509:132.61, 10:10 [5, 8883, 8987, 8561, 8780, 8548, 8423, 8647, 8764, -5]
510:77.16, 10:10 [5, 8492, 8962, 8961, 8928, -5]
511:108.75, 9:10 [5, 9009, 8830, 8792, 8706, -5]
512:118.22, 9:10 [5, 8630, 8675, 8530, -5]
513:65.15, 10:10 [5, 8754, 8866, 8884, -5]
514:23.71, 5:10 [5, 8582, 8468, -5]
515:32.43, 8:10 [5, 8906, 8714, 8734, -5]
516:180.28, 10:10 [5, 8696, 8431, 8486, -5]
518:99.12, 10:10 [5, 8686, 8493, 8596, -5]
527:87.97, 8:10 [5, 8701, 8491, 8805, 8439, 8674, 8747, 8924, -5]
fe: 7, se: 40

Day: 1, Time: 0
Total Cost: 4862.96
 11:66.27, 75:75 [2, 6, -6, -2]
 12:66.27, 67:75 [2, 6, -6, -2]
 13:66.27, 54:75 [2, 6, -6, -2]
 14:66.27, 16:75 [2, 6, -6, -2]
 16:66.27, 10:75 [2, 6, -2]
 18:145.23, 66:75 [2, 7, -7, -2]
 19:66.27, 10:75 [2, 6, -6, -2]
 20:145.23, 54:75 [2, 7, -7, -2]
601:90.66, 9:10 [6, 8536, 8840, 8912, 8972, 8712, 8535, -6]
602:103.82, 10:10 [6, 8576, 8589, 8494, 8565, -6]
603:20.10, 4:10 [6, 8688, -6]
604:58.23, 9:10 [6, 8981, 8823, 8510, 8983, -6]
605:77.22, 6:10 [6, 8988, 8588, -6]
606:147.99, 10:10 [6, 8639, 8470, 8748, 8590, -6]
607:119.68, 10:10 [6, 8719, 8937, 8888, 9015, -6]
608:109.42, 10:10 [6, 8438, 8531, 8743, 8991, 8467, 8642, 8517, -6]
609:76.15, 9:10 [6, 8851, 8862, 8820, 8951, 8822, -6]
610:43.14, 10:10 [6, 8733, 8881, 8939, -6]
611:87.57, 10:10 [6, 8547, 8666, 8560, 8609, 9014, -6]
612:131.76, 10:10 [6, 8578, 8899, 8775, 8993, 9004, -6]
613:21.26, 4:10 [6, 8541, -6]
614:165.73, 10:10 [6, 9007, 8549, 8895, 8918, 8622, 8927, 8427, 8485, 8929, -6]
615:48.11, 7:10 [6, 8636, 8598, -6]
616:93.26, 10:10 [6, 8504, 8558, 8629, 8481, 8580, -6]
618:102.12, 10:10 [6, 8453, 8673, 8484, -6]
619:128.52, 9:10 [6, 8514, 8872, 8815, 8827, 8631, -6]
620:97.24, 10:10 [6, 8665, 8966, 8923, 8930, 8768, 8604, 8735, 8942, -6]
622:120.57, 10:10 [6, 8495, 8422, 8835, 8806, 8800, 8727, -6]
623:119.66, 10:10 [6, 8460, 8689, 8479, 8869, 8581, 8632, -6]
624:125.79, 10:10 [6, 8941, 8501, 8525, 8943, 8650, 8842, 8922, 8610, -6]
625:122.08, 10:10 [6, 8512, 8614, 8716, 8559, 8736, 8771, -6]
626:137.90, 10:10 [6, 8955, 8790, 8587, 8704, 8793, -6]
628:85.05, 10:10 [6, 8853, 8789, 8799, 8709, -6]
630:131.72, 10:10 [6, 8713, 8828, 8776, 8970, 8936, -6]
631:168.27, 10:10 [6, 8671, 8809, 9017, 8509, 8876, 8563, 9029, -6]
633:74.65, 8:10 [6, 8855, 8634, 8865, 8708, 8753, 9034, 8968, -6]
634:40.91, 8:10 [6, 8832, 8875, 8705, -6]
641:134.90, 8:10 [6, 8787, 8877, 8932, 8781, 8802, -6]
701:119.00, 10:10 [7, 8770, 8574, 8542, 8579, -7]
702:73.87, 10:10 [7, 8845, 8429, 8786, 8812, 8871, 8602, -7]
703:94.46, 10:10 [7, 8616, 8769, 8532, 8506, 8473, -7]
704:72.01, 10:10 [7, 8725, 8935, 8973, -7]
705:59.57, 9:10 [7, 8657, 8537, 8447, -7]
706:105.33, 10:10 [7, 8990, 9028, 8841, -7]
707:56.75, 9:10 [7, 8533, 8624, 8756, 8679, -7]
708:74.88, 9:10 [7, 8676, 8739, 8681, 8667, 8434, -7]
709:81.00, 9:10 [7, 8670, 8465, 8513, -7]
710:28.85, 8:10 [7, 8859, 9023, 9020, -7]
711:121.07, 10:10 [7, 8457, 8627, 8476, 8633, 8956, -7]
712:78.33, 10:10 [7, 8726, 8964, 8791, 8860, -7]
713:78.48, 7:10 [7, 8925, 8653, -7]
715:73.32, 10:10 [7, 8893, 8464, 8963, 8920, 8854, -7]
716:74.49, 9:10 [7, 8947, 8926, 9019, 8804, 9013, -7]
fe: 8, se: 45

Day: 1, Time: 0
Total Cost: 5221.15
 11:90.24, 75:75 [3, 9, -9, -3]
 12:94.59, 62:75 [3, 8, -8, -3]
 13:94.59, 69:75 [3, 8, -8, -3]
 14:90.24, 73:75 [3, 9, -9, -3]
 15:94.59, 35:75 [3, 8, -8, -3]
 16:94.59, 28:75 [3, 8, -8, -3]
 17:90.24, 28:75 [3, 9, -9, -3]
 21:90.24, 10:75 [3, 9, -9, -3]
801:30.13, 10:10 [8, 8945, 8901, 8638, -8]
802:75.91, 10:10 [8, 8649, 8577, 8496, -8]
803:92.47, 10:10 [8, 8698, 9016, 8889, 9032, -8]
804:10.00, 4:10 [8, 8526, -8]
805:33.88, 9:10 [8, 8626, 8684, 8553, 8567, -8]
806:138.41, 10:10 [8, 8967, 8544, 8892, 8583, 8778, 8873, -8]
807:131.28, 10:10 [8, 8452, 8699, 8593, 8550, 8515, -8]
808:79.57, 10:10 [8, 8740, 8449, 8521, 8694, -8]
809:77.60, 10:10 [8, 8974, 8601, 8669, 8723, 9008, -8]
810:110.32, 9:10 [8, 8826, 8433, 8742, 8668, 8783, -8]
811:94.41, 9:10 [8, 8661, 8954, 8555, 8879, 8731, 8818, -8]
812:93.09, 10:10 [8, 8711, 8959, 8946, -8]
813:66.88, 10:10 [8, 8619, 8979, 8685, 8744, 8900, 8940, 8663, -8]
814:51.93, 9:10 [8, 8958, 8908, 8425, -8]
815:81.23, 10:10 [8, 8595, 8497, 9031, 8594, 8569, -8]
816:73.75, 10:10 [8, 9006, 8986, 8996, -8]
817:49.75, 8:10 [8, 8613, 8833, 8898, -8]
819:144.65, 10:10 [8, 8658, 8623, 8659, 8474, 8608, -8]
820:133.53, 10:10 [8, 8480, 8557, 8440, 8656, -8]
821:116.99, 10:10 [8, 8767, 8448, 9010, 8471, 8737, -8]
822:136.22, 8:10 [8, 8522, 8795, 8921, 8950, 8718, 8938, -8]
823:118.25, 10:10 [8, 8520, 8599, 8570, 8556, -8]
824:43.41, 6:10 [8, 8836, 8762, 8870, -8]
826:42.25, 10:10 [8, 8421, 8483, 8646, 8710, -8]
830:127.17, 10:10 [8, 9001, 8683, 8785, 8980, 8894, -8]
901:138.02, 10:10 [9, 8620, 8519, 8592, 8618, -9]
902:135.71, 10:10 [9, 8944, 8477, 8745, 8645, 8999, 8732, 8917, -9]
903:114.75, 10:10 [9, 8436, 8597, 8651, -9]
904:114.70, 10:10 [9, 8821, 8426, 8697, 8621, 8730, 8584, 8831, -9]
905:138.93, 10:10 [9, 8475, 8420, 9033, 8794, 8511, 8461, 8758, -9]
906:61.21, 10:10 [9, 8880, 8752, 8603, 8784, -9]
907:144.89, 10:10 [9, 8691, 8816, 8910, 8915, 8777, -9]
908:105.07, 10:10 [9, 8741, 8867, 8572, 8678, 8897, -9]
909:58.00, 8:10 [9, 8751, 8850, -9]
910:14.14, 2:10 [9, 8499, -9]
911:74.65, 8:10 [9, 8971, 8615, 8451, 8813, 9025, 8760, -9]
912:147.78, 10:10 [9, 8720, 8568, 8575, 8825, 9018, 8978, 8430, 8985, -9]
913:18.39, 8:10 [9, 8844, 8824, -9]
914:112.89, 9:10 [9, 8664, 8585, 8605, 8863, 8903, -9]
915:86.32, 10:10 [9, 8455, 8546, 8445, 8527, -9]
916:77.22, 10:10 [9, 8534, 8591, 8807, 8539, 8652, -9]
918:94.05, 10:10 [9, 8552, 8905, 8655, 8700, 8724, 8738, 8682, -9]
919:73.68, 8:10 [9, 8641, 8848, 8654, 8437, 8478, -9]
920:117.78, 10:10 [9, 8886, 8677, 8843, 8693, 8975, 8640, -9]
921:70.34, 9:10 [9, 8503, 8648, 8482, -9]
922:97.97, 10:10 [9, 8984, 8571, 8902, 8516, 9011, 8702, 8814, 8487, -9]
923:92.56, 10:10 [9, 8518, 8989, 8566, 8458, 8463, -9]
926:64.82, 10:10 [9, 8692, 8846, 8746, 8459, 8849, -9]
927:93.08, 10:10 [9, 8969, 8644, 8949, 8982, 8635, 8998, 8729, -9]
929:81.79, 10:10 [9, 8540, 8606, 8502, 8523, 8948, -9]
fe: 8, se: 50

Day: 1, Time: 35
Total Cost: 424.19
 11:66.27, 13:75 [2, -6, -2]
 12:66.27, 4:75 [2, -6, -2]
601:94.24, 4:10 [6, 12474, 14928, -6]
602:61.20, 4:10 [6, 16008, 13674, -6]
603:136.20, 9:10 [6, 13091, 15820, 10617, -6]
fe: 2, se: 3

Day: 1, Time: 40
Total Cost: 730.75
 12:90.24, 9:75 [3, -9, -3]
 13:90.24, 22:75 [3, -9, -3]
901:194.07, 9:10 [9, 13735, 10027, 9849, -9]
902:108.12, 6:10 [9, 15473, 9823, -9]
903:129.03, 8:10 [9, 12950, 10823, -9]
904:119.05, 8:10 [9, 15873, 10934, -9]
fe: 2, se: 4

Day: 1, Time: 45
Total Cost: 823.77
 11:136.01, 12:75 [1, -4, -1]
 12:153.31, 7:75 [1, -5, -1]
 13:153.31, 10:75 [1, -5, -1]
401:90.82, 8:10 [4, 14281, 12438, -4]
402:40.00, 4:10 [4, 15067, -4]
501:83.42, 7:10 [5, 13791, 12664, -5]
502:141.28, 8:10 [5, 16281, 16815, -5]
503:25.61, 2:10 [5, 17011, -5]
fe: 3, se: 5

Day: 1, Time: 50
Total Cost: 209.37
 11:66.27, 5:75 [2, -6, -2]
601:143.10, 5:10 [6, 16164, 11084, -6]
fe: 1, se: 1

Day: 1, Time: 55
Total Cost: 603.85
 11:136.01, 12:75 [1, -4, -1]
 12:153.31, 3:75 [1, -5, -1]
401:109.53, 3:10 [4, 16506, 13061, -4]
402:122.54, 4:10 [4, 12410, -4]
403:64.02, 5:10 [4, 16840, 15710, -4]
501:18.44, 3:10 [5, 11316, -5]
fe: 2, se: 4

Day: 1, Time: 55
Total Cost: 176.77
 11:66.27, 5:75 [2, -6, -2]
601:110.50, 5:10 [6, 13133, 9257, 9503, -6]
fe: 1, se: 1

Day: 1, Time: 70
Total Cost: 918.97
 11:136.01, 4:75 [1, -4, -1]
 12:136.01, 1:75 [1, -4, -1]
 13:153.31, 3:75 [1, -5, -1]
 14:153.31, 3:75 [1, -5, -1]
401:128.53, 4:10 [4, 13308, 9968, -4]
402:51.88, 1:10 [4, 16210, -4]
501:72.25, 3:10 [5, 11792, -5]
502:87.66, 3:10 [5, 11756, -5]
fe: 4, se: 4

Day: 1, Time: 70
Total Cost: 195.81
 11:94.59, 3:75 [3, -8, -3]
801:101.22, 3:10 [8, 16363, 16202, -8]
fe: 1, se: 1

Day: 1, Time: 75
Total Cost: 447.11
 11:136.01, 3:75 [1, -4, -1]
 12:153.31, 2:75 [1, -5, -1]
401:24.08, 3:10 [4, 11891, -4]
501:66.03, 1:10 [5, 9577, -5]
502:67.68, 1:10 [5, 13482, -5]
fe: 2, se: 3

Day: 1, Time: 80
Total Cost: 436.06
 11:66.27, 8:75 [2, -6, -2]
 12:66.27, 7:75 [2, -6, -2]
601:169.01, 8:10 [6, 15688, 16059, 10084, 10626, -6]
603:134.51, 7:10 [6, 13730, 17002, -6]
fe: 2, se: 2

Day: 1, Time: 95
Total Cost: 531.64
 11:136.01, 11:75 [1, -4, -1]
 12:153.31, 4:75 [1, -5, -1]
401:134.91, 7:10 [4, 16755, 11557, -4]
402:48.04, 4:10 [4, 14084, -4]
501:59.36, 4:10 [5, 14368, -5]
fe: 2, se: 3

Day: 1, Time: 100
Total Cost: 499.16
 11:94.59, 1:75 [3, -8, -3]
 12:94.59, 2:75 [3, -8, -3]
 13:90.24, 5:75 [3, -9, -3]
801:90.38, 1:10 [8, 14636, -8]
802:10.20, 2:10 [8, 14613, -8]
901:119.16, 5:10 [9, 11719, 9474, -9]
fe: 3, se: 3

Day: 1, Time: 105
Total Cost: 447.84
 11:136.01, 2:75 [1, -4, -1]
 12:153.31, 3:75 [1, -5, -1]
401:91.76, 2:10 [4, 15924, -4]
501:66.75, 3:10 [5, 11977, -5]
fe: 2, se: 2

Day: 1, Time: 110
Total Cost: 875.61
 11:66.27, 9:75 [2, -6, -2]
 12:66.27, 3:75 [2, -6, -2]
 13:66.27, 8:75 [2, -6, -2]
 14:145.23, 6:75 [2, -7, -2]
601:128.87, 7:10 [6, 13321, 11708, -6]
602:36.06, 2:10 [6, 14628, -6]
603:140.42, 2:10 [6, 15769, 15676, -6]
604:116.84, 8:10 [6, 16996, 16504, 10473, -6]
606:39.40, 1:10 [6, 9673, -6]
701:53.85, 3:10 [7, 10910, -7]
702:16.12, 3:10 [7, 12210, -7]
fe: 4, se: 7

Day: 1, Time: 110
Total Cost: 212.31
 11:90.24, 4:75 [3, -9, -3]
901:122.07, 4:10 [9, 13016, -9]
fe: 1, se: 1

Day: 1, Time: 115
Total Cost: 133.35
 11:66.27, 1:75 [2, -6, -2]
601:67.08, 1:10 [6, 13869, -6]
fe: 1, se: 1

Day: 1, Time: 115
Total Cost: 180.60
 11:90.24, 2:75 [3, -9, -3]
901:90.35, 2:10 [9, 14540, -9]
fe: 1, se: 1

Day: 1, Time: 140
Total Cost: 468.31
 11:153.31, 8:75 [1, -5, -1]
 12:153.31, 5:75 [1, -5, -1]
501:65.03, 8:10 [5, 12995, 12889, -5]
502:96.66, 5:10 [5, 9921, 9402, -5]
fe: 2, se: 2

Day: 1, Time: 140
Total Cost: 533.03
 11:145.23, 5:75 [2, -7, -2]
 12:66.27, 1:75 [2, -6, -2]
 13:66.27, 7:75 [2, -6, -2]
601:80.62, 1:10 [6, 9936, -6]
603:87.32, 7:10 [6, 12798, 14632, -6]
701:33.94, 2:10 [7, 10357, -7]
702:53.37, 3:10 [7, 12552, -7]
fe: 3, se: 4

Day: 1, Time: 140
Total Cost: 765.41
 11:94.59, 4:75 [3, -8, -3]
 13:94.59, 3:75 [3, -8, -3]
 14:90.24, 7:75 [3, -9, -3]
 15:90.24, 6:75 [3, -9, -3]
801:33.11, 4:10 [8, 9176, -8]
803:82.00, 3:10 [8, 14216, -8]
901:77.20, 4:10 [9, 11932, -9]
902:29.73, 2:10 [9, 16928, -9]
903:16.12, 1:10 [9, 9810, -9]
904:41.62, 3:10 [9, 16134, -9]
905:115.95, 3:10 [9, 9798, -9]
fe: 4, se: 7

Day: 1, Time: 145
Total Cost: 203.31
 11:153.31, 1:75 [1, -5, -1]
501:50.00, 1:10 [5, 11734, -5]
fe: 1, se: 1

Day: 1, Time: 150
Total Cost: 135.24
 11:66.27, 3:75 [2, -6, -2]
601:68.96, 3:10 [6, 10135, -6]
fe: 1, se: 1

Day: 1, Time: 155
Total Cost: 191.73
 11:153.31, 4:75 [1, -5, -1]
501:38.42, 4:10 [5, 14578, -5]
fe: 1, se: 1

Day: 1, Time: 160
Total Cost: 342.26
 11:153.31, 4:75 [1, -5, -1]
 12:153.31, 1:75 [1, -5, -1]
501:18.44, 1:10 [5, 15810, -5]
502:17.20, 4:10 [5, 17061, -5]
fe: 2, se: 2

Day: 1, Time: 160
Total Cost: 398.98
 11:94.59, 6:75 [3, -8, -3]
 12:90.24, 5:75 [3, -9, -3]
801:118.35, 6:10 [8, 10754, 16471, -8]
901:95.79, 5:10 [9, 10192, 13478, -9]
fe: 2, se: 2

Day: 1, Time: 165
Total Cost: 490.28
 11:136.01, 1:75 [1, -4, -1]
 12:136.01, 4:75 [1, -4, -1]
401:50.64, 1:10 [4, 13379, -4]
402:167.62, 4:10 [4, 16929, 12993, -4]
fe: 2, se: 2

Day: 1, Time: 165
Total Cost: 184.62
 11:66.27, 1:75 [2, -6, -2]
 12:66.27, 4:75 [2, -6, -2]
601:26.00, 1:10 [6, 9269, -6]
602:26.08, 4:10 [6, 12695, -6]
fe: 2, se: 2

Day: 1, Time: 170
Total Cost: 293.80
 11:66.27, 2:75 [2, -6, -2]
 12:66.27, 2:75 [2, -6, -2]
601:117.39, 2:10 [6, 12384, -6]
602:43.86, 2:10 [6, 9747, -6]
fe: 2, se: 2

Day: 1, Time: 175
Total Cost: 570.00
 11:136.01, 6:75 [1, -4, -1]
 12:136.01, 9:75 [1, -4, -1]
401:127.18, 6:10 [4, 15239, 15461, -4]
402:102.67, 5:10 [4, 11203, 10979, -4]
403:68.12, 4:10 [4, 12124, -4]
fe: 2, se: 3

Day: 1, Time: 180
Total Cost: 170.94
 11:136.01, 2:75 [1, -4, -1]
401:34.93, 2:10 [4, 15036, -4]
fe: 1, se: 1

Day: 1, Time: 180
Total Cost: 390.59
 11:66.27, 6:75 [2, -6, -2]
 12:66.27, 3:75 [2, -6, -2]
601:142.63, 6:10 [6, 15455, 13813, -6]
602:115.41, 3:10 [6, 9565, -6]
fe: 2, se: 2

Day: 1, Time: 280
Total Cost: 788.65
 11:136.01, 13:75 [1, -4, -1]
 12:153.31, 24:75 [1, -5, -1]
402:139.26, 8:10 [4, 10360, 15314, 10141, 9286, -4]
403:52.56, 5:10 [4, 10664, 10587, -4]
501:95.47, 8:10 [5, 11812, 11776, -5]
502:179.38, 10:10 [5, 11238, 13898, 16000, 15660, -5]
503:32.65, 6:10 [5, 11306, 16066, -5]
fe: 2, se: 5

Day: 1, Time: 285
Total Cost: 714.89
 11:66.27, 54:75 [2, -6, -2]
601:122.73, 10:10 [6, 12218, 11481, 10683, 11280, 14694, -6]
602:138.12, 10:10 [6, 17107, 16562, 10734, 10770, -6]
603:15.23, 4:10 [6, 10453, -6]
604:147.38, 10:10 [6, 14389, 13671, 10903, 14515, -6]
605:101.61, 10:10 [6, 11255, 10354, 16323, 10395, 10518, -6]
606:123.54, 10:10 [6, 10723, 15425, 14759, -6]
fe: 1, se: 6

Day: 1, Time: 290
Total Cost: 708.57
 12:94.59, 55:75 [3, -8, -3]
801:87.90, 10:10 [8, 10895, 14249, 10140, -8]
802:112.58, 10:10 [8, 14139, 13239, 15558, -8]
803:101.17, 8:10 [8, 15244, 9332, -8]
804:64.46, 10:10 [8, 15641, 14186, 9509, -8]
805:121.52, 9:10 [8, 12062, 13849, 16984, -8]
807:126.35, 8:10 [8, 10234, 9203, 12296, -8]
fe: 1, se: 6

Day: 1, Time: 305
Total Cost: 358.78
 11:66.27, 10:75 [2, -6, -2]
602:79.32, 1:10 [6, 14434, -6]
603:213.19, 9:10 [6, 14936, 17041, 12274, 12028, 10613, -6]
fe: 1, se: 2

Day: 1, Time: 310
Total Cost: 382.06
 11:136.01, 23:75 [1, -4, -1]
401:126.03, 10:10 [4, 15675, 10776, 15864, -4]
402:101.14, 9:10 [4, 9605, 12851, 16374, -4]
403:18.87, 4:10 [4, 13034, -4]
fe: 1, se: 3

Day: 1, Time: 350
Total Cost: 576.11
 12:153.31, 19:75 [1, 5, -5, -1]
501:8.25, 1:10 [5, 91, -5]
502:124.73, 7:10 [5, 13587, 97, 269, 15903, 9517, 242, -5]
503:142.75, 7:10 [5, 16013, 143, 10258, 16222, -5]
504:147.07, 10:10 [5, 63, 296, 112, 316, -5]
fe: 1, se: 4

Day: 1, Time: 360
Total Cost: 1371.17
 11:136.01, 46:75 [1, 4, -4, -1]
 12:153.31, 33:75 [1, 5, -5, -1]
401:148.98, 10:10 [4, 280, 240, 123, 14847, 329, 265, -4]
402:157.35, 10:10 [4, 5179, 1057, 6783, 254, 56, -4]
403:79.79, 7:10 [4, 1120, 323, 1133, 325, -4]
404:65.14, 9:10 [4, 276, 7183, 233, 7130, 48, -4]
405:143.59, 10:10 [4, 100, 813, 196, 14490, 1246, 172, 247, -4]
501:150.80, 8:10 [5, 154, 153, 212, 6238, -5]
502:79.62, 8:10 [5, 204, 5938, 45, 124, 15995, 7444, -5]
503:165.14, 10:10 [5, 132, 7673, 170, 4005, 314, -5]
506:91.44, 7:10 [5, 8238, 983, 142, -5]
fe: 2, se: 9

Day: 1, Time: 360
Total Cost: 842.81
 11:66.27, 19:75 [2, 6, -6, -2]
 12:145.23, 25:75 [2, 7, -7, -2]
601:159.27, 7:10 [6, 72, 5946, 13816, 11021, 7512, -6]
602:63.89, 6:10 [6, 321, 306, 11129, 13140, -6]
604:138.77, 9:10 [6, 5591, 3468, 11376, 2133, -6]
701:29.44, 8:10 [7, 2244, 208, -7]
702:56.81, 9:10 [7, 105, 4260, 486, -7]
703:92.40, 9:10 [7, 16040, 200, 248, 21, 41, -7]
704:90.73, 8:10 [7, 16351, 13254, 281, 9801, -7]
fe: 2, se: 7

Day: 1, Time: 360
Total Cost: 1175.78
 11:94.59, 37:75 [3, 8, -8, -3]
 12:90.24, 53:75 [3, 9, -9, -3]
801:142.20, 10:10 [8, 1927, 198, 175, -8]
802:29.12, 7:10 [8, 3748, 257, 125, -8]
803:118.36, 8:10 [8, 15336, 36, 293, 10957, 230, 14668, 12621, -8]
804:21.70, 6:10 [8, 291, 182, -8]
805:111.01, 10:10 [8, 261, 150, 133, 109, 15, -8]
901:18.31, 7:10 [9, 163, 27, 9647, -9]
902:97.38, 10:10 [9, 243, 12550, 122, 137, 14, 78, -9]
903:113.41, 10:10 [9, 344, 165, 7474, 1077, 13047, 219, -9]
904:111.29, 6:10 [9, 185, 567, 14770, 246, 12745, 14547, -9]
905:91.46, 10:10 [9, 103, 222, 99, 2394, 187, 19, -9]
907:136.69, 10:10 [9, 18, 15488, 4401, 29, 16020, 278, 59, 4443, -9]
fe: 2, se: 11

Day: 1, Time: 390
Total Cost: 446.09
 11:179.78, 4:75 [1, -4, -5, -1]
401:102.16, 3:10 [4, 9433, -4]
501:164.16, 1:10 [5, 9946, -5]
fe: 1, se: 2

Day: 1, Time: 405
Total Cost: 1529.73
 11:136.01, 45:75 [1, 4, -1]
 12:153.31, 53:75 [1, 5, -5, -1]
401:92.56, 8:10 [4, 308, 145, 186, -4]
402:46.53, 9:10 [4, 215, 12, 199, -4]
403:118.33, 5:10 [4, 130, 225, -4]
404:92.86, 9:10 [4, 77, 151, 22, -4]
405:96.90, 4:10 [4, 10, 335, -4]
406:66.19, 10:10 [4, 101, 245, 134, -4]
501:78.98, 10:10 [5, 23, 12464, 285, 282, -5]
502:67.01, 5:10 [5, 236, 290, -5]
503:82.97, 5:10 [5, 47, 10836, 116, -5]
504:103.30, 8:10 [5, 52, 28, 3520, -5]
505:51.76, 7:10 [5, 15796, 330, 11344, 155, -5]
506:131.29, 7:10 [5, 169, 309, 55, 327, -5]
507:159.56, 8:10 [5, 161, 85, 177, -5]
508:52.18, 6:10 [5, 1445, 62, -5]
fe: 2, se: 14

Day: 1, Time: 405
Total Cost: 1421.90
 11:66.27, 73:75 [2, 6, -6, -2]
 12:145.23, 43:75 [2, 7, -7, -2]
601:99.07, 10:10 [6, 34, 180, 82, 279, 197, -6]
602:2.00, 3:10 [6, 3201, -6]
603:125.67, 10:10 [6, 126, 192, 322, 3102, -6]
605:134.91, 10:10 [6, 51, 190, 17050, 102, 70, -6]
606:127.46, 10:10 [6, 260, 11865, 60, 259, -6]
607:49.36, 10:10 [6, 319, 176, 31, 5850, 14380, -6]
608:161.68, 10:10 [6, 69, 42, 887, 17, 216, -6]
610:97.85, 10:10 [6, 320, 13824, 95, 15961, 7591, -6]
701:113.72, 10:10 [7, 16, 229, 92, 107, -7]
702:21.63, 4:10 [7, 106, -7]
703:58.44, 9:10 [7, 8321, 220, 113, -7]
705:110.50, 10:10 [7, 146, 272, 61, -7]
706:108.10, 10:10 [7, 294, 24, 14730, 332, 44, -7]
fe: 2, se: 13

Day: 1, Time: 405
Total Cost: 1447.01
 11:94.59, 45:75 [3, 8, -8, -3]
 12:90.24, 73:75 [3, 9, -9, -3]
801:8.00, 4:10 [8, 271, -8]
802:129.96, 8:10 [8, 162, 98, 89, 178, 300, -8]
803:88.17, 7:10 [8, 32, 241, -8]
804:136.09, 10:10 [8, 275, 206, 7234, 8150, -8]
805:116.87, 10:10 [8, 13572, 140, 194, 7520, 111, -8]
806:79.82, 9:10 [8, 11101, 138, 64, -8]
901:118.25, 10:10 [9, 3862, 181, 214, 110, -9]
902:100.74, 10:10 [9, 334, 274, 304, 11918, 11354, 167, 217, -9]
903:113.86, 10:10 [9, 4371, 201, 119, 249, -9]
904:43.51, 7:10 [9, 203, 5678, 14521, -9]
905:51.57, 7:10 [9, 3720, 283, -9]
906:81.13, 10:10 [9, 287, 118, 11523, 16296, 86, -9]
907:111.81, 10:10 [9, 4792, 8125, 7816, 10265, 3044, 238, -9]
908:82.37, 10:10 [9, 149, 2220, 286, 164, -9]
fe: 2, se: 14

Day: 1, Time: 415
Total Cost: 228.23
 11:66.27, 6:75 [2, -6, -2]
601:51.88, 4:10 [6, 16979, -6]
602:110.07, 2:10 [6, 14051, -6]
fe: 1, se: 2

Day: 1, Time: 420
Total Cost: 259.21
 11:153.31, 4:75 [1, -5, -1]
501:105.90, 4:10 [5, 9414, 11914, -5]
fe: 1, se: 1

Day: 1, Time: 420
Total Cost: 211.35
 11:66.27, 5:75 [2, -6, -2]
601:66.84, 1:10 [6, 9381, -6]
602:78.23, 4:10 [6, 12490, -6]
fe: 1, se: 2

Day: 1, Time: 420
Total Cost: 379.51
 11:113.51, 13:75 [3, -8, -9, -3]
801:91.21, 1:10 [8, 10954, -8]
901:84.23, 8:10 [9, 13199, 10256, 10150, -9]
902:90.55, 4:10 [9, 10639, -9]
fe: 1, se: 3

Day: 1, Time: 450
Total Cost: 981.48
 11:136.01, 21:75 [1, 4, -1]
 12:153.31, 6:75 [1, 5, -1]
401:102.73, 7:10 [4, 96, 209, -4]
402:83.23, 1:10 [4, 3029, -4]
403:111.77, 5:10 [4, 4788, 39, -4]
404:116.62, 4:10 [4, 4631, -4]
405:123.82, 4:10 [4, 311, -4]
501:55.57, 2:10 [5, 3694, -5]
502:98.41, 4:10 [5, 8312, -5]
fe: 2, se: 7

Day: 1, Time: 450
Total Cost: 1046.51
 11:66.27, 75:75 [2, 6, -2]
601:113.87, 10:10 [6, 8065, 224, 1108, -6]
602:122.74, 8:10 [6, 5394, 3242, -6]
603:109.70, 8:10 [6, 189, 337, 148, -6]
604:129.71, 10:10 [6, 67, 160, 5888, 712, -6]
605:58.89, 8:10 [6, 336, 7120, 784, -6]
606:138.42, 7:10 [6, 270, 144, 108, -6]
607:66.48, 4:10 [6, 65, -6]
608:142.91, 10:10 [6, 326, 4326, 75, 331, -6]
613:97.50, 10:10 [6, 1231, 2867, 139, 4689, -6]
fe: 1, se: 9

Day: 1, Time: 450
Total Cost: 751.22
 11:94.59, 24:75 [3, 8, -3]
 12:90.24, 16:75 [3, 9, -3]
801:29.12, 2:10 [8, 71, -8]
802:74.49, 8:10 [8, 338, 13, -8]
803:42.48, 4:10 [8, 3018, 6986, -8]
804:86.77, 4:10 [8, 340, 5040, -8]
805:121.93, 6:10 [8, 73, 184, 3066, -8]
901:52.04, 3:10 [9, 333, -9]
902:116.39, 10:10 [9, 157, 305, 8371, 6346, -9]
903:43.17, 3:10 [9, 303, -9]
fe: 2, se: 8

Day: 1, Time: 460
Total Cost: 241.51
 11:153.31, 3:75 [1, 5, -1]
501:88.20, 3:10 [5, 875, -5]
fe: 1, se: 1

Day: 1, Time: 460
Total Cost: 250.01
 11:66.27, 10:75 [2, 6, -2]
603:136.80, 8:10 [6, 318, 289, 218, -6]
604:46.94, 2:10 [6, 210, 2513, -6]
fe: 1, se: 2

Day: 1, Time: 495
Total Cost: 181.28
 11:136.01, 6:75 [1, 4, -1]
401:40.79, 3:10 [4, 33, -4]
402:4.47, 3:10 [4, 268, -4]
fe: 1, se: 2

Day: 1, Time: 495
Total Cost: 182.60
 11:66.27, 4:75 [2, 6, -2]
601:54.04, 3:10 [6, 277, -6]
602:62.29, 1:10 [6, 54, -6]
fe: 1, se: 2


Day	Area	ID	Time	Load	Utilization	NoOrders	AssignmentCost
1	1	 7	270	 23	0.26	 9	305.00
1	1	27	315	 90	1.00	39	975.00
1	1	 8	315	 62	0.69	22	695.00
1	1	28	360	 72	0.80	30	795.00
1	1	128	400	  1	0.01	 1	170.00
1	1	30	450	  8	0.07	 2	124.00
1	1	32	540	 42	0.39	13	396.00
1	1	34	630	 40	0.44	16	475.00
1	1	38	810	 62	0.86	35	834.00
1	1	19	810	 69	0.96	25	918.00
1	2	63	225	 16	0.18	11	235.00
1	2	64	270	 89	0.99	39	965.00
1	2	136	300	 21	0.12	17	570.00
1	2	46	315	 90	1.00	32	975.00
1	2	66	360	 34	0.38	11	415.00
1	2	146	400	  7	0.04	 2	290.00
1	2	51	540	 11	0.10	 3	148.00
1	2	53	630	 72	0.80	24	795.00
1	2	57	810	 72	1.00	30	954.00
1	2	76	810	 72	1.00	38	954.00
1	3	101	225	 24	0.27	 7	315.00
1	3	102	270	 38	0.42	13	455.00
1	3	154	300	 21	0.12	16	570.00
1	3	84	315	 90	1.00	35	975.00
1	3	104	360	 36	0.40	11	435.00
1	3	164	400	  9	0.05	 4	330.00
1	3	86	405	 17	0.19	 6	245.00
1	3	89	540	 14	0.13	 4	172.00
1	3	110	630	 71	0.79	22	785.00
1	3	95	810	 72	1.00	33	954.00
1	3	114	810	 72	1.00	30	954.00


Day	Area	Time	Pickup	Delivery	Direct	FEVehicles	SEVehicles	ALNSTime	ALNSBestTime	RoutingCostArea
1	1	0	107	71	0	7	40	128.27	90.59	5237.13
1	1	45	8	0	0	3	5	0.84	0.00	823.77
1	1	55	6	0	0	2	4	0.45	0.00	603.85
1	1	70	5	0	1	4	4	0.65	0.00	1418.97
1	1	75	3	0	0	2	3	0.33	0.00	447.11
1	1	95	4	0	0	2	3	0.51	0.00	531.64
1	1	105	2	0	0	2	2	0.32	0.00	447.84
1	1	140	4	0	0	2	2	0.60	0.00	468.31
1	1	145	1	0	0	1	1	0.18	0.00	203.31
1	1	155	1	0	0	1	1	0.18	0.00	191.73
1	1	160	2	0	0	2	2	0.30	0.00	342.26
1	1	165	3	0	1	2	2	0.36	0.00	990.28
1	1	175	5	0	0	2	3	0.47	0.00	570.00
1	1	180	1	0	0	1	1	0.18	0.00	170.94
1	1	280	14	0	0	2	5	1.39	0.29	788.65
1	1	310	7	0	0	1	3	0.55	0.00	382.06
1	1	350	6	9	0	1	4	1.52	0.00	576.11
1	1	360	3	42	0	2	9	4.67	0.41	1371.17
1	1	390	2	0	0	1	2	0.32	0.00	446.09
1	1	405	4	37	0	2	14	5.76	3.86	1529.73
1	1	420	2	0	0	1	1	0.28	0.00	259.21
1	1	450	0	9	0	2	7	0.62	0.00	981.48
1	1	460	0	1	0	1	1	0.18	0.00	241.51
1	1	495	0	2	0	1	2	0.21	0.00	181.28
1	2	0	117	88	0	8	45	168.04	119.97	4862.96
1	2	35	7	0	0	2	3	0.55	0.00	424.19
1	2	50	2	0	0	1	1	0.26	0.00	209.37
1	2	55	3	0	0	1	1	0.35	0.00	176.77
1	2	80	6	0	0	2	2	0.52	0.00	436.06
1	2	110	11	0	0	4	7	1.19	0.00	875.61
1	2	115	1	0	0	1	1	0.18	0.00	133.35
1	2	140	5	0	0	3	4	0.67	0.04	533.03
1	2	150	1	0	0	1	1	0.18	0.00	135.24
1	2	165	2	0	0	2	2	0.28	0.00	184.62
1	2	170	2	0	0	2	2	0.27	0.00	293.80
1	2	180	3	0	0	2	2	0.45	0.00	390.59
1	2	285	22	0	0	1	6	2.30	1.52	714.89
1	2	305	6	0	0	1	2	0.46	0.00	358.78
1	2	360	9	18	0	2	7	2.13	1.17	842.81
1	2	405	6	44	0	2	13	7.06	2.52	1421.90
1	2	415	2	0	0	1	2	0.23	0.00	228.23
1	2	420	2	0	0	1	2	0.24	0.00	211.35
1	2	450	0	27	0	1	9	1.62	0.00	1046.51
1	2	460	0	5	0	1	2	0.37	0.00	250.01
1	2	495	0	2	0	1	2	0.23	0.00	182.60
1	3	0	111	121	0	8	50	338.65	269.27	5221.15
1	3	40	9	0	0	2	4	0.97	0.08	730.75
1	3	70	2	0	0	1	1	0.25	0.00	195.81
1	3	100	4	0	0	3	3	0.56	0.00	499.16
1	3	110	1	0	0	1	1	0.18	0.00	212.31
1	3	115	1	0	0	1	1	0.18	0.00	180.60
1	3	140	7	0	0	4	7	0.70	0.00	765.41
1	3	160	4	0	0	2	2	0.50	0.00	398.98
1	3	290	17	0	0	1	6	1.30	0.07	708.57
1	3	360	12	43	0	2	11	15.53	12.78	1175.78
1	3	405	8	47	0	2	14	10.87	8.19	1447.01
1	3	420	5	0	0	1	3	0.43	0.00	379.51
1	3	450	0	16	0	2	8	0.94	0.00	751.22
1	3	525	0	0	2	0	0	0.00	0.00	1000.00

Day	SL	Own	DispatchTimes	AssignmentCost	RoutingCost	TotalCost
1	26	5	45	18178.00	46783.37	64961.37

Total Cost: 64961.36948195625
Cost per Day: 64961.36948195625
Running time in Seconds: 918.93
Running time in minutes: 15.3155