INSTANCE: 3hubs_A_27_x.csv
PARAMETER: tuning_loose.txt
POLICY: MIP
ALPHA: 0.0240177634262549
BETA: 67
OMEGA: 586
EPSILON: 1.44934881724368

Day: 1, Time: 0
Total Cost: 5263.76
 11:136.01, 72:75 [1, 4, -4, -1]
 12:136.01, 74:75 [1, 4, -4, -1]
 13:136.01, 41:75 [1, 4, -4, -1]
 14:153.31, 70:75 [1, 5, -5, -1]
 15:153.31, 69:75 [1, 5, -5, -1]
 29:136.01, 35:75 [1, 4, -4, -1]
401:97.31, 10:10 [4, 8904, 8926, 8909, 8737, -4]
402:136.32, 10:10 [4, 8479, 8730, 8894, 8858, -4]
403:49.20, 9:10 [4, 8775, 8889, 8922, -4]
404:167.79, 10:10 [4, 8698, 8634, 8438, -4]
405:57.26, 9:10 [4, 8867, 8947, 8888, -4]
406:67.62, 7:10 [4, 8453, 8476, 8582, -4]
407:204.97, 10:10 [4, 8910, 8591, 8573, 8551, 8863, 8818, -4]
408:107.64, 10:10 [4, 8587, 8540, 8825, 8811, 8742, 8492, -4]
409:150.18, 9:10 [4, 8472, 9016, 8626, 8638, 8703, -4]
410:24.41, 4:10 [4, 8788, -4]
411:82.95, 10:10 [4, 8927, 8624, 8799, 8768, -4]
412:92.94, 10:10 [4, 9006, 8966, 9012, -4]
413:59.06, 9:10 [4, 8930, 8872, 8916, -4]
414:171.32, 8:10 [4, 8802, 8921, 8635, 8960, -4]
416:132.36, 10:10 [4, 8797, 8920, 8821, -4]
418:127.05, 10:10 [4, 8706, 8882, 8998, 8995, -4]
419:119.52, 10:10 [4, 8608, 8722, 9021, 8834, -4]
420:80.58, 9:10 [4, 8628, 8866, 8791, 8600, 8499, 8617, 8800, 8854, -4]
421:71.19, 10:10 [4, 8881, 8588, 8508, 8545, 8463, 8470, -4]
422:157.70, 10:10 [4, 8619, 9001, 8430, 8671, -4]
423:138.19, 10:10 [4, 8870, 8991, 8992, 8571, 8493, 8753, -4]
424:160.19, 10:10 [4, 8604, 8660, 8519, 8900, 8655, 9033, -4]
425:172.62, 10:10 [4, 8466, 8440, 8673, 8543, 8862, 8602, -4]
426:48.82, 9:10 [4, 8728, 8907, 8657, -4]
428:75.81, 10:10 [4, 8826, 8875, 8954, 8708, -4]
429:168.74, 10:10 [4, 8845, 9008, 8932, 8813, -4]
434:92.41, 10:10 [4, 8460, 8983, 8459, 8567, 8633, 8786, 8787, 8448, -4]
501:63.71, 10:10 [5, 8523, 8534, 8568, 8487, -5]
502:36.42, 6:10 [5, 8544, 8531, 8590, -5]
503:196.09, 10:10 [5, 8435, 8667, 8830, 8434, 8651, 8498, 8609, -5]
504:155.70, 10:10 [5, 8918, 8693, 8700, 8631, 8550, 8697, 8751, -5]
505:101.66, 10:10 [5, 8692, 8680, 9010, 8627, 8436, -5]
506:33.39, 9:10 [5, 8512, 8480, 8522, 8579, -5]
507:91.07, 9:10 [5, 8491, 8752, 8465, 8652, -5]
509:111.52, 9:10 [5, 8915, 8822, 8999, 8792, -5]
510:73.29, 10:10 [5, 8738, 8516, 8562, 8605, -5]
511:63.00, 10:10 [5, 8853, 8439, 8757, 9029, 8911, -5]
512:107.37, 8:10 [5, 8942, 8902, 8727, 9030, -5]
513:90.40, 9:10 [5, 8745, 8718, 8829, 8644, 8807, -5]
514:49.56, 9:10 [5, 8704, 8770, 8880, -5]
515:60.39, 8:10 [5, 8851, 8912, 8798, -5]
516:58.96, 10:10 [5, 8771, 8974, 8767, 8897, 8513, 8901, -5]
518:106.39, 8:10 [5, 8785, 8856, 8840, 8828, -5]
fe: 6, se: 43

Day: 1, Time: 5
Total Cost: 5710.72
 11:66.27, 72:75 [2, 6, -6, -2]
 12:66.27, 67:75 [2, 6, -6, -2]
 13:66.27, 47:75 [2, 6, -6, -2]
 14:66.27, 75:75 [2, 6, -6, -2]
 15:66.27, 17:75 [2, 6, -6, -2]
 16:66.27, 19:75 [2, -6, -2]
 17:145.23, 48:75 [2, 7, -7, -2]
 18:145.23, 16:75 [2, 7, -7, -2]
601:97.33, 9:10 [6, 8699, 8575, 8899, 8527, 8548, 8982, -6]
602:70.17, 10:10 [6, 8874, 8528, 8615, 8720, 8520, -6]
603:172.71, 10:10 [6, 8682, 8566, 8810, 8598, 8532, 8477, 8844, 8749, -6]
604:120.13, 9:10 [6, 8636, 8794, 8739, 8789, 8917, -6]
605:6.32, 4:10 [6, 8908, -6]
606:101.00, 10:10 [6, 8536, 8490, 8483, 8665, -6]
607:165.36, 10:10 [6, 8896, 8885, 8696, 8996, 8997, -6]
608:84.43, 9:10 [6, 8610, 8847, 9025, 8763, -6]
609:70.96, 10:10 [6, 8906, 8683, 8426, 14589, -6]
611:100.12, 9:10 [6, 8949, 8868, 8887, -6]
613:90.60, 10:10 [6, 8758, 8903, 8891, 8765, 8725, -6]
615:173.88, 10:10 [6, 8687, 8961, 8618, 8689, 8883, 8963, 8632, 8948, -6]
616:132.14, 10:10 [6, 8478, 8970, 9000, 8782, 8988, 8694, -6]
618:119.60, 9:10 [6, 8471, 8611, 8554, -6]
619:98.97, 9:10 [6, 8514, 8502, 8732, 8852, 8987, 8965, -6]
620:81.99, 10:10 [6, 8653, 8541, 8596, 8650, 8688, -6]
621:68.13, 10:10 [6, 8648, 8510, 8433, -6]
623:71.11, 9:10 [6, 8806, 8714, 8744, 8705, 8861, -6]
624:115.36, 10:10 [6, 14062, 9018, 8815, 8814, -6]
625:70.71, 10:10 [6, 8779, 8733, 8716, 8827, -6]
626:85.58, 10:10 [6, 8563, 8517, 8447, -6]
627:132.76, 10:10 [6, 8584, 8877, 8658, 8577, 8613, -6]
628:128.92, 10:10 [6, 8729, 8898, 8893, 9027, 8774, 8776, -6]
629:64.99, 8:10 [6, 8841, 8865, -6]
630:72.01, 9:10 [6, 8574, 8549, 8422, -6]
631:69.16, 9:10 [6, 8981, 9017, 8905, 8473, -6]
632:118.06, 9:10 [6, 8681, 8715, 8647, 8656, -6]
633:74.49, 10:10 [6, 8710, 8890, 8934, 8431, -6]
634:125.55, 9:10 [6, 8971, 8452, 9026, 8764, 9024, -6]
635:61.17, 10:10 [6, 8533, 9015, 8980, 8955, 8876, -6]
636:91.25, 10:10 [6, 8731, 8819, 8895, 8539, -6]
637:120.45, 9:10 [6, 8481, 8586, 8457, 8521, -6]
639:117.87, 9:10 [6, 8461, 8919, 8943, 8805, 8928, -6]
640:155.33, 10:10 [6, 8884, 9032, 8614, 8712, -6]
641:42.47, 4:10 [6, 8603, 8546, -6]
642:128.56, 10:10 [6, 8500, 8468, 8601, 8585, 8458, 8754, -6]
643:84.03, 10:10 [6, 8773, 8975, 8781, 9009, 8709, -6]
644:148.63, 10:10 [6, 8892, 8977, 8929, -6]
645:55.89, 10:10 [6, 8441, 8445, 8620, -6]
649:166.93, 10:10 [6, 8939, 8795, 15316, 8451, 8509, -6]
652:94.19, 9:10 [6, 8871, 9005, 8938, -6]
654:124.09, 9:10 [6, 8578, 8760, 8639, 8857, 8654, -6]
701:41.62, 4:10 [7, 8717, -7]
702:68.82, 8:10 [7, 8993, 8935, 8793, 8724, -7]
703:61.14, 10:10 [7, 8816, 8842, 8530, 8804, 8783, -7]
704:61.20, 7:10 [7, 8972, 8958, 8423, 8859, 8625, -7]
705:38.97, 9:10 [7, 8560, 8629, 8488, 8467, -7]
706:67.88, 10:10 [7, 8645, 8542, 8496, 8424, 8662, -7]
707:66.68, 10:10 [7, 8646, 8612, 8455, 8535, 8581, -7]
708:107.43, 10:10 [7, 8558, 8748, 13723, 8454, 8547, 8616, -7]
709:88.10, 9:10 [7, 8446, 8515, 8675, 8450, -7]
710:72.12, 10:10 [7, 8956, 8801, 8937, -7]
711:75.28, 10:10 [7, 8642, 8649, 8469, 8677, -7]
fe: 8, se: 53

Day: 1, Time: 10
Total Cost: 5875.04
 11:94.59, 70:75 [3, 8, -8, -3]
 12:94.59, 18:75 [3, -8, -3]
 13:90.24, 68:75 [3, 9, -9, -3]
 14:90.24, 3:75 [3, -9, -3]
 15:90.24, 29:75 [3, 9, -9, -3]
 16:90.24, 69:75 [3, 9, -9, -3]
 20:94.59, 74:75 [3, 8, -8, -3]
 21:90.24, 17:75 [3, -9, -3]
 23:94.59, 4:75 [3, -8, -3]
 26:94.59, 10:75 [3, 8, -8, -3]
 31:90.24, 9:75 [3, 9, -3]
801:79.07, 6:10 [8, 8762, 8755, -8]
802:120.73, 10:10 [8, 8711, 8747, 8565, 8719, 9007, 8511, -8]
803:110.94, 2:10 [8, 8839, -8]
804:122.24, 10:10 [8, 8846, 8606, 8979, 8913, 8931, -8]
805:102.18, 4:10 [8, 8878, -8]
806:130.23, 9:10 [8, 8734, 9022, 8599, 8836, -8]
807:137.88, 10:10 [8, 8482, 8486, 8474, 8442, 8592, -8]
808:79.17, 3:10 [8, 8923, 9002, -8]
809:107.14, 10:10 [8, 9020, 8518, 8812, 8668, 8820, 9028, -8]
810:151.41, 10:10 [8, 8597, 8832, 8837, 8989, 8848, -8]
811:181.13, 10:10 [8, 8437, 8691, 8984, 16602, 8990, 8572, 8576, -8]
813:156.34, 10:10 [8, 9011, 8750, 8429, 8580, 8950, -8]
814:109.42, 10:10 [8, 8686, 8831, 8962, 8940, 8953, 8674, -8]
815:102.38, 10:10 [8, 9019, 8978, 9013, -8]
816:61.31, 10:10 [8, 8464, 8449, 8630, 8557, -8]
817:124.35, 10:10 [8, 8607, 8746, 8969, 8824, 8526, 8529, 8736, -8]
818:127.11, 10:10 [8, 8497, 8759, 8679, 8589, -8]
819:76.63, 9:10 [8, 8420, 8538, 8506, -8]
820:189.25, 10:10 [8, 8570, 8925, 8504, 8432, 8823, 8838, 8666, 8860, -8]
821:104.04, 10:10 [8, 8443, 8663, 8945, 8489, 8425, 8525, 8944, 8850, -8]
822:8.49, 4:10 [8, 8678, -8]
823:56.68, 9:10 [8, 8726, 8735, 8777, 8869, 8643, -8]
824:40.15, 9:10 [8, 8843, 8936, 9023, -8]
825:118.77, 10:10 [8, 8769, 8973, 9031, 8484, -8]
826:66.55, 8:10 [8, 8659, 8456, -8]
830:108.94, 10:10 [8, 8595, 8637, 8669, 8695, -8]
901:102.07, 10:10 [9, 8864, 8985, 8886, 8462, 8941, -9]
902:69.06, 10:10 [9, 8809, 11395, 12710, -9]
903:111.93, 10:10 [9, 8707, 8740, 8914, 8784, -9]
904:147.74, 9:10 [9, 8444, 8421, 9014, 8676, 8957, 8968, 8622, -9]
905:117.59, 3:10 [9, 8713, -9]
907:127.26, 1:10 [9, 8951, -9]
908:82.91, 10:10 [9, 8964, 8778, 8559, 8790, -9]
909:117.92, 10:10 [9, 8583, 8701, 9034, 8640, 8976, 8721, -9]
910:53.10, 9:10 [9, 8561, 8672, 8664, 8690, 8670, -9]
911:69.75, 10:10 [9, 8803, 8835, 8855, -9]
912:103.75, 10:10 [9, 8873, 8427, 8537, 8933, 8741, 8967, -9]
913:92.17, 10:10 [9, 9004, 8796, 8594, 8684, 8501, -9]
914:117.75, 10:10 [9, 8879, 8766, 8849, 8952, -9]
915:71.53, 10:10 [9, 8833, 8772, 8924, 8756, -9]
916:119.86, 10:10 [9, 8428, 8623, 8641, 8808, 8994, 8475, -9]
917:47.64, 8:10 [9, 8553, 8555, -9]
918:79.42, 10:10 [9, 8494, 8723, 8485, 8593, -9]
919:69.24, 10:10 [9, 8556, 8569, 8552, 8524, -9]
920:57.60, 8:10 [9, 8743, 9003, -9]
921:54.50, 8:10 [9, 8661, 8503, -9]
922:79.10, 7:10 [9, 8959, 8702, 8761, -9]
923:74.73, 10:10 [9, 8780, 8817, 8946, 8507, 8986, -9]
924:36.37, 8:10 [9, 8505, 8495, -9]
927:85.09, 9:10 [9, 8621, 8685, 8564, -9]
fe: 11, se: 50

Day: 1, Time: 20
Total Cost: 342.19
 11:94.59, 4:75 [3, -8, -3]
 12:90.24, 1:75 [3, -9, -3]
801:52.95, 4:10 [8, 14784, -8]
901:104.40, 1:10 [9, 15452, -9]
fe: 2, se: 2

Day: 1, Time: 35
Total Cost: 779.40
 11:136.01, 9:75 [1, -4, -1]
 12:136.01, 5:75 [1, -4, -1]
 13:153.31, 3:75 [1, -5, -1]
401:140.64, 4:10 [4, 11482, 12368, -4]
402:55.52, 5:10 [4, 14385, 10428, -4]
403:56.69, 5:10 [4, 10997, 14084, -4]
501:101.21, 3:10 [5, 13200, -5]
fe: 3, se: 4

Day: 1, Time: 40
Total Cost: 517.10
 11:66.27, 2:75 [2, -6, -2]
 12:66.27, 12:75 [2, -6, -2]
601:48.04, 2:10 [6, 11335, 14255, -6]
602:122.80, 4:10 [6, 13901, -6]
603:100.32, 3:10 [6, 17046, -6]
604:113.39, 5:10 [6, 15485, 13346, -6]
fe: 2, se: 4

Day: 1, Time: 40
Total Cost: 618.33
 11:94.59, 10:75 [3, -8, -3]
 12:90.24, 3:75 [3, -9, -3]
 13:90.24, 2:75 [3, -9, -3]
801:136.91, 10:10 [8, 15016, 14358, 16473, -8]
901:98.82, 3:10 [9, 16342, 16442, -9]
902:107.52, 2:10 [9, 13975, -9]
fe: 3, se: 3

Day: 1, Time: 45
Total Cost: 757.77
 11:136.01, 5:75 [1, -4, -1]
 12:153.31, 7:75 [1, -5, -1]
 13:153.31, 1:75 [1, -5, -1]
401:155.01, 5:10 [4, 12451, 14378, -4]
501:125.19, 7:10 [5, 14248, 11371, -5]
502:34.93, 1:10 [5, 14116, -5]
fe: 3, se: 3

Day: 1, Time: 60
Total Cost: 357.01
 11:66.27, 9:75 [2, -6, -2]
 12:145.23, 3:75 [2, -7, -2]
601:116.87, 9:10 [6, 12439, 10245, 12598, -6]
701:28.64, 3:10 [7, 12527, -7]
fe: 2, se: 2

Day: 1, Time: 60
Total Cost: 452.95
 11:94.59, 14:75 [3, -8, -3]
 12:94.59, 2:75 [3, -8, -3]
801:107.82, 7:10 [8, 16258, 10344, -8]
802:91.54, 7:10 [8, 10237, 13372, -8]
803:64.40, 2:10 [8, 9695, -8]
fe: 2, se: 3

Day: 1, Time: 80
Total Cost: 170.99
 11:66.27, 10:75 [2, -6, -2]
601:49.55, 6:10 [6, 16440, 9564, -6]
602:55.17, 4:10 [6, 11087, -6]
fe: 1, se: 2

Day: 1, Time: 85
Total Cost: 463.22
 11:153.31, 7:75 [1, -5, -1]
 12:153.31, 1:75 [1, -5, -1]
501:124.98, 7:10 [5, 12399, 11038, -5]
502:31.62, 1:10 [5, 10561, -5]
fe: 2, se: 2

Day: 1, Time: 90
Total Cost: 501.19
 11:66.27, 8:75 [2, -6, -2]
 12:66.27, 5:75 [2, -6, -2]
601:45.84, 4:10 [6, 10762, 11912, -6]
602:124.87, 4:10 [6, 12525, -6]
603:197.93, 5:10 [6, 15733, 14451, -6]
fe: 2, se: 3

Day: 1, Time: 90
Total Cost: 380.58
 11:94.59, 4:75 [3, -8, -3]
 12:90.24, 7:75 [3, -9, -3]
801:79.12, 4:10 [8, 11972, -8]
901:62.03, 3:10 [9, 11186, -9]
902:54.59, 4:10 [9, 13325, -9]
fe: 2, se: 3

Day: 1, Time: 95
Total Cost: 455.36
 11:136.01, 3:75 [1, -4, -1]
 12:136.01, 4:75 [1, -4, -1]
401:57.20, 3:10 [4, 16113, -4]
402:126.13, 4:10 [4, 11164, -4]
fe: 2, se: 2

Day: 1, Time: 100
Total Cost: 229.40
 11:94.59, 4:75 [3, -8, -3]
801:22.09, 1:10 [8, 11370, -8]
802:112.71, 3:10 [8, 15801, -8]
fe: 1, se: 2

Day: 1, Time: 105
Total Cost: 336.51
 11:136.01, 5:75 [1, -4, -1]
401:56.36, 1:10 [4, 13715, -4]
402:144.14, 4:10 [4, 11129, -4]
fe: 1, se: 2

Day: 1, Time: 105
Total Cost: 116.24
 11:90.24, 1:75 [3, -9, -3]
901:26.00, 1:10 [9, 11183, -9]
fe: 1, se: 1

Day: 1, Time: 110
Total Cost: 460.16
 11:136.01, 1:75 [1, -4, -1]
 12:153.31, 7:75 [1, -5, -1]
401:37.74, 1:10 [4, 14974, -4]
501:96.88, 5:10 [5, 9145, 13360, -5]
502:36.22, 2:10 [5, 14721, -5]
fe: 2, se: 3

Day: 1, Time: 115
Total Cost: 179.92
 11:136.01, 2:75 [1, -4, -1]
401:43.91, 2:10 [4, 9358, -4]
fe: 1, se: 1

Day: 1, Time: 115
Total Cost: 294.37
 11:94.59, 4:75 [3, -8, -3]
 12:90.24, 4:75 [3, -9, -3]
801:49.40, 4:10 [8, 16336, -8]
901:60.13, 4:10 [9, 15236, -9]
fe: 2, se: 2

Day: 1, Time: 120
Total Cost: 236.43
 11:90.24, 4:75 [3, -9, -3]
901:65.79, 3:10 [9, 11612, -9]
902:80.40, 1:10 [9, 10698, -9]
fe: 1, se: 2

Day: 1, Time: 130
Total Cost: 315.02
 11:153.31, 3:75 [1, -5, -1]
501:161.71, 3:10 [5, 13044, 9943, -5]
fe: 1, se: 1

Day: 1, Time: 135
Total Cost: 204.73
 11:90.24, 1:75 [3, -9, -3]
901:114.49, 1:10 [9, 12626, -9]
fe: 1, se: 1

Day: 1, Time: 150
Total Cost: 442.55
 11:153.31, 2:75 [1, -5, -1]
 12:136.01, 3:75 [1, -4, -1]
401:129.90, 3:10 [4, 15674, 11417, -4]
501:23.32, 2:10 [5, 9976, -5]
fe: 2, se: 2

Day: 1, Time: 150
Total Cost: 375.05
 11:66.27, 9:75 [2, -6, -2]
 12:66.27, 4:75 [2, -6, -2]
601:141.28, 9:10 [6, 9710, 13529, 14297, -6]
602:101.23, 4:10 [6, 9154, 14446, -6]
fe: 2, se: 2

Day: 1, Time: 160
Total Cost: 312.60
 11:136.01, 7:75 [1, -4, -1]
401:176.59, 7:10 [4, 11882, 12618, 14090, -4]
fe: 1, se: 1

Day: 1, Time: 160
Total Cost: 196.24
 11:66.27, 2:75 [2, -6, -2]
 12:66.27, 4:75 [2, -6, -2]
601:18.44, 2:10 [6, 11931, -6]
602:45.25, 4:10 [6, 12477, -6]
fe: 2, se: 2

Day: 1, Time: 160
Total Cost: 340.92
 11:90.24, 4:75 [3, -9, -3]
 12:90.24, 1:75 [3, -9, -3]
901:72.50, 4:10 [9, 11080, -9]
902:87.93, 1:10 [9, 10869, -9]
fe: 2, se: 2

Day: 1, Time: 165
Total Cost: 154.76
 11:94.59, 4:75 [3, -8, -3]
801:60.17, 4:10 [8, 10545, -8]
fe: 1, se: 1

Day: 1, Time: 175
Total Cost: 142.59
 11:90.24, 1:75 [3, -9, -3]
901:52.35, 1:10 [9, 11629, -9]
fe: 1, se: 1

Day: 1, Time: 180
Total Cost: 201.83
 11:66.27, 1:75 [2, -6, -2]
601:135.56, 1:10 [6, 10487, -6]
fe: 1, se: 1

Day: 1, Time: 275
Total Cost: 828.38
 11:66.27, 49:75 [2, -6, -2]
601:142.07, 9:10 [6, 16066, 14732, 13541, 11815, -6]
603:186.13, 10:10 [6, 13324, 15377, 13426, 16924, 16339, -6]
604:195.49, 10:10 [6, 15165, 12924, 15869, 15047, -6]
605:104.05, 10:10 [6, 12895, 14039, 11360, -6]
606:134.36, 10:10 [6, 11042, 15955, 9629, 10911, 12009, 11952, -6]
fe: 1, se: 5

Day: 1, Time: 290
Total Cost: 898.78
 11:90.24, 28:75 [3, -9, -3]
 12:94.59, 45:75 [3, -8, -3]
802:109.42, 10:10 [8, 9444, 9559, 15180, -8]
803:53.75, 9:10 [8, 15049, 15541, 10212, -8]
804:105.46, 10:10 [8, 12002, 12110, 13746, 10728, -8]
805:73.51, 9:10 [8, 12707, 10937, 12826, -8]
806:26.26, 7:10 [8, 13714, 15408, -8]
901:133.75, 10:10 [9, 12891, 14897, 15071, 11826, -9]
902:132.98, 9:10 [9, 11652, 12677, 14386, -9]
903:78.80, 9:10 [9, 14799, 11984, 12413, 16974, -9]
fe: 2, se: 8

Day: 1, Time: 305
Total Cost: 362.79
 11:66.27, 6:75 [2, -6, -2]
601:230.24, 5:10 [6, 10303, 13539, 13708, -6]
602:66.27, 1:10 [6, 14275, -6]
fe: 1, se: 2

Day: 1, Time: 315
Total Cost: 1154.91
 11:136.01, 30:75 [1, 4, -4, -1]
 12:153.31, 37:75 [1, 5, -5, -1]
401:48.57, 8:10 [4, 9329, 9332, 13873, -4]
402:186.18, 10:10 [4, 53, 11050, 66, 14482, 312, 7652, 16400, -4]
403:114.48, 10:10 [4, 113, 145, 188, 16725, 12728, -4]
405:139.80, 10:10 [4, 72, 313, 165, 14150, -4]
501:163.26, 10:10 [5, 179, 4020, 14071, 11742, 9949, 7752, 16674, 13193, -5]
503:60.15, 10:10 [5, 9603, 12842, 13661, -5]
505:84.83, 10:10 [5, 12761, 12899, 11348, 14456, -5]
506:68.31, 7:10 [5, 261, 333, 11772, 119, 12204, -5]
fe: 2, se: 8

Day: 1, Time: 315
Total Cost: 466.66
 12:90.24, 12:75 [3, 9, -9, -3]
901:167.00, 8:10 [9, 17097, 11632, 6879, -9]
902:103.85, 4:10 [9, 872, 13790, 14210, -9]
903:105.56, 4:10 [9, 11684, 6912, -9]
fe: 1, se: 3

Day: 1, Time: 360
Total Cost: 1683.30
 11:136.01, 42:75 [1, 4, -4, -1]
 12:153.31, 34:75 [1, 5, -5, -1]
401:147.31, 9:10 [4, 874, 89, 11321, 5232, -4]
402:74.39, 8:10 [4, 41, 287, -4]
403:100.16, 7:10 [4, 152, 9425, 16927, 114, 14979, -4]
404:160.08, 9:10 [4, 265, 19, 2397, 12838, 3837, -4]
405:174.97, 10:10 [4, 16131, 285, 229, 5211, -4]
501:156.98, 2:10 [5, 201, 213, -5]
502:41.33, 4:10 [5, 335, 16004, -5]
503:149.42, 6:10 [5, 303, 15369, 3241, -5]
504:108.66, 10:10 [5, 13215, 248, 115, 54, -5]
505:52.18, 6:10 [5, 9478, 12348, -5]
506:104.23, 10:10 [5, 10748, 247, 325, 10546, 4656, 24, -5]
507:124.29, 9:10 [5, 12361, 5668, 7646, 12103, -5]
fe: 2, se: 12

Day: 1, Time: 360
Total Cost: 1058.78
 11:94.59, 37:75 [3, 8, -8, -3]
 12:90.24, 38:75 [3, 9, -9, -3]
801:95.15, 9:10 [8, 91, 15, 245, 7750, -8]
802:121.44, 10:10 [8, 12583, 35, 83, 315, -8]
803:94.14, 9:10 [8, 239, 27, 319, 14705, -8]
805:104.36, 10:10 [8, 186, 8356, 43, 13183, -8]
901:145.24, 10:10 [9, 103, 181, 6795, 116, 253, -9]
902:107.66, 10:10 [9, 202, 34, 73, 157, 9213, -9]
904:68.62, 10:10 [9, 290, 111, 26, 268, 129, -9]
905:137.33, 10:10 [9, 93, 15661, 75, 171, 266, -9]
fe: 2, se: 8

Day: 1, Time: 365
Total Cost: 847.98
 11:66.27, 39:75 [2, 6, -6, -2]
601:119.33, 8:10 [6, 246, 2493, 233, 13614, 1005, -6]
602:63.77, 7:10 [6, 6762, 9518, 12294, -6]
603:145.18, 10:10 [6, 13028, 65, 36, 14207, -6]
604:120.78, 8:10 [6, 17, 2008, 87, 2705, 9379, 76, -6]
606:130.22, 10:10 [6, 23, 16287, 12, 295, 13992, 234, -6]
607:202.44, 10:10 [6, 10618, 153, 82, 16866, 149, 251, -6]
fe: 1, se: 6

Day: 1, Time: 385
Total Cost: 890.49
 11:136.01, 23:75 [1, -4, -1]
 12:153.31, 13:75 [1, -5, -1]
401:124.90, 7:10 [4, 15127, 11584, -4]
402:165.84, 8:10 [4, 11104, 14854, 16627, -4]
403:83.14, 8:10 [4, 9681, 11422, 14551, -4]
501:152.99, 5:10 [5, 10215, 12704, -5]
502:74.30, 8:10 [5, 11338, 16592, 9432, -5]
fe: 2, se: 5

Day: 1, Time: 405
Total Cost: 1471.37
 11:136.01, 75:75 [1, 4, -4, -1]
 13:153.31, 55:75 [1, 5, -5, -1]
401:61.64, 10:10 [4, 6326, 1028, 90, 323, -4]
402:97.71, 9:10 [4, 7111, 39, 337, 125, -4]
403:170.33, 10:10 [4, 6546, 122, 244, 208, -4]
404:95.38, 8:10 [4, 200, 14423, 44, -4]
405:94.34, 10:10 [4, 147, 12109, 274, 162, 317, -4]
407:73.16, 10:10 [4, 99, 6626, 178, -4]
409:183.12, 8:10 [4, 196, 243, 57, -4]
412:66.76, 10:10 [4, 297, 49, 105, 194, 2072, -4]
501:40.47, 9:10 [5, 124, 141, 197, -5]
502:56.91, 10:10 [5, 328, 79, 286, 50, -5]
503:57.09, 10:10 [5, 218, 3282, 127, 2680, -5]
504:47.61, 10:10 [5, 330, 74, 183, -5]
506:71.39, 8:10 [5, 12004, 3835, 280, -5]
507:66.14, 10:10 [5, 338, 51, 206, 334, -5]
fe: 2, se: 14

Day: 1, Time: 405
Total Cost: 2057.81
 12:66.27, 46:75 [2, 6, -2]
 13:145.23, 65:75 [2, 7, -2]
 14:66.27, 71:75 [2, 6, -6, -2]
601:58.85, 10:10 [6, 9786, 329, 21, 11911, 158, -6]
602:108.64, 9:10 [6, 207, 18, 174, 332, -6]
603:77.10, 9:10 [6, 163, 190, 262, 95, -6]
604:147.59, 10:10 [6, 16591, 2496, 225, 10171, 309, -6]
605:119.69, 10:10 [6, 305, 192, 257, 9476, -6]
606:84.10, 10:10 [6, 156, 14203, 232, 1855, -6]
608:104.21, 10:10 [6, 7783, 132, 5394, 289, 189, -6]
609:39.62, 8:10 [6, 121, 139, 81, -6]
612:74.99, 7:10 [6, 340, 276, 9322, -6]
613:85.29, 10:10 [6, 240, 224, 161, 256, -6]
614:148.16, 10:10 [6, 4510, 2939, 14459, 11542, 108, -6]
617:126.70, 10:10 [6, 150, 1871, 130, 11, 2792, -6]
618:153.36, 9:10 [6, 67, 241, 2681, 316, -6]
701:53.56, 10:10 [7, 263, 212, 214, 344, 138, -7]
702:99.71, 10:10 [7, 47, 142, 32, 264, 250, -7]
703:56.89, 9:10 [7, 3678, 4635, 288, -7]
704:22.43, 6:10 [7, 136, 236, -7]
705:76.99, 10:10 [7, 272, 28, 341, 88, -7]
706:82.60, 10:10 [7, 85, 2390, 237, -7]
707:59.53, 10:10 [7, 117, 185, 131, -7]
fe: 3, se: 20

Day: 1, Time: 405
Total Cost: 1245.85
 11:94.59, 55:75 [3, 8, -8, -3]
 12:90.24, 43:75 [3, 9, -9, -3]
801:106.46, 10:10 [8, 336, 98, 175, -8]
802:123.81, 8:10 [8, 42, 13560, 339, 15894, 6284, 226, -8]
804:84.30, 7:10 [8, 222, 308, 10503, 102, 668, -8]
805:106.49, 10:10 [8, 92, 230, 135, 5688, -8]
807:79.67, 10:10 [8, 219, 80, 10868, 331, -8]
809:102.98, 10:10 [8, 104, 9362, 182, 107, -8]
901:88.20, 9:10 [9, 259, 11592, 203, 322, 3222, -9]
902:77.72, 7:10 [9, 310, 284, 77, -9]
903:83.35, 9:10 [9, 55, 7423, 177, 12239, 37, -9]
904:125.58, 10:10 [9, 166, 14306, 14, 78, -9]
905:82.46, 8:10 [9, 199, 16, 12049, 342, -9]
fe: 2, se: 11

Day: 1, Time: 415
Total Cost: 180.93
 11:90.24, 2:75 [3, -9, -3]
901:90.69, 2:10 [9, 14744, -9]
fe: 1, se: 1

Day: 1, Time: 425
Total Cost: 173.86
 11:66.27, 7:75 [2, -6, -2]
601:107.59, 7:10 [6, 9689, 9580, 11548, -6]
fe: 1, se: 1

Day: 1, Time: 425
Total Cost: 164.35
 11:90.24, 3:75 [3, -9, -3]
901:74.11, 3:10 [9, 14876, -9]
fe: 1, se: 1

Day: 1, Time: 450
Total Cost: 617.93
 11:136.01, 2:75 [1, 4, -1]
 12:153.31, 5:75 [1, 5, -1]
401:125.60, 2:10 [4, 5756, -4]
501:99.16, 2:10 [5, 84, -5]
502:103.85, 3:10 [5, 195, -5]
fe: 2, se: 3

Day: 1, Time: 450
Total Cost: 694.83
 11:66.27, 37:75 [2, 6, -2]
601:74.45, 7:10 [6, 40, 302, 231, -6]
602:49.68, 4:10 [6, 144, -6]
604:149.83, 5:10 [6, 318, 2307, -6]
605:92.07, 5:10 [6, 109, 5025, -6]
606:62.86, 5:10 [6, 4670, 455, -6]
608:76.03, 1:10 [6, 3936, -6]
609:123.64, 10:10 [6, 2439, 1286, 168, -6]
fe: 1, se: 7

Day: 1, Time: 450
Total Cost: 620.29
 11:94.59, 26:75 [3, 8, -3]
 12:90.24, 5:75 [3, 9, -3]
801:42.76, 2:10 [8, 464, -8]
802:135.87, 7:10 [8, 155, 217, -8]
803:46.69, 3:10 [8, 249, -8]
804:55.66, 10:10 [8, 151, 204, 58, -8]
805:18.97, 4:10 [8, 5558, -8]
901:65.08, 2:10 [9, 180, 112, -9]
902:70.44, 3:10 [9, 5033, 242, -9]
fe: 2, se: 7

Day: 1, Time: 495
Total Cost: 170.40
 11:153.31, 2:75 [1, 5, -1]
501:17.09, 2:10 [5, 184, -5]
fe: 1, se: 1

Day: 1, Time: 495
Total Cost: 167.31
 11:94.59, 1:75 [3, 8, -3]
801:72.72, 1:10 [8, 1797, -8]
fe: 1, se: 1


Day	Area	ID	Time	Load	Utilization	NoOrders	AssignmentCost
1	1	25	225	  8	0.09	 3	155.00
1	1	27	315	 90	1.00	42	975.00
1	1	 8	315	 90	1.00	29	975.00
1	1	28	360	 54	0.60	20	615.00
1	1	13	540	 41	0.38	15	388.00
1	1	18	765	 72	1.00	26	954.00
1	1	19	810	 72	1.00	36	954.00
1	1	38	810	 72	1.00	26	954.00
1	2	45	270	 90	1.00	32	975.00
1	2	64	270	 54	0.60	25	615.00
1	2	65	315	 90	1.00	35	975.00
1	2	66	360	 20	0.22	 8	275.00
1	2	67	405	  3	0.03	 2	105.00
1	2	70	540	 21	0.19	 6	228.00
1	2	53	630	 72	0.80	25	795.00
1	2	57	810	 72	1.00	32	954.00
1	2	76	810	 72	1.00	33	954.00
1	3	101	225	 77	0.86	30	845.00
1	3	163	300	 13	0.07	 8	410.00
1	3	103	315	 88	0.98	30	955.00
1	3	84	315	 52	0.58	22	595.00
1	3	104	360	  1	0.01	 1	85.00
1	3	106	450	  4	0.04	 1	92.00
1	3	89	540	 43	0.40	13	404.00
1	3	110	630	 61	0.68	20	685.00
1	3	95	810	 72	1.00	27	954.00
1	3	114	810	 72	1.00	35	954.00


Day	Area	Time	Pickup	Delivery	Direct	FEVehicles	SEVehicles	ALNSTime	ALNSBestTime	RoutingCostArea
1	1	0	108	82	0	6	43	227.16	186.88	5263.76
1	1	35	7	0	0	3	4	0.80	0.00	779.40
1	1	45	5	0	0	3	3	0.60	0.00	757.77
1	1	85	3	0	0	2	2	0.37	0.00	463.22
1	1	95	2	0	0	2	2	0.30	0.00	455.36
1	1	105	2	0	0	1	2	0.28	0.00	336.51
1	1	110	4	0	1	2	3	0.34	0.00	960.16
1	1	115	1	0	0	1	1	0.19	0.00	179.92
1	1	130	2	0	1	1	1	0.27	0.00	815.02
1	1	150	3	0	0	2	2	0.43	0.00	442.55
1	1	160	3	0	1	1	1	0.32	0.00	812.60
1	1	315	23	16	0	2	8	4.08	0.29	1154.91
1	1	360	15	28	0	2	12	6.05	3.92	1683.30
1	1	385	13	0	0	2	5	1.13	0.01	890.49
1	1	405	3	49	0	2	14	8.18	5.62	1471.37
1	1	450	0	3	0	2	3	0.42	0.00	617.93
1	1	495	0	1	0	1	1	0.19	0.00	170.40
1	2	5	122	108	0	8	53	185.74	61.55	5710.72
1	2	40	6	0	0	2	4	0.49	0.00	517.10
1	2	60	4	0	0	2	2	0.45	0.00	357.01
1	2	80	3	0	0	1	2	0.28	0.00	170.99
1	2	90	5	0	0	2	3	0.56	0.00	501.19
1	2	150	5	0	0	2	2	0.47	0.00	375.05
1	2	160	2	0	0	2	2	0.29	0.00	196.24
1	2	175	0	0	1	0	0	0.00	0.00	500.00
1	2	180	1	0	1	1	1	0.20	0.00	701.83
1	2	275	22	0	0	1	5	2.56	0.92	828.38
1	2	305	4	0	0	1	2	0.38	0.00	362.79
1	2	365	10	20	0	1	6	3.51	2.05	847.98
1	2	405	9	71	0	3	20	27.27	21.85	2057.81
1	2	425	3	0	0	1	1	0.31	0.00	173.86
1	2	450	0	14	0	1	7	0.98	0.00	694.83
1	2	525	0	0	1	0	0	0.00	0.00	500.00
1	3	10	112	90	0	11	50	311.45	211.98	5875.04
1	3	20	2	0	0	2	2	0.33	0.00	342.19
1	3	40	6	0	0	3	3	0.56	0.00	618.33
1	3	60	5	0	0	2	3	0.48	0.00	452.95
1	3	90	3	0	0	2	3	0.37	0.00	380.58
1	3	100	2	0	0	1	2	0.33	0.00	229.40
1	3	105	1	0	0	1	1	0.21	0.00	116.24
1	3	115	2	0	0	2	2	0.30	0.00	294.37
1	3	120	2	0	0	1	2	0.28	0.00	236.43
1	3	135	1	0	0	1	1	0.20	0.00	204.73
1	3	160	2	0	0	2	2	0.31	0.00	340.92
1	3	165	1	0	0	1	1	0.19	0.00	154.76
1	3	175	1	0	0	1	1	0.20	0.00	142.59
1	3	290	26	0	0	2	8	2.43	0.50	898.78
1	3	315	5	3	0	1	3	0.82	0.00	466.66
1	3	360	5	31	0	2	8	5.71	3.91	1058.78
1	3	405	9	38	0	2	11	6.19	1.40	1245.85
1	3	415	1	0	0	1	1	0.21	0.00	180.93
1	3	425	1	0	0	1	1	0.19	0.00	164.35
1	3	450	0	12	0	2	7	0.74	0.00	620.29
1	3	495	0	1	0	1	1	0.19	0.00	167.31

Day	SL	Own	DispatchTimes	AssignmentCost	RoutingCost	TotalCost
1	26	1	33	17825.00	45941.94	63766.94

Total Cost: 63766.943858168626
Cost per Day: 63766.943858168626
Running time in Seconds: 1002.662
Running time in minutes: 16.711033333333333