INSTANCE: 2hubs_A_35_x.csv
PARAMETER: ldp_loose.txt
POLICY: LATEST DEPARTURE
ALPHA: 0.0
BETA: 51
OMEGA: 586
EPSILON: 1.0

Day: 1, Time: 0
Total Cost: 3675.90
 11:136.01, 50:75 [1, 3, -3, -1]
 12:136.01, 15:75 [1, 3, -3, -1]
 14:153.31, 45:75 [1, 4, -4, -1]
 15:153.31, 29:75 [1, 4, -4, -1]
 21:136.01, 48:75 [1, 3, -3, -1]
 52:153.31, 18:75 [1, 4, -4, -1]
301:141.42, 3:10 [3, 3245, -3]
302:139.20, 9:10 [3, 3286, 3284, 3098, 3213, 3160, -3]
303:107.41, 10:10 [3, 3303, 3281, 3188, 3110, -3]
304:156.75, 10:10 [3, 3298, 3191, 3277, 3278, 3138, 3162, 3220, -3]
305:91.39, 10:10 [3, 3224, 3247, 3171, 3262, -3]
306:159.03, 10:10 [3, 3150, 3153, 3175, 3151, 3250, 3313, -3]
307:122.68, 8:10 [3, 3293, 3232, 3228, 3252, -3]
308:82.80, 10:10 [3, 3168, 3211, 3251, 3139, 3243, -3]
309:91.57, 10:10 [3, 3180, 3128, 3130, 3123, 3102, -3]
310:17.20, 4:10 [3, 3112, -3]
311:57.37, 10:10 [3, 3289, 3133, 3268, 3141, 3214, -3]
312:92.64, 7:10 [3, 3299, 3292, 3265, -3]
313:70.42, 9:10 [3, 3261, 3280, 3290, 3234, -3]
314:144.39, 10:10 [3, 3108, 3178, 3093, 3297, 3182, -3]
316:122.47, 10:10 [3, 3117, 3088, 3276, 3190, 3164, -3]
401:163.69, 10:10 [4, 3157, 3136, 3229, 3204, 3198, 3095, -4]
402:83.96, 10:10 [4, 3273, 3199, 3215, -4]
403:52.61, 10:10 [4, 3246, 3270, 3183, -4]
404:184.96, 10:10 [4, 3185, 3189, 3283, 3155, 3256, 3193, 3207, -4]
405:26.81, 9:10 [4, 3107, 3135, 3106, -4]
406:32.89, 7:10 [4, 3271, 3196, 3305, 3241, -4]
407:60.29, 8:10 [4, 3307, 3181, 3187, -4]
408:79.19, 9:10 [4, 3210, 3266, 3104, -4]
409:114.07, 10:10 [4, 3144, 3173, 3094, 3192, 3302, 3174, -4]
410:150.64, 10:10 [4, 3092, 3279, 3248, 3272, 3163, -4]
411:86.19, 9:10 [4, 3126, 3244, 3287, 3118, 3260, 3197, -4]
458:175.87, 10:10 [4, 3090, 3301, 3239, 3091, 3203, 3202, -4]
fe: 6, se: 27

Day: 1, Time: 10
Total Cost: 2655.72
 11:66.27, 69:75 [2, 5, -5, -2]
 12:66.27, 36:75 [2, 5, -5, -2]
 16:145.23, 39:75 [2, 6, -6, -2]
 17:145.23, 46:75 [2, 6, -6, -2]
501:122.93, 9:10 [5, 3226, 3096, 3170, 3253, 3201, -5]
502:24.17, 4:10 [5, 3100, -5]
503:124.50, 10:10 [5, 3166, 3172, 3209, 3109, 3294, 3240, 3230, -5]
504:79.79, 8:10 [5, 3217, 3223, 3306, 3275, -5]
505:129.35, 10:10 [5, 3179, 3089, 3231, 3184, 3195, 3147, 3310, 3295, -5]
506:78.27, 9:10 [5, 3148, 3161, 3152, 3311, -5]
507:64.73, 9:10 [5, 3129, 3156, 3145, 3114, -5]
509:158.81, 10:10 [5, 3225, 3255, 3122, 3312, 3140, 3282, -5]
510:91.00, 8:10 [5, 3125, 3218, 3267, 3216, -5]
511:105.60, 10:10 [5, 3137, 3219, 3309, 3206, 3291, -5]
512:150.56, 7:10 [5, 3169, 3200, 3097, 3236, 3296, 3103, -5]
513:132.55, 10:10 [5, 3099, 3116, 3242, 3105, 3127, 3249, -5]
515:133.05, 10:10 [5, 3101, 3285, 3115, 3259, 5283, 3111, -5]
517:91.96, 10:10 [5, 3119, 3257, 3131, 3149, 3146, -5]
601:57.03, 9:10 [6, 3176, 3315, 3143, 3113, -6]
602:49.03, 10:10 [6, 3177, 3235, 3222, 3208, -6]
603:133.91, 9:10 [6, 3132, 3165, 3308, 3158, -6]
604:79.63, 10:10 [6, 3304, 3269, 3532, 3227, -6]
605:65.21, 8:10 [6, 3258, 3087, 3263, -6]
606:91.78, 8:10 [6, 3167, 3314, 3124, 3154, 3121, 3221, -6]
607:63.22, 9:10 [6, 3194, 3288, 3274, 3264, -6]
608:17.14, 7:10 [6, 3237, 3159, -6]
609:61.53, 9:10 [6, 3254, 3120, 3212, 3205, -6]
611:126.95, 9:10 [6, 3186, 3134, 3233, 3300, 3142, 3238, -6]
fe: 4, se: 24

Day: 1, Time: 70
Total Cost: 843.40
 11:136.01, 8:75 [1, -3, -1]
 12:153.31, 7:75 [1, -4, -1]
 13:153.31, 4:75 [1, -4, -1]
301:42.80, 4:10 [3, 3922, -3]
303:152.44, 4:10 [3, 3850, 3690, -3]
401:66.84, 7:10 [4, 6262, 4277, 5296, -4]
402:138.68, 4:10 [4, 4842, -4]
fe: 3, se: 4

Day: 1, Time: 70
Total Cost: 727.27
 11:66.27, 18:75 [2, -5, -2]
 12:66.27, 4:75 [2, -5, -2]
 13:145.23, 2:75 [2, -6, -2]
501:113.55, 9:10 [5, 6061, 4492, 3798, -5]
502:74.03, 4:10 [5, 4282, -5]
503:99.00, 4:10 [5, 3651, 5975, -5]
506:112.45, 5:10 [5, 6009, 5112, -5]
601:50.48, 2:10 [6, 5643, -6]
fe: 3, se: 5

Day: 1, Time: 110
Total Cost: 548.45
 11:136.01, 4:75 [1, -3, -1]
 12:153.31, 6:75 [1, -4, -1]
301:126.14, 4:10 [3, 5366, -3]
401:132.99, 6:10 [4, 4820, 5437, -4]
fe: 2, se: 2

Day: 1, Time: 130
Total Cost: 336.53
 11:66.27, 7:75 [2, -5, -2]
 12:66.27, 4:75 [2, -5, -2]
501:79.60, 7:10 [5, 4222, 4810, -5]
502:124.39, 4:10 [5, 3560, 5555, -5]
fe: 2, se: 2

Day: 1, Time: 135
Total Cost: 183.84
 11:153.31, 3:75 [1, -4, -1]
401:30.53, 3:10 [4, 5802, -4]
fe: 1, se: 1

Day: 1, Time: 145
Total Cost: 255.23
 11:153.31, 3:75 [1, -4, -1]
401:101.92, 3:10 [4, 3445, -4]
fe: 1, se: 1

Day: 1, Time: 150
Total Cost: 338.80
 11:66.27, 1:75 [2, -5, -2]
 12:145.23, 3:75 [2, -6, -2]
501:77.90, 1:10 [5, 4085, -5]
601:49.40, 3:10 [6, 4666, -6]
fe: 2, se: 2

Day: 1, Time: 170
Total Cost: 247.23
 11:136.01, 1:75 [1, -3, -1]
301:111.21, 1:10 [3, 4614, -3]
fe: 1, se: 1

Day: 1, Time: 175
Total Cost: 294.47
 11:66.27, 1:75 [2, -5, -2]
 12:66.27, 2:75 [2, -5, -2]
501:104.65, 1:10 [5, 4596, -5]
502:57.27, 2:10 [5, 4270, -5]
fe: 2, se: 2

Day: 1, Time: 200
Total Cost: 397.36
 11:66.27, 10:75 [2, -5, -2]
 12:66.27, 4:75 [2, -5, -2]
501:195.48, 10:10 [5, 5953, 5859, 4030, -5]
502:69.34, 4:10 [5, 4839, -5]
fe: 2, se: 2

Day: 1, Time: 320
Total Cost: 922.54
 11:136.01, 21:75 [1, -3, -1]
 12:153.31, 24:75 [1, -4, -1]
301:61.79, 5:10 [3, 5285, 3356, -3]
302:153.24, 9:10 [3, 4548, 5416, 4974, 4421, -3]
303:89.39, 7:10 [3, 4779, 5669, 4437, -3]
401:135.59, 10:10 [4, 4905, 5105, 3902, -4]
402:158.21, 10:10 [4, 4011, 4294, 5836, -4]
403:34.99, 4:10 [4, 5029, -4]
fe: 2, se: 6

Day: 1, Time: 325
Total Cost: 588.91
 11:151.76, 28:75 [2, -5, -6, -2]
501:200.28, 10:10 [5, 5913, 4496, 5459, 4567, -5]
502:53.82, 8:10 [5, 5534, 4847, -5]
601:183.05, 10:10 [6, 4044, 3405, 5601, 5912, -6]
fe: 1, se: 3

Day: 1, Time: 360
Total Cost: 543.49
 11:136.01, 12:75 [1, 3, -3, -1]
301:126.16, 5:10 [3, 68, 895, -3]
302:131.13, 8:10 [3, 5253, 40, -3]
303:150.19, 3:10 [3, 33, 608, -3]
fe: 1, se: 3

Day: 1, Time: 395
Total Cost: 529.90
 11:66.27, 19:75 [2, -5, -2]
501:126.52, 6:10 [5, 5818, 5515, 4451, -5]
502:161.33, 7:10 [5, 4311, 5049, 4336, -5]
503:123.17, 5:10 [5, 3507, 5924, -5]
504:52.61, 1:10 [5, 4018, -5]
fe: 1, se: 4

Day: 1, Time: 405
Total Cost: 1043.01
 11:136.01, 28:75 [1, 3, -3, -1]
 12:153.31, 23:75 [1, 4, -4, -1]
301:77.05, 9:10 [3, 101, 77, 1620, -3]
302:74.41, 2:10 [3, 65, 3973, -3]
303:50.37, 3:10 [3, 2785, 3870, -3]
304:70.22, 5:10 [3, 1256, 1922, -3]
305:64.93, 8:10 [3, 1302, 22, 64, -3]
308:88.36, 3:10 [3, 29, 10, -3]
401:65.62, 5:10 [4, 69, 46, -4]
402:76.55, 3:10 [4, 2819, -4]
403:69.40, 5:10 [4, 45, 98, -4]
404:54.63, 6:10 [4, 106, 28, -4]
405:62.14, 4:10 [4, 35, 4973, -4]
fe: 2, se: 11

Day: 1, Time: 405
Total Cost: 937.56
 11:66.27, 41:75 [2, 5, -5, -2]
501:97.71, 7:10 [5, 100, 71, -5]
502:102.74, 9:10 [5, 21, 2612, 61, -5]
503:131.27, 9:10 [5, 324, 55, 75, -5]
504:140.71, 8:10 [5, 83, 76, -5]
505:101.71, 3:10 [5, 51, 115, -5]
506:154.16, 3:10 [5, 70, 161, -5]
507:142.97, 5:10 [5, 5323, 1308, 38, -5]
fe: 1, se: 7

Day: 1, Time: 425
Total Cost: 238.25
 11:136.01, 6:75 [1, -3, -1]
301:102.23, 6:10 [3, 5346, 4232, -3]
fe: 1, se: 1

Day: 1, Time: 445
Total Cost: 126.44
 11:66.27, 2:75 [2, -5, -2]
501:60.17, 2:10 [5, 4158, -5]
fe: 1, se: 1

Day: 1, Time: 450
Total Cost: 491.81
 11:136.01, 10:75 [1, 3, -1]
301:116.84, 4:10 [3, 18, -3]
302:123.69, 4:10 [3, 74, -3]
303:115.26, 2:10 [3, 1080, -3]
fe: 1, se: 3

Day: 1, Time: 450
Total Cost: 425.48
 11:66.27, 12:75 [2, 5, -2]
501:73.76, 2:10 [5, 96, -5]
502:70.26, 3:10 [5, 97, -5]
503:73.59, 2:10 [5, 54, -5]
504:67.20, 1:10 [5, 88, -5]
505:74.40, 4:10 [5, 34, -5]
fe: 1, se: 5

Day: 1, Time: 460
Total Cost: 1069.96
 11:136.01, 32:75 [1, 3, -1]
 12:153.31, 22:75 [1, 4, -1]
301:104.65, 1:10 [3, 95, -3]
302:67.95, 2:10 [3, 36, 37, -3]
303:96.21, 8:10 [3, 63, 2093, -3]
305:81.04, 10:10 [3, 15, 19, 73, -3]
306:101.01, 5:10 [3, 119, 84, -3]
310:82.49, 6:10 [3, 11, 2453, -3]
401:48.04, 8:10 [4, 342, 1649, -4]
402:70.03, 6:10 [4, 2871, 79, -4]
404:81.04, 5:10 [4, 16, 32, -4]
405:48.17, 3:10 [4, 116, -4]
fe: 2, se: 10

Day: 1, Time: 460
Total Cost: 538.65
 11:66.27, 23:75 [2, 5, -2]
501:34.18, 2:10 [5, 103, -5]
502:32.06, 2:10 [5, 49, -5]
503:49.48, 4:10 [5, 81, 500, -5]
504:38.21, 1:10 [5, 94, -5]
505:50.60, 4:10 [5, 108, 87, -5]
506:58.82, 4:10 [5, 91, -5]
507:149.93, 3:10 [5, 1555, 58, -5]
508:59.09, 3:10 [5, 72, -5]
fe: 1, se: 8

Day: 1, Time: 495
Total Cost: 401.45
 11:136.01, 8:75 [1, 3, -1]
 12:153.31, 4:75 [1, 4, -1]
301:26.68, 3:10 [3, 27, -3]
302:38.83, 2:10 [3, 104, -3]
303:39.40, 3:10 [3, 1032, -3]
401:7.21, 4:10 [4, 26, -4]
fe: 2, se: 4

Day: 1, Time: 495
Total Cost: 840.63
 11:66.27, 27:75 [2, 5, -2]
501:76.37, 1:10 [5, 44, -5]
502:94.09, 2:10 [5, 109, -5]
503:110.45, 3:10 [5, 23, -5]
504:72.03, 1:10 [5, 20, -5]
505:67.05, 3:10 [5, 25, -5]
506:94.36, 3:10 [5, 102, 90, -5]
507:75.18, 3:10 [5, 111, -5]
508:94.02, 4:10 [5, 732, -5]
509:90.82, 7:10 [5, 255, 1652, -5]
fe: 1, se: 9

Day: 1, Time: 525
Total Cost: 169.74
 11:66.27, 8:75 [2, 5, -2]
501:20.00, 1:10 [5, 113, -5]
502:50.99, 2:10 [5, 1630, -5]
503:32.47, 5:10 [5, 57, 660, -5]
fe: 1, se: 3


Day	Area	ID	Time	Load	Utilization	NoOrders	AssignmentCost
1	1	 8	315	 41	0.46	16	485.00
1	1	 9	360	 12	0.13	 5	195.00
1	1	43	400	 23	0.13	11	610.00
1	1	10	405	 27	0.30	11	345.00
1	1	11	450	 15	0.14	 7	180.00
1	1	44	500	  4	0.02	 1	184.00
1	1	47	800	 64	0.44	22	1716.00
1	1	19	810	 72	1.00	29	954.00
1	2	51	300	 12	0.07	 5	390.00
1	2	27	315	 51	0.57	20	585.00
1	2	28	360	 10	0.11	 3	175.00
1	2	52	400	 54	0.30	19	1230.00
1	2	29	405	 12	0.13	 4	195.00
1	2	56	800	 52	0.36	21	1428.00
1	2	38	810	 72	1.00	29	954.00


Day	Area	Time	Pickup	Delivery	Direct	FEVehicles	SEVehicles	ALNSTime	ALNSBestTime	RoutingCostArea
1	1	0	63	56	0	6	27	77.51	59.31	3675.90
1	1	70	7	0	0	3	4	0.66	0.00	843.40
1	1	110	3	0	1	2	2	0.45	0.00	1048.45
1	1	135	1	0	0	1	1	0.20	0.00	183.84
1	1	145	1	0	0	1	1	0.20	0.00	255.23
1	1	170	1	0	2	1	1	0.20	0.00	1247.23
1	1	180	0	0	1	0	0	0.00	0.00	500.00
1	1	320	16	0	0	2	6	1.97	0.68	922.54
1	1	360	1	5	0	1	3	0.47	0.00	543.49
1	1	405	3	20	0	2	11	1.64	0.00	1043.01
1	1	425	2	0	0	1	1	0.30	0.00	238.25
1	1	450	0	3	0	1	3	0.34	0.00	491.81
1	1	460	0	19	0	2	10	1.17	0.00	1069.96
1	1	495	0	4	0	2	4	0.43	0.00	401.45
1	2	10	58	54	0	4	24	78.83	39.80	2655.72
1	2	70	9	0	0	3	5	0.85	0.00	727.27
1	2	130	4	0	0	2	2	0.46	0.00	336.53
1	2	150	2	0	0	2	2	0.31	0.00	338.80
1	2	175	2	0	1	2	2	0.31	0.00	794.47
1	2	200	4	0	0	2	2	0.37	0.00	397.36
1	2	325	10	0	0	1	3	0.68	0.00	588.91
1	2	395	9	0	0	1	4	0.68	0.00	529.90
1	2	405	1	16	0	1	7	1.17	0.05	937.56
1	2	445	1	0	0	1	1	0.20	0.00	126.44
1	2	450	0	5	0	1	5	0.58	0.00	425.48
1	2	460	0	11	0	1	8	0.88	0.00	538.65
1	2	495	0	11	0	1	9	0.82	0.00	840.63
1	2	525	0	4	3	1	3	0.34	0.00	1669.74
1	2	550	0	0	1	0	0	0.00	0.00	500.00

Day	SL	Own	DispatchTimes	AssignmentCost	RoutingCost	TotalCost
1	9	6	29	9626.00	23872.01	33498.01

Total Cost: 33498.01408465889
Cost per Day: 33498.01408465889
Running time in Seconds: 190.39
Running time in minutes: 3.1731666666666665