INSTANCE: 2hubs_A_14_x.csv
PARAMETER: ldp_loose.txt
POLICY: LATEST DEPARTURE
ALPHA: 0.0
BETA: 51
OMEGA: 586
EPSILON: 1.0

Day: 1, Time: 0
Total Cost: 3176.57
 12:136.01, 63:75 [1, 3, -3, -1]
 14:153.31, 67:75 [1, 4, -4, -1]
 15:153.31, 44:75 [1, 4, -4, -1]
301:100.65, 10:10 [3, 3311, 3207, 3220, 3308, -3]
302:114.06, 9:10 [3, 3110, 3142, 3223, 3206, 3214, -3]
303:118.33, 10:10 [3, 3281, 3248, 3268, 3303, 3304, -3]
304:95.01, 10:10 [3, 3309, 3287, 3122, 3290, 3239, -3]
305:98.38, 10:10 [3, 3092, 3115, 3096, -3]
306:117.12, 9:10 [3, 3109, 3222, 3182, 3242, 3221, -3]
307:64.35, 9:10 [3, 3190, 3108, 3170, -3]
310:72.91, 10:10 [3, 3111, 3213, 3204, 3166, 3106, -3]
311:82.27, 10:10 [3, 3209, 3314, 3269, 3129, 3282, 3284, -3]
312:81.84, 10:10 [3, 3093, 3162, 3141, -3]
401:159.97, 8:10 [4, 3246, 3261, 3105, -4]
402:143.11, 10:10 [4, 3216, 3271, 3260, 3201, 3273, 3193, -4]
403:227.96, 10:10 [4, 3179, 3218, 3159, 3305, 3155, 3195, 3088, 3164, 3252, 3205, -4]
404:46.29, 7:10 [4, 3160, 3232, 3171, -4]
405:39.92, 10:10 [4, 3274, 3275, 3291, -4]
406:161.36, 8:10 [4, 3286, 3236, 3212, -4]
407:147.59, 10:10 [4, 3298, 3279, 3240, 3288, -4]
408:95.04, 10:10 [4, 3234, 3256, 3297, 3100, 3210, 3272, 3090, -4]
410:70.68, 10:10 [4, 3196, 3091, 3089, 3194, -4]
411:235.43, 10:10 [4, 3133, 3277, 3186, 3188, 3243, 3217, 3148, -4]
412:103.56, 10:10 [4, 3289, 3258, 3117, 3203, -4]
413:40.74, 5:10 [4, 3191, 3224, 3237, 3233, -4]
432:180.90, 10:10 [4, 3264, 3128, 3307, 3131, 3235, 3136, -4]
437:136.46, 9:10 [4, 3098, 3163, 3302, 3249, 3157, 3228, -4]
fe: 3, se: 24

Day: 1, Time: 10
Total Cost: 2856.76
 11:66.27, 69:75 [2, 5, -5, -2]
 12:66.27, 51:75 [2, 5, -5, -2]
 16:145.23, 43:75 [2, 6, -6, -2]
501:125.73, 10:10 [5, 3135, 3145, 3177, 3139, -5]
502:176.05, 10:10 [5, 3253, 3113, 3175, 3299, 3183, -5]
503:121.59, 10:10 [5, 3278, 3280, 3267, 3165, -5]
504:143.78, 10:10 [5, 3230, 3153, 3283, 3181, 3245, -5]
506:101.75, 10:10 [5, 3095, 3132, 3140, 3202, 3173, 3119, -5]
507:89.03, 9:10 [5, 3301, 3247, 3208, -5]
508:112.03, 10:10 [5, 3146, 3112, 3123, -5]
509:158.34, 10:10 [5, 3176, 3161, 3197, 3313, 3144, 3285, 3121, -5]
510:114.93, 10:10 [5, 3226, 3198, 3244, 3265, -5]
511:76.53, 9:10 [5, 3099, 3147, 3152, 3174, -5]
512:136.97, 10:10 [5, 3138, 3102, 4793, 3270, 3104, -5]
513:118.81, 10:10 [5, 3120, 3184, 3315, 3169, 3300, 3200, 3255, 3187, -5]
514:27.83, 7:10 [5, 3151, 3143, 3189, -5]
517:137.31, 9:10 [5, 3134, 3262, 3124, 3292, 3192, -5]
518:70.51, 6:10 [5, 3149, 3312, 3125, -5]
519:126.25, 9:10 [5, 3087, 3127, 3293, 3167, 3229, 3251, -5]
520:93.55, 10:10 [5, 3294, 3137, 3180, 3168, 3094, 3219, 3257, 3254, -5]
601:33.26, 8:10 [6, 3266, 3263, -6]
602:65.65, 8:10 [6, 3178, 3101, 3103, -6]
603:71.23, 10:10 [6, 3107, 3238, 3250, 3241, 3116, 3259, -6]
604:57.06, 8:10 [6, 3097, 3130, 3150, -6]
605:108.86, 10:10 [6, 3227, 3199, 3231, 3158, -6]
606:123.25, 9:10 [6, 3185, 3156, 3154, -6]
607:19.70, 5:10 [6, 3114, 3172, -6]
608:92.66, 9:10 [6, 5732, 3310, 3306, 3276, 3225, 3118, -6]
609:76.34, 10:10 [6, 3295, 3126, 3296, 3215, 3211, -6]
fe: 3, se: 26

Day: 1, Time: 65
Total Cost: 344.46
 11:66.27, 12:75 [2, -5, -2]
501:107.60, 8:10 [5, 3455, 5133, -5]
502:40.45, 3:10 [5, 4583, -5]
503:130.14, 1:10 [5, 5288, -5]
fe: 1, se: 3

Day: 1, Time: 75
Total Cost: 1388.95
 11:136.01, 7:75 [1, -3, -1]
 12:136.01, 10:75 [1, -3, -1]
 13:136.01, 1:75 [1, -3, -1]
 14:153.31, 9:75 [1, -4, -1]
 15:153.31, 5:75 [1, -4, -1]
301:137.08, 1:10 [3, 5749, -3]
302:182.74, 10:10 [3, 6159, 5765, 6100, 6023, -3]
304:66.63, 6:10 [3, 5600, 5422, -3]
305:66.48, 1:10 [3, 4608, -3]
401:40.07, 5:10 [4, 3569, 5665, -4]
402:101.23, 5:10 [4, 5135, 5945, -4]
403:80.05, 4:10 [4, 3825, -4]
fe: 5, se: 7

Day: 1, Time: 165
Total Cost: 655.68
 11:136.01, 5:75 [1, -3, -1]
 12:153.31, 4:75 [1, -4, -1]
301:170.85, 5:10 [3, 6058, 5493, 5420, -3]
401:73.76, 2:10 [4, 5730, -4]
402:121.75, 2:10 [4, 6089, -4]
fe: 2, se: 3

Day: 1, Time: 175
Total Cost: 289.50
 11:153.31, 1:75 [1, -4, -1]
401:136.19, 1:10 [4, 4233, -4]
fe: 1, se: 1

Day: 1, Time: 180
Total Cost: 376.97
 11:66.27, 10:75 [2, -5, -2]
501:98.18, 1:10 [5, 5951, -5]
502:101.82, 4:10 [5, 6252, -5]
503:110.69, 5:10 [5, 3976, 3711, -5]
fe: 1, se: 3

Day: 1, Time: 300
Total Cost: 803.05
 11:136.01, 27:75 [1, -3, -1]
 12:153.31, 12:75 [1, -4, -1]
301:104.19, 10:10 [3, 4701, 3550, 4772, -3]
302:43.58, 7:10 [3, 6062, 4196, -3]
304:135.58, 10:10 [3, 6206, 4376, 5599, 3672, -3]
401:181.71, 9:10 [4, 5648, 3986, 5725, 4912, 5889, -4]
402:48.66, 3:10 [4, 3468, -4]
fe: 2, se: 5

Day: 1, Time: 320
Total Cost: 740.56
 11:145.23, 8:75 [2, -6, -2]
 12:66.27, 34:75 [2, -5, -2]
501:113.16, 8:10 [5, 5986, 6136, 3624, -5]
502:102.67, 10:10 [5, 5417, 4064, 6083, 4141, -5]
503:105.71, 9:10 [5, 5892, 5744, 4019, -5]
506:97.70, 7:10 [5, 5168, 4563, 5216, -5]
601:109.81, 8:10 [6, 5412, 4624, 3746, 6215, -6]
fe: 2, se: 5

Day: 1, Time: 360
Total Cost: 409.22
 11:136.01, 11:75 [1, 3, -3, -1]
301:129.25, 8:10 [3, 5197, 4550, 125, 67, -3]
302:143.96, 7:10 [3, 5252, 3793, 6019, -3]
fe: 1, se: 2

Day: 1, Time: 405
Total Cost: 966.99
 11:136.01, 14:75 [1, 3, -3, -1]
 12:153.31, 7:75 [1, 4, -4, -1]
301:164.44, 9:10 [3, 5187, 4949, 4082, -3]
302:65.98, 2:10 [3, 10, 116, -3]
303:166.25, 7:10 [3, 57, 8, 7, 105, -3]
304:84.09, 5:10 [3, 2098, 265, -3]
307:68.12, 3:10 [3, 6165, -3]
401:69.32, 6:10 [4, 1603, 123, -4]
402:59.47, 4:10 [4, 37, 6057, -4]
fe: 2, se: 7

Day: 1, Time: 405
Total Cost: 817.49
 11:66.27, 27:75 [2, 5, -5, -2]
501:110.71, 10:10 [5, 5757, 78, 100, -5]
502:136.55, 2:10 [5, 19, 2968, -5]
503:122.23, 8:10 [5, 49, 23, 92, -5]
504:136.29, 7:10 [5, 5198, 2475, 1418, 3988, -5]
506:142.56, 9:10 [5, 5079, 5962, 4430, -5]
507:102.87, 10:10 [5, 4938, 6045, 4068, -5]
fe: 1, se: 6

Day: 1, Time: 415
Total Cost: 240.65
 11:66.27, 5:75 [2, -5, -2]
501:174.38, 5:10 [5, 6209, 4886, -5]
fe: 1, se: 1

Day: 1, Time: 450
Total Cost: 382.56
 11:136.01, 5:75 [1, 3, -1]
301:120.15, 1:10 [3, 25, -3]
302:126.40, 4:10 [3, 1943, -3]
fe: 1, se: 2

Day: 1, Time: 450
Total Cost: 960.46
 11:66.27, 30:75 [2, 5, -2]
501:79.65, 1:10 [5, 91, -5]
502:70.94, 4:10 [5, 89, -5]
503:79.92, 4:10 [5, 52, -5]
504:72.80, 4:10 [5, 118, -5]
505:72.47, 4:10 [5, 16, -5]
506:72.72, 2:10 [5, 71, -5]
507:82.37, 2:10 [5, 121, -5]
508:76.94, 1:10 [5, 113, -5]
509:72.25, 2:10 [5, 46, -5]
510:68.03, 4:10 [5, 85, -5]
511:82.07, 1:10 [5, 107, -5]
512:64.03, 1:10 [5, 2755, -5]
fe: 1, se: 12

Day: 1, Time: 460
Total Cost: 740.94
 12:153.31, 18:75 [1, 4, -1]
 16:136.01, 21:75 [1, 3, -1]
301:64.91, 6:10 [3, 77, 9, -3]
302:72.12, 9:10 [3, 41, 60, 51, -3]
303:85.44, 6:10 [3, 40, 75, 88, -3]
401:70.83, 2:10 [4, 104, 786, -4]
402:50.25, 4:10 [4, 18, 29, -4]
403:77.80, 6:10 [4, 86, 3062, -4]
404:30.27, 6:10 [4, 111, 1393, -4]
fe: 2, se: 7

Day: 1, Time: 460
Total Cost: 718.76
 11:66.27, 29:75 [2, 5, -2]
501:158.11, 4:10 [5, 96, 11, -5]
502:50.16, 3:10 [5, 20, -5]
503:56.92, 1:10 [5, 119, -5]
504:46.02, 8:10 [5, 97, 114, -5]
505:46.24, 5:10 [5, 58, 32, -5]
507:157.34, 4:10 [5, 2410, 2540, -5]
508:38.83, 2:10 [5, 108, -5]
509:50.04, 1:10 [5, 66, -5]
510:48.83, 1:10 [5, 70, -5]
fe: 1, se: 9

Day: 1, Time: 495
Total Cost: 443.41
 11:136.01, 9:75 [1, 3, -1]
 12:153.31, 12:75 [1, 4, -1]
301:39.40, 1:10 [3, 90, -3]
302:21.63, 4:10 [3, 64, -3]
303:34.00, 3:10 [3, 95, -3]
304:26.91, 1:10 [3, 120, -3]
401:9.52, 8:10 [4, 110, 73, -4]
402:22.63, 4:10 [4, 76, -4]
fe: 2, se: 6

Day: 1, Time: 495
Total Cost: 792.03
 11:66.27, 25:75 [2, 5, -2]
501:81.18, 2:10 [5, 50, 33, -5]
502:76.42, 1:10 [5, 2559, -5]
503:67.23, 4:10 [5, 24, -5]
504:93.30, 4:10 [5, 99, -5]
505:106.68, 4:10 [5, 13, -5]
506:100.50, 3:10 [5, 124, -5]
507:87.24, 5:10 [5, 84, 14, -5]
509:113.23, 2:10 [5, 379, -5]
fe: 1, se: 8

Day: 1, Time: 525
Total Cost: 315.76
 11:66.27, 14:75 [2, 5, -2]
501:42.19, 4:10 [5, 1945, -5]
502:21.26, 1:10 [5, 34, -5]
503:47.41, 4:10 [5, 56, -5]
504:44.94, 2:10 [5, 26, -5]
505:50.00, 2:10 [5, 2899, -5]
506:43.68, 1:10 [5, 1043, -5]
fe: 1, se: 6


Day	Area	ID	Time	Load	Utilization	NoOrders	AssignmentCost
1	1	 8	315	 20	0.22	 9	275.00
1	1	 9	360	 30	0.33	12	375.00
1	1	43	400	 29	0.16	13	730.00
1	1	10	405	 25	0.28	10	325.00
1	1	11	450	 16	0.15	 7	188.00
1	1	47	800	 77	0.53	29	2028.00
1	1	19	810	 72	1.00	33	954.00
1	2	51	300	  4	0.02	 2	230.00
1	2	27	315	 21	0.23	11	285.00
1	2	28	360	  5	0.06	 2	125.00
1	2	52	400	 39	0.22	16	930.00
1	2	29	405	 21	0.23	 7	285.00
1	2	56	800	 68	0.47	24	1812.00
1	2	38	810	 72	1.00	27	954.00


Day	Area	Time	Pickup	Delivery	Direct	FEVehicles	SEVehicles	ALNSTime	ALNSBestTime	RoutingCostArea
1	1	0	68	46	0	3	24	90.17	56.47	3176.57
1	1	75	13	0	0	5	7	1.43	0.00	1388.95
1	1	165	5	0	1	2	3	0.63	0.00	1155.68
1	1	175	1	0	0	1	1	0.24	0.00	289.50
1	1	300	15	0	0	2	5	1.32	0.00	803.05
1	1	360	5	2	0	1	2	0.57	0.00	409.22
1	1	405	5	11	0	2	7	2.03	0.00	966.99
1	1	450	0	2	0	1	2	0.25	0.00	382.56
1	1	460	0	16	0	2	7	1.35	0.76	740.94
1	1	495	0	7	0	2	6	0.47	0.00	443.41
1	2	10	53	64	0	3	26	73.54	58.90	2856.76
1	2	65	4	0	0	1	3	0.50	0.00	344.46
1	2	180	4	0	0	1	3	0.69	0.00	376.97
1	2	320	17	0	0	2	5	1.71	0.00	740.56
1	2	405	9	9	0	1	6	1.83	0.90	817.49
1	2	415	2	0	0	1	1	0.27	0.00	240.65
1	2	450	0	12	0	1	12	0.96	0.00	960.46
1	2	460	0	13	0	1	9	0.99	0.00	718.76
1	2	495	0	10	0	1	8	0.87	0.00	792.03
1	2	525	0	6	1	1	6	0.41	0.00	815.76

Day	SL	Own	DispatchTimes	AssignmentCost	RoutingCost	TotalCost
1	9	5	20	9496.00	18420.79	27916.79

Total Cost: 27916.78525634039
Cost per Day: 27916.78525634039
Running time in Seconds: 211.247
Running time in minutes: 3.520783333333333