INSTANCE: 2hubs_A_20_x.csv
PARAMETER: ldp_loose.txt
POLICY: LATEST DEPARTURE
ALPHA: 0.0
BETA: 51
OMEGA: 586
EPSILON: 1.0

Day: 1, Time: 0
Total Cost: 3585.81
 11:153.31, 4:75 [1, -4, -1]
 12:136.01, 58:75 [1, 3, -3, -1]
 13:136.01, 43:75 [1, 3, -3, -1]
 14:153.31, 55:75 [1, 4, -4, -1]
301:118.30, 9:10 [3, 3295, 3091, 3097, 3289, 3182, -3]
302:80.87, 10:10 [3, 3120, 3151, 3106, -3]
303:54.11, 8:10 [3, 3301, 3241, 3283, -3]
304:66.82, 9:10 [3, 3177, 3222, 3308, 3271, -3]
305:117.33, 9:10 [3, 3213, 3225, 3244, 3304, 3235, -3]
306:77.47, 10:10 [3, 3309, 3215, 3171, 3248, 3165, 3226, -3]
307:114.06, 10:10 [3, 3105, 3231, 3288, 3299, 3109, 3141, -3]
310:97.76, 10:10 [3, 3257, 3245, 3178, 3208, 3189, -3]
311:188.90, 9:10 [3, 3190, 3111, 3161, 3117, 3125, 3273, 3227, -3]
313:118.59, 10:10 [3, 3108, 3187, 3183, 3185, -3]
315:157.69, 10:10 [3, 3170, 3088, 3100, 3138, -3]
317:93.95, 8:10 [3, 3250, 3272, 3188, 3285, -3]
319:156.27, 10:10 [3, 3152, 3116, 3136, 3112, 3260, 3218, 3303, -3]
320:84.63, 10:10 [3, 3094, 3153, 3253, 3181, 3121, -3]
321:129.24, 7:10 [3, 3224, 3287, 3201, -3]
401:80.75, 10:10 [4, 3193, 3147, 3104, 3107, 3131, -4]
402:144.18, 9:10 [4, 3206, 3139, 3093, 3305, 3196, -4]
403:7.21, 3:10 [4, 3243, -4]
404:143.90, 10:10 [4, 3242, 3137, 3294, 3209, 3307, -4]
405:103.65, 8:10 [4, 3239, 3198, 3202, 3156, 3298, 3275, -4]
406:150.31, 4:10 [4, 3269, -4]
407:122.49, 10:10 [4, 3286, 3204, 3176, 3145, 3199, -4]
408:153.14, 10:10 [4, 3149, 3089, 3122, -4]
409:159.87, 7:10 [4, 3207, 3249, 3233, 3254, -4]
410:63.55, 10:10 [4, 3274, 3281, 3203, 3192, 3284, 3173, -4]
412:75.19, 8:10 [4, 3172, 3110, 3148, -4]
413:146.92, 9:10 [4, 3232, 3098, 3277, 3258, 3174, -4]
fe: 4, se: 27

Day: 1, Time: 20
Total Cost: 2680.45
 11:66.27, 57:75 [2, 5, -5, -2]
 12:66.27, 73:75 [2, 5, -5, -2]
 13:145.23, 31:75 [2, 6, -6, -2]
 15:66.27, 10:75 [2, 5, -2]
501:103.40, 10:10 [5, 3262, 3119, 3140, 3159, -5]
502:116.00, 10:10 [5, 3230, 3096, 3315, 3282, 3134, 3228, -5]
503:132.38, 10:10 [5, 3278, 3247, 3154, 3175, 3220, 3259, 3160, 4609, -5]
504:107.29, 9:10 [5, 3234, 3267, 3102, -5]
505:85.28, 10:10 [5, 3132, 3293, 3264, 3297, -5]
506:106.73, 10:10 [5, 3127, 3311, 3251, 3179, 3184, -5]
507:75.09, 10:10 [5, 3280, 3252, 3302, 3180, -5]
508:104.16, 10:10 [5, 3129, 3133, 3186, 3261, 3217, 3123, 3194, 3150, 6202, -5]
510:177.44, 10:10 [5, 3126, 3142, 3266, 3166, 3219, 3163, 3101, -5]
511:143.71, 10:10 [5, 3246, 3162, 3312, 3983, 3255, -5]
512:155.11, 10:10 [5, 3130, 3238, 3205, 3313, 5924, -5]
513:92.12, 8:10 [5, 3236, 3237, 3270, 3291, -5]
514:124.02, 10:10 [5, 3115, 3135, 3263, 3143, -5]
515:60.26, 9:10 [5, 3128, 3195, 3168, -5]
519:93.90, 10:10 [5, 3167, 3256, 3092, 3279, 3240, 3216, 3296, -5]
520:154.61, 10:10 [5, 3124, 3103, 3200, 3114, 3113, 3229, 3221, -5]
601:41.12, 9:10 [6, 3314, 3276, 3212, -6]
602:63.57, 5:10 [6, 3300, 3210, 3214, 3290, -6]
603:72.04, 6:10 [6, 3265, 3292, 3306, 5917, -6]
604:79.33, 10:10 [6, 3158, 3155, 3087, 3095, -6]
605:72.98, 8:10 [6, 3118, 3144, 3164, -6]
606:77.67, 5:10 [6, 3191, 3223, 3169, 3099, 3310, -6]
607:27.51, 7:10 [6, 3146, 3157, -6]
608:70.67, 5:10 [6, 3090, 3211, 3197, 3268, -6]
fe: 4, se: 24

Day: 1, Time: 65
Total Cost: 773.85
 11:136.01, 9:75 [1, -3, -1]
 12:136.01, 4:75 [1, -3, -1]
 13:153.31, 10:75 [1, -4, -1]
301:164.27, 9:10 [3, 3537, 4074, 5681, -3]
302:41.23, 4:10 [3, 4822, -3]
401:113.28, 8:10 [4, 4714, 5674, 6069, -4]
402:29.73, 2:10 [4, 5554, -4]
fe: 3, se: 4

Day: 1, Time: 80
Total Cost: 351.04
 11:66.27, 13:75 [2, -5, -2]
501:106.40, 6:10 [5, 6029, 4811, 5167, -5]
502:70.88, 4:10 [5, 4366, -5]
503:107.49, 3:10 [5, 3739, 4484, -5]
fe: 1, se: 3

Day: 1, Time: 85
Total Cost: 141.24
 11:66.27, 1:75 [2, -5, -2]
501:74.97, 1:10 [5, 4037, -5]
fe: 1, se: 1

Day: 1, Time: 105
Total Cost: 770.08
 11:136.01, 4:75 [1, -3, -1]
 12:153.31, 9:75 [1, -4, -1]
 13:153.31, 6:75 [1, -4, -1]
301:85.91, 4:10 [3, 4148, -3]
401:36.62, 6:10 [4, 4537, 4320, -4]
402:47.20, 3:10 [4, 5156, -4]
403:157.72, 6:10 [4, 4365, 3966, -4]
fe: 3, se: 4

Day: 1, Time: 120
Total Cost: 286.30
 11:66.27, 1:75 [2, -5, -2]
 12:145.23, 1:75 [2, -6, -2]
501:43.17, 1:10 [5, 3873, -5]
601:31.62, 1:10 [6, 4666, -6]
fe: 2, se: 2

Day: 1, Time: 130
Total Cost: 226.50
 11:66.27, 6:75 [2, -5, -2]
501:65.15, 2:10 [5, 5930, -5]
502:95.08, 4:10 [5, 4319, -5]
fe: 1, se: 2

Day: 1, Time: 140
Total Cost: 644.06
 11:136.01, 6:75 [1, -3, -1]
 12:153.31, 4:75 [1, -4, -1]
 13:153.31, 3:75 [1, -4, -1]
301:68.04, 6:10 [3, 5061, 5138, -3]
401:59.06, 4:10 [4, 5739, -4]
402:74.32, 3:10 [4, 5725, -4]
fe: 3, se: 3

Day: 1, Time: 145
Total Cost: 179.99
 11:66.27, 2:75 [2, -5, -2]
501:113.72, 2:10 [5, 4569, -5]
fe: 1, se: 1

Day: 1, Time: 150
Total Cost: 146.20
 11:66.27, 1:75 [2, -5, -2]
501:79.92, 1:10 [5, 3664, -5]
fe: 1, se: 1

Day: 1, Time: 165
Total Cost: 226.39
 11:136.01, 2:75 [1, -3, -1]
301:90.38, 2:10 [3, 4215, -3]
fe: 1, se: 1

Day: 1, Time: 175
Total Cost: 187.09
 11:66.27, 3:75 [2, -5, -2]
501:120.81, 3:10 [5, 5437, -5]
fe: 1, se: 1

Day: 1, Time: 180
Total Cost: 235.99
 11:153.31, 1:75 [1, -4, -1]
401:82.68, 1:10 [4, 4048, -4]
fe: 1, se: 1

Day: 1, Time: 180
Total Cost: 192.94
 11:145.23, 4:75 [2, -6, -2]
601:47.71, 4:10 [6, 6043, -6]
fe: 1, se: 1

Day: 1, Time: 320
Total Cost: 744.75
 11:136.01, 18:75 [1, -3, -1]
 12:153.31, 12:75 [1, -4, -1]
302:101.49, 9:10 [3, 3459, 4669, 3893, 3631, 4153, -3]
303:211.87, 9:10 [3, 5113, 3881, 4530, 4046, -3]
401:38.55, 4:10 [4, 4424, 5057, -4]
402:103.51, 8:10 [4, 3846, 4551, 3699, -4]
fe: 2, se: 4

Day: 1, Time: 320
Total Cost: 608.09
 11:66.27, 43:75 [2, -5, -2]
501:77.94, 8:10 [5, 5666, 3555, 5478, -5]
502:110.66, 6:10 [5, 4663, 4749, -5]
503:82.55, 8:10 [5, 6087, 5596, 4582, -5]
504:38.36, 8:10 [5, 5572, 4917, -5]
505:175.05, 9:10 [5, 3599, 3525, 5735, 4957, 5000, -5]
506:57.27, 4:10 [5, 3758, -5]
fe: 1, se: 6

Day: 1, Time: 360
Total Cost: 686.39
 12:153.31, 17:75 [1, 4, -4, -1]
401:129.09, 8:10 [4, 5164, 5121, 75, 2462, 474, -4]
402:28.64, 3:10 [4, 5163, -4]
403:161.37, 3:10 [4, 48, 33, -4]
404:87.35, 6:10 [4, 5684, 4491, 5813, -4]
405:126.64, 7:10 [4, 4252, 22, -4]
fe: 1, se: 5

Day: 1, Time: 395
Total Cost: 473.12
 11:179.78, 9:75 [1, -3, -4, -1]
301:68.47, 2:10 [3, 5511, -3]
401:171.51, 5:10 [4, 5730, 4187, -4]
402:53.37, 2:10 [4, 3921, -4]
fe: 1, se: 3

Day: 1, Time: 405
Total Cost: 1344.49
 11:136.01, 34:75 [1, 3, -1]
 12:153.31, 21:75 [1, 4, -4, -1]
301:59.94, 4:10 [3, 2740, 2839, -3]
302:93.30, 1:10 [3, 1476, -3]
303:68.34, 10:10 [3, 124, 2734, 1129, -3]
304:51.54, 9:10 [3, 112, 125, 66, -3]
306:103.77, 1:10 [3, 62, -3]
307:98.00, 2:10 [3, 116, -3]
310:91.85, 4:10 [3, 24, 50, -3]
311:84.48, 3:10 [3, 106, 122, -3]
401:156.69, 10:10 [4, 4176, 683, 30, 107, -4]
402:44.90, 4:10 [4, 15, 2727, 40, -4]
403:76.24, 3:10 [4, 1621, -4]
404:55.03, 4:10 [4, 80, 21, 4783, -4]
405:67.09, 3:10 [4, 414, 88, -4]
406:4.00, 1:10 [4, 26, -4]
fe: 2, se: 14

Day: 1, Time: 405
Total Cost: 1009.32
 11:66.27, 21:75 [2, 5, -5, -2]
 12:145.23, 16:75 [2, 6, -6, -2]
501:113.90, 7:10 [5, 1347, 81, -5]
502:139.02, 6:10 [5, 105, 41, 79, -5]
503:128.54, 9:10 [5, 3450, 98, 36, -5]
507:131.46, 8:10 [5, 4703, 3587, 6013, -5]
510:91.56, 9:10 [5, 4753, 5457, 4521, -5]
601:43.94, 6:10 [6, 34, 5125, 58, -6]
602:34.84, 7:10 [6, 959, 1632, -6]
603:70.30, 5:10 [6, 35, 32, -6]
604:44.25, 5:10 [6, 3825, 3694, -6]
fe: 2, se: 9

Day: 1, Time: 450
Total Cost: 398.75
 11:136.01, 2:75 [1, 3, -1]
 12:153.31, 4:75 [1, 4, -1]
301:2.00, 2:10 [3, 102, -3]
401:107.42, 4:10 [4, 2853, -4]
fe: 2, se: 2

Day: 1, Time: 450
Total Cost: 592.34
 11:66.27, 16:75 [2, 5, -2]
501:72.50, 2:10 [5, 55, -5]
502:82.10, 3:10 [5, 1524, -5]
503:66.12, 2:10 [5, 93, -5]
504:76.94, 2:10 [5, 2364, -5]
505:78.41, 1:10 [5, 12, -5]
506:77.20, 2:10 [5, 97, -5]
507:72.80, 4:10 [5, 1871, -5]
fe: 1, se: 7

Day: 1, Time: 460
Total Cost: 970.97
 11:136.01, 19:75 [1, 3, -1]
 12:153.31, 3:75 [1, 4, -1]
301:94.36, 6:10 [3, 74, 69, -3]
302:105.62, 1:10 [3, 110, -3]
303:102.00, 5:10 [3, 46, 103, -3]
304:71.61, 3:10 [3, 7, -3]
305:84.31, 1:10 [3, 549, -3]
306:74.03, 3:10 [3, 793, -3]
401:57.72, 2:10 [4, 56, -4]
402:92.00, 1:10 [4, 1977, -4]
fe: 2, se: 8

Day: 1, Time: 460
Total Cost: 484.02
 11:66.27, 16:75 [2, 5, -2]
501:44.09, 7:10 [5, 11, 109, -5]
502:142.86, 4:10 [5, 1948, 104, -5]
503:158.10, 2:10 [5, 67, 45, -5]
504:17.09, 2:10 [5, 1130, -5]
505:55.61, 1:10 [5, 858, -5]
fe: 1, se: 5

Day: 1, Time: 495
Total Cost: 405.13
 11:153.31, 2:75 [1, 4, -1]
 14:136.01, 16:75 [1, 3, -1]
301:36.22, 1:10 [3, 89, -3]
302:23.71, 5:10 [3, 20, 123, -3]
303:21.34, 4:10 [3, 86, 1379, -3]
304:32.54, 6:10 [3, 47, 92, -3]
401:2.00, 2:10 [4, 101, -4]
fe: 2, se: 5

Day: 1, Time: 495
Total Cost: 1122.46
 11:66.27, 30:75 [2, 5, -2]
 12:145.23, 8:75 [2, 6, -2]
501:113.30, 2:10 [5, 94, -5]
502:88.29, 2:10 [5, 23, -5]
503:87.15, 3:10 [5, 54, 59, -5]
505:103.25, 2:10 [5, 2484, -5]
506:80.69, 9:10 [5, 2549, 84, 118, -5]
507:77.20, 1:10 [5, 14, -5]
508:112.09, 2:10 [5, 111, -5]
509:95.08, 3:10 [5, 52, -5]
510:80.05, 6:10 [5, 1966, 53, -5]
601:28.00, 2:10 [6, 99, -6]
602:16.12, 2:10 [6, 1025, -6]
603:5.66, 3:10 [6, 42, -6]
604:24.08, 1:10 [6, 119, -6]
fe: 2, se: 13

Day: 1, Time: 525
Total Cost: 289.87
 11:66.27, 26:75 [2, 5, -2]
501:33.29, 3:10 [5, 2879, -5]
502:16.12, 3:10 [5, 108, -5]
503:27.86, 1:10 [5, 8, -5]
504:28.43, 4:10 [5, 1175, -5]
505:26.20, 6:10 [5, 68, 17, -5]
506:42.03, 5:10 [5, 96, 87, -5]
508:49.68, 4:10 [5, 18, -5]
fe: 1, se: 7


Day	Area	ID	Time	Load	Utilization	NoOrders	AssignmentCost
1	1	 8	315	 34	0.38	13	415.00
1	1	 9	360	 16	0.18	 7	235.00
1	1	43	400	 16	0.09	 8	470.00
1	1	10	405	 38	0.42	17	455.00
1	1	11	450	 28	0.26	11	284.00
1	1	47	800	 57	0.40	24	1548.00
1	1	19	810	 72	1.00	30	954.00
1	2	51	300	 10	0.06	 6	350.00
1	2	27	315	 55	0.61	27	625.00
1	2	28	360	  6	0.07	 2	135.00
1	2	52	400	 22	0.12	10	590.00
1	2	29	405	 18	0.20	 8	255.00
1	2	56	800	 63	0.44	23	1692.00
1	2	38	810	 72	1.00	29	954.00


Day	Area	Time	Pickup	Delivery	Direct	FEVehicles	SEVehicles	ALNSTime	ALNSBestTime	RoutingCostArea
1	1	0	62	58	0	4	27	109.27	90.82	3585.81
1	1	65	8	0	0	3	4	0.95	0.00	773.85
1	1	105	6	0	0	3	4	0.70	0.00	770.08
1	1	140	4	0	0	3	3	0.89	0.00	644.06
1	1	165	1	0	0	1	1	0.21	0.00	226.39
1	1	175	0	0	1	0	0	0.00	0.00	500.00
1	1	180	1	0	0	1	1	0.22	0.00	235.99
1	1	320	14	0	0	2	4	1.40	0.00	744.75
1	1	360	7	6	0	1	5	1.91	0.00	686.39
1	1	395	4	0	0	1	3	0.62	0.00	473.12
1	1	405	2	27	0	2	14	2.26	0.00	1344.49
1	1	450	0	2	0	2	2	0.30	0.00	398.75
1	1	460	0	10	0	2	8	0.79	0.00	970.97
1	1	495	0	8	0	2	5	0.79	0.34	405.13
1	2	20	62	52	0	4	24	57.11	26.00	2680.45
1	2	80	6	0	0	1	3	0.66	0.00	351.04
1	2	85	1	0	1	1	1	0.22	0.00	641.24
1	2	120	2	0	0	2	2	0.34	0.00	286.30
1	2	130	2	0	0	1	2	0.26	0.00	226.50
1	2	145	1	0	1	1	1	0.25	0.00	679.99
1	2	150	1	0	0	1	1	0.18	0.00	146.20
1	2	175	1	0	0	1	1	0.28	0.00	187.09
1	2	180	1	0	0	1	1	0.19	0.00	192.94
1	2	320	16	0	0	1	6	1.52	0.01	608.09
1	2	405	10	13	0	2	9	1.93	0.00	1009.32
1	2	450	0	7	0	1	7	0.47	0.00	592.34
1	2	460	0	8	0	1	5	0.54	0.00	484.02
1	2	495	0	17	0	2	13	2.27	0.03	1122.46
1	2	525	0	9	2	1	7	0.54	0.00	1289.87

Day	SL	Own	DispatchTimes	AssignmentCost	RoutingCost	TotalCost
1	9	5	29	8962.00	22257.63	31219.63

Total Cost: 31219.625423610218
Cost per Day: 31219.625423610218
Running time in Seconds: 215.666
Running time in minutes: 3.5944333333333334