INSTANCE: 3hubs_MSD_A_27_x.csv
PARAMETER: tuning_loose.txt
POLICY: MIP
ALPHA: 0.387023956898126
BETA: 78
OMEGA: 586
EPSILON: 1.00597325044486

Day: 1, Time: 0
Total Cost: 5525.36
 11:153.31, 19:75 [1, 5, -5, -1]
 12:153.31, 19:75 [1, -5, -1]
 13:153.31, 13:75 [1, -5, -1]
 14:153.31, 63:75 [1, 5, -5, -1]
 17:136.01, 72:75 [1, 4, -4, -1]
 18:136.01, 74:75 [1, 4, -4, -1]
 19:136.01, 17:75 [1, 4, -4, -1]
401:158.12, 9:10 [4, 8909, 8931, 8906, 8648, 8918, -4]
402:154.69, 9:10 [4, 8752, 8750, 8898, 8640, -4]
403:144.57, 7:10 [4, 8994, 8649, 8798, 8865, -4]
404:145.40, 10:10 [4, 8573, 8605, 8552, -4]
405:133.43, 9:10 [4, 8963, 8951, 8612, -4]
406:132.67, 5:10 [4, 8881, 8882, 8815, -4]
407:128.48, 9:10 [4, 8945, 8878, 8784, 8910, -4]
408:128.02, 10:10 [4, 8930, 8895, 8721, 8900, 8661, -4]
409:121.00, 10:10 [4, 8713, 8948, 8893, 8719, -4]
410:122.87, 9:10 [4, 8976, 8789, 8847, 8771, 8829, -4]
411:122.36, 10:10 [4, 8566, 8555, 8645, 8547, -4]
412:59.84, 10:10 [4, 8528, 8636, 8526, 8520, -4]
413:98.89, 9:10 [4, 8818, 8953, 8995, 8907, 8956, -4]
414:96.84, 10:10 [4, 8690, 8592, 8666, -4]
415:141.22, 10:10 [4, 8622, 8639, 8578, 8610, 8607, -4]
416:84.57, 6:10 [4, 8761, 8903, 8913, -4]
417:63.97, 8:10 [4, 8961, 8569, 8732, 8887, -4]
418:71.22, 8:10 [4, 8886, 8941, -4]
419:145.33, 10:10 [4, 8550, 8544, 8675, 8559, -4]
420:82.57, 8:10 [4, 8716, 8800, 8570, 8983, 8669, -4]
421:32.06, 4:10 [4, 8685, -4]
422:64.98, 8:10 [4, 8740, 8707, 8832, 8701, -4]
423:59.13, 9:10 [4, 8831, 8940, 8804, -4]
424:103.41, 10:10 [4, 8720, 8589, 8641, 8593, 8764, 8523, -4]
425:117.86, 10:10 [4, 8992, 8791, 8711, 8861, -4]
426:47.99, 10:10 [4, 8542, 8553, 8525, -4]
427:120.97, 10:10 [4, 8595, 8564, 8619, 8536, -4]
428:12.81, 4:10 [4, 8923, -4]
501:8.06, 6:10 [5, 8757, 8978, -5]
502:24.08, 3:10 [5, 8587, -5]
503:93.51, 10:10 [5, 8969, 8889, 9007, 8845, 8709, -5]
504:112.85, 10:10 [5, 8663, 8670, 8527, 8652, 8599, -5]
505:45.06, 9:10 [5, 8827, 8937, 8890, -5]
506:49.84, 10:10 [5, 8880, 8783, 8990, 8987, -5]
507:77.28, 10:10 [5, 8763, 8808, 8706, 8846, 8821, -5]
508:149.58, 10:10 [5, 8537, 8563, 8530, -5]
509:66.24, 10:10 [5, 8737, 8905, 8954, 8822, -5]
510:141.68, 3:10 [5, 8834, -5]
511:155.08, 9:10 [5, 8755, 8733, 8981, -5]
512:147.35, 10:10 [5, 8655, 8637, 8614, 8613, -5]
513:124.84, 6:10 [5, 8760, 8665, -5]
514:63.29, 10:10 [5, 8524, 8857, 8590, 8596, -5]
515:111.68, 8:10 [5, 8927, 9008, 8877, 8708, -5]
517:53.79, 10:10 [5, 8950, 8745, 8844, -5]
518:85.35, 10:10 [5, 8810, 8688, 8739, 8611, -5]
519:99.26, 10:10 [5, 9009, 8816, 8862, 8836, -5]
fe: 7, se: 46

Day: 1, Time: 0
Total Cost: 4489.24
 11:66.27, 69:75 [2, 6, -6, -2]
 12:66.27, 26:75 [2, 6, -6, -2]
 13:66.27, 71:75 [2, 6, -6, -2]
 14:66.27, 24:75 [2, 6, -6, -2]
 15:66.27, 55:75 [2, 6, -6, -2]
 16:145.23, 75:75 [2, 7, -7, -2]
601:163.97, 10:10 [6, 8575, 8888, 8725, 8731, 8693, 8868, 8972, -6]
602:120.64, 9:10 [6, 8902, 8825, 8991, 8806, 8741, 8917, -6]
603:43.91, 4:10 [6, 8794, -6]
604:107.26, 10:10 [6, 8734, 8858, 8703, -6]
605:67.62, 10:10 [6, 8863, 8793, 8894, 9006, -6]
606:98.38, 10:10 [6, 8543, 8921, 8717, 8749, 8876, 8841, -6]
607:53.57, 7:10 [6, 8632, 8561, 8672, -6]
608:119.75, 10:10 [6, 8869, 8743, 8934, -6]
610:52.77, 8:10 [6, 8872, 8967, 8702, -6]
611:77.69, 9:10 [6, 8777, 8828, 8850, -6]
612:119.05, 9:10 [6, 8780, 8629, 8805, 8985, 9001, -6]
613:154.16, 10:10 [6, 8968, 8597, 8949, 8943, 8988, 8952, -6]
614:57.20, 8:10 [6, 8538, 8594, -6]
615:106.20, 10:10 [6, 8710, 8871, 8634, -6]
616:62.11, 8:10 [6, 8788, 8924, -6]
617:92.68, 9:10 [6, 8642, 8556, 8535, 8601, -6]
618:125.85, 10:10 [6, 8768, 8801, 8660, 8840, -6]
619:143.54, 10:10 [6, 8758, 8521, 8965, 8628, 8529, 8604, 8651, -6]
620:89.87, 10:10 [6, 8837, 8874, 13570, -6]
621:18.11, 8:10 [6, 8891, 8572, -6]
622:96.74, 10:10 [6, 8830, 8714, 8904, -6]
623:36.06, 7:10 [6, 8723, 8778, -6]
624:74.58, 7:10 [6, 8986, 8989, 8580, 8796, -6]
625:162.77, 10:10 [6, 8668, 8545, 8694, 8686, 8699, -6]
626:131.93, 10:10 [6, 8579, 8647, 8697, 8621, -6]
628:146.46, 10:10 [6, 8914, 8947, 8751, -6]
631:85.14, 8:10 [6, 8879, 8848, -6]
632:53.39, 10:10 [6, 8620, 8558, 8646, 8567, -6]
633:73.24, 10:10 [6, 8929, 8984, 8682, -6]
634:115.73, 10:10 [6, 8824, 8704, 8896, 8867, 8916, -6]
638:45.68, 7:10 [6, 8774, 8908, -6]
639:67.15, 8:10 [6, 9003, 8562, -6]
642:113.33, 10:10 [6, 8574, 8692, 8533, 8624, -6]
643:89.91, 10:10 [6, 8591, 8803, 8812, 8814, 8938, -6]
701:83.68, 10:10 [7, 8855, 8849, 8892, -7]
702:30.47, 7:10 [7, 8656, 8588, -7]
703:79.08, 10:10 [7, 8901, 8705, 8781, 8715, -7]
704:49.31, 10:10 [7, 8897, 8782, 8811, -7]
705:80.56, 10:10 [7, 8662, 8680, 8643, 8674, -7]
706:68.72, 10:10 [7, 8742, 8919, 8920, 8718, -7]
707:46.91, 10:10 [7, 8820, 8932, 8925, -7]
708:100.73, 10:10 [7, 8671, 8581, 8673, -7]
709:41.83, 8:10 [7, 9000, 8851, 8860, -7]
710:55.99, 8:10 [7, 8883, 8807, -7]
711:109.59, 10:10 [7, 8691, 8546, 8631, -7]
712:99.32, 9:10 [7, 8964, 8977, 8915, -7]
fe: 6, se: 46

Day: 1, Time: 0
Total Cost: 4488.14
 11:94.59, 67:75 [3, 8, -8, -3]
 12:94.59, 36:75 [3, 8, -8, -3]
 13:94.59, 68:75 [3, 8, -8, -3]
 14:94.59, 10:75 [3, -8, -3]
 15:90.24, 74:75 [3, 9, -9, -3]
 16:90.24, 19:75 [3, -9, -3]
 18:90.24, 10:75 [3, -9, -3]
801:153.01, 10:10 [8, 8568, 8792, 8571, 8933, 8681, 8667, -8]
802:56.57, 10:10 [8, 8971, 8736, 8775, -8]
803:145.00, 10:10 [8, 8659, 8712, 8838, 8998, 8842, -8]
804:104.32, 8:10 [8, 8549, 8539, 8615, -8]
805:43.87, 10:10 [8, 8754, 8935, 8727, 8738, 8979, -8]
806:58.55, 10:10 [8, 8826, 9004, 8797, -8]
807:49.79, 9:10 [8, 8695, 8586, 8522, -8]
808:84.93, 10:10 [8, 8644, 8565, 8540, -8]
809:112.74, 10:10 [8, 8859, 8617, 8982, 8766, 8785, -8]
810:70.60, 10:10 [8, 8677, 8633, 8664, -8]
811:34.42, 10:10 [8, 8854, 8548, 8623, -8]
812:81.58, 10:10 [8, 8787, 8726, 8853, -8]
813:84.12, 10:10 [8, 8786, 8802, 8730, 8884, -8]
815:84.54, 10:10 [8, 8779, 9005, 8936, 8899, -8]
816:99.33, 10:10 [8, 8773, 8817, 8813, 8839, 8955, -8]
817:90.72, 9:10 [8, 8960, 8776, 8729, -8]
818:119.44, 10:10 [8, 8944, 8928, 8747, 8724, -8]
819:62.14, 9:10 [8, 8532, 8957, 8722, 8833, -8]
820:81.99, 9:10 [8, 8531, 8679, 8684, -8]
821:99.62, 10:10 [8, 9002, 8999, 8946, -8]
823:133.83, 10:10 [8, 8973, 8864, 8770, 8678, 8926, 8583, 8819, -8]
824:62.11, 10:10 [8, 8866, 8996, 8653, -8]
825:132.57, 10:10 [8, 8658, 8683, 8582, 8557, 8541, -8]
901:56.21, 7:10 [9, 8598, 8687, 8606, -9]
902:113.49, 9:10 [9, 8608, 8618, 8657, 8560, 8584, -9]
903:130.72, 10:10 [9, 8627, 8700, 8765, 8748, 8980, 8974, -9]
904:151.23, 10:10 [9, 8577, 8625, 8635, 8630, 8585, 8650, -9]
905:26.53, 6:10 [9, 8939, 8993, -9]
906:140.63, 9:10 [9, 8603, 8551, 8654, 8534, 8676, -9]
907:125.81, 9:10 [9, 8922, 8728, 8753, 8835, -9]
908:75.98, 10:10 [9, 8746, 8875, 8970, 8942, -9]
909:80.42, 10:10 [9, 8696, 8616, 8600, -9]
910:113.88, 10:10 [9, 8799, 8962, 8958, 8735, -9]
911:91.58, 10:10 [9, 8689, 8959, 8809, 8790, 8852, 8744, -9]
912:155.43, 10:10 [9, 8576, 8698, 8554, 8609, -9]
913:85.56, 10:10 [9, 8911, 8975, 8912, -9]
914:68.93, 9:10 [9, 8795, 8762, 8856, -9]
915:104.30, 10:10 [9, 8756, 8997, 8843, 8885, 8626, -9]
916:142.16, 10:10 [9, 8870, 8602, 8769, 8772, 8767, 8966, -9]
917:8.49, 2:10 [9, 8638, -9]
919:121.90, 10:10 [9, 8823, 8759, 8873, -9]
fe: 7, se: 41

Day: 1, Time: 10
Total Cost: 325.74
 12:153.31, 4:75 [1, -5, -1]
501:42.43, 1:10 [5, 11769, -5]
502:130.00, 3:10 [5, 14105, -5]
fe: 1, se: 2

Day: 1, Time: 10
Total Cost: 184.99
 11:66.27, 5:75 [2, -6, -2]
601:118.72, 5:10 [6, 13666, 13459, -6]
fe: 1, se: 1

Day: 1, Time: 20
Total Cost: 258.45
 11:66.27, 7:75 [2, -6, -2]
601:61.67, 5:10 [6, 14941, 16764, -6]
602:130.51, 2:10 [6, 16399, -6]
fe: 1, se: 2

Day: 1, Time: 20
Total Cost: 382.85
 11:94.59, 5:75 [3, -8, -3]
 12:90.24, 8:75 [3, -9, -3]
801:78.97, 5:10 [8, 9445, 13928, -8]
901:119.04, 8:10 [9, 12023, 15125, 16984, -9]
fe: 2, se: 2

Day: 1, Time: 30
Total Cost: 536.34
 11:136.01, 9:75 [1, -4, -1]
 12:153.31, 1:75 [1, -5, -1]
401:74.92, 3:10 [4, 13352, 11382, -4]
402:58.31, 4:10 [4, 9893, -4]
403:14.14, 2:10 [4, 12473, -4]
501:99.64, 1:10 [5, 16211, -5]
fe: 2, se: 4

Day: 1, Time: 30
Total Cost: 268.76
 11:66.27, 4:75 [2, -6, -2]
 12:145.23, 5:75 [2, -7, -2]
601:8.94, 4:10 [6, 13398, -6]
701:48.31, 5:10 [7, 11988, 15859, -7]
fe: 2, se: 2

Day: 1, Time: 30
Total Cost: 130.20
 11:90.24, 7:75 [3, -9, -3]
901:39.95, 7:10 [9, 11928, 16238, -9]
fe: 1, se: 1

Day: 1, Time: 35
Total Cost: 174.29
 11:66.27, 2:75 [2, -6, -2]
601:108.02, 2:10 [6, 14918, -6]
fe: 1, se: 1

Day: 1, Time: 40
Total Cost: 749.63
 11:136.01, 4:75 [1, -4, -1]
 12:153.31, 2:75 [1, -5, -1]
 13:153.31, 5:75 [1, -5, -1]
401:27.78, 4:10 [4, 14894, -4]
501:110.44, 2:10 [5, 11570, -5]
502:168.77, 5:10 [5, 15207, 14336, -5]
fe: 3, se: 3

Day: 1, Time: 40
Total Cost: 189.74
 11:66.27, 8:75 [2, -6, -2]
601:98.41, 4:10 [6, 12676, -6]
602:25.06, 4:10 [6, 15375, -6]
fe: 1, se: 2

Day: 1, Time: 45
Total Cost: 205.12
 11:66.27, 1:75 [2, -6, -2]
601:138.85, 1:10 [6, 10496, -6]
fe: 1, se: 1

Day: 1, Time: 45
Total Cost: 143.01
 11:94.59, 4:75 [3, -8, -3]
801:48.41, 4:10 [8, 16299, -8]
fe: 1, se: 1

Day: 1, Time: 50
Total Cost: 170.00
 11:66.27, 3:75 [2, -6, -2]
601:103.73, 3:10 [6, 12276, -6]
fe: 1, se: 1

Day: 1, Time: 55
Total Cost: 343.81
 11:153.31, 5:75 [1, -5, -1]
501:136.35, 4:10 [5, 14828, 13855, -5]
502:54.15, 1:10 [5, 16832, -5]
fe: 1, se: 2

Day: 1, Time: 55
Total Cost: 157.35
 11:66.27, 3:75 [2, -6, -2]
601:91.08, 3:10 [6, 15774, -6]
fe: 1, se: 1

Day: 1, Time: 55
Total Cost: 147.17
 11:90.24, 2:75 [3, -9, -3]
901:56.92, 2:10 [9, 9483, -9]
fe: 1, se: 1

Day: 1, Time: 60
Total Cost: 111.39
 11:66.27, 4:75 [2, -6, -2]
601:45.12, 4:10 [6, 11050, -6]
fe: 1, se: 1

Day: 1, Time: 60
Total Cost: 330.84
 11:94.59, 4:75 [3, -8, -3]
 12:90.24, 3:75 [3, -9, -3]
801:109.12, 4:10 [8, 16634, -8]
901:36.88, 3:10 [9, 12380, -9]
fe: 2, se: 2

Day: 1, Time: 70
Total Cost: 180.62
 11:94.59, 1:75 [3, -8, -3]
801:86.02, 1:10 [8, 11307, -8]
fe: 1, se: 1

Day: 1, Time: 75
Total Cost: 360.24
 11:136.01, 3:75 [1, -4, -1]
 12:153.31, 2:75 [1, -5, -1]
401:56.36, 3:10 [4, 12969, -4]
501:14.56, 2:10 [5, 15398, -5]
fe: 2, se: 2

Day: 1, Time: 75
Total Cost: 195.49
 11:94.59, 1:75 [3, -8, -3]
801:100.90, 1:10 [8, 16731, -8]
fe: 1, se: 1

Day: 1, Time: 85
Total Cost: 217.45
 11:136.01, 2:75 [1, -4, -1]
401:81.44, 2:10 [4, 11678, -4]
fe: 1, se: 1

Day: 1, Time: 85
Total Cost: 517.26
 11:66.27, 12:75 [2, -6, -2]
 12:66.27, 13:75 [2, -6, -2]
601:148.28, 8:10 [6, 14116, 10541, 12824, -6]
602:83.11, 8:10 [6, 12212, 14798, 10071, -6]
603:119.27, 5:10 [6, 13242, 11541, -6]
604:34.06, 4:10 [6, 10831, -6]
fe: 2, se: 4

Day: 1, Time: 85
Total Cost: 242.10
 11:94.59, 5:75 [3, -8, -3]
801:32.25, 2:10 [8, 16566, -8]
802:115.26, 3:10 [8, 11038, -8]
fe: 1, se: 2

Day: 1, Time: 90
Total Cost: 209.91
 11:153.31, 2:75 [1, -5, -1]
501:56.60, 2:10 [5, 15538, -5]
fe: 1, se: 1

Day: 1, Time: 95
Total Cost: 549.98
 11:136.01, 1:75 [1, -4, -1]
 12:136.01, 5:75 [1, -4, -1]
401:119.33, 1:10 [4, 14873, -4]
402:76.16, 3:10 [4, 11903, -4]
403:82.46, 2:10 [4, 17104, -4]
fe: 2, se: 3

Day: 1, Time: 100
Total Cost: 171.62
 11:136.01, 1:75 [1, -4, -1]
401:35.61, 1:10 [4, 13939, -4]
fe: 1, se: 1

Day: 1, Time: 100
Total Cost: 204.33
 11:66.27, 4:75 [2, -6, -2]
601:138.06, 4:10 [6, 11523, -6]
fe: 1, se: 1

Day: 1, Time: 100
Total Cost: 315.52
 11:94.59, 1:75 [3, -8, -3]
 12:94.59, 1:75 [3, -8, -3]
801:77.67, 1:10 [8, 16141, -8]
802:48.66, 1:10 [8, 11172, -8]
fe: 2, se: 2

Day: 1, Time: 105
Total Cost: 199.70
 11:153.31, 3:75 [1, -5, -1]
501:46.39, 3:10 [5, 10570, -5]
fe: 1, se: 1

Day: 1, Time: 105
Total Cost: 134.68
 11:66.27, 4:75 [2, -6, -2]
601:68.41, 4:10 [6, 12257, -6]
fe: 1, se: 1

Day: 1, Time: 110
Total Cost: 457.74
 11:136.01, 3:75 [1, -4, -1]
 12:136.01, 2:75 [1, -4, -1]
401:120.42, 3:10 [4, 10246, -4]
402:65.30, 2:10 [4, 16278, -4]
fe: 2, se: 2

Day: 1, Time: 110
Total Cost: 110.32
 11:66.27, 2:75 [2, -6, -2]
601:44.05, 2:10 [6, 12384, -6]
fe: 1, se: 1

Day: 1, Time: 110
Total Cost: 222.57
 11:94.59, 2:75 [3, -8, -3]
801:45.61, 1:10 [8, 9161, -8]
802:82.37, 1:10 [8, 14569, -8]
fe: 1, se: 2

Day: 1, Time: 115
Total Cost: 253.98
 11:66.27, 6:75 [2, -6, -2]
601:78.59, 3:10 [6, 14265, -6]
602:109.12, 3:10 [6, 16045, -6]
fe: 1, se: 2

Day: 1, Time: 120
Total Cost: 174.49
 11:136.01, 2:75 [1, -4, -1]
401:38.47, 2:10 [4, 10193, -4]
fe: 1, se: 1

Day: 1, Time: 120
Total Cost: 190.90
 11:90.24, 3:75 [3, -9, -3]
901:100.66, 3:10 [9, 15434, -9]
fe: 1, se: 1

Day: 1, Time: 125
Total Cost: 446.17
 11:136.01, 3:75 [1, -4, -1]
 12:153.31, 1:75 [1, -5, -1]
401:108.85, 3:10 [4, 12539, -4]
501:48.00, 1:10 [5, 10053, -5]
fe: 2, se: 2

Day: 1, Time: 125
Total Cost: 285.07
 11:94.59, 6:75 [3, -8, -3]
801:92.78, 4:10 [8, 10860, -8]
802:97.69, 2:10 [8, 14192, -8]
fe: 1, se: 2

Day: 1, Time: 130
Total Cost: 223.95
 11:136.01, 3:75 [1, -4, -1]
401:87.93, 3:10 [4, 11433, -4]
fe: 1, se: 1

Day: 1, Time: 145
Total Cost: 508.23
 11:136.01, 1:75 [1, -4, -1]
 12:136.01, 2:75 [1, -4, -1]
401:91.08, 1:10 [4, 16081, -4]
402:145.12, 2:10 [4, 15001, -4]
fe: 2, se: 2

Day: 1, Time: 145
Total Cost: 192.07
 11:66.27, 6:75 [2, -6, -2]
601:125.79, 6:10 [6, 14040, 16822, -6]
fe: 1, se: 1

Day: 1, Time: 150
Total Cost: 221.33
 11:66.27, 8:75 [2, -6, -2]
601:74.43, 4:10 [6, 16019, -6]
602:80.62, 4:10 [6, 14790, -6]
fe: 1, se: 2

Day: 1, Time: 150
Total Cost: 527.23
 11:94.59, 4:75 [3, -8, -3]
 12:90.24, 4:75 [3, -9, -3]
 13:90.24, 4:75 [3, -9, -3]
801:22.80, 4:10 [8, 12535, -8]
901:58.03, 3:10 [9, 14756, -9]
902:91.39, 4:10 [9, 12732, -9]
903:79.92, 1:10 [9, 9392, -9]
fe: 3, se: 4

Day: 1, Time: 155
Total Cost: 424.40
 11:136.01, 3:75 [1, -4, -1]
 12:153.31, 3:75 [1, -5, -1]
401:35.38, 1:10 [4, 13314, -4]
402:37.95, 2:10 [4, 15693, -4]
501:61.74, 3:10 [5, 15817, -5]
fe: 2, se: 3

Day: 1, Time: 160
Total Cost: 164.68
 11:66.27, 1:75 [2, -6, -2]
601:98.41, 1:10 [6, 16576, -6]
fe: 1, se: 1

Day: 1, Time: 165
Total Cost: 96.27
 11:66.27, 3:75 [2, -6, -2]
601:30.00, 3:10 [6, 10278, -6]
fe: 1, se: 1

Day: 1, Time: 170
Total Cost: 148.18
 11:136.01, 3:75 [1, -4, -1]
401:12.17, 3:10 [4, 14137, -4]
fe: 1, se: 1

Day: 1, Time: 175
Total Cost: 264.55
 11:94.59, 2:75 [3, -8, -3]
 12:90.24, 3:75 [3, -9, -3]
801:41.76, 2:10 [8, 17041, -8]
901:37.95, 3:10 [9, 9561, -9]
fe: 2, se: 2

Day: 1, Time: 180
Total Cost: 171.00
 11:136.01, 4:75 [1, -4, -1]
401:34.99, 4:10 [4, 15780, -4]
fe: 1, se: 1

Day: 1, Time: 180
Total Cost: 148.30
 11:66.27, 3:75 [2, -6, -2]
601:82.02, 3:10 [6, 16736, -6]
fe: 1, se: 1

Day: 1, Time: 270
Total Cost: 731.02
 11:66.27, 48:75 [2, -6, -2]
601:174.52, 10:10 [6, 16281, 10599, 17015, 11364, 15608, -6]
602:129.63, 9:10 [6, 13059, 15004, 11386, 15824, 13526, -6]
603:110.73, 9:10 [6, 16608, 14385, 12288, 9188, -6]
604:140.36, 10:10 [6, 9434, 10557, 13844, 14303, 12263, -6]
605:109.52, 10:10 [6, 11171, 11943, 15456, 13183, -6]
fe: 1, se: 5

Day: 1, Time: 280
Total Cost: 835.10
 11:136.01, 45:75 [1, -4, -1]
401:88.77, 9:10 [4, 14496, 12037, 10834, 13046, -4]
402:213.27, 8:10 [4, 9265, 10757, 11425, 14215, -4]
403:149.94, 10:10 [4, 12342, 12266, 9407, -4]
404:85.57, 9:10 [4, 10751, 11198, 13358, -4]
405:161.54, 9:10 [4, 13192, 12869, 10210, -4]
fe: 1, se: 5

Day: 1, Time: 285
Total Cost: 659.16
 11:94.59, 46:75 [3, -8, -3]
801:86.43, 9:10 [8, 12271, 14408, 10812, -8]
802:148.76, 10:10 [8, 11905, 15188, 15371, 17019, -8]
803:67.12, 10:10 [8, 11803, 12995, 10653, -8]
804:151.80, 10:10 [8, 11066, 15549, 14960, 10966, -8]
805:110.45, 7:10 [8, 13643, 12236, 15792, -8]
fe: 1, se: 5

Day: 1, Time: 290
Total Cost: 307.43
 11:66.27, 15:75 [2, -6, -2]
601:112.13, 5:10 [6, 12938, 12390, -6]
603:129.03, 10:10 [6, 13188, 10649, 16219, -6]
fe: 1, se: 2

Day: 1, Time: 295
Total Cost: 358.45
 11:153.31, 7:75 [1, -5, -1]
501:205.14, 7:10 [5, 10501, 12982, 10083, -5]
fe: 1, se: 1

Day: 1, Time: 295
Total Cost: 237.02
 11:94.59, 5:75 [3, -8, -3]
802:142.43, 5:10 [8, 15153, 10589, -8]
fe: 1, se: 1

Day: 1, Time: 325
Total Cost: 896.98
 11:179.78, 63:75 [1, 4, 5, -5, -1]
401:65.98, 7:10 [4, 6251, 122, 793, -4]
402:85.20, 10:10 [4, 224, 56, 226, -4]
403:112.91, 10:10 [4, 204, 257, 309, -4]
404:115.53, 9:10 [4, 134, 280, 252, 4976, -4]
501:109.19, 10:10 [5, 3586, 10431, 4769, 103, -5]
502:64.71, 8:10 [5, 189, 8074, 7548, -5]
503:163.68, 10:10 [5, 7709, 113, 312, -5]
fe: 1, se: 7

Day: 1, Time: 350
Total Cost: 960.69
 11:94.59, 25:75 [3, 8, -8, -3]
 12:90.24, 28:75 [3, 9, -9, -3]
801:128.91, 10:10 [8, 11195, 6685, 9304, 13224, 4708, 12554, -8]
802:108.66, 9:10 [8, 7169, 248, 124, 9828, 14897, -8]
803:136.59, 10:10 [8, 6972, 61, 14237, 3298, 9872, 10797, -8]
902:159.74, 9:10 [9, 173, 12373, 6228, 158, 11748, -9]
903:128.51, 10:10 [9, 3986, 7084, 14617, 12159, 206, -9]
904:113.45, 9:10 [9, 177, 218, 10848, 2360, 14011, 316, -9]
fe: 2, se: 6

Day: 1, Time: 360
Total Cost: 1883.70
 11:136.01, 68:75 [1, 4, -4, -1]
 13:153.31, 39:75 [1, 5, -5, -1]
401:130.38, 8:10 [4, 4095, 100, 2482, 471, 13602, 46, 315, 169, -4]
402:139.69, 10:10 [4, 202, 230, 2851, 111, -4]
403:57.15, 10:10 [4, 48, 214, 77, 283, 96, 9775, -4]
404:143.76, 10:10 [4, 193, 14, 5732, -4]
405:86.37, 10:10 [4, 140, 87, 13479, 10366, 212, 116, -4]
406:143.34, 10:10 [4, 106, 299, 117, 12993, -4]
408:118.40, 10:10 [4, 254, 14118, 84, 16239, 138, 6435, -4]
501:104.07, 10:10 [5, 221, 10177, 32, 8041, 152, 153, -5]
502:154.56, 5:10 [5, 7355, 307, -5]
503:150.33, 10:10 [5, 290, 267, 238, 229, -5]
504:113.81, 6:10 [5, 12369, 12117, 2617, 1375, 180, -5]
505:168.26, 10:10 [5, 17018, 184, 7944, -5]
507:84.26, 9:10 [5, 160, 11477, 11262, 269, 82, -5]
fe: 2, se: 13

Day: 1, Time: 360
Total Cost: 1301.60
 11:66.27, 58:75 [2, 6, -6, -2]
 12:145.23, 45:75 [2, 7, -7, -2]
601:161.85, 10:10 [6, 232, 247, 9817, 1203, 37, -6]
602:104.39, 10:10 [6, 268, 137, 66, 185, 2880, 256, 127, -6]
603:16.03, 8:10 [6, 131, 6204, 2692, -6]
604:110.84, 10:10 [6, 45, 7469, 264, 288, 14356, 73, -6]
605:140.65, 10:10 [6, 755, 16166, 4662, 10, 80, 7609, -6]
611:133.31, 10:10 [6, 118, 5238, 9308, 5415, 13361, 2394, -6]
701:104.21, 9:10 [7, 112, 3333, 13591, 5879, 187, 174, -7]
702:70.64, 8:10 [7, 145, 149, 11443, 15093, 89, 95, 317, -7]
703:51.51, 9:10 [7, 245, 3845, 8351, 236, -7]
704:67.91, 9:10 [7, 284, 172, 155, 3783, 9836, 11083, -7]
705:128.75, 10:10 [7, 83, 39, 7621, 3238, -7]
fe: 2, se: 11

Day: 1, Time: 360
Total Cost: 1314.83
 11:94.59, 58:75 [3, 8, -8, -3]
 12:90.24, 52:75 [3, 9, -9, -3]
801:37.29, 8:10 [8, 67, 244, -8]
803:135.49, 10:10 [8, 198, 7521, 279, 51, 150, -8]
804:105.14, 10:10 [8, 318, 59, 18, 186, 253, 2910, -8]
805:111.77, 10:10 [8, 4880, 15755, 234, 179, -8]
807:84.77, 10:10 [8, 296, 16, 12445, 215, 78, 12300, -8]
809:132.75, 10:10 [8, 144, 156, 178, 1806, 200, 14133, -8]
901:134.64, 10:10 [9, 199, 147, 24, -9]
902:73.34, 8:10 [9, 88, 3079, 146, 6108, -9]
903:95.18, 10:10 [9, 126, 3694, 237, 13435, 1588, 53, -9]
904:106.05, 10:10 [9, 319, 297, 19, 300, 132, -9]
905:109.09, 10:10 [9, 27, 93, 35, 98, 190, -9]
906:4.47, 4:10 [9, 3567, -9]
fe: 2, se: 12

Day: 1, Time: 390
Total Cost: 347.98
 11:179.78, 12:75 [1, -4, -5, -1]
401:128.20, 9:10 [4, 14316, 13807, 14590, -4]
501:40.00, 3:10 [5, 11694, -5]
fe: 1, se: 2

Day: 1, Time: 395
Total Cost: 373.72
 11:113.51, 10:75 [3, -8, -9, -3]
801:121.37, 7:10 [8, 10374, 13449, 14716, 16781, -8]
901:110.76, 2:10 [9, 16929, 14004, -9]
902:28.07, 1:10 [9, 11274, -9]
fe: 1, se: 3

Day: 1, Time: 400
Total Cost: 233.71
 11:136.01, 3:75 [1, -4, -1]
401:97.69, 3:10 [4, 15851, -4]
fe: 1, se: 1

Day: 1, Time: 400
Total Cost: 259.46
 11:66.27, 10:75 [2, -6, -2]
601:133.02, 8:10 [6, 13665, 15206, 14170, 16351, -6]
602:60.17, 2:10 [6, 15467, -6]
fe: 1, se: 2

Day: 1, Time: 400
Total Cost: 286.71
 11:90.24, 7:75 [3, -9, -3]
901:89.44, 3:10 [9, 14358, -9]
902:107.03, 4:10 [9, 16851, 16797, -9]
fe: 1, se: 2

Day: 1, Time: 405
Total Cost: 2109.94
 11:136.01, 61:75 [1, 4, -1]
 12:153.31, 55:75 [1, 5, -1]
 13:153.31, 39:75 [1, 5, -1]
401:56.58, 9:10 [4, 13, 289, 292, -4]
402:98.72, 10:10 [4, 143, 274, 227, -4]
403:81.94, 8:10 [4, 222, 97, -4]
404:27.02, 7:10 [4, 63, 159, -4]
405:100.54, 10:10 [4, 246, 265, 1381, -4]
406:62.73, 8:10 [4, 130, 3522, -4]
407:58.47, 9:10 [4, 58, 6100, 69, -4]
501:160.98, 10:10 [5, 79, 170, 36, -5]
502:57.74, 3:10 [5, 22, 702, -5]
503:98.52, 7:10 [5, 282, 209, -5]
504:116.94, 9:10 [5, 28, 277, 7329, -5]
505:134.26, 10:10 [5, 195, 5575, 871, -5]
506:136.95, 10:10 [5, 57, 15, 38, -5]
507:44.46, 10:10 [5, 92, 310, 12, -5]
508:77.78, 5:10 [5, 75, 107, -5]
509:135.85, 10:10 [5, 25, 64, 91, 285, -5]
510:141.97, 10:10 [5, 76, 194, 183, -5]
511:75.87, 10:10 [5, 2348, 281, 287, -5]
fe: 3, se: 18

Day: 1, Time: 405
Total Cost: 1766.61
 11:66.27, 75:75 [2, 6, -2]
 12:151.76, 70:75 [2, 6, 7, -2]
601:13.21, 7:10 [6, 123, 148, -6]
602:155.55, 10:10 [6, 157, 162, 81, 6708, 2170, -6]
603:70.34, 9:10 [6, 142, 249, 314, -6]
604:148.85, 10:10 [6, 43, 188, 129, 65, -6]
605:136.43, 10:10 [6, 197, 5502, 251, 2988, -6]
606:108.44, 10:10 [6, 272, 176, 8414, -6]
607:89.69, 10:10 [6, 196, 72, 308, -6]
608:154.73, 10:10 [6, 110, 303, 3213, 85, -6]
609:101.86, 9:10 [6, 5249, 109, 105, -6]
610:100.15, 10:10 [6, 7876, 119, 4624, 86, -6]
613:103.35, 10:10 [6, 139, 6066, 99, 34, -6]
617:100.46, 10:10 [6, 141, 255, 136, -6]
701:46.86, 2:10 [7, 1503, -7]
702:76.25, 10:10 [7, 250, 4279, 6744, -7]
703:80.76, 10:10 [7, 7588, 133, 270, -7]
706:61.61, 8:10 [7, 50, 40, 306, -7]
fe: 2, se: 16

Day: 1, Time: 405
Total Cost: 1563.63
 11:94.59, 75:75 [3, 8, -3]
 12:90.24, 67:75 [3, 9, -3]
801:99.58, 10:10 [8, 168, 154, 20, -8]
802:41.68, 8:10 [8, 165, 2833, -8]
803:28.31, 9:10 [8, 11, 242, 192, 23, -8]
804:95.89, 10:10 [8, 273, 181, 1880, -8]
806:78.11, 10:10 [8, 291, 225, 261, 258, 26, -8]
807:121.04, 10:10 [8, 271, 191, 293, 52, -8]
808:108.97, 9:10 [8, 235, 104, 135, -8]
809:127.90, 9:10 [8, 44, 17, 211, -8]
901:123.74, 10:10 [9, 203, 161, 301, 8142, 5165, -9]
902:77.65, 10:10 [9, 259, 182, 125, 231, -9]
903:88.14, 10:10 [9, 6138, 151, 207, -9]
904:98.10, 10:10 [9, 55, 260, 94, -9]
905:109.75, 10:10 [9, 4552, 7003, 42, -9]
907:92.98, 10:10 [9, 286, 114, 220, 6848, -9]
909:86.95, 7:10 [9, 1363, 29, 278, 298, -9]
fe: 2, se: 15

Day: 1, Time: 410
Total Cost: 267.96
 11:136.01, 2:75 [1, -4, -1]
401:131.94, 2:10 [4, 10179, 9816, -4]
fe: 1, se: 1

Day: 1, Time: 410
Total Cost: 146.20
 11:66.27, 3:75 [2, -6, -2]
601:79.92, 3:10 [6, 16372, -6]
fe: 1, se: 1

Day: 1, Time: 410
Total Cost: 166.48
 11:90.24, 3:75 [3, -9, -3]
901:76.24, 3:10 [9, 9301, -9]
fe: 1, se: 1

Day: 1, Time: 420
Total Cost: 207.46
 11:153.31, 3:75 [1, -5, -1]
501:54.15, 3:10 [5, 16098, -5]
fe: 1, se: 1

Day: 1, Time: 425
Total Cost: 115.75
 11:66.27, 1:75 [2, -6, -2]
601:49.48, 1:10 [6, 16103, -6]
fe: 1, se: 1

Day: 1, Time: 450
Total Cost: 492.80
 11:136.01, 14:75 [1, 4, -1]
401:58.41, 4:10 [4, 5426, -4]
402:65.14, 6:10 [4, 8132, 4042, -4]
403:110.02, 3:10 [4, 1851, -4]
404:123.22, 1:10 [4, 4134, -4]
fe: 1, se: 4

Day: 1, Time: 450
Total Cost: 658.69
 11:66.27, 37:75 [2, 6, -2]
601:144.55, 9:10 [6, 240, 7127, 5447, -6]
602:112.43, 8:10 [6, 2743, 213, 7391, 3849, -6]
603:95.03, 6:10 [6, 21, 6183, 71, 108, -6]
604:126.14, 9:10 [6, 233, 31, 101, 62, -6]
605:114.26, 5:10 [6, 302, 205, 219, -6]
fe: 1, se: 5

Day: 1, Time: 450
Total Cost: 786.67
 11:94.59, 21:75 [3, 8, -3]
 12:90.24, 34:75 [3, 9, -3]
801:73.67, 9:10 [8, 128, 2141, 7886, 1556, -8]
802:34.19, 7:10 [8, 241, 5350, -8]
804:99.34, 5:10 [8, 210, 266, -8]
901:123.47, 10:10 [9, 263, 8046, 304, 216, -9]
903:114.87, 6:10 [9, 175, 217, 171, -9]
904:98.83, 9:10 [9, 6517, 208, 60, -9]
906:57.47, 9:10 [9, 223, 7090, 305, -9]
fe: 2, se: 7

Day: 1, Time: 460
Total Cost: 614.05
 11:136.01, 13:75 [1, 4, -1]
 12:153.31, 4:75 [1, 5, -1]
401:50.51, 7:10 [4, 294, 201, -4]
403:89.13, 3:10 [4, 90, 311, -4]
404:108.66, 3:10 [4, 239, -4]
501:76.42, 4:10 [5, 313, -5]
fe: 2, se: 4

Day: 1, Time: 460
Total Cost: 152.54
 11:113.51, 6:75 [3, 8, 9, -3]
801:25.61, 4:10 [8, 295, -8]
901:13.42, 2:10 [9, 115, -9]
fe: 1, se: 2

Day: 1, Time: 525
Total Cost: 124.34
 11:90.24, 6:75 [3, 9, -3]
901:25.61, 4:10 [9, 167, -9]
902:8.49, 2:10 [9, 120, -9]
fe: 1, se: 2


Day	Area	ID	Time	Load	Utilization	NoOrders	AssignmentCost
1	1	 6	225	 22	0.24	 8	295.00
1	1	26	270	 81	0.90	35	885.00
1	1	 8	315	 88	0.98	43	955.00
1	1	27	315	 36	0.40	12	435.00
1	1	28	360	 80	0.89	35	875.00
1	1	30	450	  9	0.08	 3	132.00
1	1	19	810	 57	0.79	29	774.00
1	1	38	810	 72	1.00	20	954.00
1	2	44	225	 90	1.00	32	975.00
1	2	64	270	 84	0.93	28	915.00
1	2	145	300	 32	0.18	20	790.00
1	2	46	315	 88	0.98	26	955.00
1	2	65	315	 50	0.56	18	575.00
1	2	66	360	 22	0.24	 8	295.00
1	2	146	400	 23	0.13	 8	610.00
1	2	76	810	 46	0.64	14	642.00
1	2	57	810	 71	0.99	37	942.00
1	3	82	225	 38	0.42	13	455.00
1	3	83	270	 17	0.19	 5	245.00
1	3	154	300	 72	0.40	46	1590.00
1	3	84	315	 90	1.00	29	975.00
1	3	103	315	 90	1.00	26	975.00
1	3	104	360	  4	0.04	 1	115.00
1	3	95	810	 69	0.96	39	918.00
1	3	114	810	 71	0.99	21	942.00


Day	Area	Time	Pickup	Delivery	Direct	FEVehicles	SEVehicles	ALNSTime	ALNSBestTime	RoutingCostArea
1	1	0	104	62	0	7	46	193.45	159.73	5525.36
1	1	10	2	0	0	1	2	0.30	0.00	325.74
1	1	30	5	0	0	2	4	0.62	0.00	536.34
1	1	40	4	0	0	3	3	0.71	0.00	749.63
1	1	55	3	0	0	1	2	0.39	0.00	343.81
1	1	70	0	0	1	0	0	0.00	0.00	500.00
1	1	75	2	0	0	2	2	0.28	0.00	360.24
1	1	85	1	0	0	1	1	0.20	0.00	217.45
1	1	90	1	0	0	1	1	0.18	0.00	209.91
1	1	95	3	0	0	2	3	0.36	0.00	549.98
1	1	100	1	0	0	1	1	0.18	0.00	171.62
1	1	105	1	0	0	1	1	0.18	0.00	199.70
1	1	110	2	0	0	2	2	0.29	0.00	457.74
1	1	120	1	0	0	1	1	0.18	0.00	174.49
1	1	125	2	0	0	2	2	0.28	0.00	446.17
1	1	130	1	0	0	1	1	0.18	0.00	223.95
1	1	145	2	0	0	2	2	0.27	0.00	508.23
1	1	155	3	0	0	2	3	0.40	0.00	424.40
1	1	170	1	0	0	1	1	0.17	0.00	148.18
1	1	175	0	0	1	0	0	0.00	0.00	500.00
1	1	180	1	0	1	1	1	0.22	0.00	671.00
1	1	280	17	0	0	1	5	2.44	1.08	835.10
1	1	295	3	0	0	1	1	0.31	0.00	358.45
1	1	325	1	22	0	1	7	1.89	0.40	896.98
1	1	360	13	49	0	2	13	32.88	28.88	1883.70
1	1	390	4	0	0	1	2	0.47	0.00	347.98
1	1	400	1	0	0	1	1	0.19	0.00	233.71
1	1	405	0	49	0	3	18	6.21	3.93	2109.94
1	1	410	2	0	0	1	1	0.28	0.00	267.96
1	1	420	1	0	0	1	1	0.17	0.00	207.46
1	1	450	0	5	0	1	4	0.41	0.00	492.80
1	1	460	0	6	0	2	4	0.43	0.00	614.05
1	2	0	107	55	0	6	46	82.09	56.55	4489.24
1	2	10	2	0	0	1	1	0.28	0.00	184.99
1	2	20	3	0	0	1	2	0.29	0.00	258.45
1	2	30	3	0	0	2	2	0.29	0.00	268.76
1	2	35	1	0	0	1	1	0.18	0.00	174.29
1	2	40	2	0	0	1	2	0.24	0.00	189.74
1	2	45	1	0	0	1	1	0.18	0.00	205.12
1	2	50	1	0	0	1	1	0.18	0.00	170.00
1	2	55	1	0	0	1	1	0.17	0.00	157.35
1	2	60	1	0	0	1	1	0.23	0.00	111.39
1	2	85	9	0	0	2	4	0.66	0.00	517.26
1	2	100	1	0	0	1	1	0.18	0.00	204.33
1	2	105	1	0	0	1	1	0.17	0.00	134.68
1	2	110	1	0	0	1	1	0.17	0.00	110.32
1	2	115	2	0	0	1	2	0.30	0.00	253.98
1	2	145	2	0	0	1	1	0.25	0.00	192.07
1	2	150	2	0	0	1	2	0.30	0.00	221.33
1	2	160	1	0	0	1	1	0.18	0.00	164.68
1	2	165	1	0	0	1	1	0.17	0.00	96.27
1	2	170	0	0	3	0	0	0.00	0.00	1500.00
1	2	180	1	0	0	1	1	0.17	0.00	148.30
1	2	270	23	0	0	1	5	3.18	2.30	731.02
1	2	290	5	0	0	1	2	0.38	0.00	307.43
1	2	360	10	50	0	2	11	16.21	6.35	1301.60
1	2	400	5	0	0	1	2	0.39	0.00	259.46
1	2	405	0	52	0	2	16	10.51	8.18	1766.61
1	2	410	1	0	0	1	1	0.17	0.00	146.20
1	2	425	1	0	0	1	1	0.17	0.00	115.75
1	2	450	0	18	0	1	5	1.07	0.00	658.69
1	2	525	0	0	1	0	0	0.00	0.00	500.00
1	3	0	100	63	0	7	41	95.29	37.49	4488.14
1	3	20	5	0	0	2	2	0.57	0.00	382.85
1	3	30	2	0	0	1	1	0.25	0.00	130.20
1	3	45	1	0	0	1	1	0.18	0.00	143.01
1	3	55	1	0	0	1	1	0.18	0.00	147.17
1	3	60	2	0	0	2	2	0.29	0.00	330.84
1	3	70	1	0	0	1	1	0.18	0.00	180.62
1	3	75	1	0	0	1	1	0.18	0.00	195.49
1	3	85	2	0	0	1	2	0.25	0.00	242.10
1	3	100	2	0	0	2	2	0.30	0.00	315.52
1	3	110	2	0	0	1	2	0.28	0.00	222.57
1	3	120	1	0	0	1	1	0.18	0.00	190.90
1	3	125	2	0	1	1	2	0.32	0.00	785.07
1	3	150	4	0	0	3	4	0.57	0.00	527.23
1	3	175	2	0	1	2	2	0.29	0.00	764.55
1	3	285	17	0	0	1	5	2.34	0.88	659.16
1	3	295	2	0	0	1	1	0.26	0.00	237.02
1	3	350	15	18	0	2	6	4.68	1.90	960.69
1	3	360	5	48	0	2	12	16.76	13.73	1314.83
1	3	395	7	0	0	1	3	0.58	0.00	373.72
1	3	400	3	0	0	1	2	0.30	0.00	286.71
1	3	405	0	53	0	2	15	10.28	7.72	1563.63
1	3	410	1	0	0	1	1	0.19	0.00	166.48
1	3	450	0	21	0	2	7	1.21	0.00	786.67
1	3	460	0	2	0	1	2	0.26	0.00	152.54
1	3	525	0	2	0	1	2	0.22	0.00	124.34

Day	SL	Own	DispatchTimes	AssignmentCost	RoutingCost	TotalCost
1	22	3	62	18219.00	52703.44	70922.44

Total Cost: 70922.43924001572
Cost per Day: 70922.43924001572
Running time in Seconds: 787.075
Running time in minutes: 13.117916666666666