INSTANCE: 3hubs_MSD_A_49_x.csv
PARAMETER: tuning_loose.txt
POLICY: MIP
ALPHA: 0.387023956898126
BETA: 78
OMEGA: 586
EPSILON: 1.00597325044486

Day: 1, Time: 0
Total Cost: 4810.21
 11:136.01, 72:75 [1, 4, -4, -1]
 12:153.31, 75:75 [1, 5, -5, -1]
 13:136.01, 44:75 [1, 4, -4, -1]
 14:136.01, 21:75 [1, 4, -4, -1]
 16:136.01, 5:75 [1, 4, -4, -1]
 30:136.01, 20:75 [1, 4, -4, -1]
401:59.82, 10:10 [4, 8773, 9008, 8985, 8966, -4]
402:85.97, 10:10 [4, 8521, 8677, 8605, 8639, -4]
403:177.55, 10:10 [4, 8654, 8650, 8592, 8979, 8630, 8612, -4]
404:120.60, 10:10 [4, 8816, 8902, 8806, -4]
405:100.85, 9:10 [4, 8599, 8616, 8563, -4]
406:164.44, 3:10 [4, 8849, -4]
407:36.88, 3:10 [4, 8923, -4]
408:43.26, 5:10 [4, 8615, 8590, 8560, -4]
409:123.29, 10:10 [4, 8869, 8716, 8526, 8795, 8723, -4]
410:104.61, 10:10 [4, 8700, 8955, 8830, 8916, 8607, -4]
411:144.38, 10:10 [4, 8586, 8989, 8956, 8817, -4]
412:89.05, 9:10 [4, 8976, 8794, 8984, 8859, -4]
413:126.49, 6:10 [4, 8785, 8534, 8939, 8990, -4]
414:89.55, 10:10 [4, 8893, 8940, 8754, 8674, 8981, 8894, -4]
415:70.64, 10:10 [4, 8778, 8827, 8838, -4]
416:111.22, 10:10 [4, 8771, 8854, 8575, -4]
417:79.83, 9:10 [4, 8809, 8844, 8797, 8770, 8541, -4]
418:63.67, 8:10 [4, 8912, 8529, 8620, -4]
419:125.74, 4:10 [4, 8996, 8547, 8892, 8945, -4]
420:96.25, 10:10 [4, 8905, 8808, 8702, -4]
422:144.47, 10:10 [4, 8543, 8520, 8622, 8675, 8687, -4]
423:61.07, 10:10 [4, 8710, 8791, 8908, 8707, -4]
427:167.99, 10:10 [4, 8947, 8793, 8867, 8913, 8567, -4]
428:117.87, 10:10 [4, 8583, 8542, 8663, -4]
501:113.72, 10:10 [5, 8533, 8591, 8566, 8552, -5]
502:116.98, 10:10 [5, 8610, 8631, 8611, 8666, 8600, 8580, -5]
503:113.72, 10:10 [5, 8644, 8689, 8625, -5]
504:108.88, 10:10 [5, 8747, 8928, 8983, 8800, -5]
505:88.33, 9:10 [5, 8588, 8720, 8891, 8805, -5]
506:103.55, 10:10 [5, 8749, 8963, 8769, 8974, -5]
507:92.74, 10:10 [5, 8772, 8718, 8750, 8815, -5]
508:111.98, 9:10 [5, 8807, 8924, 8705, -5]
509:171.01, 10:10 [5, 8564, 8682, 8683, 8539, -5]
510:22.63, 4:10 [5, 8952, -5]
511:80.29, 10:10 [5, 8857, 8731, 8569, -5]
512:89.37, 10:10 [5, 8864, 8777, 8898, 8602, -5]
513:90.18, 10:10 [5, 8792, 8798, 8789, 8997, -5]
514:26.08, 3:10 [5, 8653, -5]
515:141.91, 7:10 [5, 8618, 8657, 8609, -5]
fe: 6, se: 39

Day: 1, Time: 0
Total Cost: 4708.40
 11:94.59, 57:75 [3, 8, -8, -3]
 12:94.59, 48:75 [3, 8, -8, -3]
 13:94.59, 35:75 [3, 8, -8, -3]
 16:94.59, 40:75 [3, 8, -8, -3]
 17:90.24, 69:75 [3, 9, -9, -3]
 18:90.24, 18:75 [3, 9, -9, -3]
 19:90.24, 50:75 [3, 9, -9, -3]
 20:90.24, 19:75 [3, 9, -9, -3]
801:116.33, 10:10 [8, 8735, 8645, 8872, 8837, 8995, 8598, -8]
802:118.99, 10:10 [8, 8760, 8743, 8969, 8950, -8]
803:123.45, 10:10 [8, 8786, 8669, 8831, 8736, 8852, 8699, -8]
804:149.52, 10:10 [8, 8703, 8739, 8915, 8999, 8662, -8]
805:136.30, 10:10 [8, 8562, 8737, 8672, 8577, 8692, -8]
806:86.02, 9:10 [8, 8987, 8977, 8765, -8]
807:120.00, 10:10 [8, 8593, 8606, 8649, 8665, -8]
808:55.90, 7:10 [8, 8734, 8861, 8835, -8]
809:20.00, 4:10 [8, 8826, -8]
810:127.91, 10:10 [8, 8753, 8882, 8922, 8903, 8721, -8]
811:71.01, 10:10 [8, 8949, 8975, 8965, -8]
812:47.36, 10:10 [8, 8762, 8557, 8559, -8]
813:2.00, 2:10 [8, 8679, -8]
814:89.96, 9:10 [8, 8538, 8548, 8680, 8693, -8]
815:206.51, 10:10 [8, 8638, 8845, 8596, 8556, 8782, 8535, -8]
816:53.11, 9:10 [8, 8745, 8766, 8717, 8973, -8]
817:95.30, 10:10 [8, 8568, 8621, 8584, -8]
818:80.17, 10:10 [8, 8904, 8906, 8944, -8]
820:83.51, 10:10 [8, 8911, 8865, 8814, 8909, 8993, -8]
822:95.03, 10:10 [8, 8937, 8686, 8846, 8790, 8572, 8767, 8740, -8]
823:123.94, 10:10 [8, 8917, 9005, 8803, 8941, -8]
901:79.02, 10:10 [9, 8862, 8788, 8880, 8870, -9]
902:118.13, 9:10 [9, 8549, 8646, 8589, -9]
903:103.98, 10:10 [9, 8876, 8934, 9007, 8972, 8932, 8885, -9]
904:37.95, 2:10 [9, 8641, -9]
905:46.80, 9:10 [9, 8930, 8919, 8874, -9]
906:79.50, 10:10 [9, 8927, 8856, 8964, 8910, -9]
907:91.12, 10:10 [9, 8634, 8585, 8574, 8613, -9]
908:97.10, 10:10 [9, 8764, 8868, 8863, -9]
909:94.03, 10:10 [9, 8796, 8741, 8781, 8818, -9]
910:79.81, 9:10 [9, 8761, 8866, 8713, -9]
911:72.55, 10:10 [9, 8711, 8811, 8733, 8759, 8847, -9]
912:136.21, 10:10 [9, 8576, 8603, 8554, 8587, 8614, -9]
913:103.79, 10:10 [9, 8617, 8871, 8998, 8802, 8970, 8971, -9]
915:89.61, 10:10 [9, 8821, 8962, 8565, -9]
916:10.77, 2:10 [9, 8726, -9]
917:119.36, 9:10 [9, 8642, 8524, 8652, 8633, -9]
918:105.56, 10:10 [9, 8896, 8900, 8834, 8812, 8901, -9]
919:109.13, 9:10 [9, 8545, 8959, 8719, 8886, -9]
920:159.06, 10:10 [9, 8825, 8842, 8873, 8829, -9]
921:52.20, 10:10 [9, 8725, 8775, 8920, 8774, -9]
923:107.77, 10:10 [9, 8935, 8536, 8980, 8819, 8926, -9]
924:73.27, 10:10 [9, 16681, 8828, 9009, -9]
fe: 8, se: 43

Day: 1, Time: 5
Total Cost: 6519.61
 11:66.27, 70:75 [2, 6, -6, -2]
 12:66.27, 67:75 [2, 6, -6, -2]
 13:66.27, 34:75 [2, 6, -6, -2]
 14:66.27, 64:75 [2, 6, -6, -2]
 15:66.27, 10:75 [2, -6, -2]
 16:151.76, 12:75 [2, -7, 6, -2]
 17:66.27, 10:75 [2, -6, -2]
 18:145.23, 52:75 [2, 7, -7, -2]
 19:145.23, 12:75 [2, -7, -2]
 20:66.27, 4:75 [2, -6, -2]
 21:66.27, 13:75 [2, -6, -2]
 22:66.27, 11:75 [2, -6, -2]
 23:66.27, 1:75 [2, -6, -2]
601:105.22, 10:10 [6, 8967, 8780, 8758, 8757, -6]
602:101.29, 9:10 [6, 8931, 8601, 8635, 8855, 8656, -6]
603:104.35, 10:10 [6, 8752, 8960, 8727, 8546, 8938, -6]
604:111.64, 10:10 [6, 9003, 8986, 8709, -6]
605:108.55, 9:10 [6, 8888, 8804, 8879, 8875, -6]
606:88.93, 9:10 [6, 8768, 8608, 8988, 8836, -6]
607:41.28, 8:10 [6, 8626, 8688, 8685, -6]
608:104.04, 10:10 [6, 8799, 8851, 8883, 8921, -6]
609:145.89, 1:10 [6, 8884, -6]
610:104.69, 10:10 [6, 8651, 8579, 8661, 8697, -6]
611:119.88, 2:10 [6, 8776, -6]
612:148.53, 9:10 [6, 8528, 8691, 8695, -6]
613:136.89, 3:10 [6, 8895, -6]
614:75.35, 10:10 [6, 8714, 8724, 8763, 8784, -6]
615:103.27, 10:10 [6, 8594, 8690, 8660, 8667, 8623, 8525, -6]
616:139.75, 5:10 [6, 8961, 9000, -6]
617:134.54, 4:10 [6, 8742, -6]
618:118.00, 10:10 [6, 8530, 8951, 8877, 8936, 8858, -6]
619:125.00, 9:10 [6, 8647, 8581, 8684, -6]
620:101.17, 10:10 [6, 8907, 8860, 8840, 8839, -6]
621:81.90, 8:10 [6, 8943, 8706, -6]
622:103.07, 9:10 [6, 8946, 8958, 8746, -6]
623:127.20, 1:10 [6, 8841, -6]
624:18.00, 4:10 [6, 8810, -6]
626:129.52, 4:10 [6, 8748, -6]
627:52.27, 9:10 [6, 8558, 8527, 8696, -6]
628:138.18, 10:10 [6, 8694, 8544, 8531, 8681, -6]
629:137.65, 8:10 [6, 8779, 8878, 8571, 8756, 9004, -6]
630:110.30, 10:10 [6, 8628, 8629, 8522, 8670, -6]
631:126.33, 10:10 [6, 8578, 8561, 8627, 8676, 8655, -6]
632:155.62, 10:10 [6, 8715, 8744, 8555, 8982, -6]
635:39.85, 10:10 [6, 8732, 8897, 9001, 8848, -6]
636:51.64, 10:10 [6, 8637, 8668, 8648, -6]
637:55.93, 7:10 [6, 8933, 8994, 8722, -6]
638:117.10, 9:10 [6, 8597, 8604, 8573, -6]
639:66.24, 10:10 [6, 8991, 8730, 8954, -6]
640:106.65, 8:10 [6, 8957, 8728, 8914, -6]
642:88.48, 9:10 [6, 8889, 8824, 8942, -6]
643:105.94, 8:10 [6, 8843, 8992, 8801, -6]
644:110.72, 10:10 [6, 8698, 8673, 8582, 8523, -6]
645:81.75, 10:10 [6, 8968, 8948, 8925, 8853, -6]
646:132.15, 10:10 [6, 8537, 8624, 8532, -6]
647:98.51, 10:10 [6, 8632, 8664, 8671, 8678, 8643, -6]
648:68.18, 10:10 [6, 8751, 8890, 8708, -6]
701:60.71, 6:10 [7, 8918, 8887, -7]
702:29.10, 5:10 [7, 8595, 8636, -7]
703:90.51, 3:10 [7, 8978, -7]
704:85.19, 10:10 [7, 8953, 8640, 8823, 8783, 8899, -7]
705:47.32, 5:10 [7, 9002, 9006, -7]
706:70.10, 8:10 [7, 8551, 8550, 8570, -7]
707:40.21, 10:10 [7, 8712, 8813, 8832, -7]
708:68.82, 3:10 [7, 8704, -7]
709:125.50, 10:10 [7, 8540, 8553, 8619, 8659, 8658, -7]
710:86.03, 9:10 [7, 8833, 8729, 8738, -7]
711:85.66, 10:10 [7, 8755, 8850, 8822, 8787, 8701, -7]
712:73.78, 3:10 [7, 8929, -7]
713:30.28, 8:10 [7, 8820, 8881, -7]
fe: 13, se: 57

Day: 1, Time: 10
Total Cost: 262.61
 11:66.27, 6:75 [2, -6, -2]
601:96.88, 3:10 [6, 14384, 12580, -6]
602:99.46, 3:10 [6, 15396, -6]
fe: 1, se: 2

Day: 1, Time: 20
Total Cost: 528.71
 11:136.01, 4:75 [1, -4, -1]
 12:153.31, 2:75 [1, -5, -1]
401:114.02, 4:10 [4, 9221, -4]
501:125.36, 2:10 [5, 14065, -5]
fe: 2, se: 2

Day: 1, Time: 25
Total Cost: 487.33
 11:66.27, 9:75 [2, -6, -2]
 12:145.23, 3:75 [2, -7, -2]
601:106.43, 4:10 [6, 9427, 10802, -6]
602:96.90, 5:10 [6, 12841, 15985, -6]
701:72.50, 3:10 [7, 9186, -7]
fe: 2, se: 3

Day: 1, Time: 35
Total Cost: 469.86
 11:94.59, 5:75 [3, -8, -3]
 12:90.24, 8:75 [3, -9, -3]
801:110.02, 5:10 [8, 13579, 14962, -8]
901:119.69, 4:10 [9, 11008, 13872, 13807, -9]
902:55.32, 4:10 [9, 11528, -9]
fe: 2, se: 3

Day: 1, Time: 40
Total Cost: 362.15
 11:66.27, 2:75 [2, -6, -2]
 12:66.27, 5:75 [2, -6, -2]
602:92.13, 2:10 [6, 10089, -6]
603:137.48, 5:10 [6, 14818, 10355, -6]
fe: 2, se: 2

Day: 1, Time: 45
Total Cost: 506.88
 11:136.01, 3:75 [1, -4, -1]
 12:153.31, 5:75 [1, -5, -1]
401:136.93, 3:10 [4, 13475, 11150, -4]
501:80.62, 5:10 [5, 10872, 13880, -5]
fe: 2, se: 2

Day: 1, Time: 45
Total Cost: 196.78
 11:66.27, 8:75 [2, -6, -2]
601:33.11, 4:10 [6, 16070, -6]
602:97.41, 4:10 [6, 11841, -6]
fe: 1, se: 2

Day: 1, Time: 45
Total Cost: 469.58
 11:94.59, 7:75 [3, -8, -3]
 12:94.59, 6:75 [3, -8, -3]
801:101.27, 4:10 [8, 16631, 13840, -8]
803:78.46, 6:10 [8, 13795, 9667, -8]
804:100.66, 3:10 [8, 9236, -8]
fe: 2, se: 3

Day: 1, Time: 50
Total Cost: 249.45
 11:136.01, 2:75 [1, -4, -1]
401:113.44, 2:10 [4, 14855, -4]
fe: 1, se: 1

Day: 1, Time: 50
Total Cost: 304.15
 11:66.27, 3:75 [2, -6, -2]
 12:145.23, 3:75 [2, -7, -2]
601:53.81, 3:10 [6, 16624, -6]
701:38.83, 3:10 [7, 12598, -7]
fe: 2, se: 2

Day: 1, Time: 55
Total Cost: 233.77
 11:136.01, 2:75 [1, -4, -1]
401:97.75, 2:10 [4, 9909, -4]
fe: 1, se: 1

Day: 1, Time: 60
Total Cost: 359.12
 11:94.59, 4:75 [3, -8, -3]
 12:90.24, 1:75 [3, -9, -3]
801:92.28, 4:10 [8, 14929, -8]
901:82.00, 1:10 [9, 12848, -9]
fe: 2, se: 2

Day: 1, Time: 65
Total Cost: 392.34
 11:90.24, 5:75 [3, -9, -3]
 12:90.24, 2:75 [3, -9, -3]
901:106.59, 5:10 [9, 13827, 14916, -9]
902:105.26, 2:10 [9, 14446, -9]
fe: 2, se: 2

Day: 1, Time: 70
Total Cost: 135.39
 11:94.59, 3:75 [3, -8, -3]
801:40.79, 3:10 [8, 11263, -8]
fe: 1, se: 1

Day: 1, Time: 80
Total Cost: 534.41
 11:136.01, 5:75 [1, -4, -1]
 12:153.31, 5:75 [1, -5, -1]
401:137.90, 4:10 [4, 14082, 9214, -4]
402:16.12, 1:10 [4, 12170, -4]
501:34.60, 3:10 [5, 10481, 13008, -5]
502:56.46, 2:10 [5, 16561, -5]
fe: 2, se: 4

Day: 1, Time: 80
Total Cost: 305.55
 11:94.59, 3:75 [3, -8, -3]
 12:90.24, 4:75 [3, -9, -3]
801:86.65, 3:10 [8, 16294, -8]
901:34.06, 4:10 [9, 14862, -9]
fe: 2, se: 2

Day: 1, Time: 85
Total Cost: 237.19
 11:66.27, 9:75 [2, -6, -2]
601:74.00, 1:10 [6, 9801, -6]
602:96.92, 8:10 [6, 16245, 15794, -6]
fe: 1, se: 2

Day: 1, Time: 90
Total Cost: 164.28
 11:66.27, 4:75 [2, -6, -2]
601:98.01, 4:10 [6, 10879, 9491, -6]
fe: 1, se: 1

Day: 1, Time: 90
Total Cost: 166.90
 11:90.24, 2:75 [3, -9, -3]
901:76.66, 2:10 [9, 12149, -9]
fe: 1, se: 1

Day: 1, Time: 95
Total Cost: 329.23
 11:94.59, 8:75 [3, -8, -3]
 12:94.59, 4:75 [3, -8, -3]
801:45.12, 4:10 [8, 10745, -8]
802:11.66, 4:10 [8, 17113, -8]
803:83.26, 4:10 [8, 16155, -8]
fe: 2, se: 3

Day: 1, Time: 100
Total Cost: 278.52
 11:136.01, 6:75 [1, -4, -1]
401:142.50, 6:10 [4, 17040, 16191, -4]
fe: 1, se: 1

Day: 1, Time: 105
Total Cost: 229.11
 11:90.24, 6:75 [3, -9, -3]
901:52.50, 4:10 [9, 13062, -9]
902:86.37, 2:10 [9, 9592, -9]
fe: 1, se: 2

Day: 1, Time: 115
Total Cost: 202.50
 11:136.01, 3:75 [1, -4, -1]
401:66.48, 3:10 [4, 16955, -4]
fe: 1, se: 1

Day: 1, Time: 115
Total Cost: 337.57
 11:66.27, 12:75 [2, -6, -2]
601:72.84, 3:10 [6, 11577, 17161, -6]
602:91.59, 3:10 [6, 13014, -6]
603:106.87, 6:10 [6, 10778, 17056, -6]
fe: 1, se: 3

Day: 1, Time: 115
Total Cost: 131.48
 11:90.24, 4:75 [3, -9, -3]
901:41.23, 4:10 [9, 13528, -9]
fe: 1, se: 1

Day: 1, Time: 120
Total Cost: 198.25
 11:153.31, 3:75 [1, -5, -1]
501:44.94, 3:10 [5, 14407, -5]
fe: 1, se: 1

Day: 1, Time: 120
Total Cost: 237.65
 11:66.27, 4:75 [2, -6, -2]
601:94.83, 3:10 [6, 16035, 11489, -6]
602:76.55, 1:10 [6, 17198, -6]
fe: 1, se: 2

Day: 1, Time: 120
Total Cost: 171.46
 11:90.24, 1:75 [3, -9, -3]
901:81.22, 1:10 [9, 15749, -9]
fe: 1, se: 1

Day: 1, Time: 125
Total Cost: 330.43
 11:66.27, 2:75 [2, -6, -2]
 12:145.23, 4:75 [2, -7, -2]
601:38.21, 2:10 [6, 14192, -6]
701:80.72, 4:10 [7, 10171, -7]
fe: 2, se: 2

Day: 1, Time: 125
Total Cost: 332.37
 11:90.24, 2:75 [3, -9, -3]
 12:90.24, 3:75 [3, -9, -3]
901:48.17, 2:10 [9, 14372, -9]
902:103.71, 3:10 [9, 16146, -9]
fe: 2, se: 2

Day: 1, Time: 130
Total Cost: 228.91
 11:153.31, 1:75 [1, -5, -1]
501:75.60, 1:10 [5, 9710, -5]
fe: 1, se: 1

Day: 1, Time: 130
Total Cost: 107.33
 11:90.24, 3:75 [3, -9, -3]
901:17.09, 3:10 [9, 11535, -9]
fe: 1, se: 1

Day: 1, Time: 135
Total Cost: 918.78
 11:136.01, 4:75 [1, -4, -1]
 12:136.01, 3:75 [1, -4, -1]
 13:153.31, 3:75 [1, -5, -1]
 14:153.31, 3:75 [1, -5, -1]
401:91.24, 4:10 [4, 10238, -4]
402:44.94, 3:10 [4, 17115, -4]
501:70.94, 2:10 [5, 16727, -5]
502:30.53, 3:10 [5, 10776, -5]
503:102.49, 1:10 [5, 17209, -5]
fe: 4, se: 5

Day: 1, Time: 140
Total Cost: 176.05
 11:66.27, 4:75 [2, -6, -2]
601:48.17, 2:10 [6, 16584, -6]
602:61.61, 2:10 [6, 9522, -6]
fe: 1, se: 2

Day: 1, Time: 150
Total Cost: 329.17
 11:66.27, 1:75 [2, -6, -2]
 12:145.23, 2:75 [2, -7, -2]
601:83.26, 1:10 [6, 13102, -6]
701:34.41, 2:10 [7, 12484, -7]
fe: 2, se: 2

Day: 1, Time: 150
Total Cost: 206.19
 11:94.59, 5:75 [3, -8, -3]
801:111.60, 5:10 [8, 10372, 11082, -8]
fe: 1, se: 1

Day: 1, Time: 155
Total Cost: 369.76
 11:136.01, 4:75 [1, -4, -1]
 12:153.31, 3:75 [1, -5, -1]
401:28.28, 4:10 [4, 9361, -4]
501:52.15, 3:10 [5, 11351, -5]
fe: 2, se: 2

Day: 1, Time: 155
Total Cost: 284.24
 11:94.59, 2:75 [3, -8, -3]
 12:90.24, 6:75 [3, -9, -3]
801:31.05, 2:10 [8, 12112, -8]
901:68.36, 6:10 [9, 12630, 10669, -9]
fe: 2, se: 2

Day: 1, Time: 160
Total Cost: 269.79
 11:136.01, 2:75 [1, -4, -1]
401:133.78, 2:10 [4, 13254, -4]
fe: 1, se: 1

Day: 1, Time: 160
Total Cost: 95.12
 11:66.27, 1:75 [2, -6, -2]
601:28.84, 1:10 [6, 14496, -6]
fe: 1, se: 1

Day: 1, Time: 160
Total Cost: 305.26
 11:94.59, 3:75 [3, -8, -3]
 12:90.24, 4:75 [3, -9, -3]
801:50.56, 3:10 [8, 16615, 13040, -8]
901:69.86, 4:10 [9, 15836, -9]
fe: 2, se: 2

Day: 1, Time: 165
Total Cost: 676.16
 11:153.31, 3:75 [1, -5, -1]
 12:136.01, 2:75 [1, -4, -1]
 13:136.01, 3:75 [1, -4, -1]
401:124.87, 2:10 [4, 11000, -4]
402:83.95, 3:10 [4, 13674, -4]
501:42.00, 3:10 [5, 14077, -5]
fe: 3, se: 3

Day: 1, Time: 170
Total Cost: 86.67
 11:66.27, 2:75 [2, -6, -2]
601:20.40, 2:10 [6, 11962, -6]
fe: 1, se: 1

Day: 1, Time: 175
Total Cost: 194.01
 11:136.01, 2:75 [1, -4, -1]
401:58.00, 2:10 [4, 16333, -4]
fe: 1, se: 1

Day: 1, Time: 175
Total Cost: 457.57
 11:90.24, 1:75 [3, -9, -3]
 12:94.59, 3:75 [3, -8, -3]
 13:90.24, 1:75 [3, -9, -3]
801:55.79, 3:10 [8, 13162, -8]
901:54.59, 1:10 [9, 11056, -9]
902:72.11, 1:10 [9, 10005, -9]
fe: 3, se: 3

Day: 1, Time: 180
Total Cost: 103.54
 11:94.59, 2:75 [3, -8, -3]
801:8.94, 2:10 [8, 10193, -8]
fe: 1, se: 1

Day: 1, Time: 260
Total Cost: 994.03
 11:136.01, 30:75 [1, -4, -1]
 12:153.31, 26:75 [1, -5, -1]
401:125.42, 8:10 [4, 10222, 10191, 13284, -4]
402:15.62, 4:10 [4, 11350, -4]
403:160.12, 9:10 [4, 9433, 15243, 10599, 10662, -4]
405:112.46, 9:10 [4, 10512, 14268, 12343, 12341, -4]
501:87.68, 8:10 [5, 12083, 12114, -5]
502:129.89, 8:10 [5, 14797, 11732, 11046, -5]
503:73.51, 10:10 [5, 14874, 13134, 13668, -5]
fe: 2, se: 7

Day: 1, Time: 280
Total Cost: 726.36
 12:90.24, 44:75 [3, -9, -3]
901:65.96, 10:10 [9, 14696, 9584, 15788, -9]
902:75.43, 7:10 [9, 13760, 16365, 10410, -9]
903:156.34, 10:10 [9, 11410, 10480, 17148, 10936, -9]
904:170.22, 9:10 [9, 12573, 10277, 15887, 14687, -9]
905:168.17, 8:10 [9, 15063, 10731, 16582, 13065, -9]
fe: 1, se: 5

Day: 1, Time: 285
Total Cost: 573.93
 11:66.27, 35:75 [2, -6, -2]
601:104.36, 10:10 [6, 15496, 11387, 9591, 13130, -6]
602:103.75, 5:10 [6, 13989, 10432, 12620, -6]
603:107.61, 10:10 [6, 16167, 14036, 13928, 13562, 17136, -6]
604:191.94, 10:10 [6, 16829, 9757, 11186, 13628, 11492, -6]
fe: 1, se: 4

Day: 1, Time: 300
Total Cost: 601.50
 11:179.78, 32:75 [1, -4, -5, -1]
401:128.79, 10:10 [4, 9766, 15661, 10794, -4]
402:84.27, 10:10 [4, 14245, 13739, 9856, -4]
501:24.33, 2:10 [5, 12596, -5]
502:48.17, 1:10 [5, 15419, -5]
503:136.17, 9:10 [5, 13694, 10452, 16885, 16473, -5]
fe: 1, se: 5

Day: 1, Time: 300
Total Cost: 265.33
 11:94.59, 8:75 [3, -8, -3]
801:170.74, 8:10 [8, 9225, 11175, 16097, -8]
fe: 1, se: 1

Day: 1, Time: 320
Total Cost: 903.45
 11:136.01, 55:75 [1, 4, -4, -1]
401:155.05, 8:10 [4, 304, 243, 17147, 3890, -4]
402:143.58, 10:10 [4, 7934, 207, 1399, 12908, 15430, 32, -4]
403:76.18, 10:10 [4, 170, 14, 3151, -4]
404:206.00, 10:10 [4, 16, 496, 158, -4]
405:101.70, 8:10 [4, 311, 278, 6706, 16182, -4]
406:84.92, 9:10 [4, 302, 228, 151, 7295, -4]
fe: 1, se: 6

Day: 1, Time: 355
Total Cost: 1059.81
 12:90.24, 67:75 [3, 9, -9, -3]
901:145.46, 10:10 [9, 253, 5694, 737, 10036, 153, 10083, -9]
902:117.34, 10:10 [9, 258, 163, 3908, 16646, 7380, -9]
903:153.60, 9:10 [9, 310, 16910, 12433, 111, 194, -9]
904:140.92, 10:10 [9, 197, 13479, 288, 11054, 205, 42, -9]
905:135.04, 9:10 [9, 217, 13290, 149, 150, 17137, 2112, -9]
906:123.35, 10:10 [9, 235, 52, 4151, 14321, -9]
909:153.85, 10:10 [9, 58, 12587, 13611, 239, 271, 86, -9]
fe: 1, se: 7

Day: 1, Time: 360
Total Cost: 1907.79
 11:136.01, 73:75 [1, 4, -4, -1]
 12:136.01, 10:75 [1, 4, -1]
 13:153.31, 68:75 [1, 5, -5, -1]
401:102.67, 10:10 [4, 70, 200, 6272, 23, 11442, -4]
402:90.00, 10:10 [4, 175, 7941, 122, 100, -4]
403:141.85, 10:10 [4, 251, 4372, 11305, 279, 5502, -4]
404:11.31, 3:10 [4, 98, -4]
405:55.14, 10:10 [4, 56, 6172, 5117, -4]
406:76.01, 10:10 [4, 2826, 7059, 53, 15613, 211, 5806, -4]
407:104.89, 10:10 [4, 77, 66, 4889, 5150, 38, -4]
408:155.53, 10:10 [4, 2318, 2596, 546, 51, 84, -4]
409:81.76, 10:10 [4, 195, 29, 152, 124, 121, 247, -4]
501:95.33, 10:10 [5, 157, 188, 106, 128, 181, -5]
502:115.06, 9:10 [5, 281, 49, 27, 141, -5]
503:150.27, 10:10 [5, 94, 91, 144, 4158, 261, -5]
504:43.60, 9:10 [5, 113, 301, 264, -5]
505:88.12, 10:10 [5, 224, 69, 186, 242, 35, 14954, -5]
506:60.08, 10:10 [5, 73, 832, 89, 18, -5]
508:110.84, 10:10 [5, 227, 61, 16649, 196, 192, 129, -5]
fe: 3, se: 16

Day: 1, Time: 360
Total Cost: 1218.79
 11:66.27, 72:75 [2, 6, -6, -2]
 13:66.27, 20:75 [2, 6, -2]
601:93.06, 10:10 [6, 274, 269, 206, -6]
602:145.04, 10:10 [6, 7925, 236, 14084, 282, 112, 317, 237, -6]
603:91.93, 10:10 [6, 166, 183, 50, 16985, 138, -6]
604:101.08, 10:10 [6, 8423, 9682, 46, 2845, 3422, 9375, -6]
605:144.29, 10:10 [6, 2573, 5182, 96, 219, 13487, 16724, 180, 173, -6]
606:71.93, 10:10 [6, 85, 5682, 21, 190, -6]
607:22.80, 3:10 [6, 308, -6]
609:191.08, 10:10 [6, 303, 55, 221, 210, 315, 43, -6]
610:77.87, 10:10 [6, 2055, 139, 7991, 9212, -6]
612:147.16, 9:10 [6, 156, 220, 71, 230, 15779, 244, 232, -6]
fe: 2, se: 10

Day: 1, Time: 360
Total Cost: 816.97
 11:113.51, 58:75 [3, 8, 9, -3]
801:154.64, 9:10 [8, 7894, 314, 4341, 256, -8]
802:58.11, 8:10 [8, 3272, 187, 2182, -8]
804:109.07, 10:10 [8, 1219, 168, 6785, 6604, 267, -8]
901:85.68, 7:10 [9, 531, 3836, -9]
902:116.02, 6:10 [9, 5190, 6165, 34, -9]
903:69.59, 10:10 [9, 24, 40, 5375, -9]
904:110.34, 8:10 [9, 6128, 268, -9]
fe: 1, se: 7

Day: 1, Time: 375
Total Cost: 415.03
 11:179.78, 4:75 [1, -4, -5, -1]
401:82.61, 1:10 [4, 15094, -4]
501:152.64, 3:10 [5, 11381, -5]
fe: 1, se: 2

Day: 1, Time: 395
Total Cost: 647.72
 11:90.24, 30:75 [3, -9, -3]
901:116.34, 8:10 [9, 13642, 16234, 9323, 10672, -9]
902:124.72, 10:10 [9, 11854, 12111, 14090, -9]
903:82.05, 3:10 [9, 12758, 12594, -9]
904:138.52, 5:10 [9, 13247, 15335, -9]
905:95.85, 4:10 [9, 15497, -9]
fe: 1, se: 5

Day: 1, Time: 400
Total Cost: 273.47
 11:153.31, 10:75 [1, -5, -1]
501:120.16, 10:10 [5, 9149, 15940, 15128, -5]
fe: 1, se: 1

Day: 1, Time: 400
Total Cost: 444.46
 11:151.76, 17:75 [2, -6, -7, -2]
601:149.97, 8:10 [6, 15826, 16846, -6]
701:85.88, 8:10 [7, 10809, 13391, 10521, -7]
702:56.85, 1:10 [7, 14122, -7]
fe: 1, se: 3

Day: 1, Time: 400
Total Cost: 199.25
 11:94.59, 4:75 [3, -8, -3]
801:104.65, 4:10 [8, 10250, -8]
fe: 1, se: 1

Day: 1, Time: 405
Total Cost: 1971.18
 11:136.01, 74:75 [1, 4, -1]
 12:153.31, 72:75 [1, 5, -1]
 13:153.31, 29:75 [1, 5, -1]
401:81.27, 9:10 [4, 13, 296, 109, 25, -4]
402:40.22, 9:10 [4, 7555, 1481, 4412, -4]
403:84.56, 10:10 [4, 78, 143, 3459, -4]
404:66.03, 8:10 [4, 280, 130, -4]
406:49.78, 10:10 [4, 260, 7104, 63, -4]
407:140.68, 10:10 [4, 114, 3794, 2838, 4324, -4]
408:94.90, 8:10 [4, 146, 68, 132, -4]
409:52.96, 10:10 [4, 97, 37, 313, -4]
501:146.85, 10:10 [5, 8471, 44, 134, 48, -5]
502:80.27, 10:10 [5, 199, 6239, 4472, 8508, -5]
503:36.89, 10:10 [5, 213, 225, 145, 287, -5]
504:87.10, 10:10 [5, 191, 8366, 6226, 11, -5]
505:93.06, 10:10 [5, 2088, 309, 298, -5]
506:93.45, 10:10 [5, 162, 172, 75, -5]
507:59.63, 9:10 [5, 193, 6714, 123, -5]
508:31.62, 4:10 [5, 120, -5]
509:133.89, 10:10 [5, 176, 2366, 312, 902, -5]
510:60.22, 9:10 [5, 259, 19, 45, -5]
511:95.16, 9:10 [5, 1111, 22, 136, -5]
fe: 3, se: 19

Day: 1, Time: 405
Total Cost: 2125.54
 11:66.27, 73:75 [2, 6, -2]
 12:66.27, 35:75 [2, 6, -2]
 13:66.27, 10:75 [2, 6, -6, -2]
 14:145.23, 68:75 [2, 7, -2]
601:109.84, 10:10 [6, 294, 202, 159, 297, 28, -6]
602:28.44, 5:10 [6, 233, 234, -6]
603:105.23, 10:10 [6, 1503, 116, 57, 74, -6]
604:109.32, 9:10 [6, 300, 154, 318, 7465, -6]
605:111.89, 9:10 [6, 204, 167, 214, -6]
606:125.33, 10:10 [6, 5137, 99, 7146, -6]
607:145.06, 10:10 [6, 147, 7871, 254, 76, -6]
608:86.01, 10:10 [6, 245, 249, 7604, -6]
609:59.47, 8:10 [6, 1979, 307, 3940, -6]
610:142.09, 10:10 [6, 238, 79, 2460, 10517, 110, -6]
611:78.49, 8:10 [6, 102, 290, 4785, -6]
612:89.37, 9:10 [6, 283, 135, 216, -6]
613:65.68, 10:10 [6, 169, 26, 182, 20, -6]
701:36.01, 10:10 [7, 291, 671, 179, -7]
702:100.36, 7:10 [7, 174, 41, 4350, -7]
703:78.27, 10:10 [7, 105, 7456, 215, -7]
704:51.66, 10:10 [7, 171, 31, 104, -7]
705:71.95, 10:10 [7, 107, 285, 1791, -7]
706:77.56, 6:10 [7, 275, 60, 255, 250, -7]
707:90.79, 8:10 [7, 319, 8425, 64, -7]
708:18.67, 7:10 [7, 8265, 4838, -7]
fe: 4, se: 21

Day: 1, Time: 405
Total Cost: 1725.29
 11:94.59, 73:75 [3, 8, -8, -3]
 13:90.24, 61:75 [3, 9, -3]
802:128.70, 8:10 [8, 33, 65, 125, 5717, -8]
803:92.04, 10:10 [8, 203, 270, 198, 108, -8]
804:97.80, 10:10 [8, 7345, 218, 82, 252, 286, -8]
805:112.52, 10:10 [8, 119, 95, 93, 83, -8]
806:50.08, 8:10 [8, 212, 160, 133, 4318, -8]
807:105.98, 10:10 [8, 263, 11131, 62, 39, 189, -8]
808:115.59, 10:10 [8, 67, 59, 9721, 80, 316, 209, -8]
810:75.70, 8:10 [8, 201, 262, -8]
901:78.93, 9:10 [9, 2799, 2086, 284, -9]
902:112.47, 10:10 [9, 2189, 30, 87, -9]
903:151.57, 7:10 [9, 185, 295, 126, 101, -9]
904:81.24, 8:10 [9, 277, 208, 54, 801, -9]
905:117.88, 10:10 [9, 273, 293, 142, 2887, -9]
907:107.35, 7:10 [9, 306, 115, 90, 12, -9]
908:112.60, 10:10 [9, 117, 161, 276, -9]
fe: 2, se: 15

Day: 1, Time: 410
Total Cost: 294.86
 11:153.31, 1:75 [1, -5, -1]
501:141.55, 1:10 [5, 13785, -5]
fe: 1, se: 1

Day: 1, Time: 410
Total Cost: 214.46
 11:66.27, 1:75 [2, -6, -2]
601:148.19, 1:10 [6, 10531, -6]
fe: 1, se: 1

Day: 1, Time: 410
Total Cost: 176.34
 11:90.24, 2:75 [3, -9, -3]
901:86.09, 2:10 [9, 16552, -9]
fe: 1, se: 1

Day: 1, Time: 415
Total Cost: 322.03
 11:151.76, 8:75 [2, -6, -7, -2]
601:130.87, 5:10 [6, 12006, 12709, -6]
701:39.40, 3:10 [7, 15075, -7]
fe: 1, se: 2

Day: 1, Time: 420
Total Cost: 244.51
 11:179.78, 3:75 [1, -4, -5, -1]
401:58.41, 2:10 [4, 13645, -4]
501:6.32, 1:10 [5, 12684, -5]
fe: 1, se: 2

Day: 1, Time: 430
Total Cost: 140.04
 11:94.59, 6:75 [3, -8, -3]
801:45.44, 6:10 [8, 16393, 15633, -8]
fe: 1, se: 1

Day: 1, Time: 450
Total Cost: 555.86
 11:66.27, 39:75 [2, 6, -2]
601:97.58, 9:10 [6, 226, 7501, 265, 257, -6]
602:142.85, 10:10 [6, 118, 81, 1548, -6]
603:83.96, 6:10 [6, 524, 266, -6]
604:78.86, 10:10 [6, 5387, 4984, 103, -6]
605:86.34, 4:10 [6, 10, 3480, -6]
fe: 1, se: 5

Day: 1, Time: 450
Total Cost: 609.96
 11:90.24, 16:75 [3, 9, -3]
 12:94.59, 23:75 [3, 8, -3]
801:86.95, 10:10 [8, 15, 1020, 88, 8519, -8]
802:95.06, 7:10 [8, 127, 8350, 7643, -8]
803:80.79, 6:10 [8, 148, 8037, 140, -8]
901:75.31, 6:10 [9, 5392, 299, -9]
902:45.83, 6:10 [9, 177, 137, -9]
903:41.18, 4:10 [9, 164, -9]
fe: 2, se: 6

Day: 1, Time: 460
Total Cost: 329.33
 11:136.01, 5:75 [1, 4, -1]
401:110.63, 2:10 [4, 184, -4]
402:82.68, 3:10 [4, 272, -4]
fe: 1, se: 2

Day: 1, Time: 460
Total Cost: 91.88
 11:66.27, 1:75 [2, 6, -2]
601:25.61, 1:10 [6, 1315, -6]
fe: 1, se: 1

Day: 1, Time: 495
Total Cost: 209.74
 11:136.01, 7:75 [1, 4, -1]
401:33.53, 4:10 [4, 131, -4]
402:40.20, 3:10 [4, 2392, -4]
fe: 1, se: 2

Day: 1, Time: 495
Total Cost: 526.62
 11:66.27, 15:75 [2, 6, -2]
 12:145.23, 2:75 [2, 7, -2]
601:100.44, 2:10 [6, 36, -6]
602:73.54, 4:10 [6, 5105, 2310, -6]
603:93.89, 7:10 [6, 240, 229, -6]
604:21.63, 2:10 [6, 1682, -6]
701:25.61, 2:10 [7, 4564, -7]
fe: 2, se: 5

Day: 1, Time: 495
Total Cost: 243.85
 12:90.24, 6:75 [3, 9, -3]
901:88.09, 2:10 [9, 241, -9]
902:65.51, 4:10 [9, 165, -9]
fe: 1, se: 2

Day: 1, Time: 525
Total Cost: 89.60
 11:66.27, 3:75 [2, 6, -2]
601:23.32, 3:10 [6, 222, -6]
fe: 1, se: 1


Day	Area	ID	Time	Load	Utilization	NoOrders	AssignmentCost
1	1	 7	270	 21	0.23	 9	285.00
1	1	 8	315	 90	1.00	38	975.00
1	1	27	315	 90	1.00	36	975.00
1	1	28	360	 78	0.87	29	855.00
1	1	10	405	  4	0.04	 2	115.00
1	1	30	450	  3	0.03	 1	84.00
1	1	19	810	 71	0.99	23	942.00
1	1	38	810	 70	0.97	30	930.00
1	2	63	225	 67	0.74	29	745.00
1	2	44	225	 55	0.61	17	625.00
1	2	45	270	 82	0.91	32	895.00
1	2	46	315	 87	0.97	35	945.00
1	2	65	315	 74	0.82	26	815.00
1	2	67	405	  6	0.07	 2	135.00
1	2	76	810	 27	0.38	19	414.00
1	2	57	810	 69	0.96	22	918.00
1	3	102	270	 90	1.00	52	975.00
1	3	83	270	 89	0.99	29	965.00
1	3	163	300	 19	0.11	11	530.00
1	3	84	315	 88	0.98	32	955.00
1	3	103	315	 66	0.73	20	735.00
1	3	164	400	  6	0.03	 3	270.00
1	3	105	405	 23	0.26	 8	305.00
1	3	110	630	 11	0.12	 3	185.00
1	3	114	810	 69	0.96	21	918.00
1	3	95	810	 72	1.00	34	954.00


Day	Area	Time	Pickup	Delivery	Direct	FEVehicles	SEVehicles	ALNSTime	ALNSBestTime	RoutingCostArea
1	1	0	85	58	0	6	39	160.32	134.49	4810.21
1	1	20	2	0	0	2	2	0.35	0.00	528.71
1	1	45	4	0	0	2	2	0.48	0.00	506.88
1	1	50	1	0	0	1	1	0.20	0.00	249.45
1	1	55	1	0	0	1	1	0.20	0.00	233.77
1	1	80	6	0	0	2	4	0.49	0.00	534.41
1	1	100	2	0	0	1	1	0.30	0.00	278.52
1	1	115	1	0	0	1	1	0.20	0.00	202.50
1	1	120	1	0	0	1	1	0.20	0.00	198.25
1	1	130	1	0	0	1	1	0.21	0.00	228.91
1	1	135	5	0	1	4	5	0.86	0.00	1418.78
1	1	155	2	0	0	2	2	0.35	0.00	369.76
1	1	160	1	0	1	1	1	0.20	0.00	769.79
1	1	165	3	0	0	3	3	0.48	0.00	676.16
1	1	170	0	0	1	0	0	0.00	0.00	500.00
1	1	175	1	0	0	1	1	0.20	0.00	194.01
1	1	260	20	0	0	2	7	1.56	0.00	994.03
1	1	300	12	0	0	1	5	0.95	0.00	601.50
1	1	320	4	20	0	1	6	3.46	2.34	903.45
1	1	360	5	68	0	3	16	19.30	14.47	1907.79
1	1	375	2	0	0	1	2	0.32	0.00	415.03
1	1	400	3	0	0	1	1	0.37	0.00	273.47
1	1	405	0	61	0	3	19	14.52	8.17	1971.18
1	1	410	1	0	0	1	1	0.20	0.00	294.86
1	1	420	2	0	0	1	2	0.30	0.00	244.51
1	1	460	0	2	0	1	2	0.28	0.00	329.33
1	1	495	0	2	0	1	2	0.23	0.00	209.74
1	2	5	107	72	0	13	57	119.90	81.84	6519.61
1	2	10	3	0	0	1	2	0.33	0.00	262.61
1	2	25	5	0	0	2	3	0.74	0.00	487.33
1	2	40	3	0	0	2	2	0.43	0.22	362.15
1	2	45	2	0	0	1	2	0.29	0.00	196.78
1	2	50	2	0	0	2	2	0.38	0.00	304.15
1	2	85	3	0	0	1	2	0.32	0.00	237.19
1	2	90	2	0	0	1	1	0.27	0.00	164.28
1	2	115	5	0	0	1	3	0.37	0.00	337.57
1	2	120	3	0	0	1	2	0.32	0.00	237.65
1	2	125	2	0	0	2	2	0.31	0.00	330.43
1	2	140	2	0	0	1	2	0.26	0.00	176.05
1	2	150	2	0	0	2	2	0.30	0.00	329.17
1	2	160	1	0	0	1	1	0.19	0.00	95.12
1	2	165	0	0	1	0	0	0.00	0.00	500.00
1	2	170	1	0	0	1	1	0.20	0.00	86.67
1	2	175	0	0	2	0	0	0.00	0.00	1000.00
1	2	285	17	0	0	1	4	1.21	0.00	573.93
1	2	360	8	43	0	2	10	10.24	5.03	1218.79
1	2	400	6	0	0	1	3	0.63	0.00	444.46
1	2	405	1	69	0	4	21	18.14	4.90	2125.54
1	2	410	1	0	0	1	1	0.20	0.00	214.46
1	2	415	3	0	0	1	2	0.37	0.00	322.03
1	2	450	0	14	0	1	5	1.04	0.00	555.86
1	2	460	0	1	0	1	1	0.19	0.00	91.88
1	2	495	0	7	0	2	5	0.55	0.00	526.62
1	2	525	0	1	0	1	1	0.19	0.00	89.60
1	3	0	119	50	0	8	43	92.87	63.17	4708.40
1	3	35	6	0	0	2	3	0.56	0.00	469.86
1	3	45	5	0	0	2	3	0.76	0.03	469.58
1	3	60	2	0	0	2	2	0.31	0.00	359.12
1	3	65	3	0	0	2	2	0.34	0.00	392.34
1	3	70	1	0	0	1	1	0.20	0.00	135.39
1	3	80	2	0	0	2	2	0.31	0.00	305.55
1	3	90	1	0	0	1	1	0.20	0.00	166.90
1	3	95	3	0	0	2	3	0.37	0.00	329.23
1	3	105	2	0	0	1	2	0.31	0.00	229.11
1	3	115	1	0	0	1	1	0.20	0.00	131.48
1	3	120	1	0	0	1	1	0.20	0.00	171.46
1	3	125	2	0	0	2	2	0.33	0.00	332.37
1	3	130	1	0	0	1	1	0.20	0.00	107.33
1	3	150	2	0	0	1	1	0.26	0.00	206.19
1	3	155	3	0	0	2	2	0.52	0.00	284.24
1	3	160	3	0	0	2	2	0.31	0.00	305.26
1	3	175	3	0	1	3	3	0.51	0.00	957.57
1	3	180	1	0	0	1	1	0.20	0.00	103.54
1	3	280	18	0	0	1	5	2.87	1.82	726.36
1	3	300	3	0	0	1	1	0.35	0.00	265.33
1	3	355	12	26	0	1	7	6.47	4.45	1059.81
1	3	360	0	22	0	1	7	1.29	0.00	816.97
1	3	395	12	0	0	1	5	1.90	0.61	647.72
1	3	400	1	0	0	1	1	0.20	0.00	199.25
1	3	405	2	57	0	2	15	8.33	0.00	1725.29
1	3	410	1	0	0	1	1	0.20	0.00	176.34
1	3	430	2	0	0	1	1	0.26	0.00	140.04
1	3	450	0	15	0	2	6	1.11	0.23	609.96
1	3	495	0	2	0	1	2	0.27	0.00	243.85

Day	SL	Own	DispatchTimes	AssignmentCost	RoutingCost	TotalCost
1	24	2	54	17445.00	54410.77	71855.77

Total Cost: 71855.77416571119
Cost per Day: 71855.77416571119
Running time in Seconds: 709.015
Running time in minutes: 11.816916666666666