INSTANCE: 2hubs_A_4_x.csv
PARAMETER: tuning_tight.txt
POLICY: MIP
ALPHA: 0.387023956898126
BETA: 78
OMEGA: 586
EPSILON: 1.00597325044486

Day: 1, Time: 0
Total Cost: 3058.27
 11:136.01, 58:75 [1, 3, -3, -1]
 12:136.01, 58:75 [1, 3, -3, -1]
 13:153.31, 40:75 [1, 4, -4, -1]
 14:153.31, 32:75 [1, 4, -4, -1]
301:79.63, 10:10 [3, 3288, 3236, 3282, 3287, -3]
302:105.45, 9:10 [3, 3168, 3212, 3199, 3203, 3204, -3]
303:83.40, 10:10 [3, 3264, 3261, 3195, 3193, -3]
304:126.74, 10:10 [3, 3265, 3183, 3101, 3100, -3]
305:44.50, 8:10 [3, 3172, 3142, -3]
306:57.74, 10:10 [3, 3154, 3112, 3166, 3093, -3]
307:85.61, 10:10 [3, 3311, 3225, 3295, 3226, -3]
308:72.29, 8:10 [3, 3291, 3189, 3196, 3310, -3]
309:71.91, 9:10 [3, 3276, 3221, 3103, 3135, -3]
310:91.92, 10:10 [3, 3280, 3296, 3143, 3292, 3146, -3]
311:81.00, 10:10 [3, 3223, 3214, 3227, 3246, 3305, -3]
312:137.81, 10:10 [3, 3152, 3218, 3180, 3237, 3178, 3088, -3]
314:69.33, 10:10 [3, 3245, 3274, 3222, -3]
316:159.02, 10:10 [3, 3133, 3124, 3184, 3177, 3138, 3207, 3253, 3268, -3]
317:112.94, 9:10 [3, 3200, 3179, 3285, 3176, -3]
320:174.06, 10:10 [3, 3194, 3126, 3098, 3108, 3241, 3286, 3114, 3232, -3]
401:44.02, 10:10 [4, 3099, 3147, 3117, -4]
402:120.44, 10:10 [4, 3278, 3306, 3211, 3123, -4]
403:74.34, 10:10 [4, 3299, 3182, 3201, 3273, 3171, -4]
404:57.52, 10:10 [4, 3202, 3260, 3165, -4]
405:89.29, 10:10 [4, 3181, 3167, 3090, -4]
406:80.03, 10:10 [4, 3110, 3161, 3170, 3144, 3092, -4]
408:54.98, 8:10 [4, 3120, 3250, 3294, 3293, -4]
412:86.18, 10:10 [4, 3249, 3290, 3315, 3302, -4]
413:158.46, 10:10 [4, 3243, 3238, 3224, 3169, 3192, 3231, -4]
415:161.00, 9:10 [4, 3198, 3116, 3256, 3279, -4]
fe: 4, se: 26

Day: 1, Time: 0
Total Cost: 2669.32
 11:66.27, 62:75 [2, 5, -5, -2]
 12:66.27, 65:75 [2, 5, -5, -2]
 13:66.27, 13:75 [2, 5, -5, -2]
 15:145.23, 48:75 [2, 6, -6, -2]
501:94.05, 7:10 [5, 3140, 3164, 3104, 3300, 3258, -5]
502:117.39, 10:10 [5, 3235, 3188, 3213, 3303, 3272, -5]
503:134.25, 10:10 [5, 3106, 3248, 3111, 3132, 3217, -5]
505:154.69, 10:10 [5, 3215, 3173, 3091, 3275, 3097, 3210, -5]
506:121.42, 10:10 [5, 3174, 3252, 3220, 3089, 3266, 3244, 3118, 3095, -5]
507:115.80, 10:10 [5, 3127, 3242, 3121, 3254, 3283, 3255, -5]
508:77.96, 10:10 [5, 3129, 3148, 3304, 3247, 3270, 3113, -5]
510:108.53, 10:10 [5, 3153, 3229, 3187, 3209, 3102, 3301, -5]
511:136.01, 10:10 [5, 3277, 3160, 3163, 3251, 3284, 3206, 3186, -5]
516:123.29, 10:10 [5, 3314, 3230, 3298, 3307, 3239, -5]
517:80.83, 7:10 [5, 3262, 3312, 3156, 3240, -5]
518:69.10, 10:10 [5, 3159, 3150, 3149, 3122, -5]
520:163.58, 10:10 [5, 3130, 3105, 3136, 3313, 3234, 3107, -5]
522:75.25, 10:10 [5, 3185, 3157, 3087, 3151, 3219, -5]
524:81.95, 10:10 [5, 3297, 3271, 3263, 3131, -5]
526:108.97, 9:10 [5, 3289, 3281, 3125, 3259, 3257, -5]
601:70.80, 6:10 [6, 3137, 3096, 3115, -6]
602:101.51, 9:10 [6, 3128, 3094, 3119, -6]
603:164.80, 10:10 [6, 3145, 3134, 3190, 3109, -6]
604:39.36, 9:10 [6, 3228, 3208, 3175, -6]
605:65.23, 8:10 [6, 3216, 3191, 3269, 3233, 3267, 3309, -6]
606:82.16, 10:10 [6, 3158, 3141, 3155, 3197, 3308, 3205, -6]
607:38.34, 8:10 [6, 3139, 3162, -6]
fe: 4, se: 23

Day: 1, Time: 40
Total Cost: 166.93
 11:66.27, 3:75 [2, -5, -2]
501:100.66, 3:10 [5, 3751, -5]
fe: 1, se: 1

Day: 1, Time: 50
Total Cost: 654.37
 11:136.01, 1:75 [1, -3, -1]
 12:136.01, 1:75 [1, -3, -1]
 13:153.31, 7:75 [1, -4, -1]
301:56.04, 1:10 [3, 4233, -3]
302:76.16, 1:10 [3, 4107, -3]
401:96.83, 7:10 [4, 6091, 3976, 5378, -4]
fe: 3, se: 3

Day: 1, Time: 70
Total Cost: 325.08
 11:136.01, 6:75 [1, -3, -1]
301:31.62, 4:10 [3, 3716, -3]
302:157.44, 2:10 [3, 3626, -3]
fe: 1, se: 2

Day: 1, Time: 70
Total Cost: 357.35
 11:66.27, 7:75 [2, -5, -2]
501:70.00, 2:10 [5, 3472, -5]
502:107.87, 1:10 [5, 5632, -5]
503:113.21, 4:10 [5, 4930, -5]
fe: 1, se: 3

Day: 1, Time: 80
Total Cost: 202.26
 11:136.01, 3:75 [1, -3, -1]
301:66.24, 3:10 [3, 4014, -3]
fe: 1, se: 1

Day: 1, Time: 110
Total Cost: 182.07
 11:153.31, 5:75 [1, -4, -1]
401:28.76, 5:10 [4, 3808, 3452, -4]
fe: 1, se: 1

Day: 1, Time: 125
Total Cost: 204.75
 11:136.01, 4:75 [1, -3, -1]
301:68.73, 4:10 [3, 4217, -3]
fe: 1, se: 1

Day: 1, Time: 130
Total Cost: 465.70
 11:66.27, 4:75 [2, -5, -2]
 12:66.27, 3:75 [2, -5, -2]
 13:145.23, 1:75 [2, -6, -2]
501:141.86, 4:10 [5, 3515, 5320, -5]
502:18.00, 3:10 [5, 5414, -5]
601:28.07, 1:10 [6, 3393, -6]
fe: 3, se: 3

Day: 1, Time: 165
Total Cost: 195.25
 11:66.27, 3:75 [2, -5, -2]
501:128.98, 3:10 [5, 3630, 3731, -5]
fe: 1, se: 1

Day: 1, Time: 175
Total Cost: 420.32
 11:136.01, 5:75 [1, -3, -1]
 12:136.01, 1:75 [1, -3, -1]
301:44.44, 5:10 [3, 5201, 3854, -3]
302:103.85, 1:10 [3, 3957, -3]
fe: 2, se: 2

Day: 1, Time: 175
Total Cost: 227.69
 11:145.23, 4:75 [2, -6, -2]
601:82.46, 4:10 [6, 6064, -6]
fe: 1, se: 1

Day: 1, Time: 270
Total Cost: 549.95
 11:136.01, 7:75 [1, -3, -1]
 12:153.31, 7:75 [1, -4, -1]
302:108.43, 7:10 [3, 5094, 5613, 5698, -3]
401:152.20, 7:10 [4, 4587, 6052, 4992, -4]
fe: 2, se: 2

Day: 1, Time: 275
Total Cost: 305.62
 11:66.27, 11:75 [2, -5, -2]
501:152.79, 9:10 [5, 3595, 5363, 4634, 5006, -5]
502:86.56, 2:10 [5, 4517, -5]
fe: 1, se: 2

Day: 1, Time: 360
Total Cost: 915.40
 11:136.01, 25:75 [1, 3, -3, -1]
301:137.07, 10:10 [3, 5812, 62, 5848, 6057, 91, 5122, -3]
302:163.86, 5:10 [3, 124, 4147, 93, 99, 49, 2442, -3]
303:191.88, 3:10 [3, 119, 80, 43, -3]
304:148.59, 10:10 [3, 4767, 4166, 5855, 4562, -3]
305:137.99, 8:10 [3, 26, 30, 76, 4333, 5425, 79, 40, -3]
fe: 1, se: 5

Day: 1, Time: 360
Total Cost: 693.65
 11:66.27, 36:75 [2, 5, -5, -2]
501:145.06, 10:10 [5, 1043, 4676, 3762, 5718, -5]
502:125.10, 8:10 [5, 786, 1292, 4849, 5278, -5]
503:178.68, 9:10 [5, 1599, 1819, 6143, 2901, 5307, 4531, -5]
504:178.54, 10:10 [5, 5459, 5183, 4605, 2640, -5]
fe: 1, se: 4

Day: 1, Time: 390
Total Cost: 257.19
 11:136.01, 6:75 [1, -3, -1]
301:121.18, 6:10 [3, 4917, 3821, -3]
fe: 1, se: 1

Day: 1, Time: 405
Total Cost: 886.32
 11:136.01, 21:75 [1, 3, -1]
 12:153.31, 38:75 [1, 4, -1]
301:34.32, 8:10 [3, 64, 52, 77, -3]
302:11.31, 3:10 [3, 2224, -3]
304:161.87, 10:10 [3, 108, 57, 67, -3]
401:103.77, 9:10 [4, 2145, 7, 38, -4]
402:15.23, 2:10 [4, 282, -4]
403:61.65, 9:10 [4, 81, 561, 107, -4]
404:163.64, 9:10 [4, 114, 117, 23, -4]
405:45.20, 9:10 [4, 113, 15, 45, -4]
fe: 2, se: 8

Day: 1, Time: 405
Total Cost: 914.32
 11:66.27, 60:75 [2, 5, -5, -2]
501:151.04, 9:10 [5, 262, 618, 105, 56, -5]
502:98.23, 10:10 [5, 98, 11, 121, 4845, -5]
503:133.34, 9:10 [5, 24, 92, 35, 115, 14, -5]
504:125.60, 9:10 [5, 84, 83, 33, 13, 46, -5]
505:153.10, 10:10 [5, 22, 104, 74, 100, -5]
506:167.35, 9:10 [5, 55, 59, 103, -5]
507:19.39, 4:10 [5, 71, 125, -5]
fe: 1, se: 7

Day: 1, Time: 410
Total Cost: 258.27
 11:153.31, 3:75 [1, -4, -1]
401:104.96, 3:10 [4, 5191, -4]
fe: 1, se: 1

Day: 1, Time: 415
Total Cost: 155.51
 11:66.27, 3:75 [2, -5, -2]
501:89.24, 3:10 [5, 3376, 4426, -5]
fe: 1, se: 1

Day: 1, Time: 420
Total Cost: 145.92
 11:66.27, 4:75 [2, -5, -2]
501:79.65, 4:10 [5, 3582, -5]
fe: 1, se: 1

Day: 1, Time: 450
Total Cost: 456.01
 11:66.27, 24:75 [2, 5, -2]
501:78.43, 2:10 [5, 436, -5]
502:76.84, 2:10 [5, 60, -5]
503:77.82, 4:10 [5, 36, -5]
504:62.98, 8:10 [5, 86, 1027, -5]
505:93.66, 8:10 [5, 32, 526, -5]
fe: 1, se: 5

Day: 1, Time: 460
Total Cost: 471.86
 11:136.01, 14:75 [1, 3, -1]
301:88.74, 4:10 [3, 25, 85, -3]
302:103.25, 6:10 [3, 2130, 2874, -3]
303:49.52, 2:10 [3, 325, -3]
305:94.34, 2:10 [3, 72, -3]
fe: 1, se: 4

Day: 1, Time: 460
Total Cost: 546.90
 11:66.27, 22:75 [2, 5, -2]
501:99.83, 5:10 [5, 66, 70, 34, -5]
502:139.17, 5:10 [5, 116, 21, -5]
503:88.21, 6:10 [5, 88, 12, -5]
504:32.34, 2:10 [5, 53, 767, -5]
505:121.08, 4:10 [5, 48, -5]
fe: 1, se: 5


Day	Area	ID	Time	Load	Utilization	NoOrders	AssignmentCost
1	1	 7	270	 17	0.28	 7	245.00
1	1	 8	315	 60	1.00	26	675.00
1	1	 9	360	 24	0.40	 7	315.00
1	1	43	400	 22	0.18	10	590.00
1	1	15	630	 60	1.00	19	675.00
1	1	18	765	 24	0.50	 7	378.00
1	1	19	810	 48	1.00	24	666.00
1	2	51	300	 20	0.17	15	550.00
1	2	27	315	 59	0.98	20	665.00
1	2	52	400	 14	0.12	 6	430.00
1	2	33	585	 33	0.55	10	405.00
1	2	37	765	 48	1.00	12	666.00
1	2	38	810	 48	1.00	26	666.00


Day	Area	Time	Pickup	Delivery	Direct	FEVehicles	SEVehicles	ALNSTime	ALNSBestTime	RoutingCostArea
1	1	0	62	53	0	4	26	67.54	40.21	3058.27
1	1	50	5	0	0	3	3	0.51	0.00	654.37
1	1	70	2	0	0	1	2	0.32	0.00	325.08
1	1	80	1	0	1	1	1	0.25	0.00	702.26
1	1	110	2	0	1	1	1	0.33	0.00	682.07
1	1	125	1	0	0	1	1	0.20	0.00	204.75
1	1	150	0	0	1	0	0	0.00	0.00	500.00
1	1	175	3	0	0	2	2	0.41	0.00	420.32
1	1	180	0	0	1	0	0	0.00	0.00	500.00
1	1	270	6	0	0	2	2	0.58	0.00	549.95
1	1	360	11	15	0	1	5	3.37	1.16	915.40
1	1	390	2	0	0	1	1	0.31	0.00	257.19
1	1	405	0	20	0	2	8	1.40	0.74	886.32
1	1	410	1	0	0	1	1	0.20	0.00	258.27
1	1	460	0	6	0	1	4	0.36	0.00	471.86
1	2	0	57	57	0	4	23	36.43	24.60	2669.32
1	2	40	1	0	0	1	1	0.23	0.00	166.93
1	2	70	3	0	0	1	3	0.40	0.00	357.35
1	2	130	4	0	0	3	3	0.57	0.00	465.70
1	2	165	2	0	1	1	1	0.29	0.00	695.25
1	2	175	1	0	0	1	1	0.21	0.00	227.69
1	2	275	5	0	0	1	2	0.46	0.00	305.62
1	2	360	11	7	0	1	4	1.77	0.97	693.65
1	2	405	1	26	0	1	7	1.71	0.00	914.32
1	2	415	2	0	0	1	1	0.28	0.00	155.51
1	2	420	1	0	0	1	1	0.18	0.00	145.92
1	2	450	0	7	0	1	5	0.46	0.00	456.01
1	2	460	0	10	0	1	5	0.70	0.03	546.90

Day	SL	Own	DispatchTimes	AssignmentCost	RoutingCost	TotalCost
1	10	3	28	6926.00	18186.29	25112.29

Total Cost: 25112.285896632915
Cost per Day: 25112.285896632915
Running time in Seconds: 168.661
Running time in minutes: 2.8110166666666667