INSTANCE: 2hubs_A_26_x.csv
PARAMETER: tuning_tight.txt
POLICY: MIP
ALPHA: 0.387023956898126
BETA: 78
OMEGA: 586
EPSILON: 1.00597325044486

Day: 1, Time: 0
Total Cost: 3796.67
 11:136.01, 52:75 [1, 3, -3, -1]
 12:136.01, 27:75 [1, 3, -3, -1]
 13:136.01, 36:75 [1, 3, -3, -1]
 14:136.01, 12:75 [1, -3, -1]
 15:153.31, 46:75 [1, 4, -4, -1]
 16:153.31, 43:75 [1, 4, -4, -1]
 17:153.31, 10:75 [1, 4, -4, -1]
301:81.89, 10:10 [3, 3126, 3200, 3275, 3181, 3171, -3]
302:62.90, 9:10 [3, 3131, 3087, 3146, -3]
303:123.85, 8:10 [3, 3247, 3100, 3233, 3245, -3]
304:120.29, 9:10 [3, 3295, 3228, 4586, 3135, -3]
305:142.44, 4:10 [3, 3310, -3]
306:50.23, 10:10 [3, 3209, 3119, 3238, 3098, -3]
307:53.74, 9:10 [3, 3104, 3136, 3125, 3188, -3]
308:88.66, 9:10 [3, 3230, 3257, 3288, 3250, 3191, -3]
309:74.55, 9:10 [3, 3149, 3175, 3165, 3267, 3114, -3]
310:156.01, 2:10 [3, 3262, -3]
311:122.37, 8:10 [3, 3180, 3183, 3253, 3297, 3210, -3]
313:105.26, 9:10 [3, 3143, 3152, 3103, 3094, -3]
315:129.15, 5:10 [3, 3282, 3305, 3099, -3]
316:44.30, 9:10 [3, 3214, 3246, 3179, 3244, -3]
317:171.07, 10:10 [3, 3116, 3218, 3132, 3236, 3266, 3092, 3225, 3091, -3]
319:89.34, 10:10 [3, 3199, 3235, 3224, 3138, 3217, 3182, 3258, -3]
320:95.67, 10:10 [3, 3290, 3229, 3281, 3291, 3299, -3]
401:228.56, 10:10 [4, 3207, 3124, 3088, 3123, 3102, 3303, 3264, -4]
402:92.24, 10:10 [4, 3089, 3164, 3206, 3314, 3174, -4]
403:12.17, 4:10 [4, 3255, -4]
404:86.73, 10:10 [4, 3110, 3241, 3144, 3129, -4]
406:118.09, 10:10 [4, 3216, 3154, 3187, 3105, 3184, 3298, -4]
408:94.77, 10:10 [4, 3312, 3155, 3251, 3293, -4]
409:89.05, 10:10 [4, 3194, 3177, 3192, 3115, -4]
410:50.61, 10:10 [4, 3277, 3307, 3292, 3220, -4]
412:64.20, 9:10 [4, 3283, 3315, 3263, 3306, -4]
413:104.11, 10:10 [4, 3304, 3239, 3260, 3311, 3287, -4]
415:140.42, 10:10 [4, 3108, 3274, 3117, 3189, 3300, -4]
fe: 7, se: 28

Day: 1, Time: 0
Total Cost: 2622.51
 11:66.27, 75:75 [2, 5, -5, -2]
 12:66.27, 47:75 [2, 5, -5, -2]
 14:66.27, 17:75 [2, 5, -5, -2]
 15:145.23, 35:75 [2, 6, -6, -2]
501:133.54, 8:10 [5, 3121, 3226, 3127, 3163, 3170, -5]
502:145.20, 10:10 [5, 3142, 3221, 3186, 3240, 3212, 3122, -5]
504:173.82, 10:10 [5, 3128, 3178, 3159, 3161, 3309, -5]
505:132.94, 10:10 [5, 3133, 3271, 3205, 3198, 3150, -5]
506:91.15, 10:10 [5, 3279, 3201, 3157, 3268, -5]
507:166.32, 7:10 [5, 3167, 3109, 3289, 3270, 3249, 3213, 3204, -5]
509:101.20, 9:10 [5, 3202, 3166, 3096, 3232, 3173, 3223, 3285, -5]
510:134.08, 10:10 [5, 3203, 3113, 3130, 3120, 3265, 3137, 3118, 3234, 3176, -5]
511:87.76, 9:10 [5, 3313, 3259, 3308, -5]
512:64.75, 10:10 [5, 3147, 3162, 3140, -5]
513:82.84, 10:10 [5, 3097, 3151, 3196, 3261, -5]
514:102.23, 9:10 [5, 3252, 3190, 3286, 3227, 3273, -5]
516:105.25, 10:10 [5, 3101, 3211, 3237, 3145, 3242, 3106, 3272, -5]
517:178.54, 10:10 [5, 3160, 3168, 3254, 3156, 3141, -5]
524:108.01, 10:10 [5, 3301, 3278, 3248, 3276, 3107, 3222, 3243, -5]
601:96.01, 10:10 [6, 3219, 3284, 3139, 3153, 3296, -6]
602:35.15, 5:10 [6, 3172, 3169, -6]
603:90.95, 10:10 [6, 3185, 3112, 3148, 3269, 3294, 3256, -6]
604:70.94, 10:10 [6, 3095, 3193, 3158, 3090, -6]
605:84.94, 10:10 [6, 3093, 3215, 3134, 3111, 3195, -6]
606:92.83, 9:10 [6, 3280, 3302, 3208, 3231, -6]
fe: 4, se: 21

Day: 1, Time: 40
Total Cost: 415.54
 11:66.27, 3:75 [2, -5, -2]
 12:66.27, 8:75 [2, -5, -2]
501:72.47, 3:10 [5, 4260, -5]
502:86.56, 3:10 [5, 3913, -5]
503:123.97, 5:10 [5, 5513, 6256, -5]
fe: 2, se: 3

Day: 1, Time: 60
Total Cost: 465.27
 11:136.01, 7:75 [1, -3, -1]
 12:153.31, 3:75 [1, -4, -1]
301:117.42, 7:10 [3, 6028, 6174, 5489, -3]
401:58.53, 3:10 [4, 6161, 4902, -4]
fe: 2, se: 2

Day: 1, Time: 65
Total Cost: 378.83
 11:66.27, 7:75 [2, -5, -2]
 12:145.23, 3:75 [2, -6, -2]
501:123.47, 7:10 [5, 5893, 4777, 6275, -5]
601:43.86, 3:10 [6, 4419, -6]
fe: 2, se: 2

Day: 1, Time: 70
Total Cost: 469.27
 11:136.01, 1:75 [1, -3, -1]
 12:153.31, 1:75 [1, -4, -1]
301:137.19, 1:10 [3, 4862, -3]
401:42.76, 1:10 [4, 4702, -4]
fe: 2, se: 2

Day: 1, Time: 80
Total Cost: 254.17
 11:136.01, 4:75 [1, -3, -1]
301:118.15, 4:10 [3, 4061, -3]
fe: 1, se: 1

Day: 1, Time: 80
Total Cost: 387.80
 11:66.27, 4:75 [2, -5, -2]
 12:66.27, 2:75 [2, -5, -2]
501:168.72, 4:10 [5, 6185, 5227, -5]
502:86.53, 2:10 [5, 3670, -5]
fe: 2, se: 2

Day: 1, Time: 85
Total Cost: 371.67
 11:136.01, 1:75 [1, -3, -1]
 12:153.31, 2:75 [1, -4, -1]
301:34.93, 1:10 [3, 5784, -3]
401:47.41, 2:10 [4, 3692, -4]
fe: 2, se: 2

Day: 1, Time: 90
Total Cost: 172.07
 11:136.01, 4:75 [1, -3, -1]
301:36.06, 4:10 [3, 6261, -3]
fe: 1, se: 1

Day: 1, Time: 95
Total Cost: 319.70
 11:153.31, 3:75 [1, -4, -1]
401:166.39, 3:10 [4, 3439, -4]
fe: 1, se: 1

Day: 1, Time: 105
Total Cost: 487.43
 11:66.27, 12:75 [2, -5, -2]
 12:66.27, 8:75 [2, -5, -2]
501:40.00, 4:10 [5, 5660, -5]
502:102.70, 2:10 [5, 5358, -5]
503:110.73, 8:10 [5, 3979, 5257, -5]
504:101.45, 6:10 [5, 5611, 5016, -5]
fe: 2, se: 4

Day: 1, Time: 110
Total Cost: 180.83
 11:66.27, 4:75 [2, -5, -2]
501:114.56, 4:10 [5, 4143, -5]
fe: 1, se: 1

Day: 1, Time: 120
Total Cost: 504.66
 11:153.31, 1:75 [1, -4, -1]
 12:153.31, 1:75 [1, -4, -1]
401:80.99, 1:10 [4, 4817, -4]
402:117.05, 1:10 [4, 4256, -4]
fe: 2, se: 2

Day: 1, Time: 130
Total Cost: 594.46
 11:153.31, 6:75 [1, -4, -1]
 12:153.31, 3:75 [1, -4, -1]
401:49.40, 1:10 [4, 4374, -4]
402:72.14, 2:10 [4, 4069, -4]
403:166.31, 6:10 [4, 4115, 5614, -4]
fe: 2, se: 3

Day: 1, Time: 130
Total Cost: 444.81
 11:66.27, 2:75 [2, -5, -2]
 12:66.27, 6:75 [2, -5, -2]
501:89.20, 1:10 [5, 4355, -5]
502:203.07, 6:10 [5, 5647, 5872, 4499, -5]
503:20.00, 1:10 [5, 4659, -5]
fe: 2, se: 3

Day: 1, Time: 135
Total Cost: 99.07
 11:66.27, 4:75 [2, -5, -2]
501:32.80, 4:10 [5, 6094, -5]
fe: 1, se: 1

Day: 1, Time: 145
Total Cost: 226.72
 11:66.27, 6:75 [2, -5, -2]
501:160.45, 6:10 [5, 5757, 5176, -5]
fe: 1, se: 1

Day: 1, Time: 160
Total Cost: 208.29
 11:136.01, 3:75 [1, -3, -1]
301:72.28, 3:10 [3, 6242, -3]
fe: 1, se: 1

Day: 1, Time: 165
Total Cost: 342.89
 11:66.27, 1:75 [2, -5, -2]
 12:145.23, 1:75 [2, -6, -2]
501:89.20, 1:10 [5, 5173, -5]
601:42.19, 1:10 [6, 6244, -6]
fe: 2, se: 2

Day: 1, Time: 180
Total Cost: 427.24
 11:153.31, 2:75 [1, -4, -1]
 12:153.31, 3:75 [1, -4, -1]
401:90.35, 2:10 [4, 5252, -4]
402:30.27, 3:10 [4, 3754, -4]
fe: 2, se: 2

Day: 1, Time: 180
Total Cost: 294.51
 11:66.27, 2:75 [2, -5, -2]
 12:66.27, 1:75 [2, -5, -2]
501:65.30, 2:10 [5, 4898, -5]
502:96.66, 1:10 [5, 3921, -5]
fe: 2, se: 2

Day: 1, Time: 260
Total Cost: 894.45
 11:136.01, 15:75 [1, -3, -1]
 12:153.31, 25:75 [1, -4, -1]
301:32.52, 7:10 [3, 6221, 3496, -3]
302:198.94, 8:10 [3, 4177, 3429, 6049, -3]
401:175.19, 10:10 [4, 5316, 5308, 4555, 3761, 3944, -4]
402:92.02, 7:10 [4, 5213, 4165, -4]
403:106.45, 8:10 [4, 5539, 4964, -4]
fe: 2, se: 5

Day: 1, Time: 275
Total Cost: 240.67
 11:136.01, 2:75 [1, -3, -1]
301:104.65, 2:10 [3, 5874, -3]
fe: 1, se: 1

Day: 1, Time: 275
Total Cost: 467.35
 11:66.27, 18:75 [2, -5, -2]
501:181.92, 8:10 [5, 6076, 4711, 3785, 5631, 3568, -5]
503:219.15, 10:10 [5, 4188, 4988, 5997, 3832, -5]
fe: 1, se: 2

Day: 1, Time: 295
Total Cost: 397.17
 11:179.78, 12:75 [1, -3, -4, -1]
301:129.88, 4:10 [3, 4100, -3]
401:87.52, 8:10 [4, 5987, 5086, -4]
fe: 1, se: 2

Day: 1, Time: 360
Total Cost: 1048.96
 11:136.01, 32:75 [1, 3, -3, -1]
 12:153.31, 8:75 [1, 4, -4, -1]
301:109.28, 8:10 [3, 5231, 723, 2703, -3]
302:145.01, 9:10 [3, 59, 2904, 123, 4888, -3]
303:163.68, 10:10 [3, 58, 111, 4005, 80, 89, 69, -3]
304:65.07, 4:10 [3, 21, 86, 1587, 4216, -3]
306:80.79, 7:10 [3, 1229, 1165, 5960, 3066, -3]
401:56.63, 5:10 [4, 6019, 99, -4]
402:139.18, 10:10 [4, 3730, 480, 2323, 37, 1469, -4]
fe: 2, se: 7

Day: 1, Time: 360
Total Cost: 683.68
 11:66.27, 21:75 [2, 5, -5, -2]
501:104.15, 6:10 [5, 91, 4776, 100, -5]
502:230.45, 8:10 [5, 4339, 4962, 101, 39, -5]
503:163.48, 10:10 [5, 5090, 298, 72, 1244, 5729, -5]
504:119.32, 10:10 [5, 3420, 4876, 5416, 4349, -5]
fe: 1, se: 4

Day: 1, Time: 385
Total Cost: 480.04
 11:136.01, 6:75 [1, -3, -1]
301:133.15, 2:10 [3, 3477, -3]
302:74.67, 1:10 [3, 5346, -3]
303:58.31, 1:10 [3, 3948, -3]
304:77.90, 2:10 [3, 5543, -3]
fe: 1, se: 4

Day: 1, Time: 400
Total Cost: 350.80
 11:66.27, 14:75 [2, -5, -2]
501:72.80, 3:10 [5, 4894, -5]
502:107.03, 7:10 [5, 5877, 5934, -5]
503:104.69, 4:10 [5, 5152, -5]
fe: 1, se: 3

Day: 1, Time: 405
Total Cost: 888.08
 11:136.01, 59:75 [1, 3, -1]
301:84.74, 9:10 [3, 1708, 88, 1826, -3]
302:25.06, 4:10 [3, 52, -3]
303:102.76, 8:10 [3, 953, 15, -3]
304:166.01, 10:10 [3, 104, 11, 81, 2168, -3]
305:182.99, 8:10 [3, 25, 29, 79, -3]
306:80.17, 10:10 [3, 118, 96, 47, -3]
307:110.33, 10:10 [3, 112, 94, 2421, 8, -3]
fe: 1, se: 7

Day: 1, Time: 405
Total Cost: 1021.36
 11:66.27, 60:75 [2, 5, -2]
501:122.09, 10:10 [5, 70, 40, 120, 57, 115, -5]
502:156.90, 8:10 [5, 34, 19, 87, 67, 98, -5]
503:150.14, 10:10 [5, 114, 1396, 27, 105, -5]
504:105.49, 7:10 [5, 121, 63, 56, 20, -5]
505:106.08, 9:10 [5, 2838, 92, 30, -5]
506:142.10, 7:10 [5, 2299, 122, 93, -5]
507:172.27, 9:10 [5, 97, 24, 45, 1184, 1512, -5]
fe: 1, se: 7

Day: 1, Time: 415
Total Cost: 407.11
 11:136.01, 4:75 [1, -3, -1]
301:140.58, 2:10 [3, 5333, -3]
302:130.51, 2:10 [3, 4670, -3]
fe: 1, se: 2

Day: 1, Time: 420
Total Cost: 168.39
 11:66.27, 7:75 [2, -5, -2]
501:102.12, 7:10 [5, 5402, 5773, -5]
fe: 1, se: 1

Day: 1, Time: 450
Total Cost: 234.04
 11:136.01, 1:75 [1, 3, -1]
301:98.02, 1:10 [3, 1983, -3]
fe: 1, se: 1

Day: 1, Time: 450
Total Cost: 746.46
 11:151.76, 57:75 [2, 5, 6, -2]
501:92.81, 9:10 [5, 3052, 61, 65, -5]
502:102.97, 10:10 [5, 2984, 1672, 49, 73, -5]
503:118.12, 9:10 [5, 502, 879, 1627, 55, -5]
504:76.11, 7:10 [5, 117, 48, -5]
505:7.21, 4:10 [5, 103, -5]
506:122.72, 7:10 [5, 84, 43, 60, -5]
601:35.36, 8:10 [6, 3071, 871, -6]
602:39.40, 3:10 [6, 9, -6]
fe: 1, se: 8

Day: 1, Time: 495
Total Cost: 153.94
 11:66.27, 5:75 [2, 5, -2]
501:87.67, 5:10 [5, 2062, 249, -5]
fe: 1, se: 1


Day	Area	ID	Time	Load	Utilization	NoOrders	AssignmentCost
1	1	 7	270	 15	0.25	 7	225.00
1	1	 8	315	 60	1.00	29	675.00
1	1	 9	360	 59	0.98	21	665.00
1	1	10	405	 15	0.25	 5	225.00
1	1	15	630	 58	0.97	21	655.00
1	1	18	765	 41	0.85	13	582.00
1	1	19	810	 48	1.00	24	666.00
1	2	26	270	 18	0.30	 7	255.00
1	2	51	300	 21	0.18	14	570.00
1	2	27	315	 59	0.98	20	665.00
1	2	28	360	  1	0.02	 1	85.00
1	2	32	540	 33	0.46	 9	324.00
1	2	34	630	 37	0.62	12	445.00
1	2	37	765	 44	0.92	13	618.00
1	2	38	810	 48	1.00	31	666.00


Day	Area	Time	Pickup	Delivery	Direct	FEVehicles	SEVehicles	ALNSTime	ALNSBestTime	RoutingCostArea
1	1	0	66	55	0	7	28	62.61	46.05	3796.67
1	1	60	5	0	0	2	2	0.74	0.00	465.27
1	1	70	2	0	0	2	2	0.32	0.00	469.27
1	1	80	1	0	0	1	1	0.20	0.00	254.17
1	1	85	2	0	0	2	2	0.40	0.00	371.67
1	1	90	1	0	0	1	1	0.24	0.00	172.07
1	1	95	1	0	0	1	1	0.21	0.00	319.70
1	1	120	2	0	1	2	2	0.35	0.00	1004.66
1	1	130	4	0	0	2	3	0.55	0.00	594.46
1	1	160	1	0	0	1	1	0.20	0.00	208.29
1	1	165	0	0	1	0	0	0.00	0.00	500.00
1	1	180	2	0	0	2	2	0.33	0.00	427.24
1	1	260	14	0	0	2	5	1.36	0.00	894.45
1	1	275	1	0	0	1	1	0.20	0.00	240.67
1	1	295	3	0	0	1	2	0.29	0.00	397.17
1	1	360	7	21	0	2	7	2.20	0.00	1048.96
1	1	385	4	0	0	1	4	0.59	0.06	480.04
1	1	405	0	20	0	1	7	1.31	0.00	888.08
1	1	415	2	0	0	1	2	0.29	0.00	407.11
1	1	450	0	1	0	1	1	0.20	0.00	234.04
1	2	0	53	55	0	4	21	42.82	8.11	2622.51
1	2	40	4	0	0	2	3	0.57	0.00	415.54
1	2	65	4	0	0	2	2	0.52	0.00	378.83
1	2	80	3	0	0	2	2	0.39	0.00	387.80
1	2	105	6	0	0	2	4	0.41	0.00	487.43
1	2	110	1	0	0	1	1	0.18	0.00	180.83
1	2	130	5	0	0	2	3	0.71	0.00	444.81
1	2	135	1	0	0	1	1	0.20	0.00	99.07
1	2	145	2	0	0	1	1	0.27	0.00	226.72
1	2	165	2	0	0	2	2	0.33	0.00	342.89
1	2	180	2	0	0	2	2	0.32	0.00	294.51
1	2	275	9	0	0	1	2	0.77	0.00	467.35
1	2	360	9	7	0	1	4	1.20	0.00	683.68
1	2	400	4	0	0	1	3	0.43	0.00	350.80
1	2	405	0	29	0	1	7	2.66	0.37	1021.36
1	2	420	2	0	0	1	1	0.26	0.00	168.39
1	2	450	0	20	0	1	8	1.13	0.00	746.46
1	2	495	0	2	0	1	1	0.25	0.00	153.94

Day	SL	Own	DispatchTimes	AssignmentCost	RoutingCost	TotalCost
1	14	1	38	7321.00	22646.90	29967.90

Total Cost: 29967.9031194387
Cost per Day: 29967.9031194387
Running time in Seconds: 199.345
Running time in minutes: 3.322416666666667