INSTANCE: 2hubs_A_10_x.csv
PARAMETER: tuning_tight.txt
POLICY: MIP
ALPHA: 0.387023956898126
BETA: 78
OMEGA: 586
EPSILON: 1.00597325044486

Day: 1, Time: 0
Total Cost: 3303.19
 11:136.01, 70:75 [1, 3, -3, -1]
 12:136.01, 54:75 [1, 3, -3, -1]
 13:153.31, 31:75 [1, 4, -4, -1]
 14:153.31, 22:75 [1, 4, -4, -1]
301:137.99, 3:10 [3, 3243, 3299, -3]
302:199.47, 9:10 [3, 3313, 3159, 3223, 3108, 3177, 3205, 3161, -3]
303:85.29, 10:10 [3, 3128, 3286, 3280, 3089, 3304, 3239, -3]
304:40.24, 10:10 [3, 3231, 3240, 3173, 3180, -3]
305:79.56, 8:10 [3, 3247, 3300, 3208, 3204, -3]
307:129.87, 10:10 [3, 3142, 3126, 3186, 3113, 3266, -3]
308:192.18, 10:10 [3, 3088, 3125, 3234, 3289, 3222, 3196, 3209, 3141, -3]
309:127.21, 9:10 [3, 3252, 3268, 3233, 3255, -3]
310:79.74, 10:10 [3, 3301, 3296, 3309, 3115, -3]
311:31.67, 6:10 [3, 3220, 3121, -3]
312:100.99, 10:10 [3, 3101, 3170, 3097, 3145, -3]
313:113.14, 8:10 [3, 3094, 3279, 3197, 3167, 3311, 3287, -3]
315:95.53, 10:10 [3, 3219, 3260, 3119, 3182, 3110, 3152, -3]
316:145.55, 10:10 [3, 3192, 3123, 3095, 3138, 3258, -3]
317:110.11, 9:10 [3, 3206, 3273, 3303, 3093, 3236, -3]
319:98.18, 10:10 [3, 3147, 3191, 3174, 3118, 3163, -3]
401:86.17, 8:10 [4, 3270, 3290, -4]
402:77.54, 10:10 [4, 3171, 3111, 3190, -4]
403:89.75, 10:10 [4, 3102, 3217, 3184, 3245, 3114, 3241, -4]
404:103.49, 10:10 [4, 3215, 3256, 3199, -4]
405:154.41, 10:10 [4, 3263, 3235, 3096, -4]
406:12.17, 2:10 [4, 3135, -4]
407:137.04, 7:10 [4, 3207, 3285, 3272, 3264, 3144, 3216, -4]
408:91.15, 9:10 [4, 3307, 3227, 3312, -4]
409:151.78, 9:10 [4, 3151, 3185, 3099, 3194, -4]
410:54.34, 10:10 [4, 3155, 3117, 3105, 3112, -4]
fe: 4, se: 26

Day: 1, Time: 0
Total Cost: 2892.24
 11:66.27, 63:75 [2, 5, -5, -2]
 12:66.27, 74:75 [2, 5, -5, -2]
 14:66.27, 27:75 [2, 5, -5, -2]
 15:145.23, 27:75 [2, 6, -6, -2]
501:116.60, 10:10 [5, 3150, 3157, 3127, 3166, -5]
502:117.30, 10:10 [5, 3288, 3181, 3146, 3242, 3179, 3211, 3298, -5]
503:222.62, 10:10 [5, 3164, 3292, 3139, 3131, 3224, 3134, 3175, 3315, -5]
504:142.11, 10:10 [5, 3162, 3165, 3305, 3284, 3200, 3210, -5]
505:136.72, 10:10 [5, 3306, 3294, 3283, 3169, 3251, 3274, -5]
506:86.17, 8:10 [5, 3295, 3237, 3276, -5]
507:69.15, 9:10 [5, 3269, 3214, 3143, -5]
508:68.15, 9:10 [5, 3259, 3246, 3267, -5]
509:67.54, 8:10 [5, 3193, 3203, 3120, -5]
510:99.55, 9:10 [5, 3238, 3314, 3278, -5]
511:30.10, 7:10 [5, 3202, 3249, -5]
514:58.58, 10:10 [5, 3282, 3218, 3092, -5]
515:96.23, 9:10 [5, 3189, 3087, 3221, 3183, 3297, 3149, -5]
516:121.21, 10:10 [5, 3137, 3195, 3229, 3091, 3198, 3257, -5]
517:182.86, 10:10 [5, 3265, 3103, 3244, 3109, 3122, -5]
518:125.88, 10:10 [5, 3133, 3100, 3271, 3104, 3154, 3230, -5]
520:148.56, 10:10 [5, 3232, 3158, 3291, 3212, 3172, -5]
521:125.01, 9:10 [5, 3160, 3176, 3310, 3132, -5]
522:143.56, 10:10 [5, 3178, 3098, 3106, 3148, 3156, 3253, 3261, -5]
523:100.63, 10:10 [5, 3129, 3248, 3226, 3250, 3213, -5]
601:9.19, 4:10 [6, 3124, 3153, -6]
602:48.56, 9:10 [6, 3140, 3130, 3275, 3262, 3302, -6]
603:68.62, 9:10 [6, 3168, 3188, 3090, 3107, -6]
605:66.43, 7:10 [6, 3116, 3308, 3136, 3225, -6]
607:96.87, 10:10 [6, 3228, 3187, 3254, 3277, 3293, 3281, 3201, -6]
fe: 4, se: 25

Day: 1, Time: 50
Total Cost: 365.51
 11:66.27, 5:75 [2, -5, -2]
 12:145.23, 4:75 [2, -6, -2]
501:89.23, 5:10 [5, 3780, 5074, -5]
601:64.78, 4:10 [6, 4490, -6]
fe: 2, se: 2

Day: 1, Time: 60
Total Cost: 768.32
 11:136.01, 3:75 [1, -3, -1]
 12:136.01, 2:75 [1, -3, -1]
 13:153.31, 7:75 [1, -4, -1]
301:140.04, 3:10 [3, 4288, 4504, -3]
302:73.70, 2:10 [3, 4441, 6014, -3]
401:129.25, 7:10 [4, 4480, 3597, -4]
fe: 3, se: 3

Day: 1, Time: 65
Total Cost: 201.61
 11:66.27, 6:75 [2, -5, -2]
501:12.00, 1:10 [5, 4839, -5]
502:123.34, 5:10 [5, 4313, 5588, -5]
fe: 1, se: 2

Day: 1, Time: 85
Total Cost: 438.14
 11:136.01, 3:75 [1, -3, -1]
 12:153.31, 2:75 [1, -4, -1]
301:78.82, 3:10 [3, 5016, -3]
401:70.00, 2:10 [4, 5753, -4]
fe: 2, se: 2

Day: 1, Time: 100
Total Cost: 151.67
 11:66.27, 4:75 [2, -5, -2]
501:85.40, 4:10 [5, 4831, 5788, -5]
fe: 1, se: 1

Day: 1, Time: 105
Total Cost: 174.73
 11:66.27, 1:75 [2, -5, -2]
501:108.46, 1:10 [5, 5067, -5]
fe: 1, se: 1

Day: 1, Time: 110
Total Cost: 181.72
 11:66.27, 3:75 [2, -5, -2]
501:115.45, 3:10 [5, 3669, -5]
fe: 1, se: 1

Day: 1, Time: 120
Total Cost: 198.07
 11:145.23, 2:75 [2, -6, -2]
601:52.84, 2:10 [6, 5639, -6]
fe: 1, se: 1

Day: 1, Time: 135
Total Cost: 299.35
 11:66.27, 3:75 [2, -5, -2]
 12:66.27, 3:75 [2, -5, -2]
501:66.48, 3:10 [5, 5728, -5]
502:100.32, 3:10 [5, 4577, -5]
fe: 2, se: 2

Day: 1, Time: 145
Total Cost: 173.50
 11:66.27, 5:75 [2, -5, -2]
501:107.23, 5:10 [5, 5966, 4191, -5]
fe: 1, se: 1

Day: 1, Time: 160
Total Cost: 175.40
 11:66.27, 4:75 [2, -5, -2]
501:109.12, 4:10 [5, 4216, -5]
fe: 1, se: 1

Day: 1, Time: 175
Total Cost: 426.26
 11:136.01, 17:75 [1, -3, -1]
301:77.68, 7:10 [3, 4512, 5198, -3]
302:142.33, 6:10 [3, 5556, 6084, -3]
303:70.23, 4:10 [3, 4768, -3]
fe: 1, se: 3

Day: 1, Time: 180
Total Cost: 185.53
 11:136.01, 1:75 [1, -3, -1]
301:49.52, 1:10 [3, 3899, -3]
fe: 1, se: 1

Day: 1, Time: 255
Total Cost: 513.36
 12:153.31, 19:75 [1, -4, -1]
401:186.37, 9:10 [4, 4337, 5543, 3399, 5667, 4304, -4]
402:173.68, 10:10 [4, 4878, 4670, 5496, 4493, -4]
fe: 1, se: 2

Day: 1, Time: 270
Total Cost: 484.84
 11:66.27, 24:75 [2, -5, -2]
501:34.80, 5:10 [5, 4126, 5858, -5]
502:176.82, 10:10 [5, 3443, 4922, 4291, 5900, -5]
503:206.95, 9:10 [5, 4953, 4144, 4708, 5513, -5]
fe: 1, se: 3

Day: 1, Time: 280
Total Cost: 288.56
 11:153.31, 4:75 [1, -4, -1]
402:135.25, 4:10 [4, 3461, 3990, -4]
fe: 1, se: 1

Day: 1, Time: 300
Total Cost: 420.88
 11:136.01, 8:75 [1, -3, -1]
301:62.80, 1:10 [3, 4816, -3]
302:222.07, 7:10 [3, 4508, 3676, 5768, -3]
fe: 1, se: 2

Day: 1, Time: 305
Total Cost: 360.05
 11:66.27, 18:75 [2, -5, -2]
501:122.26, 10:10 [5, 5479, 3908, 3761, 3518, -5]
502:171.52, 8:10 [5, 5209, 5351, 4979, 5627, -5]
fe: 1, se: 2

Day: 1, Time: 360
Total Cost: 1391.87
 11:136.01, 31:75 [1, 3, -3, -1]
 12:153.31, 27:75 [1, 4, -4, -1]
301:67.55, 7:10 [3, 641, 61, 98, 4249, -3]
302:126.44, 5:10 [3, 20, 116, 3720, 104, 2598, -3]
304:133.48, 9:10 [3, 2538, 5705, 6258, 86, -3]
307:149.81, 10:10 [3, 4351, 22, 28, 1877, -3]
308:96.31, 6:10 [3, 2449, 10, 5954, 1641, -3]
401:129.14, 9:10 [4, 1123, 4344, 42, 5685, 590, 79, -4]
402:121.08, 6:10 [4, 5846, 3615, 47, -4]
403:152.57, 8:10 [4, 1649, 67, 56, -4]
404:126.17, 8:10 [4, 101, 92, 60, 52, -4]
fe: 2, se: 9

Day: 1, Time: 360
Total Cost: 568.18
 11:66.27, 22:75 [2, 5, -5, -2]
501:170.69, 10:10 [5, 5312, 1251, 2824, 4914, 122, 100, -5]
502:162.91, 7:10 [5, 117, 80, 5551, -5]
503:168.32, 9:10 [5, 3617, 9, 66, -5]
fe: 1, se: 3

Day: 1, Time: 385
Total Cost: 313.11
 11:66.27, 6:75 [2, -5, -2]
501:84.49, 2:10 [5, 3470, 6236, -5]
502:162.35, 4:10 [5, 5334, 5364, -5]
fe: 1, se: 2

Day: 1, Time: 395
Total Cost: 497.86
 11:136.01, 3:75 [1, -3, -1]
 12:153.31, 5:75 [1, -4, -1]
301:93.45, 3:10 [3, 4801, 4956, -3]
401:115.09, 5:10 [4, 4105, 3752, -4]
fe: 2, se: 2

Day: 1, Time: 405
Total Cost: 970.98
 11:136.01, 40:75 [1, 3, -1]
 12:153.31, 20:75 [1, 4, -1]
301:48.90, 8:10 [3, 94, 93, -3]
302:86.99, 8:10 [3, 88, 59, 118, -3]
303:149.39, 10:10 [3, 103, 2398, 115, -3]
304:71.45, 9:10 [3, 48, 39, 1387, -3]
307:36.45, 5:10 [3, 479, 85, -3]
401:144.20, 7:10 [4, 8, 72, -4]
402:46.99, 4:10 [4, 112, 38, -4]
404:97.27, 9:10 [4, 124, 108, 64, 87, -4]
fe: 2, se: 8

Day: 1, Time: 405
Total Cost: 952.14
 11:66.27, 44:75 [2, 5, -5, -2]
 12:145.23, 14:75 [2, 6, -2]
501:155.04, 9:10 [5, 49, 18, 110, 113, -5]
502:103.49, 9:10 [5, 90, 407, 106, -5]
505:117.11, 10:10 [5, 89, 57, 16, 97, 1826, -5]
506:146.31, 10:10 [5, 111, 1290, 6160, 78, 62, -5]
508:69.88, 6:10 [5, 30, 114, -5]
601:18.11, 2:10 [6, 65, -6]
602:50.58, 6:10 [6, 121, 43, 53, 109, -6]
603:80.13, 6:10 [6, 7, 96, 2563, -6]
fe: 2, se: 8

Day: 1, Time: 410
Total Cost: 284.07
 11:136.01, 3:75 [1, -3, -1]
301:148.05, 3:10 [3, 4503, -3]
fe: 1, se: 1

Day: 1, Time: 410
Total Cost: 149.82
 11:66.27, 2:75 [2, -5, -2]
501:83.55, 2:10 [5, 4556, -5]
fe: 1, se: 1

Day: 1, Time: 415
Total Cost: 229.25
 11:136.01, 3:75 [1, -3, -1]
301:93.23, 3:10 [3, 3988, -3]
fe: 1, se: 1

Day: 1, Time: 450
Total Cost: 393.69
 12:153.31, 9:75 [1, 4, -1]
401:106.00, 3:10 [4, 1001, -4]
402:66.03, 4:10 [4, 1026, -4]
403:68.35, 2:10 [4, 2776, -4]
fe: 1, se: 3

Day: 1, Time: 450
Total Cost: 550.25
 11:66.27, 7:75 [2, 5, -2]
 12:145.23, 7:75 [2, 6, -2]
501:83.55, 1:10 [5, 82, -5]
502:154.58, 4:10 [5, 45, 27, -5]
503:38.49, 2:10 [5, 709, 17, -5]
601:62.13, 7:10 [6, 83, 73, -6]
fe: 2, se: 4


Day	Area	ID	Time	Load	Utilization	NoOrders	AssignmentCost
1	1	 7	270	 22	0.37	 8	295.00
1	1	 8	315	 58	0.97	26	655.00
1	1	 9	360	 14	0.23	 7	215.00
1	1	15	630	 49	0.82	18	565.00
1	1	18	765	 47	0.98	19	654.00
1	1	19	810	 48	1.00	24	666.00
1	2	51	300	 58	0.48	27	1310.00
1	2	27	315	 60	1.00	21	675.00
1	2	28	360	  9	0.15	 3	165.00
1	2	34	630	 45	0.75	13	525.00
1	2	37	765	 42	0.88	12	594.00
1	2	38	810	 48	1.00	31	666.00


Day	Area	Time	Pickup	Delivery	Direct	FEVehicles	SEVehicles	ALNSTime	ALNSBestTime	RoutingCostArea
1	1	0	57	55	0	4	26	51.13	39.23	3303.19
1	1	60	6	0	0	3	3	0.70	0.00	768.32
1	1	85	2	0	0	2	2	0.35	0.00	438.14
1	1	175	5	0	0	1	3	0.36	0.00	426.26
1	1	180	1	0	0	1	1	0.18	0.00	185.53
1	1	255	9	0	0	1	2	0.92	0.00	513.36
1	1	280	2	0	0	1	1	0.27	0.00	288.56
1	1	300	4	0	0	1	2	0.40	0.00	420.88
1	1	360	10	27	0	2	9	3.28	0.00	1391.87
1	1	395	4	0	0	2	2	0.47	0.00	497.86
1	1	405	0	21	0	2	8	1.28	0.00	970.98
1	1	410	1	0	0	1	1	0.18	0.00	284.07
1	1	415	1	0	0	1	1	0.18	0.00	229.25
1	1	450	0	3	0	1	3	0.33	0.00	393.69
1	2	0	62	55	0	4	25	54.25	42.41	2892.24
1	2	50	3	0	0	2	2	0.38	0.00	365.51
1	2	65	3	0	0	1	2	0.29	0.00	201.61
1	2	100	2	0	0	1	1	0.24	0.00	151.67
1	2	105	1	0	0	1	1	0.19	0.00	174.73
1	2	110	1	0	0	1	1	0.18	0.00	181.72
1	2	120	1	0	0	1	1	0.18	0.00	198.07
1	2	135	2	0	1	2	2	0.29	0.00	799.35
1	2	145	2	0	0	1	1	0.24	0.00	173.50
1	2	160	1	0	0	1	1	0.18	0.00	175.40
1	2	270	10	0	0	1	3	0.72	0.00	484.84
1	2	305	8	0	0	1	2	0.65	0.00	360.05
1	2	360	4	8	0	1	3	0.83	0.00	568.18
1	2	385	4	0	0	1	2	0.41	0.00	313.11
1	2	405	1	26	0	2	8	1.61	0.00	952.14
1	2	410	1	0	0	1	1	0.18	0.00	149.82
1	2	450	0	7	0	2	4	0.42	0.00	550.25

Day	SL	Own	DispatchTimes	AssignmentCost	RoutingCost	TotalCost
1	11	1	31	6985.00	18804.14	25789.14

Total Cost: 25789.14435180145
Cost per Day: 25789.14435180145
Running time in Seconds: 166.42
Running time in minutes: 2.7736666666666667