INSTANCE: 3hubs_MND_A_12_x.csv
PARAMETER: ldp_loose.txt
POLICY: LATEST DEPARTURE
ALPHA: 0.0
BETA: 58
OMEGA: 586
EPSILON: 1.0

Day: 1, Time: 0
Total Cost: 5585.18
 11:136.01, 75:75 [1, 4, -4, -1]
 12:136.01, 66:75 [1, 4, -4, -1]
 13:153.31, 72:75 [1, 5, -5, -1]
 14:153.31, 68:75 [1, 5, -5, -1]
 15:153.31, 37:75 [1, 5, -5, -1]
 16:153.31, 9:75 [1, 5, -1]
 17:136.01, 20:75 [1, 4, -4, -1]
401:93.55, 10:10 [4, 8907, 8853, 8422, 8390, -4]
402:115.02, 10:10 [4, 8699, 8425, 8685, 8329, 8608, 8857, 8813, -4]
403:83.86, 10:10 [4, 8299, 8495, 8847, 8463, 9016, 8641, 8365, -4]
404:112.87, 10:10 [4, 8677, 8565, 8900, 8969, 8860, 8679, -4]
405:127.40, 10:10 [4, 8546, 8923, 8634, 8555, 8780, 9017, 8330, -4]
406:115.00, 10:10 [4, 8312, 8711, 8483, 8581, 8859, 8846, -4]
407:142.48, 10:10 [4, 8310, 8359, 8917, 8697, 8410, 9026, -4]
408:115.28, 10:10 [4, 8325, 8448, 8818, 9034, 8579, -4]
409:179.62, 4:10 [4, 8477, 8784, -4]
410:157.82, 10:10 [4, 8767, 8637, 8384, 8826, 8719, 8618, 8587, -4]
411:72.80, 9:10 [4, 8603, 8927, 8957, 8558, 8391, -4]
412:120.41, 10:10 [4, 8681, 8843, 8744, 8955, 8760, -4]
413:122.10, 10:10 [4, 8577, 8504, 8649, 8452, 8375, -4]
414:158.23, 10:10 [4, 8427, 8932, 8833, 8378, 8360, 8740, 8528, -4]
415:46.10, 7:10 [4, 8478, 8593, -4]
416:85.54, 9:10 [4, 9029, 8626, 8436, 8823, 8939, -4]
417:106.70, 9:10 [4, 8648, 8472, 8572, 8956, 9024, 8690, 9005, -4]
418:73.15, 10:10 [4, 8984, 8828, 8936, 8834, 8861, -4]
419:71.24, 9:10 [4, 8695, 8469, 8304, 8725, -4]
420:68.00, 10:10 [4, 8893, 8635, 8290, 8525, -4]
421:98.90, 7:10 [4, 8381, 8351, 8837, 8340, 8931, 8985, -4]
422:58.05, 6:10 [4, 8516, 8894, 8665, 8867, -4]
423:35.82, 7:10 [4, 8728, 8946, -4]
427:20.59, 4:10 [4, 8507, -4]
501:168.52, 10:10 [5, 8294, 8591, 8545, 8809, 8747, 8366, 9027, -5]
502:190.17, 10:10 [5, 8540, 8645, 8467, 8919, 8438, 8554, 8904, 8979, 8701, -5]
503:98.90, 10:10 [5, 8610, 8786, 8491, 8309, 8350, 8829, -5]
504:67.62, 10:10 [5, 9008, 8912, 8303, 8958, 8898, -5]
505:109.58, 9:10 [5, 8542, 8655, 8815, 8739, 8642, -5]
506:96.44, 10:10 [5, 8429, 8975, 8765, 8972, 8804, -5]
507:122.80, 4:10 [5, 10575, -5]
508:56.37, 10:10 [5, 8771, 8620, 8442, 8372, -5]
509:76.85, 10:10 [5, 8841, 9020, 8417, 8560, 8713, -5]
510:10.77, 3:10 [5, 8733, -5]
511:40.16, 10:10 [5, 8966, 8628, 8688, -5]
512:221.26, 10:10 [5, 8370, 8915, 8684, 8621, 8992, 8678, 8606, 8995, 8590, 8830, -5]
513:114.77, 10:10 [5, 8694, 8481, 8576, 8803, 8935, 8435, -5]
514:29.63, 7:10 [5, 8692, 8974, 8880, -5]
515:89.80, 10:10 [5, 8561, 8393, 8982, 8535, 8870, 8845, 8400, -5]
516:46.43, 10:10 [5, 8746, 8890, 8781, 8420, 9033, -5]
517:163.67, 10:10 [5, 8327, 8530, 8568, 8721, 8875, 8842, -5]
518:56.77, 9:10 [5, 8335, 8806, 8942, 8892, -5]
521:102.08, 10:10 [5, 8357, 8978, 8392, 8812, 8922, 8644, -5]
523:107.13, 9:10 [5, 8433, 8345, 8715, 8948, 8914, 8485, -5]
524:81.47, 10:10 [5, 8416, 8367, 8301, 8731, 8836, 8539, -5]
528:132.18, 10:10 [5, 8451, 8588, 9019, 8971, 8962, 8509, 9000, -5]
fe: 7, se: 46

Day: 1, Time: 0
Total Cost: 5100.15
 11:94.59, 75:75 [3, 8, -8, -3]
 12:94.59, 67:75 [3, 8, -8, -3]
 13:90.24, 74:75 [3, 9, -9, -3]
 14:90.24, 74:75 [3, 9, -9, -3]
 15:90.24, 19:75 [3, 9, -9, -3]
 19:94.59, 10:75 [3, 8, -3]
 21:113.51, 33:75 [3, 9, 8, -8, -3]
801:139.14, 10:10 [8, 8447, 8933, 8682, 8557, 8752, 9022, 8835, -8]
802:68.57, 10:10 [8, 8930, 8759, 8736, 8531, 8953, -8]
803:73.76, 9:10 [8, 8473, 8819, 8423, 8775, 8326, -8]
804:82.81, 10:10 [8, 8462, 8489, 8296, 8514, 8858, -8]
805:106.77, 10:10 [8, 9021, 8302, 8814, 8584, 8885, 9011, 8824, -8]
806:139.77, 10:10 [8, 8307, 8486, 8896, 8532, 8466, 8902, 8822, 8537, 8941, 8660, 8869, -8]
807:155.68, 10:10 [8, 8817, 8562, 8431, 8397, 9001, 8317, 8353, 8772, -8]
808:147.44, 10:10 [8, 8316, 8541, 8973, 8331, 8696, 8291, 9030, 8884, -8]
810:136.37, 10:10 [8, 8651, 9025, 8402, 8970, 8805, 8967, 8475, -8]
811:86.49, 10:10 [8, 8527, 8877, 9014, 8536, 8964, 8729, -8]
812:62.84, 9:10 [8, 8640, 8311, 8811, 8404, -8]
813:147.03, 9:10 [8, 8519, 8596, 8399, 8611, 8748, 8954, 8387, -8]
814:103.92, 10:10 [8, 8371, 8720, 8524, 8458, -8]
815:25.95, 8:10 [8, 8888, 8758, 8700, -8]
816:60.68, 9:10 [8, 8629, 8908, 8518, 8480, -8]
817:127.15, 10:10 [8, 8632, 8863, 8876, 8633, 8450, 8705, -8]
818:90.42, 10:10 [8, 9028, 8827, 8520, 8756, 8796, -8]
819:47.62, 10:10 [8, 8647, 8976, 8791, 8419, -8]
821:115.46, 10:10 [8, 8512, 8727, 8479, 8315, 9018, 9006, -8]
901:94.15, 10:10 [9, 8494, 8496, 8471, 8552, -9]
902:136.88, 10:10 [9, 8313, 8991, 8850, 8306, 8443, 8990, 8354, -9]
903:94.54, 7:10 [9, 8339, 8669, 8710, 8940, -9]
904:130.68, 10:10 [9, 8776, 8661, 9013, 8569, 8994, 8938, -9]
906:123.91, 10:10 [9, 8457, 8615, 8411, 8465, -9]
907:74.51, 10:10 [9, 8849, 8848, 8999, 8444, -9]
908:137.65, 10:10 [9, 8510, 8783, 8639, 8383, 8983, 8670, 8698, 8855, -9]
909:45.72, 5:10 [9, 8864, 8945, -9]
910:109.79, 10:10 [9, 8308, 8794, 8838, 8768, -9]
911:105.25, 10:10 [9, 8674, 8653, 8769, 8508, 8613, 8987, 8708, 8980, -9]
912:27.49, 10:10 [9, 8594, 8654, 8342, -9]
913:119.17, 10:10 [9, 8403, 8865, 8924, 8886, 8959, -9]
914:120.41, 10:10 [9, 8614, 8398, 8600, 8868, 8732, 8432, -9]
915:95.87, 10:10 [9, 8446, 8380, 8305, 8636, -9]
916:66.12, 10:10 [9, 8389, 8668, 8413, -9]
917:87.05, 10:10 [9, 8566, 8798, 8623, 8580, -9]
918:42.62, 9:10 [9, 8314, 8663, 8363, 8605, -9]
919:60.28, 10:10 [9, 8797, 8735, 8950, 8691, -9]
920:73.19, 10:10 [9, 8891, 8348, 8573, -9]
921:126.91, 9:10 [9, 8376, 8968, 8445, 8887, 8662, 8333, 8795, 8852, -9]
922:100.58, 9:10 [9, 8820, 8585, 8328, 8963, -9]
923:86.79, 10:10 [9, 8782, 8349, 8368, 8918, 8792, 8789, 8742, -9]
925:109.94, 10:10 [9, 8395, 8522, 8774, 8455, 8723, 8882, 8659, 8737, -9]
927:92.39, 9:10 [9, 8338, 8934, 8703, 8551, -9]
928:144.66, 10:10 [9, 8538, 8751, 10116, 8358, -9]
929:107.71, 9:10 [9, 8505, 8704, 8529, 8745, 8609, 8944, 9031, 8474, 8873, -9]
fe: 7, se: 45

Day: 1, Time: 5
Total Cost: 5521.78
 11:66.27, 72:75 [2, 6, -6, -2]
 12:66.27, 68:75 [2, 6, -6, -2]
 13:66.27, 56:75 [2, 6, -6, -2]
 14:66.27, 18:75 [2, 6, -6, -2]
 15:151.76, 75:75 [2, 6, 7, -7, -2]
 16:145.23, 72:75 [2, 7, -7, -2]
 17:66.27, 10:75 [2, 6, -2]
 18:66.27, 20:75 [2, 6, -6, -2]
601:77.39, 8:10 [6, 8779, 8599, 8459, -6]
602:64.36, 9:10 [6, 8617, 8757, 8667, 8612, -6]
603:151.38, 10:10 [6, 8926, 8396, 8563, 8951, 8337, 8810, 8753, 8903, 8355, 8801, -6]
604:85.01, 10:10 [6, 8638, 8502, 8889, 8722, 8825, 8441, -6]
605:84.40, 10:10 [6, 8911, 8683, 8763, 8361, 8564, -6]
606:120.72, 10:10 [6, 8322, 8418, 8718, 8550, 8490, -6]
607:80.10, 4:10 [6, 8726, -6]
608:120.81, 10:10 [6, 8300, 8854, 8547, 8839, 8879, 8574, -6]
609:93.39, 9:10 [6, 8925, 8770, 8344, -6]
610:80.86, 10:10 [6, 8559, 8656, 8627, 8295, -6]
611:69.14, 9:10 [6, 8724, 8624, 8778, 8602, -6]
612:122.31, 10:10 [6, 8356, 8549, 8777, 9015, 8534, 8544, -6]
613:143.03, 10:10 [6, 8899, 8650, 8928, 9007, 8334, 8761, 8671, -6]
614:99.43, 10:10 [6, 8996, 8401, 8622, 8802, -6]
615:77.78, 10:10 [6, 8362, 8320, 8506, 8800, 8871, 8657, -6]
616:91.77, 9:10 [6, 8741, 8595, 8960, 9010, 8799, -6]
617:38.32, 7:10 [6, 8607, 8631, -6]
618:116.00, 10:10 [6, 8434, 8714, 8738, 8856, 8717, 9023, -6]
619:154.86, 10:10 [6, 8364, 8421, 8788, 8601, 8332, -6]
620:131.58, 10:10 [6, 8575, 8482, 8388, -6]
621:82.53, 9:10 [6, 8493, 9012, 8408, 8851, 8484, -6]
622:82.37, 7:10 [6, 8426, 8379, 8686, 8989, -6]
623:95.79, 10:10 [6, 8461, 8652, 8318, 8734, 8965, 8949, 8578, -6]
624:107.35, 10:10 [6, 8749, 8321, 8666, 8709, 8866, 8517, 8754, -6]
625:98.43, 9:10 [6, 8570, 9009, 8630, 8515, 9002, 9003, -6]
627:104.66, 10:10 [6, 8526, 8787, 8764, 8675, 8394, 8981, 8883, 8872, 9004, -6]
629:162.48, 10:10 [6, 8844, 8453, 8862, 8556, 8874, 8513, 8961, 8567, 8488, -6]
630:71.31, 6:10 [6, 8440, 8456, -6]
631:140.22, 10:10 [6, 8468, 8460, 8680, 8716, 8743, 9320, 8658, 8755, -6]
633:72.40, 10:10 [6, 8986, 8405, 8592, 8589, 8597, -6]
641:82.98, 10:10 [6, 8430, 8750, 8598, 8501, 8343, -6]
645:135.92, 10:10 [6, 8454, 8832, 8571, 8352, 8341, 8673, -6]
652:174.50, 10:10 [6, 8414, 8492, 8553, 8901, 8920, 8298, 8762, -6]
701:49.97, 10:10 [7, 8521, 8906, 8548, 8582, 8533, 8816, -7]
702:64.63, 9:10 [7, 8336, 8831, 8386, 8543, 8988, 8773, 8406, 8664, -7]
703:99.32, 9:10 [7, 8998, 8790, 8382, 8897, 8324, 8707, 8766, -7]
704:90.46, 10:10 [7, 8470, 8499, 8977, 8840, 8947, 8643, 8706, -7]
705:64.16, 10:10 [7, 8319, 8437, 8464, 8993, -7]
706:70.93, 10:10 [7, 8500, 8929, 8369, 8497, 8476, -7]
709:83.09, 10:10 [7, 8424, 8905, 8689, 8297, 8407, -7]
710:79.37, 8:10 [7, 8377, 8881, 8415, 8916, 8785, -7]
711:61.22, 6:10 [7, 8808, 8604, 8712, 8909, -7]
712:98.00, 10:10 [7, 8625, 8619, 8821, 8687, 8807, 8676, 8428, 8586, 8910, -7]
713:132.92, 10:10 [7, 8913, 8511, 8646, 8730, 8412, 8583, 8616, -7]
714:94.48, 10:10 [7, 8498, 8293, 8487, 8952, 8878, 9032, -7]
715:92.59, 10:10 [7, 8503, 8937, 8793, 8347, -7]
718:127.50, 10:10 [7, 8374, 8921, 8523, 8373, 8323, -7]
721:130.59, 10:10 [7, 8409, 8449, 8997, 8346, 8693, 8943, -7]
722:74.35, 9:10 [7, 8439, 8672, 8702, 8292, 8385, 8895, -7]
fe: 8, se: 49

Day: 1, Time: 60
Total Cost: 818.13
 11:136.01, 27:75 [1, -4, -1]
 12:179.78, 13:75 [1, -4, -5, -1]
401:94.32, 8:10 [4, 12619, 12602, 9925, -4]
402:201.31, 10:10 [4, 13925, 9726, 11736, 10800, -4]
403:56.12, 9:10 [4, 14281, 15293, 14184, -4]
404:6.32, 4:10 [4, 15016, -4]
502:144.27, 9:10 [5, 15102, 12333, 11249, 14758, -5]
fe: 2, se: 5

Day: 1, Time: 60
Total Cost: 844.24
 11:90.24, 27:75 [3, -9, -3]
 14:90.24, 23:75 [3, -9, -3]
901:108.33, 8:10 [9, 15229, 11187, -9]
902:138.10, 10:10 [9, 14072, 11648, 11995, -9]
903:83.78, 7:10 [9, 9515, 9757, -9]
904:20.88, 4:10 [9, 13395, -9]
905:132.01, 5:10 [9, 11233, 11151, -9]
906:85.59, 9:10 [9, 11466, 15124, 15314, -9]
907:95.07, 7:10 [9, 13525, 13135, -9]
fe: 2, se: 7

Day: 1, Time: 110
Total Cost: 760.36
 11:136.01, 9:75 [1, -4, -1]
 12:136.01, 3:75 [1, -4, -1]
 13:153.31, 8:75 [1, -5, -1]
401:170.51, 9:10 [4, 13591, 14020, 12229, -4]
402:101.55, 3:10 [4, 12876, -4]
501:62.96, 8:10 [5, 10909, 13991, -5]
fe: 3, se: 3

Day: 1, Time: 130
Total Cost: 416.33
 11:66.27, 8:75 [2, -6, -2]
 13:66.27, 4:75 [2, -6, -2]
602:223.01, 8:10 [6, 15665, 9723, 13807, 12958, 15812, 12852, -6]
603:60.78, 4:10 [6, 12954, 10588, -6]
fe: 2, se: 2

Day: 1, Time: 145
Total Cost: 636.23
 11:153.31, 12:75 [1, -5, -1]
 12:136.01, 10:75 [1, -4, -1]
401:52.15, 4:10 [4, 10540, -4]
402:50.39, 6:10 [4, 12783, 16880, -4]
501:153.55, 9:10 [5, 10821, 9541, 11567, 9585, -5]
502:90.80, 3:10 [5, 11189, 14127, -5]
fe: 2, se: 4

Day: 1, Time: 160
Total Cost: 446.26
 11:136.01, 3:75 [1, -4, -1]
 12:136.01, 4:75 [1, -4, -1]
401:131.85, 3:10 [4, 10688, -4]
402:42.38, 4:10 [4, 15101, -4]
fe: 2, se: 2

Day: 1, Time: 160
Total Cost: 536.00
 11:66.27, 15:75 [2, -6, -2]
 12:66.27, 8:75 [2, -6, -2]
601:72.01, 6:10 [6, 13570, 12707, -6]
602:124.59, 8:10 [6, 15944, 9787, 15498, -6]
603:206.85, 9:10 [6, 16777, 13109, 11241, 12454, -6]
fe: 2, se: 3

Day: 1, Time: 165
Total Cost: 888.66
 11:90.24, 3:75 [3, -9, -3]
 12:94.59, 9:75 [3, -8, -3]
 13:90.24, 18:75 [3, -9, -3]
802:130.99, 4:10 [8, 16545, 10401, 12670, -8]
803:25.59, 5:10 [8, 9676, 13866, -8]
901:198.86, 9:10 [9, 15797, 15361, 15344, 14564, 16497, -9]
902:56.57, 3:10 [9, 16122, -9]
903:201.57, 9:10 [9, 13556, 10672, 10872, 14673, 9308, -9]
fe: 3, se: 5

Day: 1, Time: 170
Total Cost: 180.62
 11:90.24, 1:75 [3, -9, -3]
901:90.38, 1:10 [9, 15383, -9]
fe: 1, se: 1

Day: 1, Time: 175
Total Cost: 255.19
 11:66.27, 6:75 [2, -6, -2]
601:92.09, 3:10 [6, 15173, -6]
602:96.83, 3:10 [6, 9335, -6]
fe: 1, se: 2

Day: 1, Time: 180
Total Cost: 104.59
 11:94.59, 2:75 [3, -8, -3]
801:10.00, 2:10 [8, 9939, -8]
fe: 1, se: 1

Day: 1, Time: 200
Total Cost: 313.29
 11:66.27, 13:75 [2, -6, -2]
601:117.38, 5:10 [6, 16266, 12278, -6]
602:129.63, 8:10 [6, 13789, 10529, 10962, 15671, -6]
fe: 1, se: 2

Day: 1, Time: 290
Total Cost: 924.62
 11:136.01, 27:75 [1, -4, -1]
 12:153.31, 28:75 [1, -5, -1]
402:136.50, 10:10 [4, 11156, 14751, 16021, 16796, 15799, 9570, -4]
403:47.20, 9:10 [4, 11235, 10062, 15346, -4]
404:134.90, 8:10 [4, 13454, 13878, 16142, -4]
501:51.36, 10:10 [5, 10222, 14823, 13148, -5]
502:112.10, 10:10 [5, 13927, 14179, 11554, -5]
503:153.24, 8:10 [5, 15070, 12972, 15792, 10919, 14031, -5]
fe: 2, se: 6

Day: 1, Time: 305
Total Cost: 337.42
 11:153.31, 5:75 [1, -5, -1]
501:184.11, 5:10 [5, 11715, 12253, -5]
fe: 1, se: 1

Day: 1, Time: 305
Total Cost: 878.78
 11:66.27, 36:75 [2, -6, -2]
 12:145.23, 27:75 [2, -7, -2]
601:77.02, 7:10 [6, 10104, 16498, 9536, 15667, -6]
602:93.35, 9:10 [6, 13071, 10117, 16343, -6]
603:159.13, 10:10 [6, 13459, 16013, 15437, 14569, 10662, -6]
604:84.83, 10:10 [6, 10993, 10550, 14956, -6]
701:72.23, 7:10 [7, 11900, 9983, 13833, -7]
702:78.18, 10:10 [7, 9611, 10785, 12466, 9858, -7]
703:102.53, 10:10 [7, 14406, 15695, 15733, -7]
fe: 2, se: 7

Day: 1, Time: 305
Total Cost: 1103.70
 11:94.59, 50:75 [3, -8, -3]
 13:90.24, 34:75 [3, -9, -3]
801:78.17, 10:10 [8, 11947, 13982, 10526, -8]
802:84.37, 7:10 [8, 12132, 9649, -8]
803:104.69, 8:10 [8, 16263, 13813, -8]
804:146.25, 10:10 [8, 13636, 14510, 16273, 11886, -8]
805:78.00, 8:10 [8, 10963, 9694, 10282, -8]
806:45.04, 7:10 [8, 16948, 13827, -8]
901:116.69, 9:10 [9, 14622, 9659, 11823, -9]
902:93.47, 10:10 [9, 13045, 12732, 10977, -9]
903:85.49, 8:10 [9, 12210, 12941, -9]
904:86.70, 7:10 [9, 9797, 10472, 15550, -9]
fe: 2, se: 10

Day: 1, Time: 360
Total Cost: 1212.33
 11:136.01, 27:75 [1, 4, -4, -1]
 12:153.31, 10:75 [1, 5, -5, -1]
401:59.14, 6:10 [4, 16214, 14913, -4]
402:160.82, 5:10 [4, 12772, 2776, 12859, 14635, -4]
403:131.75, 7:10 [4, 12736, 243, 13385, -4]
404:144.66, 9:10 [4, 9658, 825, 4705, -4]
407:109.59, 9:10 [4, 11121, 12716, 15874, 9969, -4]
501:146.42, 8:10 [5, 3607, 6596, 234, -5]
502:122.54, 6:10 [5, 12153, 16405, 12703, 254, -5]
503:48.08, 4:10 [5, 14013, -5]
fe: 2, se: 8

Day: 1, Time: 395
Total Cost: 634.55
 12:66.27, 31:75 [2, -6, -2]
601:163.92, 4:10 [6, 9199, 13171, 12664, -6]
602:124.23, 8:10 [6, 15142, 15279, 14983, -6]
603:120.61, 10:10 [6, 15571, 13336, 12462, 12779, -6]
604:159.52, 9:10 [6, 13894, 11918, 16366, -6]
fe: 1, se: 4

Day: 1, Time: 405
Total Cost: 1531.46
 11:136.01, 30:75 [1, 4, -4, -1]
 12:153.31, 26:75 [1, 5, -5, -1]
401:67.96, 7:10 [4, 9710, 1067, -4]
402:94.02, 2:10 [4, 166, -4]
403:155.64, 5:10 [4, 10156, 12655, 13886, -4]
404:90.63, 5:10 [4, 13186, 328, -4]
406:86.72, 5:10 [4, 103, 1898, -4]
407:57.16, 6:10 [4, 12, 316, -4]
408:55.98, 6:10 [4, 12553, 198, -4]
409:65.83, 7:10 [4, 319, 6434, 10, -4]
501:147.32, 9:10 [5, 9791, 115, 149, -5]
502:70.49, 7:10 [5, 137, 107, -5]
503:46.17, 4:10 [5, 104, -5]
504:132.97, 3:10 [5, 13074, -5]
505:77.20, 1:10 [5, 14947, -5]
506:38.47, 3:10 [5, 68, -5]
507:55.57, 4:10 [5, 341, -5]
fe: 2, se: 15

Day: 1, Time: 405
Total Cost: 865.72
 11:66.27, 12:75 [2, 6, -6, -2]
 12:145.23, 12:75 [2, 7, -2]
601:121.36, 9:10 [6, 11903, 148, 1249, -6]
602:133.13, 1:10 [6, 278, 9894, -6]
603:103.73, 5:10 [6, 12497, 282, 99, 15433, -6]
604:111.14, 2:10 [6, 151, -6]
701:63.28, 3:10 [7, 171, 70, -7]
702:61.55, 6:10 [7, 7432, 39, -7]
703:60.03, 3:10 [7, 69, -7]
fe: 2, se: 7

Day: 1, Time: 405
Total Cost: 1385.15
 11:94.59, 31:75 [3, 8, -8, -3]
 12:90.24, 29:75 [3, 9, -9, -3]
801:83.80, 5:10 [8, 15551, 12944, -8]
802:87.15, 10:10 [8, 11708, 4090, 342, 95, -8]
803:120.64, 3:10 [8, 15707, 261, 11247, -8]
804:114.67, 4:10 [8, 27, 156, 12408, -8]
805:70.43, 8:10 [8, 235, 9548, 10239, 16929, -8]
806:101.34, 10:10 [8, 11224, 1850, 279, 13582, -8]
810:78.01, 10:10 [8, 11789, 11150, 1885, -8]
901:126.57, 7:10 [9, 15819, 11590, 14165, -9]
902:101.93, 10:10 [9, 15511, 9951, 15915, -9]
903:111.35, 5:10 [9, 12234, 120, 268, -9]
904:113.36, 9:10 [9, 11761, 9480, 265, -9]
905:91.07, 5:10 [9, 320, 15174, 14878, -9]
fe: 2, se: 12

Day: 1, Time: 420
Total Cost: 480.97
 11:136.01, 5:75 [1, -4, -1]
 12:153.31, 8:75 [1, -5, -1]
401:132.20, 5:10 [4, 14706, 13840, -4]
501:59.44, 8:10 [5, 10543, 13461, -5]
fe: 2, se: 2

Day: 1, Time: 425
Total Cost: 178.83
 11:90.24, 1:75 [3, -9, -3]
901:88.59, 1:10 [9, 13246, -9]
fe: 1, se: 1

Day: 1, Time: 450
Total Cost: 397.96
 11:136.01, 4:75 [1, 4, -1]
401:131.03, 3:10 [4, 48, -4]
402:130.92, 1:10 [4, 159, -4]
fe: 1, se: 2

Day: 1, Time: 450
Total Cost: 429.09
 11:66.27, 12:75 [2, 6, -2]
601:66.60, 4:10 [6, 94, -6]
602:80.92, 2:10 [6, 155, -6]
603:67.94, 2:10 [6, 91, -6]
604:63.91, 3:10 [6, 170, -6]
605:83.45, 1:10 [6, 6693, -6]
fe: 1, se: 5

Day: 1, Time: 450
Total Cost: 141.28
 11:94.59, 1:75 [3, 8, -3]
801:46.69, 1:10 [8, 138, -8]
fe: 1, se: 1

Day: 1, Time: 460
Total Cost: 1209.77
 11:136.01, 20:75 [1, 4, -1]
 12:153.31, 17:75 [1, 5, -1]
401:50.04, 1:10 [4, 1711, -4]
402:110.05, 2:10 [4, 323, -4]
404:97.13, 4:10 [4, 7855, 51, -4]
406:90.41, 3:10 [4, 280, 277, -4]
407:113.17, 3:10 [4, 291, -4]
408:71.81, 7:10 [4, 236, 80, -4]
501:84.97, 1:10 [5, 189, -5]
502:72.80, 3:10 [5, 6483, -5]
503:47.51, 4:10 [5, 64, 59, -5]
504:96.52, 3:10 [5, 7254, -5]
505:35.44, 4:10 [5, 205, -5]
506:50.60, 2:10 [5, 24, -5]
fe: 2, se: 12

Day: 1, Time: 460
Total Cost: 578.95
 11:66.27, 36:75 [2, 6, -2]
601:56.57, 4:10 [6, 136, -6]
602:58.00, 4:10 [6, 84, -6]
603:33.29, 3:10 [6, 190, -6]
604:124.66, 9:10 [6, 1998, 3539, 197, -6]
605:60.93, 1:10 [6, 4901, -6]
606:142.03, 9:10 [6, 21, 240, 986, -6]
608:37.20, 6:10 [6, 228, 162, -6]
fe: 1, se: 7

Day: 1, Time: 460
Total Cost: 682.28
 12:90.24, 29:75 [3, 9, -3]
901:127.73, 5:10 [9, 241, 176, 207, -9]
902:117.46, 5:10 [9, 262, 74, -9]
903:96.49, 6:10 [9, 230, 645, -9]
904:128.49, 6:10 [9, 6412, 210, -9]
905:121.86, 7:10 [9, 314, 182, 211, -9]
fe: 1, se: 5

Day: 1, Time: 495
Total Cost: 311.45
 11:136.01, 4:75 [1, 4, -1]
 12:153.31, 2:75 [1, 5, -1]
401:6.00, 4:10 [4, 36, -4]
501:16.12, 2:10 [5, 191, -5]
fe: 2, se: 2

Day: 1, Time: 495
Total Cost: 1167.29
 11:66.27, 37:75 [2, 6, -2]
 12:145.23, 10:75 [2, 7, -2]
601:108.81, 4:10 [6, 292, -6]
602:62.03, 3:10 [6, 56, -6]
603:101.98, 4:10 [6, 4093, -6]
604:95.27, 4:10 [6, 5301, -6]
605:93.04, 4:10 [6, 105, -6]
606:100.02, 4:10 [6, 52, 175, -6]
607:79.70, 3:10 [6, 334, -6]
608:74.64, 8:10 [6, 294, 4445, 45, -6]
609:90.26, 2:10 [6, 55, 3643, -6]
610:110.22, 1:10 [6, 200, -6]
701:17.82, 7:10 [7, 256, 116, -7]
702:22.00, 3:10 [7, 169, -7]
fe: 2, se: 12

Day: 1, Time: 495
Total Cost: 704.75
 11:94.59, 17:75 [3, 8, -3]
 12:90.24, 12:75 [3, 9, -3]
801:62.75, 4:10 [8, 77, 144, -8]
802:78.03, 4:10 [8, 38, -8]
803:64.80, 6:10 [8, 284, 4264, -8]
804:36.88, 1:10 [8, 213, -8]
805:76.97, 2:10 [8, 100, -8]
901:88.29, 3:10 [9, 63, -9]
902:70.15, 5:10 [9, 246, 6326, -9]
904:42.05, 4:10 [9, 19, -9]
fe: 2, se: 8

Day: 1, Time: 525
Total Cost: 280.96
 11:66.27, 12:75 [2, 6, -2]
601:51.42, 2:10 [6, 86, -6]
602:42.38, 1:10 [6, 92, -6]
603:51.22, 4:10 [6, 153, -6]
604:24.41, 1:10 [6, 202, -6]
605:45.25, 4:10 [6, 147, -6]
fe: 1, se: 5

Day: 1, Time: 525
Total Cost: 149.48
 11:94.59, 9:75 [3, 8, -3]
801:13.42, 3:10 [8, 287, -8]
802:20.59, 3:10 [8, 318, -8]
803:20.88, 3:10 [8, 285, -8]
fe: 1, se: 3


Day	Area	ID	Time	Load	Utilization	NoOrders	AssignmentCost
1	1	 8	315	 28	0.31	10	355.00
1	1	 9	360	 12	0.13	 5	195.00
1	1	119	400	 27	0.15	 9	690.00
1	1	10	405	 50	0.56	17	575.00
1	1	11	450	 15	0.14	 5	180.00
1	1	123	800	144	1.00	56	3636.00
1	1	132	800	 89	0.62	36	2316.00
1	1	19	810	 72	1.00	28	954.00
1	1	38	810	 72	1.00	31	954.00
1	2	136	300	  5	0.03	 2	250.00
1	2	46	315	 33	0.37	14	405.00
1	2	47	360	  3	0.03	 1	105.00
1	2	137	400	 50	0.28	20	1150.00
1	2	48	405	 18	0.20	 7	255.00
1	2	49	450	  3	0.03	 1	84.00
1	2	141	800	144	1.00	61	3636.00
1	2	150	800	 24	0.17	10	756.00
1	2	57	810	 72	1.00	32	954.00
1	2	76	810	 72	1.00	35	954.00
1	3	154	300	 19	0.11	 6	530.00
1	3	84	315	 57	0.63	19	645.00
1	3	85	360	  2	0.02	 2	95.00
1	3	155	400	 25	0.14	11	650.00
1	3	86	405	 14	0.16	 6	215.00
1	3	87	450	  3	0.03	 2	84.00
1	3	159	800	144	1.00	56	3636.00
1	3	168	800	118	0.82	43	3012.00
1	3	95	810	 72	1.00	28	954.00
1	3	114	810	 72	1.00	26	954.00


Day	Area	Time	Pickup	Delivery	Direct	FEVehicles	SEVehicles	ALNSTime	ALNSBestTime	RoutingCostArea
1	1	0	111	125	0	7	46	493.57	357.84	5585.18
1	1	60	15	0	0	2	5	1.15	0.00	818.13
1	1	110	6	0	0	3	3	0.50	0.00	760.36
1	1	145	9	0	0	2	4	0.87	0.00	636.23
1	1	160	2	0	0	2	2	0.32	0.00	446.26
1	1	290	23	0	0	2	6	1.97	0.00	924.62
1	1	305	2	0	0	1	1	0.31	0.00	337.42
1	1	360	16	8	0	2	8	2.08	0.00	1212.33
1	1	405	9	18	0	2	15	3.41	0.00	1531.46
1	1	420	4	0	0	2	2	0.66	0.00	480.97
1	1	450	0	2	0	1	2	0.25	0.00	397.96
1	1	460	0	16	0	2	12	1.16	0.00	1209.77
1	1	495	0	2	0	2	2	0.32	0.00	311.45
1	2	5	113	156	0	8	49	267.50	182.73	5521.78
1	2	130	8	0	1	2	2	0.72	0.00	916.33
1	2	160	9	0	1	2	3	0.81	0.00	1036.00
1	2	175	2	0	1	1	2	0.32	0.00	755.19
1	2	200	6	0	0	1	2	0.54	0.00	313.29
1	2	305	25	0	0	2	7	2.94	0.87	878.78
1	2	395	13	0	0	1	4	1.55	0.96	634.55
1	2	405	4	11	0	2	7	1.01	0.00	865.72
1	2	450	0	5	0	1	5	0.51	0.00	429.09
1	2	460	0	12	0	1	7	0.93	0.00	578.95
1	2	495	0	17	0	2	12	1.51	0.87	1167.29
1	2	525	0	5	0	1	5	0.52	0.00	280.96
1	3	0	114	129	0	7	45	547.34	357.46	5100.15
1	3	60	15	0	0	2	7	2.97	0.96	844.24
1	3	165	16	0	0	3	5	1.39	0.00	888.66
1	3	170	1	0	0	1	1	0.21	0.00	180.62
1	3	180	1	0	0	1	1	0.21	0.00	104.59
1	3	305	27	0	0	2	10	5.03	3.94	1103.70
1	3	405	24	14	0	2	12	9.13	3.92	1385.15
1	3	425	1	0	0	1	1	0.21	0.00	178.83
1	3	450	0	1	0	1	1	0.20	0.00	141.28
1	3	460	0	12	0	1	5	1.20	0.00	682.28
1	3	495	0	11	0	2	8	0.68	0.00	704.75
1	3	525	0	3	0	1	3	0.33	0.00	149.48

Day	SL	Own	DispatchTimes	AssignmentCost	RoutingCost	TotalCost
1	18	11	25	29179.00	39493.83	68672.83

Total Cost: 68672.82597649522
Cost per Day: 68672.82597649522
Running time in Seconds: 1460.39
Running time in minutes: 24.339833333333335