INSTANCE: 3hubs_MND_A_34_x.csv
PARAMETER: ldp_loose.txt
POLICY: LATEST DEPARTURE
ALPHA: 0.0
BETA: 58
OMEGA: 586
EPSILON: 1.0

Day: 1, Time: 0
Total Cost: 6949.47
 11:136.01, 75:75 [1, 4, -4, -1]
 12:136.01, 74:75 [1, 4, -4, -1]
 13:153.31, 74:75 [1, 5, -5, -1]
 14:136.01, 7:75 [1, 4, -4, -1]
 17:153.31, 48:75 [1, 5, -5, -1]
 19:153.31, 75:75 [1, 5, -5, -1]
401:140.36, 3:10 [4, 8969, -4]
402:133.75, 6:10 [4, 8890, 8700, 8469, -4]
403:116.37, 9:10 [4, 8477, 8863, 8973, 8886, -4]
404:101.79, 10:10 [4, 8795, 8906, 8361, 8820, 8891, 8304, 8542, -4]
405:125.55, 6:10 [4, 9028, 8920, 8864, 8770, -4]
406:99.78, 10:10 [4, 8799, 8824, 8438, 8933, 8442, 8465, 8490, 8801, -4]
407:145.84, 1:10 [4, 8987, -4]
408:133.94, 9:10 [4, 8805, 8939, 8881, -4]
409:99.84, 8:10 [4, 8750, 8727, 8803, -4]
410:90.95, 9:10 [4, 8924, 8491, 9003, 8441, 8585, -4]
411:100.30, 10:10 [4, 8406, 8888, 8575, 8631, 9008, 8862, -4]
412:89.00, 10:10 [4, 8901, 8849, 8568, 8630, 8980, -4]
413:122.88, 10:10 [4, 8621, 8518, 8539, 8305, 8481, 8626, -4]
414:189.78, 10:10 [4, 8609, 8898, 8301, 8331, 8519, 8662, 8619, 9024, -4]
415:103.79, 8:10 [4, 8855, 8363, 8843, 8708, 8359, 9032, -4]
416:86.83, 10:10 [4, 8880, 8561, 8512, 8459, 8866, 8949, -4]
417:174.95, 10:10 [4, 8370, 8665, 8834, 8319, 8661, 8622, 8595, 8775, 8800, -4]
418:187.73, 10:10 [4, 8683, 8408, 9029, 8458, 8685, 8704, 8342, 8909, -4]
419:49.81, 10:10 [4, 8672, 8638, 8650, -4]
420:122.47, 10:10 [4, 8789, 8431, 8560, 8785, -4]
421:166.15, 10:10 [4, 8380, 8934, 8425, 8602, 8691, 8814, 8954, -4]
422:59.37, 9:10 [4, 8946, 8809, 8493, -4]
423:34.17, 7:10 [4, 8290, 8503, -4]
424:17.37, 8:10 [4, 8978, 8590, -4]
425:46.14, 10:10 [4, 8390, 8485, 8506, -4]
426:39.47, 8:10 [4, 8942, 8632, 8562, -4]
427:138.13, 6:10 [4, 8850, 8857, -4]
428:135.02, 9:10 [4, 8877, 8601, 8674, 8430, 8986, 8687, 8497, 8962, -4]
431:63.09, 7:10 [4, 8858, 9015, -4]
432:52.30, 5:10 [4, 8703, 8753, -4]
501:186.33, 9:10 [5, 8810, 8339, 8961, 8688, 8610, 8694, 9007, 8599, -5]
502:150.59, 10:10 [5, 8559, 8604, 8710, 8758, 8654, -5]
503:54.77, 8:10 [5, 8299, 8381, -5]
504:85.08, 10:10 [5, 8461, 8854, 8826, 8642, 8717, -5]
505:72.23, 10:10 [5, 8333, 8504, 8544, 8292, -5]
506:55.84, 7:10 [5, 8323, 8551, 8938, 8570, -5]
507:85.24, 10:10 [5, 8841, 8930, 8608, 8829, -5]
508:72.13, 10:10 [5, 8478, 8993, 8772, 8520, 8835, -5]
509:128.94, 8:10 [5, 8637, 8693, 8505, 8578, -5]
510:74.09, 6:10 [5, 8300, 8777, 9023, 8706, -5]
511:126.32, 10:10 [5, 8948, 8722, 8451, 8541, 8869, 8744, -5]
512:98.27, 8:10 [5, 8488, 8466, 8791, 8401, 8844, -5]
513:163.94, 10:10 [5, 8492, 8600, 8457, 8351, 8951, 8294, -5]
514:70.50, 7:10 [5, 8806, 8538, 8733, -5]
515:103.16, 10:10 [5, 8720, 8970, 8943, 8861, 8364, 9001, -5]
516:46.55, 8:10 [5, 8352, 8577, 8574, 8817, -5]
517:134.30, 8:10 [5, 8397, 8524, 8484, -5]
518:117.85, 10:10 [5, 8670, 8312, 8615, 8701, 8695, 8681, 8995, -5]
519:55.81, 8:10 [5, 8989, 8883, 8576, -5]
520:133.24, 10:10 [5, 8922, 8828, 8413, 8399, 8786, 8827, -5]
521:50.79, 10:10 [5, 8724, 8494, 8757, 8415, -5]
522:106.68, 10:10 [5, 8388, 8596, 8373, 8387, -5]
523:133.58, 8:10 [5, 8396, 8295, 8311, 8812, 8926, -5]
524:94.72, 9:10 [5, 8349, 8774, 8329, 9027, 8513, -5]
525:97.13, 10:10 [5, 8726, 8755, 8768, 8837, -5]
526:144.77, 10:10 [5, 8682, 8530, 8878, 8580, 8787, 8384, -5]
527:65.87, 9:10 [5, 8617, 8979, 8761, 8852, -5]
529:114.80, 10:10 [5, 8563, 8378, 8327, 8536, -5]
531:91.09, 7:10 [5, 8467, 8573, 8997, -5]
fe: 6, se: 59

Day: 1, Time: 10
Total Cost: 5062.94
 11:66.27, 70:75 [2, 6, -6, -2]
 12:66.27, 74:75 [2, 6, -6, -2]
 13:66.27, 62:75 [2, 6, -6, -2]
 14:66.27, 42:75 [2, 6, -6, -2]
 16:145.23, 75:75 [2, 7, -7, -2]
 17:145.23, 66:75 [2, 7, -7, -2]
601:131.50, 10:10 [6, 8302, 8892, 8414, 9018, 8652, -6]
602:140.73, 10:10 [6, 8500, 8386, 8998, 8546, 8988, 8586, 8321, 8338, -6]
603:123.54, 10:10 [6, 8851, 8871, 8552, 8592, 8916, 10417, -6]
604:138.61, 10:10 [6, 8350, 8405, 8736, 8434, 8896, 8776, -6]
605:24.11, 6:10 [6, 8819, 8919, -6]
606:157.50, 10:10 [6, 8499, 8296, 8332, 8773, 8482, 8454, -6]
607:109.30, 10:10 [6, 8605, 8991, 8762, 8449, 8366, -6]
608:111.20, 10:10 [6, 8972, 8713, 8876, 8470, 9019, 8584, -6]
611:104.60, 8:10 [6, 8957, 8468, 8618, 8526, 8984, -6]
612:73.32, 10:10 [6, 8657, 8393, 8345, 8472, -6]
613:113.65, 10:10 [6, 8392, 8705, 8308, 8314, 8903, 8450, -6]
614:112.18, 10:10 [6, 8313, 8545, 8417, 9017, 8555, 8847, -6]
615:85.92, 10:10 [6, 8436, 8697, 8838, 8968, 8797, 8433, -6]
616:112.67, 9:10 [6, 8904, 8391, 8889, 8444, 8784, -6]
617:64.92, 10:10 [6, 8707, 8929, 8985, -6]
618:112.56, 9:10 [6, 8320, 8941, 8628, 8763, 13703, 8293, 8872, -6]
619:104.69, 10:10 [6, 8452, 8860, 8641, 9020, 8640, 8394, -6]
620:87.71, 10:10 [6, 8822, 8419, 8372, 8836, -6]
621:44.32, 6:10 [6, 8905, 8780, 8489, 8498, -6]
622:129.28, 10:10 [6, 8729, 8913, 8571, 8734, -6]
624:129.02, 10:10 [6, 8537, 8356, 8823, 8928, 8593, 8343, 8735, 8656, -6]
625:88.12, 10:10 [6, 8324, 8429, 8347, 8875, 8893, 8798, -6]
626:105.16, 9:10 [6, 8473, 8606, 8515, 8802, 8908, 9011, 8974, -6]
627:90.36, 10:10 [6, 8572, 8410, 8407, 8721, 8818, 8385, 8715, 8554, 8479, -6]
628:82.34, 10:10 [6, 8471, 8865, 10173, 9006, 8379, 8732, 8816, -6]
629:113.82, 10:10 [6, 8723, 8611, 8358, 8456, 8509, 9022, 8663, -6]
630:82.91, 10:10 [6, 8649, 8317, 8959, 8643, 8636, -6]
631:145.85, 10:10 [6, 8534, 8598, 8873, 8907, 8931, 8369, -6]
632:46.88, 4:10 [6, 8474, 8738, -6]
634:85.19, 10:10 [6, 8716, 8653, 8696, 8375, -6]
635:100.18, 10:10 [6, 8297, 9004, 8374, 8400, 8945, 8558, 8960, -6]
701:27.78, 5:10 [7, 8990, 8587, 8999, -7]
702:47.49, 8:10 [7, 8651, 8337, 8614, -7]
703:103.66, 10:10 [7, 8607, 8446, 10333, 8677, 8501, -7]
704:72.63, 9:10 [7, 8612, 8427, 8793, 8887, 9026, -7]
705:56.50, 8:10 [7, 8603, 8647, -7]
706:134.72, 10:10 [7, 8625, 8582, 8766, 8840, 8376, 8833, -7]
707:44.66, 9:10 [7, 8581, 8964, 8328, 8533, -7]
708:33.42, 5:10 [7, 8923, 8718, -7]
711:61.53, 10:10 [7, 8383, 8398, 8778, 8548, -7]
713:58.33, 10:10 [7, 8616, 8291, 8508, -7]
714:84.89, 10:10 [7, 8382, 8977, 8754, 8502, 8355, 8432, 8659, -7]
716:58.35, 10:10 [7, 8371, 8967, 9016, 8676, 8306, -7]
717:134.20, 9:10 [7, 8336, 8859, 8514, 8918, 8746, 8480, 9010, -7]
718:59.71, 9:10 [7, 8360, 8947, 8702, 8976, 8719, 8748, -7]
719:78.16, 10:10 [7, 8566, 8426, 8660, 8671, -7]
720:104.41, 10:10 [7, 8540, 8344, 8675, 8899, 8725, -7]
722:86.59, 10:10 [7, 8983, 8462, 8525, 8475, 8981, -7]
724:108.23, 8:10 [7, 8532, 8624, 8742, 8743, -7]
fe: 6, se: 49

Day: 1, Time: 10
Total Cost: 5149.27
 11:94.59, 75:75 [3, 8, -8, -3]
 12:94.59, 46:75 [3, 8, -8, -3]
 13:90.24, 74:75 [3, 9, -9, -3]
 15:90.24, 73:75 [3, 9, -9, -3]
 16:90.24, 55:75 [3, 9, -9, -3]
 17:90.24, 25:75 [3, 9, -9, -3]
 21:94.59, 16:75 [3, 8, -8, -3]
801:67.08, 10:10 [8, 9031, 8741, 8756, 8788, 8627, -8]
802:121.50, 10:10 [8, 8334, 9025, 8811, 8830, 8303, -8]
803:90.53, 10:10 [8, 8673, 8658, 8402, 8389, 8709, 8902, -8]
804:106.45, 10:10 [8, 8749, 8680, 8796, 9033, 8910, -8]
805:114.90, 10:10 [8, 8435, 8915, 8760, 8322, 8464, -8]
806:52.27, 10:10 [8, 8759, 8937, 8728, 8543, -8]
807:123.40, 10:10 [8, 8669, 8367, 8679, -8]
808:80.90, 9:10 [8, 9034, 8884, 9002, 8510, 8346, 8845, -8]
809:67.05, 7:10 [8, 8447, 8925, 8739, -8]
810:109.57, 10:10 [8, 8747, 8556, 8804, 8848, 8668, 9030, 8553, -8]
812:102.69, 10:10 [8, 8874, 8752, 8832, 8712, -8]
813:122.16, 8:10 [8, 8634, 8944, 8955, 8353, 8853, -8]
814:121.63, 10:10 [8, 8917, 8445, 8644, 8495, 8731, 8528, 8765, -8]
815:139.09, 10:10 [8, 8487, 8842, 8439, 8921, 8645, -8]
816:117.93, 10:10 [8, 8330, 8448, 8692, 8326, 8831, -8]
818:37.68, 6:10 [8, 8963, 8956, -8]
819:68.32, 8:10 [8, 8403, 8684, 8318, -8]
820:63.13, 9:10 [8, 9012, 8549, 8325, -8]
824:120.63, 10:10 [8, 8550, 8815, 8807, 8932, 8996, 8686, 8412, 8740, -8]
825:87.25, 10:10 [8, 8557, 8307, 8354, 8523, -8]
826:81.74, 10:10 [8, 8569, 8335, 8639, 8511, 8714, -8]
901:65.53, 10:10 [9, 8966, 8769, 8699, 8900, -9]
902:40.62, 9:10 [9, 8825, 8437, 8486, -9]
903:104.04, 10:10 [9, 8395, 8867, 8792, 8868, 8745, -9]
904:104.53, 10:10 [9, 8315, 8591, 8971, 8594, 8357, 8882, -9]
905:100.61, 10:10 [9, 8790, 8409, 9009, 8483, 8751, 8496, 8635, -9]
906:127.21, 9:10 [9, 8698, 8666, 9005, 8633, 8808, 8870, -9]
907:25.93, 7:10 [9, 8655, 8623, -9]
908:138.11, 10:10 [9, 8310, 8476, 8340, 8529, 8975, 8839, 8341, 8952, -9]
909:116.31, 10:10 [9, 8420, 8588, 8678, 8440, 8856, 8362, -9]
910:152.64, 10:10 [9, 8589, 8522, 8416, 8424, 8779, 8992, 8309, 8711, -9]
911:7.21, 3:10 [9, 8764, -9]
912:116.80, 10:10 [9, 8935, 8517, 8423, 8547, 8629, -9]
913:106.80, 10:10 [9, 8453, 8846, 8507, 9014, 8821, 8404, 8767, -9]
914:115.58, 9:10 [9, 8664, 8953, 8521, 8689, -9]
915:104.84, 10:10 [9, 8535, 14382, 8982, 8783, 8298, 8463, 8958, -9]
916:101.63, 10:10 [9, 8737, 8927, 8914, 8597, -9]
918:91.40, 9:10 [9, 8994, 8936, 8565, 8794, -9]
920:112.58, 10:10 [9, 8567, 8348, 9000, 8422, 9021, 8940, 8894, -9]
921:99.45, 9:10 [9, 8813, 8428, 8421, 8965, 8950, -9]
922:93.21, 10:10 [9, 9013, 8516, 8690, 8885, 8646, 8730, -9]
923:147.55, 10:10 [9, 8460, 8911, 8771, 8897, 8365, -9]
924:20.68, 6:10 [9, 8879, 8895, -9]
926:109.52, 10:10 [9, 8583, 8613, 8531, -9]
928:110.26, 10:10 [9, 8368, 8377, 8912, 8579, 8781, 8527, 8620, -9]
929:84.81, 10:10 [9, 8564, 8648, 8455, -9]
931:110.73, 10:10 [9, 8411, 8418, 8782, 8443, 8316, 8667, -9]
fe: 7, se: 47

Day: 1, Time: 45
Total Cost: 736.37
 11:136.01, 18:75 [1, -4, -1]
 12:153.31, 8:75 [1, -5, -1]
402:139.24, 8:10 [4, 12190, 16059, 16713, -4]
403:155.74, 10:10 [4, 14912, 16920, 14826, 11141, -4]
501:152.06, 8:10 [5, 9681, 16637, 14744, -5]
fe: 2, se: 3

Day: 1, Time: 45
Total Cost: 786.97
 11:94.59, 10:75 [3, -8, -3]
 12:90.24, 5:75 [3, -9, -3]
 13:90.24, 7:75 [3, -9, -3]
801:129.50, 7:10 [8, 10324, 16911, -8]
802:80.32, 3:10 [8, 12111, -8]
901:117.81, 7:10 [9, 15902, 14625, 15016, -9]
903:184.26, 5:10 [9, 12184, 14545, 9462, -9]
fe: 3, se: 4

Day: 1, Time: 50
Total Cost: 554.30
 11:66.27, 16:75 [2, -6, -2]
 12:66.27, 7:75 [2, -6, -2]
601:85.21, 5:10 [6, 11859, 16698, -6]
602:134.48, 7:10 [6, 16402, 11701, -6]
603:60.13, 1:10 [6, 15540, -6]
604:141.94, 10:10 [6, 16191, 10237, 14746, -6]
fe: 2, se: 4

Day: 1, Time: 80
Total Cost: 483.71
 11:94.59, 13:75 [3, -8, -3]
801:278.83, 7:10 [8, 13897, 14705, 16766, 13293, -8]
802:110.29, 6:10 [8, 16057, 16952, 15251, -8]
fe: 1, se: 2

Day: 1, Time: 85
Total Cost: 625.30
 11:136.01, 5:75 [1, -4, -1]
 12:179.78, 15:75 [1, -4, -5, -1]
401:64.69, 5:10 [4, 11635, 16760, -4]
402:44.81, 4:10 [4, 15389, 9433, -4]
501:69.11, 6:10 [5, 16203, 12349, -5]
502:130.90, 5:10 [5, 16716, 12855, -5]
fe: 2, se: 4

Day: 1, Time: 100
Total Cost: 636.89
 11:136.01, 6:75 [1, -4, -1]
 12:136.01, 4:75 [1, -4, -1]
 13:153.31, 3:75 [1, -5, -1]
401:66.12, 6:10 [4, 9154, 13902, -4]
402:91.02, 4:10 [4, 13566, 16734, -4]
501:54.41, 3:10 [5, 16574, -5]
fe: 3, se: 3

Day: 1, Time: 105
Total Cost: 333.99
 11:136.01, 8:75 [1, -4, -1]
401:197.97, 8:10 [4, 14497, 10949, 13998, -4]
fe: 1, se: 1

Day: 1, Time: 105
Total Cost: 483.40
 11:94.59, 6:75 [3, -8, -3]
 12:90.24, 8:75 [3, -9, -3]
801:69.16, 5:10 [8, 16964, 16968, -8]
803:97.41, 1:10 [8, 15029, -8]
901:132.00, 8:10 [9, 15438, 13609, 15799, -9]
fe: 2, se: 3

Day: 1, Time: 110
Total Cost: 749.86
 11:66.27, 8:75 [2, -6, -2]
 12:66.27, 2:75 [2, -6, -2]
 13:145.23, 6:75 [2, -7, -2]
601:237.72, 7:10 [6, 11779, 13236, 10825, -6]
602:132.94, 2:10 [6, 11950, -6]
603:26.08, 1:10 [6, 12258, -6]
702:39.29, 4:10 [7, 12975, -7]
703:36.06, 2:10 [7, 9493, -7]
fe: 3, se: 5

Day: 1, Time: 115
Total Cost: 627.26
 11:94.59, 2:75 [3, -8, -3]
 12:94.59, 7:75 [3, -8, -3]
 13:90.24, 2:75 [3, -9, -3]
801:79.85, 1:10 [8, 10840, -8]
802:102.49, 1:10 [8, 12778, -8]
803:127.02, 7:10 [8, 14594, 10247, -8]
901:38.47, 2:10 [9, 11337, -9]
fe: 3, se: 4

Day: 1, Time: 120
Total Cost: 217.44
 11:153.31, 4:75 [1, -5, -1]
501:64.12, 4:10 [5, 16070, -5]
fe: 1, se: 1

Day: 1, Time: 150
Total Cost: 732.36
 12:153.31, 15:75 [1, -5, -1]
 13:136.01, 3:75 [1, -4, -1]
401:93.04, 2:10 [4, 15262, -4]
402:121.92, 1:10 [4, 15023, -4]
501:75.20, 5:10 [5, 13982, 13562, -5]
502:152.88, 10:10 [5, 12367, 14466, 16710, 16226, -5]
fe: 2, se: 4

Day: 1, Time: 155
Total Cost: 440.74
 11:66.27, 2:75 [2, -6, -2]
 12:66.27, 9:75 [2, -6, -2]
601:89.20, 1:10 [6, 9930, -6]
602:161.45, 6:10 [6, 10089, 9986, 16322, -6]
603:25.30, 1:10 [6, 10243, -6]
604:32.25, 3:10 [6, 13167, -6]
fe: 2, se: 4

Day: 1, Time: 155
Total Cost: 577.90
 11:94.59, 11:75 [3, -8, -3]
 12:90.24, 9:75 [3, -9, -3]
801:61.64, 4:10 [8, 13006, 16742, -8]
802:192.40, 7:10 [8, 14390, 11007, 16063, 15974, -8]
901:139.03, 9:10 [9, 9526, 15811, 9833, 9908, -9]
fe: 2, se: 3

Day: 1, Time: 165
Total Cost: 252.51
 11:136.01, 2:75 [1, -4, -1]
401:116.50, 2:10 [4, 9198, -4]
fe: 1, se: 1

Day: 1, Time: 170
Total Cost: 182.77
 11:66.27, 1:75 [2, -6, -2]
601:116.50, 1:10 [6, 11951, -6]
fe: 1, se: 1

Day: 1, Time: 175
Total Cost: 566.71
 11:136.01, 1:75 [1, -4, -1]
 12:153.31, 3:75 [1, -5, -1]
401:132.82, 1:10 [4, 14964, -4]
502:144.57, 3:10 [5, 10894, 9870, -5]
fe: 2, se: 2

Day: 1, Time: 195
Total Cost: 338.63
 11:151.76, 13:75 [2, -6, -7, -2]
601:46.69, 4:10 [6, 15171, -6]
701:140.18, 9:10 [7, 12129, 14429, 13553, -7]
fe: 1, se: 2

Day: 1, Time: 200
Total Cost: 391.41
 11:113.51, 12:75 [3, -8, -9, -3]
801:68.80, 2:10 [8, 11856, 14218, -8]
901:209.09, 10:10 [9, 13986, 15999, 10542, -9]
fe: 1, se: 2

Day: 1, Time: 280
Total Cost: 1029.13
 11:136.01, 20:75 [1, -4, -1]
 12:153.31, 40:75 [1, -5, -1]
401:76.68, 6:10 [4, 13054, 15568, 11602, -4]
402:39.16, 5:10 [4, 15484, 16260, -4]
403:149.84, 9:10 [4, 12085, 15710, 9805, -4]
501:168.86, 10:10 [5, 10525, 13873, 13523, 9835, -5]
502:60.96, 10:10 [5, 15559, 12408, 11861, -5]
503:174.87, 10:10 [5, 9654, 15601, 9675, 9608, 16589, -5]
504:69.43, 10:10 [5, 10432, 16095, 15428, -5]
fe: 2, se: 7

Day: 1, Time: 290
Total Cost: 373.31
 11:66.27, 25:75 [2, -6, -2]
601:128.16, 9:10 [6, 12664, 13745, 11589, 11925, 13024, -6]
602:58.21, 8:10 [6, 9635, 16881, -6]
603:120.67, 8:10 [6, 16600, 10557, -6]
fe: 1, se: 3

Day: 1, Time: 310
Total Cost: 900.91
 11:94.59, 29:75 [3, -8, -3]
 12:90.24, 24:75 [3, -9, -3]
801:145.87, 10:10 [8, 11256, 13888, 10775, 11426, -8]
802:103.21, 10:10 [8, 14587, 16863, 13671, -8]
803:106.37, 9:10 [8, 15183, 11439, 11770, 11734, -8]
901:132.34, 10:10 [9, 11065, 16123, 14021, 10066, 9682, -9]
902:93.46, 4:10 [9, 10477, 10774, -9]
905:134.82, 10:10 [9, 15600, 15887, 14130, -9]
fe: 2, se: 6

Day: 1, Time: 360
Total Cost: 871.52
 11:136.01, 24:75 [1, 4, -4, -1]
 12:153.31, 14:75 [1, -5, -1]
401:116.45, 10:10 [4, 14769, 13500, 12723, 186, -4]
402:84.05, 10:10 [4, 9264, 15115, 13381, 12712, 15574, -4]
403:144.55, 5:10 [4, 11832, 49, 13906, -4]
404:68.49, 6:10 [4, 16537, 10401, 12679, -4]
501:41.70, 6:10 [5, 13538, 10225, -5]
502:126.96, 8:10 [5, 15352, 15358, 11519, -5]
fe: 2, se: 6

Day: 1, Time: 405
Total Cost: 1480.31
 11:136.01, 24:75 [1, 4, -4, -1]
 12:153.31, 42:75 [1, 5, -5, -1]
401:55.48, 5:10 [4, 189, 1553, 15459, 14516, -4]
402:95.02, 2:10 [4, 277, -4]
403:68.77, 6:10 [4, 8008, 12302, 323, -4]
404:145.24, 7:10 [4, 235, 39, -4]
405:89.39, 5:10 [4, 11413, 12048, -4]
406:50.00, 3:10 [4, 12810, -4]
407:51.86, 6:10 [4, 11907, 14269, -4]
408:75.09, 4:10 [4, 4088, 9703, -4]
501:50.70, 5:10 [5, 53, 6850, 14888, -5]
502:65.58, 6:10 [5, 13261, 112, -5]
503:77.79, 4:10 [5, 335, -5]
504:50.78, 5:10 [5, 131, 286, -5]
505:160.67, 7:10 [5, 207, 195, 3260, -5]
506:66.24, 4:10 [5, 229, 10437, -5]
507:37.05, 9:10 [5, 16081, 6339, 291, 3708, -5]
508:51.32, 8:10 [5, 2647, 2278, 237, -5]
fe: 2, se: 16

Day: 1, Time: 405
Total Cost: 1283.75
 11:66.27, 31:75 [2, 6, -6, -2]
 12:145.23, 15:75 [2, 7, -7, -2]
601:145.01, 5:10 [6, 11002, 123, -6]
602:137.73, 7:10 [6, 9915, 331, 9582, 250, -6]
603:85.97, 8:10 [6, 16359, 1710, 13466, -6]
604:101.89, 10:10 [6, 11042, 14697, 5692, 10, -6]
605:93.64, 4:10 [6, 154, 12009, -6]
609:135.80, 7:10 [6, 13165, 140, 4257, -6]
610:130.41, 9:10 [6, 2945, 16012, 9221, 283, -6]
701:56.40, 9:10 [7, 5305, 337, 6116, -7]
702:75.03, 4:10 [7, 11239, 7212, -7]
703:34.90, 4:10 [7, 11419, 14803, -7]
705:75.43, 3:10 [7, 333, 98, -7]
fe: 2, se: 11

Day: 1, Time: 405
Total Cost: 1616.19
 11:94.59, 34:75 [3, 8, -8, -3]
 12:90.24, 38:75 [3, 9, -9, -3]
801:77.08, 8:10 [8, 37, 84, -8]
802:109.00, 6:10 [8, 11333, 72, 13485, 159, -8]
803:60.38, 3:10 [8, 60, 16379, 14664, -8]
804:94.51, 5:10 [8, 15603, 211, 11257, -8]
805:117.22, 6:10 [8, 3872, 87, 803, -8]
806:95.82, 7:10 [8, 13427, 233, -8]
807:94.72, 7:10 [8, 9859, 16575, 11801, 10370, -8]
808:115.93, 6:10 [8, 5212, 201, 303, -8]
901:100.26, 5:10 [9, 15214, 313, 13804, -9]
902:83.46, 8:10 [9, 196, 297, 464, 13981, -9]
903:88.81, 5:10 [9, 230, 101, 109, 16916, -9]
904:102.72, 9:10 [9, 10550, 174, 136, -9]
905:123.42, 5:10 [9, 15128, 16614, 216, -9]
906:86.99, 9:10 [9, 13172, 5430, 14843, 11370, -9]
913:81.03, 10:10 [9, 16137, 13378, 279, 10116, -9]
fe: 2, se: 15

Day: 1, Time: 420
Total Cost: 293.01
 11:136.01, 6:75 [1, -4, -1]
401:94.87, 2:10 [4, 11549, -4]
402:62.13, 4:10 [4, 14902, -4]
fe: 1, se: 2

Day: 1, Time: 425
Total Cost: 275.20
 11:113.51, 6:75 [3, -8, -9, -3]
801:97.40, 5:10 [8, 11253, 9834, -8]
901:64.28, 1:10 [9, 12693, -9]
fe: 1, se: 2

Day: 1, Time: 450
Total Cost: 253.75
 11:153.31, 1:75 [1, 5, -1]
501:100.44, 1:10 [5, 3261, -5]
fe: 1, se: 1

Day: 1, Time: 450
Total Cost: 226.44
 11:66.27, 5:75 [2, 6, -2]
601:81.58, 4:10 [6, 310, -6]
602:78.59, 1:10 [6, 234, -6]
fe: 1, se: 2

Day: 1, Time: 450
Total Cost: 555.55
 11:94.59, 2:75 [3, 8, -3]
 12:90.24, 13:75 [3, 9, -3]
801:50.99, 2:10 [8, 251, -8]
901:50.60, 3:10 [9, 257, -9]
902:56.92, 3:10 [9, 20, -9]
903:52.80, 1:10 [9, 5013, -9]
904:50.16, 2:10 [9, 30, -9]
905:51.11, 3:10 [9, 223, -9]
906:58.14, 1:10 [9, 3169, -9]
fe: 2, se: 7

Day: 1, Time: 460
Total Cost: 1083.56
 11:136.01, 13:75 [1, 4, -1]
 12:153.31, 27:75 [1, 5, -1]
401:73.36, 5:10 [4, 38, 321, -4]
402:100.98, 3:10 [4, 206, -4]
403:111.16, 1:10 [4, 306, -4]
404:84.90, 3:10 [4, 1218, -4]
405:108.17, 1:10 [4, 282, -4]
501:70.12, 8:10 [5, 278, 81, 129, -5]
502:77.48, 5:10 [5, 183, 293, -5]
503:32.31, 2:10 [5, 242, -5]
505:68.99, 9:10 [5, 1547, 246, 51, -5]
506:66.78, 3:10 [5, 28, 121, -5]
fe: 2, se: 10

Day: 1, Time: 460
Total Cost: 723.78
 11:66.27, 30:75 [2, 6, -2]
601:160.09, 2:10 [6, 80, 36, -6]
602:46.87, 6:10 [6, 312, 5935, -6]
603:130.51, 8:10 [6, 177, 79, -6]
604:133.66, 8:10 [6, 7121, 7380, 338, -6]
605:42.05, 2:10 [6, 221, -6]
606:144.33, 4:10 [6, 836, 156, -6]
fe: 1, se: 6

Day: 1, Time: 460
Total Cost: 581.74
 11:94.59, 7:75 [3, 8, -3]
 12:90.24, 19:75 [3, 9, -3]
801:93.65, 7:10 [8, 116, 130, 148, -8]
901:99.79, 4:10 [9, 6572, 171, -9]
903:104.51, 7:10 [9, 4285, 132, -9]
905:98.95, 8:10 [9, 8230, 7501, -9]
fe: 2, se: 4

Day: 1, Time: 495
Total Cost: 507.02
 11:136.01, 14:75 [1, 4, -1]
 12:153.31, 3:75 [1, 5, -1]
401:38.21, 1:10 [4, 2150, -4]
402:34.53, 4:10 [4, 52, -4]
403:11.66, 2:10 [4, 182, -4]
404:32.25, 4:10 [4, 199, -4]
405:42.19, 1:10 [4, 23, -4]
406:36.06, 2:10 [4, 247, -4]
501:22.80, 3:10 [5, 276, -5]
fe: 2, se: 7

Day: 1, Time: 495
Total Cost: 1094.81
 11:66.27, 44:75 [2, 6, -2]
601:100.24, 6:10 [6, 991, 344, -6]
602:92.57, 5:10 [6, 7947, 8070, -6]
603:84.32, 5:10 [6, 191, 134, -6]
604:97.58, 2:10 [6, 113, 194, -6]
605:83.60, 5:10 [6, 7884, 289, -6]
606:107.70, 3:10 [6, 249, -6]
607:94.38, 7:10 [6, 69, 3421, -6]
608:71.61, 3:10 [6, 1634, -6]
609:104.94, 4:10 [6, 8274, -6]
610:104.40, 1:10 [6, 1143, -6]
611:87.20, 3:10 [6, 8023, -6]
fe: 1, se: 11

Day: 1, Time: 495
Total Cost: 741.06
 11:94.59, 17:75 [3, 8, -3]
 12:90.24, 3:75 [3, 9, -3]
801:58.00, 4:10 [8, 82, -8]
802:79.20, 2:10 [8, 167, -8]
803:64.12, 2:10 [8, 6222, -8]
804:65.30, 2:10 [8, 200, -8]
805:55.32, 3:10 [8, 214, -8]
806:73.54, 4:10 [8, 181, -8]
901:74.73, 1:10 [9, 1240, -9]
902:86.02, 2:10 [9, 1483, -9]
fe: 2, se: 8

Day: 1, Time: 525
Total Cost: 363.06
 11:66.27, 18:75 [2, 6, -2]
601:46.04, 4:10 [6, 160, -6]
602:51.22, 2:10 [6, 224, -6]
603:46.39, 4:10 [6, 318, -6]
604:30.41, 4:10 [6, 47, 6274, -6]
605:51.92, 1:10 [6, 59, -6]
606:26.08, 2:10 [6, 104, -6]
607:44.72, 1:10 [6, 6333, -6]
fe: 1, se: 7

Day: 1, Time: 525
Total Cost: 230.69
 11:90.24, 4:75 [3, 9, -3]
 12:94.59, 4:75 [3, 8, -3]
801:10.00, 4:10 [8, 107, -8]
901:27.86, 1:10 [9, 243, -9]
902:8.00, 3:10 [9, 147, -9]
fe: 2, se: 3


Day	Area	ID	Time	Load	Utilization	NoOrders	AssignmentCost
1	1	 8	315	 79	0.88	31	865.00
1	1	 9	360	  6	0.07	 3	135.00
1	1	119	400	 21	0.12	 9	570.00
1	1	10	405	 35	0.39	14	425.00
1	1	11	450	 17	0.16	 8	196.00
1	1	123	800	144	1.00	60	3636.00
1	1	132	800	 97	0.67	41	2508.00
1	1	19	810	 72	1.00	30	954.00
1	1	38	810	 72	1.00	27	954.00
1	2	136	300	  4	0.02	 1	230.00
1	2	46	315	 39	0.43	15	465.00
1	2	47	360	 11	0.12	 6	185.00
1	2	137	400	 33	0.18	13	810.00
1	2	48	405	 21	0.23	 8	285.00
1	2	49	450	  5	0.05	 2	100.00
1	2	141	800	144	1.00	53	3636.00
1	2	150	800	 13	0.09	 5	492.00
1	2	57	810	 72	1.00	26	954.00
1	2	76	810	 72	1.00	30	954.00
1	3	154	300	  4	0.02	 1	230.00
1	3	84	315	 49	0.54	20	565.00
1	3	85	360	  4	0.04	 1	115.00
1	3	155	400	 42	0.23	16	990.00
1	3	86	405	 25	0.28	10	325.00
1	3	87	450	 12	0.11	 5	156.00
1	3	159	800	144	1.00	63	3636.00
1	3	168	800	 57	0.40	23	1548.00
1	3	95	810	 72	1.00	32	954.00
1	3	114	810	 72	1.00	29	954.00


Day	Area	Time	Pickup	Delivery	Direct	FEVehicles	SEVehicles	ALNSTime	ALNSBestTime	RoutingCostArea
1	1	0	123	144	0	6	59	525.26	430.49	6949.47
1	1	45	10	0	0	2	3	0.82	0.00	736.37
1	1	85	8	0	1	2	4	0.78	0.00	1125.30
1	1	100	5	0	0	3	3	0.66	0.00	636.89
1	1	105	3	0	1	1	1	0.34	0.00	833.99
1	1	120	1	0	1	1	1	0.19	0.00	717.44
1	1	150	8	0	0	2	4	0.88	0.04	732.36
1	1	165	1	0	1	1	1	0.20	0.00	752.51
1	1	175	3	0	1	2	2	0.39	0.00	1066.71
1	1	280	23	0	0	2	7	1.99	1.08	1029.13
1	1	360	18	2	0	2	6	2.01	0.00	871.52
1	1	405	13	24	0	2	16	7.00	1.02	1480.31
1	1	420	2	0	0	1	2	0.28	0.00	293.01
1	1	450	0	1	0	1	1	0.20	0.00	253.75
1	1	460	0	17	0	2	10	1.19	0.00	1083.56
1	1	495	0	7	0	2	7	0.47	0.00	507.02
1	2	10	109	143	0	6	49	313.94	245.90	5062.94
1	2	50	8	0	0	2	4	0.61	0.00	554.30
1	2	110	7	0	0	3	5	0.73	0.00	749.86
1	2	155	6	0	1	2	4	0.45	0.00	940.74
1	2	170	1	0	0	1	1	0.20	0.00	182.77
1	2	195	4	0	0	1	2	0.48	0.00	338.63
1	2	290	9	0	0	1	3	0.67	0.00	373.31
1	2	405	14	17	0	2	11	4.56	1.60	1283.75
1	2	450	0	2	0	1	2	0.23	0.00	226.44
1	2	460	0	12	0	1	6	0.84	0.00	723.78
1	2	495	0	17	0	1	11	1.12	0.03	1094.81
1	2	525	0	8	1	1	7	0.52	0.00	863.06
1	3	10	108	123	0	7	47	272.18	156.99	5149.27
1	3	45	9	0	0	3	4	0.78	0.00	786.97
1	3	80	7	0	0	1	2	0.60	0.00	483.71
1	3	105	6	0	0	2	3	0.54	0.00	483.40
1	3	115	5	0	0	3	4	0.85	0.00	627.26
1	3	155	10	0	1	2	3	0.84	0.00	1077.90
1	3	170	0	0	1	0	0	0.00	0.00	500.00
1	3	200	5	0	0	1	2	0.42	0.00	391.41
1	3	310	21	0	0	2	6	1.64	0.00	900.91
1	3	405	24	25	0	2	15	13.40	9.73	1616.19
1	3	425	3	0	0	1	2	0.40	0.00	275.20
1	3	450	0	7	0	2	7	0.48	0.00	555.55
1	3	460	0	9	0	2	4	0.63	0.00	581.74
1	3	495	0	8	0	2	8	0.60	0.00	741.06
1	3	525	0	3	3	2	3	0.40	0.00	1730.69

Day	SL	Own	DispatchTimes	AssignmentCost	RoutingCost	TotalCost
1	18	11	28	27827.00	47365.02	75192.02

Total Cost: 75192.01730615209
Cost per Day: 75192.01730615209
Running time in Seconds: 1265.004
Running time in minutes: 21.0834