INSTANCE: 3hubs_MND_A_7_x.csv
PARAMETER: ldp_loose.txt
POLICY: LATEST DEPARTURE
ALPHA: 0.0
BETA: 58
OMEGA: 586
EPSILON: 1.0

Day: 1, Time: 0
Total Cost: 5406.18
 11:136.01, 75:75 [1, 4, -4, -1]
 12:136.01, 73:75 [1, 4, -4, -1]
 15:136.01, 19:75 [1, 4, -4, -1]
 17:153.31, 58:75 [1, 5, -1]
 18:153.31, 72:75 [1, 5, -5, -1]
 19:153.31, 56:75 [1, 5, -5, -1]
401:37.04, 7:10 [4, 8768, 8858, 8665, 8987, -4]
402:70.17, 7:10 [4, 8340, 8342, 8569, -4]
403:121.26, 10:10 [4, 8662, 8312, 8806, 8528, 8322, 8553, -4]
404:45.77, 10:10 [4, 8710, 8590, 9029, 8329, 8512, -4]
405:117.93, 10:10 [4, 8539, 8331, 9020, 8760, 8939, -4]
406:139.28, 1:10 [4, 8771, -4]
407:121.10, 9:10 [4, 8355, 8496, 8884, 8980, 8955, -4]
408:60.69, 7:10 [4, 8964, 8670, 8464, -4]
409:81.07, 10:10 [4, 8995, 8931, 8366, 8941, 8475, 8945, -4]
410:65.74, 10:10 [4, 8434, 8452, 8449, 8691, -4]
411:135.01, 10:10 [4, 8535, 8344, 8301, 8313, 8472, 8635, 8770, -4]
412:123.05, 10:10 [4, 8373, 8781, 8540, 8846, 8582, -4]
413:172.62, 10:10 [4, 8761, 8606, 8409, 8754, 8511, 8900, 8339, 8893, -4]
414:37.08, 10:10 [4, 8959, 8880, 8684, 8609, -4]
415:130.24, 9:10 [4, 8928, 8656, 8508, 8494, 8524, 8988, 8788, -4]
416:8.49, 4:10 [4, 8501, -4]
417:103.57, 9:10 [4, 8446, 9017, 8772, 8655, 8789, 8693, -4]
418:117.07, 10:10 [4, 8559, 8734, 8608, 8476, -4]
419:35.46, 6:10 [4, 8591, 8927, 8354, -4]
421:62.29, 10:10 [4, 8307, 8664, 8979, 8658, -4]
422:148.10, 10:10 [4, 8795, 8653, 8676, 8816, 8408, 8864, -4]
423:153.41, 10:10 [4, 8431, 8875, 8432, 8850, 8666, 8721, 8775, -4]
425:64.93, 9:10 [4, 8817, 8969, 8649, -4]
430:101.27, 10:10 [4, 8984, 8573, 9003, 8706, 8546, 8861, -4]
501:67.24, 10:10 [5, 8420, 8426, 8631, 8347, 8926, -5]
502:103.60, 10:10 [5, 8639, 8749, 8503, 8369, 8786, 8814, 8727, 9012, 8386, -5]
503:100.57, 10:10 [5, 8975, 9008, 8885, 8700, 8365, -5]
504:85.10, 10:10 [5, 8306, 8747, 8291, 8368, 8769, 8991, 8644, -5]
505:101.86, 10:10 [5, 8537, 8694, 8422, 8429, 8332, -5]
506:102.28, 10:10 [5, 8660, 8489, 8617, 8360, 8376, 8626, -5]
507:107.71, 10:10 [5, 8929, 8663, 8940, 8361, 8377, 8778, 8646, 8826, -5]
508:72.02, 10:10 [5, 8568, 8390, 8596, 8621, -5]
510:52.99, 8:10 [5, 8525, 8300, 8499, 8486, -5]
511:87.01, 10:10 [5, 8447, 8743, 8603, 8326, 8564, -5]
512:127.43, 10:10 [5, 8809, 8359, 8463, 8901, 8630, 8324, 8832, 8804, -5]
513:150.95, 9:10 [5, 8419, 8983, 8752, 8430, 8805, -5]
516:70.95, 10:10 [5, 8701, 8490, 8584, 8402, 8842, 8903, -5]
517:97.66, 10:10 [5, 8375, 8790, 8831, 8358, 8589, 8860, -5]
518:156.73, 10:10 [5, 8594, 8938, 8513, 8338, -5]
519:160.44, 10:10 [5, 8533, 8672, 8443, 8333, -5]
524:78.16, 8:10 [5, 8425, 8724, 8774, 8457, 8811, -5]
525:161.76, 9:10 [5, 8473, 8436, 8527, 8412, 8949, 8297, -5]
526:112.27, 10:10 [5, 8675, 8579, 9033, 9028, 8529, 8957, 8309, -5]
528:117.02, 9:10 [5, 8883, 8407, 8305, 8966, 8766, 8451, 8869, -5]
529:171.79, 10:10 [5, 8679, 8530, 8977, 8349, 8739, 8565, 8985, 8391, -5]
fe: 6, se: 45

Day: 1, Time: 10
Total Cost: 4444.74
 11:66.27, 75:75 [2, 6, -6, -2]
 12:66.27, 75:75 [2, 6, -6, -2]
 13:145.23, 56:75 [2, 7, -7, -2]
 19:66.27, 56:75 [2, 6, -6, -2]
 37:145.23, 58:75 [2, 7, -7, -2]
601:165.78, 10:10 [6, 8892, 8840, 8415, 8577, 8713, 8740, 9014, -6]
603:133.40, 10:10 [6, 8367, 8856, 8815, 8902, 8348, -6]
604:90.60, 10:10 [6, 8526, 8909, 8502, 8518, 8731, 8750, 8937, -6]
605:112.39, 10:10 [6, 8954, 8947, 8401, 8341, 9011, 8820, -6]
606:108.94, 10:10 [6, 8462, 8808, 8414, 8735, 8382, 8933, -6]
607:120.12, 9:10 [6, 8689, 8618, 8400, 8325, 8681, 8922, -6]
608:33.78, 9:10 [6, 9024, 8605, 8459, -6]
609:164.00, 10:10 [6, 8299, 8851, 8578, 8437, 8818, 8602, 8318, 8877, 8336, 14140, 8756, -6]
610:126.07, 10:10 [6, 8323, 8833, 8699, 8314, 8847, 8615, 8571, -6]
611:102.33, 10:10 [6, 8682, 8456, 8383, 8484, 8623, -6]
612:178.36, 10:10 [6, 8634, 9013, 8612, 9001, 8918, 8385, 8873, -6]
614:113.00, 10:10 [6, 8994, 8830, 8680, 8619, 8433, 8711, -6]
615:45.78, 9:10 [6, 8574, 8932, 9016, 8782, -6]
616:132.00, 10:10 [6, 8910, 8936, 8678, 8736, 8310, 9027, -6]
617:116.86, 10:10 [6, 8657, 8866, 8334, 8828, 8488, 8435, 9032, 8776, -6]
618:63.37, 10:10 [6, 8878, 9021, 8889, 8337, 8532, -6]
619:68.15, 10:10 [6, 8715, 8448, 8364, 8674, 8919, -6]
620:140.43, 10:10 [6, 8914, 8417, 8981, 8597, 8898, 8897, -6]
621:164.44, 10:10 [6, 8394, 9007, 8455, 8627, 8950, 8352, 8865, 8570, -6]
622:111.03, 10:10 [6, 8723, 8915, 8465, 8500, 8894, 9005, -6]
623:89.75, 10:10 [6, 8521, 9002, 8491, 8545, 8935, -6]
624:120.15, 10:10 [6, 8398, 8466, 8468, 8469, 8746, -6]
626:65.98, 10:10 [6, 8439, 8753, 8601, 8576, 8704, 8317, -6]
627:135.86, 10:10 [6, 8989, 8614, 8480, 8335, 8890, 8837, 8827, -6]
628:44.54, 10:10 [6, 8907, 8703, 8363, -6]
630:92.23, 10:10 [6, 8976, 8298, 8848, 8474, -6]
701:80.46, 10:10 [7, 8702, 8505, 8882, 8654, 8744, 8479, -7]
702:53.58, 10:10 [7, 8302, 8652, 9015, 8793, 8471, 8542, -7]
703:87.32, 10:10 [7, 8583, 8777, 8418, 8708, 8315, 8560, -7]
704:43.88, 10:10 [7, 8485, 8290, 8667, 8650, -7]
705:83.16, 10:10 [7, 8520, 8551, 8356, 8575, 8580, -7]
706:80.27, 10:10 [7, 8357, 8953, 8912, 8406, 8482, 8460, 8911, 9019, -7]
707:35.50, 8:10 [7, 8759, 8728, 8729, -7]
708:44.11, 9:10 [7, 8556, 8428, 8304, -7]
709:71.99, 10:10 [7, 8767, 9031, 8588, 8534, 8965, -7]
711:53.04, 10:10 [7, 8867, 8807, 8687, 8944, -7]
712:64.39, 10:10 [7, 8780, 8887, 8416, 8395, 8946, 8311, -7]
713:52.53, 9:10 [7, 8688, 9010, 8643, 8321, -7]
714:53.09, 10:10 [7, 11613, 8973, 8943, 8411, 8825, -7]
716:89.32, 9:10 [7, 8620, 8351, 8413, 8523, 8822, 8799, 8698, 8956, -7]
718:129.40, 10:10 [7, 8450, 8587, 8316, 8640, 8852, 8726, -7]
720:94.07, 10:10 [7, 8294, 8478, 8677, 8492, 9004, 8913, 8292, -7]
fe: 5, se: 42

Day: 1, Time: 25
Total Cost: 5745.10
 11:94.59, 73:75 [3, 8, -8, -3]
 12:90.24, 61:75 [3, 9, -9, -3]
 13:94.59, 22:75 [3, 8, -8, -3]
 14:94.59, 74:75 [3, 8, -8, -3]
 15:94.59, 20:75 [3, 8, -8, -3]
 16:90.24, 74:75 [3, 9, -9, -3]
 17:90.24, 16:75 [3, 9, -9, -3]
 18:90.24, 26:75 [3, 9, -9, -3]
 19:90.24, 19:75 [3, 9, -9, -3]
802:79.84, 10:10 [8, 8874, 8930, 8536, 8563, 8345, -8]
803:61.93, 9:10 [8, 8636, 8421, 8381, 8519, -8]
804:111.10, 9:10 [8, 8467, 8812, 8683, 8487, -8]
805:8.25, 2:10 [8, 8440, -8]
806:93.29, 10:10 [8, 8669, 8748, 8389, 8960, 8441, 8461, -8]
807:129.50, 10:10 [8, 8876, 8716, 8604, 8557, 8997, -8]
808:100.17, 10:10 [8, 8881, 8504, 8507, 8392, 8423, 8792, -8]
809:147.79, 10:10 [8, 8622, 8493, 8796, 8829, 8585, 8992, 8857, 8834, 8638, 8742, -8]
810:110.28, 9:10 [8, 8438, 8952, 8942, 8917, 8757, -8]
811:108.98, 10:10 [8, 8607, 8836, 9023, 8517, 8764, 8999, -8]
812:97.58, 10:10 [8, 8645, 8495, 8444, 8720, -8]
813:92.35, 9:10 [8, 8803, 8800, 8990, 9030, -8]
814:126.78, 10:10 [8, 8548, 8538, 8516, 8642, 8610, 8686, -8]
815:39.63, 10:10 [8, 8791, 8916, 8923, 8558, -8]
816:70.44, 10:10 [8, 8797, 8651, 8962, 8372, 8843, -8]
817:78.85, 9:10 [8, 8690, 8705, 8835, 8629, -8]
818:79.31, 10:10 [8, 8870, 8758, 8445, 8871, 8719, -8]
820:107.87, 10:10 [8, 8951, 8725, 8779, 9000, -8]
821:87.57, 10:10 [8, 8961, 8696, 8971, 8308, 8581, -8]
822:103.71, 10:10 [8, 8393, 8632, 8906, 8343, 8763, 8384, -8]
824:122.39, 10:10 [8, 8442, 8410, 8293, 8668, -8]
825:101.78, 9:10 [8, 8397, 8862, 8802, 8934, 8707, -8]
826:121.30, 10:10 [8, 8751, 8641, 8611, 8968, 8773, 8396, 8628, -8]
827:82.04, 10:10 [8, 8673, 8595, 8483, 8599, -8]
828:106.08, 10:10 [8, 8886, 8514, 8405, 8823, 8547, -8]
829:84.39, 9:10 [8, 8844, 8328, 8647, -8]
831:115.72, 10:10 [8, 8498, 8515, 8925, 8346, 8784, 8303, -8]
835:105.28, 10:10 [8, 8697, 8380, 8387, 8845, 8424, -8]
901:22.64, 4:10 [9, 8600, 8477, 8762, -9]
902:24.50, 5:10 [9, 9006, 8561, -9]
903:50.33, 7:10 [9, 8555, 8905, 8718, 8566, 8963, -9]
904:94.34, 9:10 [9, 8371, 8986, 8998, 8330, 8785, 8543, 8801, -9]
905:86.74, 9:10 [9, 8593, 8362, 8712, 8403, 8353, 8458, 8549, -9]
906:57.05, 9:10 [9, 9022, 8388, 8982, 8295, -9]
907:155.54, 10:10 [9, 8661, 8506, 13016, 8624, 8497, 8899, 8787, 8741, 8821, -9]
908:69.30, 5:10 [9, 8745, 8648, 8810, 8904, -9]
909:96.27, 9:10 [9, 8659, 8454, 8379, 8978, 8586, 15776, -9]
910:55.49, 10:10 [9, 8709, 8819, 8319, 8996, 9009, -9]
911:127.67, 10:10 [9, 8872, 8399, 8531, 8695, 8320, 8714, 8633, 8920, -9]
912:176.23, 10:10 [9, 8370, 8510, 8974, 8544, 8722, 9026, 8509, 8794, -9]
913:42.62, 9:10 [9, 8948, 8738, 9025, -9]
914:107.32, 9:10 [9, 8374, 8908, 8572, 8888, 8855, 8453, 8522, 9034, -9]
915:138.28, 10:10 [9, 8692, 8895, 8552, 8685, 8891, -9]
916:81.55, 9:10 [9, 8854, 8404, 8730, 8783, 8470, 8841, -9]
917:88.47, 8:10 [9, 8824, 8567, 8879, 8755, -9]
918:74.14, 9:10 [9, 8296, 8972, 8813, 8625, 8562, -9]
920:114.92, 9:10 [9, 8598, 8717, 8970, 8592, 8921, 8863, -9]
921:119.11, 9:10 [9, 8732, 8427, 8859, 8838, 8554, 8853, -9]
922:97.24, 9:10 [9, 8541, 8327, 14813, 8350, 8378, -9]
924:119.61, 9:10 [9, 8958, 8613, 8868, 8481, 8550, 8924, 8733, 9018, 8849, -9]
926:113.67, 10:10 [9, 8671, 8737, 8637, 8798, 8993, -9]
927:128.25, 10:10 [9, 8765, 8967, 8616, 8896, 8839, -9]
fe: 9, se: 52

Day: 1, Time: 40
Total Cost: 489.13
 11:66.27, 11:75 [2, -6, -2]
 12:66.27, 8:75 [2, -6, -2]
601:47.54, 1:10 [6, 15380, -6]
602:110.50, 8:10 [6, 15056, 12883, 14912, -6]
603:198.55, 10:10 [6, 15599, 10708, 9654, -6]
fe: 2, se: 3

Day: 1, Time: 55
Total Cost: 1115.22
 11:136.01, 16:75 [1, -4, -1]
 12:136.01, 12:75 [1, -4, -1]
 13:153.31, 4:75 [1, -5, -1]
401:172.16, 6:10 [4, 10911, 13518, 16170, -4]
402:208.38, 10:10 [4, 12495, 14138, 14030, -4]
403:165.50, 10:10 [4, 13933, 12717, 15986, 9684, -4]
404:36.50, 2:10 [4, 13551, -4]
502:107.36, 4:10 [5, 12325, 16561, -5]
fe: 3, se: 5

Day: 1, Time: 60
Total Cost: 185.86
 11:66.27, 4:75 [2, -6, -2]
601:119.59, 4:10 [6, 14700, 10923, -6]
fe: 1, se: 1

Day: 1, Time: 80
Total Cost: 286.91
 11:113.51, 10:75 [3, -8, -9, -3]
801:63.53, 3:10 [8, 13364, -8]
901:71.03, 6:10 [9, 11444, 16252, -9]
902:38.83, 1:10 [9, 10492, -9]
fe: 1, se: 3

Day: 1, Time: 100
Total Cost: 789.96
 11:66.27, 21:75 [2, -6, -2]
 12:66.27, 6:75 [2, -6, -2]
 13:145.23, 3:75 [2, -7, -2]
601:99.44, 6:10 [6, 11355, 16651, -6]
602:118.56, 6:10 [6, 10901, 9213, -6]
603:144.72, 9:10 [6, 15832, 12063, 15270, 12564, -6]
604:92.10, 6:10 [6, 13192, 15419, -6]
701:44.72, 1:10 [7, 16850, -7]
702:12.65, 2:10 [7, 14769, -7]
fe: 3, se: 6

Day: 1, Time: 120
Total Cost: 251.81
 11:66.27, 4:75 [2, -6, -2]
601:89.52, 3:10 [6, 13829, 15309, -6]
602:96.02, 1:10 [6, 14467, -6]
fe: 1, se: 2

Day: 1, Time: 125
Total Cost: 879.05
 12:136.01, 8:75 [1, -4, -1]
 13:153.31, 37:75 [1, -5, -1]
402:120.54, 8:10 [4, 9707, 11018, 10827, -4]
501:60.68, 9:10 [5, 12841, 9783, 11162, -5]
502:61.02, 8:10 [5, 13478, 9716, 16636, -5]
503:192.44, 10:10 [5, 12862, 16449, 9894, 12525, -5]
504:155.04, 10:10 [5, 11181, 15763, 11793, -5]
fe: 2, se: 5

Day: 1, Time: 165
Total Cost: 604.45
 11:66.27, 9:75 [2, -6, -2]
 12:66.27, 10:75 [2, -6, -2]
 13:145.23, 5:75 [2, -7, -2]
601:47.85, 9:10 [6, 12309, 10140, 10312, -6]
602:172.46, 10:10 [6, 15475, 11528, 12798, 12311, -6]
701:106.37, 5:10 [7, 16003, 9890, 13231, -7]
fe: 3, se: 3

Day: 1, Time: 175
Total Cost: 730.09
 11:136.01, 10:75 [1, -4, -1]
 12:136.01, 2:75 [1, -4, -1]
 13:153.31, 3:75 [1, -5, -1]
401:197.06, 10:10 [4, 9170, 12150, 11357, 11238, -4]
402:51.22, 2:10 [4, 14751, -4]
501:56.46, 3:10 [5, 15650, -5]
fe: 3, se: 3

Day: 1, Time: 180
Total Cost: 283.85
 11:136.01, 5:75 [1, -4, -1]
402:147.83, 5:10 [4, 9914, 14262, -4]
fe: 1, se: 1

Day: 1, Time: 180
Total Cost: 239.18
 11:66.27, 7:75 [2, -6, -2]
601:172.91, 7:10 [6, 16816, 16524, 11752, -6]
fe: 1, se: 1

Day: 1, Time: 180
Total Cost: 594.57
 11:113.51, 33:75 [3, -9, -8, -3]
801:143.92, 10:10 [8, 16485, 11957, 12553, 12245, -8]
802:18.11, 2:10 [8, 9243, -8]
901:124.43, 8:10 [9, 13730, 16558, 14715, -9]
902:54.15, 4:10 [9, 16189, -9]
903:140.44, 9:10 [9, 11975, 16315, 14842, -9]
fe: 1, se: 5

Day: 1, Time: 295
Total Cost: 858.06
 11:136.01, 24:75 [1, -4, -1]
 12:153.31, 28:75 [1, -5, -1]
401:110.87, 10:10 [4, 15624, 16557, 11377, 15178, -4]
402:24.74, 4:10 [4, 15839, -4]
403:141.30, 10:10 [4, 15695, 13666, 13472, 15978, -4]
501:58.98, 10:10 [5, 10335, 12005, 14551, -5]
502:70.59, 8:10 [5, 12663, 14028, 10809, -5]
503:162.26, 10:10 [5, 15432, 14519, 14805, 9816, 13092, 12703, -5]
fe: 2, se: 6

Day: 1, Time: 300
Total Cost: 932.75
 11:66.27, 70:75 [2, -6, -2]
 12:66.27, 8:75 [2, -6, -2]
601:98.70, 9:10 [6, 11546, 12103, 13819, -6]
602:29.55, 4:10 [6, 16083, 9688, -6]
603:31.93, 8:10 [6, 15536, 12664, -6]
604:103.77, 10:10 [6, 13534, 11483, 16565, 15066, -6]
605:121.27, 10:10 [6, 15279, 16538, 12337, 12848, -6]
606:111.04, 10:10 [6, 12821, 14816, 14756, 14848, -6]
607:79.87, 10:10 [6, 9155, 10164, 10877, -6]
608:119.18, 9:10 [6, 15136, 9921, 9480, 11186, -6]
609:104.89, 8:10 [6, 10285, 16686, 11944, -6]
fe: 2, se: 9

Day: 1, Time: 300
Total Cost: 804.98
 11:90.24, 25:75 [3, -9, -3]
 12:94.59, 27:75 [3, -8, -3]
801:143.58, 10:10 [8, 11985, 16762, 16448, 9305, 10913, -8]
802:152.51, 8:10 [8, 16456, 13633, 16148, 10308, 11215, -8]
803:84.94, 9:10 [8, 15067, 14483, 15437, -8]
901:36.26, 7:10 [9, 12829, 11693, -9]
902:110.18, 9:10 [9, 16834, 14668, 13919, 15644, -9]
903:92.67, 9:10 [9, 13753, 12226, 12682, 12428, 10192, -9]
fe: 2, se: 6

Day: 1, Time: 360
Total Cost: 948.13
 11:136.01, 9:75 [1, 4, -4, -1]
 12:153.31, 23:75 [1, 5, -5, -1]
401:143.14, 7:10 [4, 12640, 15, 14433, -4]
403:74.77, 4:10 [4, 9642, 11952, 16005, -4]
501:86.39, 7:10 [5, 16306, 9617, -5]
502:141.12, 8:10 [5, 10277, 129, 206, -5]
503:77.10, 8:10 [5, 11392, 15374, 9571, -5]
504:136.29, 7:10 [5, 16563, 68, -5]
fe: 2, se: 6

Day: 1, Time: 400
Total Cost: 622.39
 11:66.27, 36:75 [2, -6, -2]
601:137.21, 6:10 [6, 12299, 9286, -6]
602:94.93, 5:10 [6, 15689, 15177, -6]
603:88.13, 7:10 [6, 10413, 16266, 14495, -6]
604:133.79, 10:10 [6, 9697, 10720, 10217, -6]
605:102.05, 8:10 [6, 14608, 14181, 10203, -6]
fe: 1, se: 5

Day: 1, Time: 405
Total Cost: 1585.79
 11:136.01, 37:75 [1, 4, -4, -1]
 12:153.31, 31:75 [1, 5, -5, -1]
401:93.22, 5:10 [4, 150, 47, -4]
402:84.08, 4:10 [4, 14688, 7450, -4]
403:48.66, 2:10 [4, 14382, -4]
404:80.40, 1:10 [4, 2371, -4]
405:70.21, 7:10 [4, 205, 188, 12793, -4]
406:101.84, 2:10 [4, 242, -4]
407:98.33, 3:10 [4, 147, -4]
408:72.25, 5:10 [4, 12859, 331, -4]
409:29.66, 4:10 [4, 2923, 225, -4]
412:62.72, 8:10 [4, 219, 48, 723, -4]
501:54.67, 6:10 [5, 112, 149, 215, -5]
502:133.35, 7:10 [5, 303, 7562, -5]
503:75.35, 5:10 [5, 341, 42, -5]
504:72.25, 1:10 [5, 35, -5]
505:55.32, 5:10 [5, 262, 200, -5]
506:96.33, 6:10 [5, 10831, 11236, -5]
507:10.77, 4:10 [5, 101, -5]
508:57.05, 3:10 [5, 145, 9484, -5]
fe: 2, se: 18

Day: 1, Time: 405
Total Cost: 881.38
 11:66.27, 21:75 [2, 6, -2]
 12:145.23, 7:75 [2, 7, -2]
602:136.31, 2:10 [6, 233, -6]
603:113.29, 5:10 [6, 305, 319, 297, -6]
604:141.92, 6:10 [6, 244, 300, -6]
606:127.30, 8:10 [6, 28, 252, 335, -6]
701:76.03, 2:10 [7, 148, -7]
702:75.02, 5:10 [7, 279, 7871, -7]
fe: 2, se: 6

Day: 1, Time: 405
Total Cost: 1382.57
 11:94.59, 23:75 [3, 8, -8, -3]
 12:90.24, 27:75 [3, 9, -9, -3]
801:130.84, 7:10 [8, 10508, 13691, 16322, -8]
802:105.73, 4:10 [8, 16, 23, 11207, -8]
803:87.90, 8:10 [8, 11890, 127, 257, 14511, -8]
804:94.10, 5:10 [8, 212, 2233, -8]
805:31.24, 3:10 [8, 15003, -8]
806:96.47, 5:10 [8, 11022, 523, 12265, 77, -8]
901:60.17, 4:10 [9, 16365, 13496, -9]
902:114.24, 6:10 [9, 9525, 156, 14594, 5777, -9]
903:88.07, 6:10 [9, 10068, 9765, 81, 269, -9]
904:92.45, 10:10 [9, 14302, 15916, 9726, -9]
905:136.01, 5:10 [9, 33, 91, -9]
906:49.52, 3:10 [9, 11025, -9]
907:110.99, 3:10 [9, 15459, 6079, -9]
fe: 2, se: 13

Day: 1, Time: 435
Total Cost: 225.03
 11:136.01, 6:75 [1, -4, -1]
401:89.02, 6:10 [4, 11881, 13686, -4]
fe: 1, se: 1

Day: 1, Time: 435
Total Cost: 310.22
 11:151.76, 7:75 [2, -6, -7, -2]
601:104.65, 5:10 [6, 9851, 10451, -6]
701:53.81, 2:10 [7, 10610, -7]
fe: 1, se: 2

Day: 1, Time: 440
Total Cost: 149.91
 11:90.24, 1:75 [3, -9, -3]
901:59.67, 1:10 [9, 15914, -9]
fe: 1, se: 1

Day: 1, Time: 450
Total Cost: 519.65
 11:136.01, 13:75 [1, 4, -1]
401:120.75, 4:10 [4, 60, -4]
402:126.49, 3:10 [4, 2211, -4]
403:126.40, 3:10 [4, 134, -4]
404:10.00, 3:10 [4, 4674, -4]
fe: 1, se: 4

Day: 1, Time: 450
Total Cost: 428.51
 11:66.27, 12:75 [2, 6, -2]
601:63.81, 3:10 [6, 146, -6]
602:80.72, 4:10 [6, 62, -6]
603:76.03, 3:10 [6, 108, -6]
604:69.43, 1:10 [6, 268, -6]
605:72.25, 1:10 [6, 296, -6]
fe: 1, se: 5

Day: 1, Time: 450
Total Cost: 186.71
 11:94.59, 4:75 [3, 8, -3]
801:46.86, 2:10 [8, 327, -8]
802:45.25, 2:10 [8, 343, -8]
fe: 1, se: 2

Day: 1, Time: 460
Total Cost: 803.81
 11:136.01, 6:75 [1, 4, -1]
 12:153.31, 16:75 [1, 5, -1]
401:78.00, 1:10 [4, 278, -4]
406:99.55, 5:10 [4, 89, 283, -4]
501:74.24, 4:10 [5, 38, -5]
502:72.13, 4:10 [5, 55, 117, -5]
503:51.82, 4:10 [5, 180, 189, -5]
504:92.20, 1:10 [5, 299, -5]
505:46.55, 3:10 [5, 224, 199, -5]
fe: 2, se: 7

Day: 1, Time: 460
Total Cost: 530.93
 11:66.27, 22:75 [2, 6, -2]
601:148.96, 4:10 [6, 119, 1017, -6]
602:49.50, 6:10 [6, 26, 277, -6]
603:62.48, 2:10 [6, 2328, -6]
604:145.71, 8:10 [6, 110, 181, 95, 318, -6]
605:58.00, 2:10 [6, 261, -6]
fe: 1, se: 5

Day: 1, Time: 460
Total Cost: 833.33
 11:94.59, 14:75 [3, 8, -3]
 12:90.24, 27:75 [3, 9, -3]
801:34.99, 3:10 [8, 6960, -8]
802:103.31, 8:10 [8, 5243, 330, 3635, -8]
804:15.88, 3:10 [8, 264, 193, -8]
901:10.00, 1:10 [9, 256, -9]
902:102.09, 3:10 [9, 6690, 338, 202, -9]
903:120.20, 3:10 [9, 69, 78, -9]
904:117.38, 4:10 [9, 168, 41, -9]
905:24.38, 6:10 [9, 241, 25, -9]
908:120.26, 10:10 [9, 285, 2137, 6619, 50, -9]
fe: 2, se: 9

Day: 1, Time: 495
Total Cost: 374.09
 11:136.01, 7:75 [1, 4, -1]
 12:153.31, 7:75 [1, 5, -1]
401:43.68, 4:10 [4, 254, -4]
402:10.00, 3:10 [4, 316, -4]
501:12.65, 4:10 [5, 169, -5]
502:18.44, 3:10 [5, 106, -5]
fe: 2, se: 4

Day: 1, Time: 495
Total Cost: 738.62
 11:66.27, 14:75 [2, 6, -2]
 12:145.23, 10:75 [2, 7, -2]
601:110.65, 2:10 [6, 83, -6]
602:100.62, 7:10 [6, 313, 120, -6]
603:108.17, 4:10 [6, 190, -6]
604:94.02, 1:10 [6, 214, -6]
701:32.98, 1:10 [7, 267, -7]
702:18.97, 2:10 [7, 249, -7]
703:8.94, 3:10 [7, 172, -7]
704:20.50, 3:10 [7, 186, 308, -7]
705:32.25, 1:10 [7, 294, -7]
fe: 2, se: 9

Day: 1, Time: 495
Total Cost: 874.17
 11:94.59, 15:75 [3, 8, -3]
 12:90.24, 17:75 [3, 9, -3]
801:48.29, 8:10 [8, 76, 135, -8]
802:66.03, 1:10 [8, 321, -8]
803:84.40, 2:10 [8, 4828, -8]
804:50.64, 1:10 [8, 8160, -8]
805:70.94, 3:10 [8, 290, -8]
901:43.17, 2:10 [9, 125, -9]
902:66.60, 4:10 [9, 2018, -9]
903:56.64, 3:10 [9, 39, -9]
905:66.48, 3:10 [9, 220, -9]
906:54.04, 4:10 [9, 34, 1450, -9]
907:82.10, 1:10 [9, 246, -9]
fe: 2, se: 11

Day: 1, Time: 525
Total Cost: 287.21
 11:66.27, 16:75 [2, 6, -2]
601:31.24, 3:10 [6, 178, -6]
602:53.37, 1:10 [6, 234, -6]
603:36.77, 4:10 [6, 107, -6]
604:51.22, 4:10 [6, 332, -6]
605:48.33, 4:10 [6, 113, -6]
fe: 1, se: 5

Day: 1, Time: 525
Total Cost: 311.84
 11:94.59, 6:75 [3, 8, -3]
 12:90.24, 3:75 [3, 9, -3]
801:24.74, 2:10 [8, 276, -8]
802:14.00, 2:10 [8, 5139, -8]
803:19.70, 2:10 [8, 6061, -8]
901:29.12, 1:10 [9, 176, -9]
902:17.09, 1:10 [9, 59, -9]
903:22.36, 1:10 [9, 311, -9]
fe: 2, se: 6


Day	Area	ID	Time	Load	Utilization	NoOrders	AssignmentCost
1	1	 8	315	 19	0.21	10	265.00
1	1	 9	360	  8	0.09	 3	155.00
1	1	119	400	 34	0.19	15	830.00
1	1	10	405	 22	0.24	 9	295.00
1	1	11	450	 13	0.12	 6	164.00
1	1	123	800	144	1.00	53	3636.00
1	1	132	800	 52	0.36	22	1428.00
1	1	19	810	 72	1.00	29	954.00
1	1	38	810	 72	1.00	27	954.00
1	2	46	315	 52	0.58	22	595.00
1	2	47	360	  7	0.08	 2	145.00
1	2	137	400	 27	0.15	15	690.00
1	2	48	405	 26	0.29	10	335.00
1	2	49	450	  4	0.04	 3	92.00
1	2	141	800	144	1.00	56	3636.00
1	2	150	800	 87	0.60	32	2268.00
1	2	57	810	 72	1.00	28	954.00
1	2	76	810	 72	1.00	27	954.00
1	3	154	300	 11	0.06	 4	370.00
1	3	84	315	 56	0.62	21	635.00
1	3	85	360	 14	0.16	 6	215.00
1	3	155	400	 24	0.13	11	630.00
1	3	86	405	 22	0.24	 9	295.00
1	3	87	450	 16	0.15	 5	188.00
1	3	159	800	144	1.00	65	3636.00
1	3	168	800	 37	0.26	14	1068.00
1	3	95	810	 72	1.00	32	954.00
1	3	114	810	 72	1.00	29	954.00


Day	Area	Time	Pickup	Delivery	Direct	FEVehicles	SEVehicles	ALNSTime	ALNSBestTime	RoutingCostArea
1	1	0	95	142	0	6	45	266.84	211.11	5406.18
1	1	55	13	0	0	3	5	1.14	0.00	1115.22
1	1	125	16	0	0	2	5	1.57	0.18	879.05
1	1	175	6	0	0	3	3	0.57	0.00	730.09
1	1	180	2	0	0	1	1	0.25	0.00	283.85
1	1	295	21	0	0	2	6	1.66	0.00	858.06
1	1	360	12	4	0	2	6	1.70	0.36	948.13
1	1	405	7	26	0	2	18	4.52	2.51	1585.79
1	1	435	2	0	0	1	1	0.28	0.00	225.03
1	1	450	0	4	0	1	4	0.34	0.00	519.65
1	1	460	0	11	0	2	7	0.70	0.00	803.81
1	1	495	0	4	0	2	4	0.42	0.00	374.09
1	2	10	110	130	0	5	42	485.70	420.92	4444.74
1	2	40	7	0	0	2	3	0.56	0.00	489.13
1	2	60	2	0	0	1	1	0.27	0.00	185.86
1	2	100	12	0	0	3	6	1.16	0.00	789.96
1	2	120	3	0	0	1	2	0.34	0.00	251.81
1	2	165	10	0	1	3	3	0.79	0.00	1104.45
1	2	180	3	0	2	1	1	0.30	0.00	1239.18
1	2	300	29	0	0	2	9	3.71	1.02	932.75
1	2	400	13	0	0	1	5	1.00	0.00	622.39
1	2	405	0	12	0	2	6	0.80	0.00	881.38
1	2	435	3	0	0	1	2	0.35	0.00	310.22
1	2	450	0	5	0	1	5	0.53	0.00	428.51
1	2	460	0	10	0	1	5	0.63	0.00	530.93
1	2	495	0	11	0	2	9	0.85	0.09	738.62
1	2	525	0	5	2	1	5	0.50	0.00	1287.21
1	3	25	135	138	0	9	52	307.76	131.79	5745.10
1	3	80	4	0	0	1	3	0.51	0.00	286.91
1	3	180	12	0	0	1	5	1.09	0.03	594.57
1	3	300	24	0	0	2	6	2.10	0.16	804.98
1	3	405	20	15	0	2	13	3.90	0.00	1382.57
1	3	440	1	0	0	1	1	0.18	0.00	149.91
1	3	450	0	2	0	1	2	0.23	0.00	186.71
1	3	460	0	20	0	2	9	1.27	0.00	833.33
1	3	495	0	13	0	2	11	0.91	0.00	874.17
1	3	525	0	6	1	2	6	0.51	0.00	811.84

Day	SL	Own	DispatchTimes	AssignmentCost	RoutingCost	TotalCost
1	18	10	27	27295.00	39636.18	66931.18

Total Cost: 66931.18023364179
Cost per Day: 66931.18023364179
Running time in Seconds: 1202.795
Running time in minutes: 20.046583333333334