INSTANCE: 3hubs_A_22_x.csv
PARAMETER: edp_tight.txt
POLICY: EARLIEST DEPARTURE
ALPHA: 0.0
BETA: 71
OMEGA: 586
EPSILON: 1.0

Day: 1, Time: 0
Total Cost: 5829.57
 11:136.01, 75:75 [1, 4, -4, -1]
 12:179.78, 74:75 [1, 5, 4, -4, -1]
 13:136.01, 9:75 [1, 4, -4, -1]
 14:136.01, 27:75 [1, 4, -4, -1]
 15:153.31, 56:75 [1, 5, -5, -1]
 16:153.31, 72:75 [1, 5, -5, -1]
 17:153.31, 28:75 [1, 5, -5, -1]
 34:136.01, 10:75 [1, -4, -1]
 36:136.01, 11:75 [1, 4, -4, -1]
401:66.10, 10:10 [4, 8974, 8923, 8998, 8816, -4]
402:111.41, 10:10 [4, 8743, 8865, 9013, 8980, -4]
403:124.90, 10:10 [4, 8680, 8824, 8807, 8875, -4]
404:130.28, 10:10 [4, 8822, 8973, 8787, -4]
405:58.13, 9:10 [4, 8452, 8997, 8749, 8823, -4]
406:162.64, 3:10 [4, 8753, -4]
407:116.96, 10:10 [4, 8843, 8546, 8774, 8609, 8538, 8726, -4]
408:104.68, 6:10 [4, 8724, 8930, 8985, 8731, -4]
409:115.31, 10:10 [4, 8608, 8499, 8490, 8576, -4]
410:4.00, 2:10 [4, 8976, -4]
411:196.50, 10:10 [4, 8704, 8788, 8700, 8917, 8634, 8868, -4]
412:139.60, 10:10 [4, 8962, 8511, 8717, 8683, 8447, -4]
413:54.97, 10:10 [4, 8873, 8948, 8492, -4]
414:62.15, 10:10 [4, 8621, 8613, 8664, -4]
415:97.79, 10:10 [4, 8863, 8871, 8784, 8845, 8913, -4]
416:120.02, 10:10 [4, 8422, 8463, 8690, 8466, 8604, 8922, -4]
418:46.33, 10:10 [4, 8977, 8888, 8920, -4]
419:65.26, 9:10 [4, 8886, 8832, 8919, 8703, -4]
420:69.36, 10:10 [4, 8514, 8484, 8661, -4]
421:50.06, 10:10 [4, 8940, 9029, 9003, 8942, -4]
424:128.43, 8:10 [4, 8713, 8994, 8939, 8902, -4]
426:48.14, 9:10 [4, 8502, 9022, 8734, 8708, 8640, -4]
428:139.96, 10:10 [4, 8459, 8776, 8898, 8883, -4]
435:129.52, 10:10 [4, 8481, 8594, 8684, 8577, 8759, -4]
437:85.44, 9:10 [4, 8515, 8518, 8879, 8658, 8637, 8916, -4]
501:100.45, 10:10 [5, 8432, 8682, 8590, 8460, 8617, -5]
502:25.56, 6:10 [5, 8839, 9023, -5]
503:83.90, 9:10 [5, 8795, 8869, 8624, -5]
504:86.27, 6:10 [5, 8474, 8719, 8561, 8488, -5]
505:50.60, 10:10 [5, 8673, 8668, 8478, -5]
506:176.97, 10:10 [5, 8571, 8532, 8677, 8585, 8828, 9027, 8662, -5]
508:184.15, 10:10 [5, 8805, 8505, 8581, 8639, 8470, -5]
509:88.90, 9:10 [5, 8482, 8633, 8996, 8547, 8988, 8800, -5]
510:112.47, 9:10 [5, 8852, 8456, 8504, 8744, -5]
511:103.80, 9:10 [5, 8666, 8620, 8676, 8426, 8524, -5]
512:83.21, 10:10 [5, 8541, 8758, 8821, 8895, 8597, 9030, -5]
513:110.36, 8:10 [5, 8732, 8878, 8855, 8989, -5]
514:148.53, 10:10 [5, 8712, 8770, 8735, -5]
515:37.66, 9:10 [5, 9014, 8929, 8440, 8826, -5]
516:154.90, 9:10 [5, 8803, 8714, 8517, 8870, -5]
517:58.51, 9:10 [5, 8445, 8775, 8874, 8522, 8992, 8964, 8782, -5]
518:145.35, 9:10 [5, 8831, 8728, 8864, 8880, -5]
519:107.52, 10:10 [5, 8834, 8877, 8972, 8995, -5]
520:52.84, 10:10 [5, 8872, 8709, 8959, 8926, 8801, -5]
521:70.14, 6:10 [5, 8836, 8781, 8779, -5]
523:99.80, 10:10 [5, 8723, 8631, 8536, 8453, -5]
fe: 9, se: 46

Day: 1, Time: 0
Total Cost: 4527.52
 11:66.27, 74:75 [2, 6, -6, -2]
 12:66.27, 56:75 [2, 6, -6, -2]
 13:66.27, 50:75 [2, 6, -6, -2]
 14:66.27, 16:75 [2, 6, -6, -2]
 16:145.23, 74:75 [2, 7, -7, -2]
 17:145.23, 60:75 [2, 7, -7, -2]
601:79.59, 10:10 [6, 8477, 8905, 8903, 8968, -6]
602:57.17, 9:10 [6, 8691, 8485, 9008, 8510, -6]
603:132.28, 10:10 [6, 8552, 8672, 8528, 8686, 8711, -6]
605:133.08, 10:10 [6, 8420, 9016, 8799, 8553, 8718, 8449, 8587, -6]
606:97.00, 10:10 [6, 8643, 8908, 8786, 8862, 8769, -6]
607:162.85, 10:10 [6, 8767, 8607, 8497, 8952, 8904, 8932, 8537, 8925, -6]
608:121.72, 10:10 [6, 8947, 8632, 8535, 8694, 9034, 8688, 8540, -6]
609:132.93, 10:10 [6, 8421, 8446, 8558, -6]
610:80.76, 9:10 [6, 9020, 8856, 9028, 8958, -6]
611:163.54, 10:10 [6, 9002, 8557, 8814, 8513, 8601, 8671, 8861, -6]
612:67.91, 10:10 [6, 8427, 8544, 8838, 8730, 8783, 8768, -6]
613:139.72, 10:10 [6, 8584, 8568, 8887, 8978, 9000, 8953, 9005, -6]
614:69.60, 10:10 [6, 8638, 8533, 8616, 8841, -6]
615:126.81, 10:10 [6, 9011, 8539, 8653, 8963, 9031, 8927, -6]
616:100.91, 10:10 [6, 8955, 9018, 8818, 8702, 8741, 8893, -6]
617:88.52, 8:10 [6, 8583, 8951, 8598, 8591, -6]
618:113.72, 10:10 [6, 8829, 8503, 8890, 9009, 8739, -6]
620:105.60, 9:10 [6, 8696, 8644, 8562, 8960, 8494, 9021, 8586, -6]
623:96.82, 9:10 [6, 8946, 8798, 8615, 9032, -6]
624:135.36, 10:10 [6, 8567, 8550, 8935, 8534, 8933, 8566, 8480, -6]
625:163.04, 10:10 [6, 8678, 8529, 8971, 8944, 8707, -6]
626:81.00, 7:10 [6, 8740, 8437, 8844, 8442, 9001, -6]
628:78.76, 6:10 [6, 8614, 8575, 8924, 8580, -6]
630:76.71, 8:10 [6, 8938, 8468, 8889, -6]
634:46.03, 8:10 [6, 8793, 8858, 8745, -6]
701:93.92, 10:10 [7, 8487, 8650, 8796, 8475, 9019, -7]
702:125.49, 10:10 [7, 8626, 8641, 8593, 8842, 8551, 8450, 8912, -7]
703:134.89, 10:10 [7, 8663, 8527, 8429, 8509, 8443, 8464, -7]
705:83.35, 9:10 [7, 8859, 8945, 8789, -7]
706:51.85, 7:10 [7, 8825, 8469, -7]
707:48.67, 7:10 [7, 8697, 8589, 8685, -7]
708:38.47, 9:10 [7, 8675, 8655, 8516, -7]
709:71.18, 9:10 [7, 8572, 8519, 8622, 8689, -7]
710:88.02, 10:10 [7, 8833, 8462, 8910, 8574, 8785, 8602, -7]
711:73.65, 10:10 [7, 8765, 9024, 8802, 8965, 8915, -7]
712:85.62, 8:10 [7, 8747, 8508, 8794, 8937, 8835, 8966, -7]
713:82.36, 10:10 [7, 8716, 8991, 8646, 8813, -7]
714:96.52, 8:10 [7, 8642, 8882, 8619, -7]
715:58.15, 10:10 [7, 8981, 8817, 8849, 8754, -7]
716:150.78, 10:10 [7, 8669, 8780, 8436, 8750, 8657, 8665, 8911, -7]
717:37.62, 5:10 [7, 8979, 8569, 8906, -7]
fe: 6, se: 41

Day: 1, Time: 0
Total Cost: 4775.22
 11:90.24, 72:75 [3, 9, -9, -3]
 12:94.59, 60:75 [3, 8, -8, -3]
 13:90.24, 66:75 [3, 9, -9, -3]
 14:94.59, 75:75 [3, 8, -8, -3]
 15:90.24, 28:75 [3, 9, -9, -3]
 16:94.59, 29:75 [3, 8, -8, -3]
 19:90.24, 10:75 [3, 9, -9, -3]
 26:90.24, 10:75 [3, 9, -3]
801:113.53, 10:10 [8, 8706, 8806, 8840, 8493, -8]
802:127.78, 10:10 [8, 8454, 8548, 9026, 8486, 8435, 8699, 8705, -8]
803:57.18, 10:10 [8, 8892, 8846, 8819, 8625, -8]
804:103.25, 10:10 [8, 8465, 8556, 8907, 8523, 8605, -8]
805:89.04, 10:10 [8, 8847, 8876, 8899, -8]
806:80.56, 10:10 [8, 8457, 8970, 8914, 8808, -8]
807:122.59, 10:10 [8, 8897, 8993, 8701, -8]
808:56.12, 9:10 [8, 8751, 8710, 8987, -8]
809:16.14, 6:10 [8, 8792, 8483, -8]
810:131.50, 10:10 [8, 8623, 8660, 8954, 8441, 9025, 8554, 8560, -8]
811:27.47, 6:10 [8, 8885, 8773, -8]
812:153.84, 8:10 [8, 8507, 9004, 8698, 9033, 9006, 8733, -8]
813:129.94, 10:10 [8, 8501, 8526, 8489, 8530, -8]
814:78.89, 9:10 [8, 8760, 8670, 8596, -8]
815:87.84, 9:10 [8, 8692, 8950, 8983, 8975, 8748, 8857, -8]
816:85.83, 10:10 [8, 8430, 8659, 8667, 8500, -8]
817:4.47, 3:10 [8, 8565, -8]
818:63.98, 9:10 [8, 8506, 8564, 8473, -8]
819:84.51, 10:10 [8, 8496, 8531, 8472, 8715, 8521, 9017, -8]
820:38.61, 9:10 [8, 8720, 8444, 8693, -8]
821:107.46, 10:10 [8, 8918, 8428, 8900, 8772, 8679, 8949, -8]
823:103.28, 10:10 [8, 8455, 8721, 8542, 8687, 8512, 8967, -8]
825:141.65, 9:10 [8, 8582, 8771, 8611, 8555, 8498, 8467, 8777, 8599, -8]
901:121.13, 10:10 [9, 8853, 8431, 8812, 8737, 8986, -9]
902:142.46, 10:10 [9, 8573, 8545, 8901, 8811, 8695, 8648, 8722, 8656, -9]
903:17.99, 10:10 [9, 8630, 8425, 8438, -9]
904:125.60, 10:10 [9, 8563, 8461, 8570, 8809, 8727, 8525, 8629, 8909, 8766, -9]
905:94.25, 10:10 [9, 8894, 8896, 8956, 8439, 9010, 8854, -9]
906:102.83, 10:10 [9, 8649, 8936, 8815, 8999, 8424, 8434, 8791, 8755, -9]
907:28.79, 9:10 [9, 8476, 8603, 8458, -9]
908:129.76, 10:10 [9, 8495, 8752, 8742, 9012, 8763, 8851, -9]
909:124.32, 10:10 [9, 8651, 8982, 8451, 8827, 8543, 8837, 8674, 8957, -9]
910:10.00, 3:10 [9, 8756, -9]
911:101.76, 10:10 [9, 8635, 8627, 8681, 8606, 8725, 8934, -9]
912:122.46, 10:10 [9, 8595, 8433, 8881, 8610, 8647, 8941, -9]
913:50.81, 10:10 [9, 8790, 8866, 8778, -9]
914:110.21, 10:10 [9, 8549, 8762, 8884, 8943, 8961, -9]
915:72.20, 10:10 [9, 8921, 9007, 8654, 8729, 8990, -9]
916:104.86, 10:10 [9, 8471, 8820, 8578, 8984, 8628, 8848, 8588, 8797, -9]
917:30.19, 10:10 [9, 8448, 8612, 8636, -9]
919:94.03, 10:10 [9, 8810, 8618, 8423, 8757, 8860, 8931, 9015, -9]
921:59.83, 9:10 [9, 8830, 8738, 8969, -9]
922:112.87, 10:10 [9, 8764, 8479, 8928, 8579, 8652, -9]
923:80.71, 10:10 [9, 8850, 8746, 8867, -9]
925:75.30, 10:10 [9, 8645, 8559, 8491, 8592, -9]
927:122.42, 10:10 [9, 8600, 8891, 8736, 8761, 8804, 8520, -9]
fe: 8, se: 46

Day: 1, Time: 5
Total Cost: 165.48
 11:153.31, 2:75 [1, -5, -1]
501:12.17, 2:10 [5, 10124, -5]
fe: 1, se: 1

Day: 1, Time: 5
Total Cost: 448.90
 11:66.27, 2:75 [2, -6, -2]
 12:66.27, 1:75 [2, -6, -2]
 13:145.23, 4:75 [2, -7, -2]
601:67.68, 2:10 [6, 15156, -6]
602:20.00, 1:10 [6, 10183, -6]
701:83.45, 4:10 [7, 12722, -7]
fe: 3, se: 3

Day: 1, Time: 10
Total Cost: 437.79
 11:136.01, 3:75 [1, -4, -1]
 12:136.01, 3:75 [1, -4, -1]
401:51.92, 3:10 [4, 13155, -4]
402:113.84, 3:10 [4, 10758, -4]
fe: 2, se: 2

Day: 1, Time: 10
Total Cost: 295.67
 11:66.27, 2:75 [2, -6, -2]
 12:145.23, 2:75 [2, -7, -2]
601:60.00, 2:10 [6, 12815, -6]
701:24.17, 2:10 [7, 9327, -7]
fe: 2, se: 2

Day: 1, Time: 15
Total Cost: 341.95
 11:66.27, 3:75 [2, -6, -2]
 12:66.27, 3:75 [2, -6, -2]
601:92.02, 3:10 [6, 14732, -6]
602:117.39, 3:10 [6, 14928, -6]
fe: 2, se: 2

Day: 1, Time: 15
Total Cost: 472.22
 11:94.59, 7:75 [3, -8, -3]
 12:90.24, 2:75 [3, -9, -3]
 13:90.24, 2:75 [3, -9, -3]
801:64.27, 7:10 [8, 16232, 11969, -8]
901:68.96, 2:10 [9, 11895, -9]
902:63.91, 2:10 [9, 12178, -9]
fe: 3, se: 3

Day: 1, Time: 20
Total Cost: 264.99
 11:90.24, 4:75 [3, -9, -3]
 12:90.24, 4:75 [3, -9, -3]
901:64.40, 4:10 [9, 13569, -9]
902:20.10, 4:10 [9, 9393, -9]
fe: 2, se: 2

Day: 1, Time: 25
Total Cost: 432.57
 11:153.31, 2:75 [1, -5, -1]
 12:153.31, 1:75 [1, -5, -1]
501:66.48, 2:10 [5, 14199, -5]
502:59.46, 1:10 [5, 15717, -5]
fe: 2, se: 2

Day: 1, Time: 25
Total Cost: 324.30
 11:66.27, 3:75 [2, -6, -2]
 12:66.27, 1:75 [2, -6, -2]
601:73.76, 3:10 [6, 10691, -6]
602:118.00, 1:10 [6, 16821, -6]
fe: 2, se: 2

Day: 1, Time: 35
Total Cost: 357.85
 11:66.27, 1:75 [2, -6, -2]
 12:145.23, 3:75 [2, -7, -2]
601:91.76, 1:10 [6, 10716, -6]
701:54.59, 3:10 [7, 16087, -7]
fe: 2, se: 2

Day: 1, Time: 40
Total Cost: 229.40
 11:136.01, 3:75 [1, -4, -1]
401:93.38, 3:10 [4, 14020, -4]
fe: 1, se: 1

Day: 1, Time: 40
Total Cost: 370.42
 11:66.27, 4:75 [2, -6, -2]
 12:145.23, 4:75 [2, -7, -2]
601:118.42, 4:10 [6, 14290, -6]
701:40.50, 4:10 [7, 11168, -7]
fe: 2, se: 2

Day: 1, Time: 45
Total Cost: 318.25
 11:66.27, 1:75 [2, -6, -2]
 12:66.27, 2:75 [2, -6, -2]
601:95.35, 1:10 [6, 12271, -6]
602:90.35, 2:10 [6, 9491, -6]
fe: 2, se: 2

Day: 1, Time: 45
Total Cost: 377.67
 11:94.59, 4:75 [3, -8, -3]
 12:94.59, 3:75 [3, -8, -3]
 13:94.59, 1:75 [3, -8, -3]
801:28.28, 4:10 [8, 14175, -8]
802:12.65, 3:10 [8, 13061, -8]
803:52.95, 1:10 [8, 9825, -8]
fe: 3, se: 3

Day: 1, Time: 50
Total Cost: 264.67
 11:136.01, 4:75 [1, -4, -1]
401:128.65, 4:10 [4, 9821, -4]
fe: 1, se: 1

Day: 1, Time: 50
Total Cost: 330.21
 11:66.27, 3:75 [2, -6, -2]
 12:66.27, 3:75 [2, -6, -2]
601:63.25, 3:10 [6, 11734, -6]
602:134.42, 3:10 [6, 11970, -6]
fe: 2, se: 2

Day: 1, Time: 50
Total Cost: 299.22
 11:90.24, 1:75 [3, -9, -3]
 12:94.59, 3:75 [3, -8, -3]
801:69.66, 3:10 [8, 10849, -8]
901:44.72, 1:10 [9, 16627, -9]
fe: 2, se: 2

Day: 1, Time: 55
Total Cost: 134.27
 11:66.27, 4:75 [2, -6, -2]
601:68.00, 4:10 [6, 10683, -6]
fe: 1, se: 1

Day: 1, Time: 55
Total Cost: 137.95
 11:90.24, 3:75 [3, -9, -3]
901:47.71, 3:10 [9, 15388, -9]
fe: 1, se: 1

Day: 1, Time: 60
Total Cost: 92.27
 11:66.27, 1:75 [2, -6, -2]
601:26.00, 1:10 [6, 15548, -6]
fe: 1, se: 1

Day: 1, Time: 65
Total Cost: 599.60
 11:136.01, 2:75 [1, -4, -1]
 12:136.01, 3:75 [1, -4, -1]
 13:153.31, 2:75 [1, -5, -1]
401:64.62, 2:10 [4, 12575, -4]
402:71.69, 3:10 [4, 9699, -4]
501:37.95, 2:10 [5, 9774, -5]
fe: 3, se: 3

Day: 1, Time: 75
Total Cost: 462.07
 11:66.27, 7:75 [2, -6, -2]
 12:66.27, 1:75 [2, -6, -2]
 13:66.27, 4:75 [2, -6, -2]
601:99.87, 7:10 [6, 9853, 13875, -6]
602:143.39, 1:10 [6, 13364, -6]
603:20.00, 4:10 [6, 12368, -6]
fe: 3, se: 3

Day: 1, Time: 75
Total Cost: 328.31
 11:94.59, 2:75 [3, -8, -3]
 12:94.59, 5:75 [3, -8, -3]
801:4.47, 2:10 [8, 17016, -8]
802:58.00, 4:10 [8, 13311, -8]
803:76.66, 1:10 [8, 16150, -8]
fe: 2, se: 3

Day: 1, Time: 80
Total Cost: 438.77
 11:136.01, 4:75 [1, -4, -1]
 12:153.31, 2:75 [1, -5, -1]
401:49.03, 4:10 [4, 13154, -4]
501:100.42, 2:10 [5, 14051, -5]
fe: 2, se: 2

Day: 1, Time: 85
Total Cost: 599.43
 11:136.01, 2:75 [1, -4, -1]
 12:153.31, 2:75 [1, -5, -1]
 13:153.31, 2:75 [1, -5, -1]
401:63.15, 2:10 [4, 12558, -4]
501:80.99, 2:10 [5, 13313, -5]
502:12.65, 2:10 [5, 15678, -5]
fe: 3, se: 3

Day: 1, Time: 85
Total Cost: 304.50
 11:66.27, 1:75 [2, -6, -2]
 12:66.27, 2:75 [2, -6, -2]
601:104.02, 1:10 [6, 11336, -6]
602:67.94, 2:10 [6, 13769, -6]
fe: 2, se: 2

Day: 1, Time: 85
Total Cost: 286.77
 11:94.59, 2:75 [3, -8, -3]
 12:90.24, 3:75 [3, -9, -3]
801:56.32, 2:10 [8, 15599, -8]
901:45.61, 3:10 [9, 11601, -9]
fe: 2, se: 2

Day: 1, Time: 90
Total Cost: 166.73
 11:153.31, 3:75 [1, -5, -1]
501:13.42, 3:10 [5, 14801, -5]
fe: 1, se: 1

Day: 1, Time: 95
Total Cost: 244.83
 11:136.01, 2:75 [1, -4, -1]
401:108.81, 2:10 [4, 16409, -4]
fe: 1, se: 1

Day: 1, Time: 95
Total Cost: 249.00
 11:145.23, 2:75 [2, -7, -2]
 12:66.27, 1:75 [2, -6, -2]
601:24.08, 1:10 [6, 10567, -6]
701:13.42, 2:10 [7, 12852, -7]
fe: 2, se: 2

Day: 1, Time: 95
Total Cost: 471.14
 11:94.59, 7:75 [3, -8, -3]
 12:90.24, 3:75 [3, -9, -3]
801:55.03, 2:10 [8, 14423, -8]
802:86.02, 1:10 [8, 14194, -8]
803:81.22, 4:10 [8, 14903, -8]
901:64.03, 3:10 [9, 14526, -9]
fe: 2, se: 4

Day: 1, Time: 105
Total Cost: 180.96
 11:136.01, 2:75 [1, -4, -1]
401:44.94, 2:10 [4, 10735, -4]
fe: 1, se: 1

Day: 1, Time: 105
Total Cost: 398.85
 11:66.27, 8:75 [2, -6, -2]
 12:66.27, 3:75 [2, -6, -2]
601:124.34, 4:10 [6, 12450, -6]
602:82.87, 4:10 [6, 15692, -6]
603:59.09, 3:10 [6, 9822, -6]
fe: 2, se: 3

Day: 1, Time: 105
Total Cost: 131.96
 11:94.59, 4:75 [3, -8, -3]
801:37.36, 4:10 [8, 15876, -8]
fe: 1, se: 1

Day: 1, Time: 110
Total Cost: 91.57
 11:66.27, 4:75 [2, -6, -2]
601:25.30, 4:10 [6, 12213, -6]
fe: 1, se: 1

Day: 1, Time: 115
Total Cost: 346.78
 11:136.01, 3:75 [1, -4, -1]
 12:136.01, 4:75 [1, -4, -1]
401:32.56, 3:10 [4, 10933, -4]
402:42.19, 4:10 [4, 10489, -4]
fe: 2, se: 2

Day: 1, Time: 115
Total Cost: 660.99
 11:66.27, 2:75 [2, -6, -2]
 12:66.27, 4:75 [2, -6, -2]
 13:66.27, 1:75 [2, -6, -2]
 14:145.23, 4:75 [2, -7, -2]
601:129.32, 2:10 [6, 9863, -6]
602:72.50, 4:10 [6, 12286, -6]
603:59.67, 1:10 [6, 13287, -6]
701:55.46, 4:10 [7, 9409, -7]
fe: 4, se: 4

Day: 1, Time: 120
Total Cost: 180.97
 11:94.59, 1:75 [3, -8, -3]
801:86.37, 1:10 [8, 11499, -8]
fe: 1, se: 1

Day: 1, Time: 130
Total Cost: 533.00
 11:136.01, 7:75 [1, -4, -1]
 12:136.01, 3:75 [1, -4, -1]
401:108.26, 4:10 [4, 14132, -4]
402:98.08, 3:10 [4, 10307, -4]
403:54.63, 3:10 [4, 11218, -4]
fe: 2, se: 3

Day: 1, Time: 135
Total Cost: 121.99
 11:66.27, 3:75 [2, -6, -2]
601:55.71, 3:10 [6, 17091, -6]
fe: 1, se: 1

Day: 1, Time: 140
Total Cost: 295.44
 11:153.31, 2:75 [1, -5, -1]
501:142.13, 2:10 [5, 12814, -5]
fe: 1, se: 1

Day: 1, Time: 140
Total Cost: 277.69
 11:66.27, 4:75 [2, -6, -2]
 12:66.27, 2:75 [2, -6, -2]
601:112.59, 4:10 [6, 13159, -6]
602:32.56, 2:10 [6, 9871, -6]
fe: 2, se: 2

Day: 1, Time: 145
Total Cost: 421.65
 11:66.27, 1:75 [2, -6, -2]
 12:66.27, 4:75 [2, -6, -2]
 13:66.27, 4:75 [2, -6, -2]
601:62.77, 1:10 [6, 10242, -6]
602:46.04, 4:10 [6, 14608, -6]
603:114.02, 4:10 [6, 9210, -6]
fe: 3, se: 3

Day: 1, Time: 145
Total Cost: 244.26
 11:94.59, 4:75 [3, -8, -3]
 12:94.59, 3:75 [3, -8, -3]
801:12.65, 4:10 [8, 14836, -8]
802:42.43, 3:10 [8, 13067, -8]
fe: 2, se: 2

Day: 1, Time: 155
Total Cost: 418.97
 11:153.31, 4:75 [1, -5, -1]
 12:136.01, 3:75 [1, -4, -1]
401:68.82, 3:10 [4, 12009, -4]
501:60.83, 4:10 [5, 16674, -5]
fe: 2, se: 2

Day: 1, Time: 155
Total Cost: 119.89
 11:94.59, 1:75 [3, -8, -3]
801:25.30, 1:10 [8, 16458, -8]
fe: 1, se: 1

Day: 1, Time: 160
Total Cost: 351.14
 11:66.27, 5:75 [2, -6, -2]
 12:66.27, 3:75 [2, -6, -2]
601:72.47, 2:10 [6, 12544, -6]
602:61.22, 3:10 [6, 16553, -6]
603:84.90, 3:10 [6, 16218, -6]
fe: 2, se: 3

Day: 1, Time: 165
Total Cost: 570.94
 11:66.27, 4:75 [2, -6, -2]
 12:66.27, 4:75 [2, -6, -2]
 13:66.27, 4:75 [2, -6, -2]
 14:145.23, 1:75 [2, -7, -2]
601:66.57, 4:10 [6, 15035, -6]
602:79.85, 4:10 [6, 15387, -6]
603:38.42, 4:10 [6, 14843, -6]
701:42.05, 1:10 [7, 14432, -7]
fe: 4, se: 4

Day: 1, Time: 170
Total Cost: 373.51
 11:136.01, 1:75 [1, -4, -1]
 12:136.01, 2:75 [1, -4, -1]
401:69.86, 1:10 [4, 11711, -4]
402:31.62, 2:10 [4, 11090, -4]
fe: 2, se: 2

Day: 1, Time: 170
Total Cost: 181.33
 11:90.24, 3:75 [3, -9, -3]
901:91.08, 3:10 [9, 11404, -9]
fe: 1, se: 1

Day: 1, Time: 175
Total Cost: 145.58
 11:94.59, 3:75 [3, -8, -3]
801:50.99, 3:10 [8, 11281, -8]
fe: 1, se: 1

Day: 1, Time: 180
Total Cost: 498.06
 11:136.01, 1:75 [1, -4, -1]
 12:136.01, 1:75 [1, -4, -1]
401:118.83, 1:10 [4, 9329, -4]
402:107.20, 1:10 [4, 15321, -4]
fe: 2, se: 2

Day: 1, Time: 180
Total Cost: 116.55
 11:90.24, 3:75 [3, -9, -3]
901:26.31, 3:10 [9, 12865, -9]
fe: 1, se: 1

Day: 1, Time: 200
Total Cost: 1205.72
 11:136.01, 7:75 [1, -4, -1]
 13:153.31, 14:75 [1, -5, -1]
 14:153.31, 4:75 [1, -5, -1]
 15:153.31, 2:75 [1, -5, -1]
401:68.96, 3:10 [4, 11193, -4]
403:90.55, 4:10 [4, 9635, -4]
501:85.29, 8:10 [5, 12392, 12048, 15741, -5]
502:150.94, 4:10 [5, 16088, -5]
503:62.80, 3:10 [5, 10996, -5]
504:133.22, 3:10 [5, 14026, -5]
505:18.00, 2:10 [5, 12513, -5]
fe: 4, se: 7

Day: 1, Time: 200
Total Cost: 471.20
 11:66.27, 1:75 [2, -6, -2]
 12:66.27, 6:75 [2, -6, -2]
601:93.23, 1:10 [6, 9432, -6]
602:113.23, 4:10 [6, 16093, -6]
603:132.20, 2:10 [6, 16327, -6]
fe: 2, se: 3

Day: 1, Time: 200
Total Cost: 618.04
 11:94.59, 4:75 [3, -8, -3]
 13:90.24, 15:75 [3, -9, -3]
801:58.41, 3:10 [8, 14139, -8]
802:50.48, 1:10 [8, 12176, -8]
901:36.00, 3:10 [9, 10806, -9]
902:108.98, 3:10 [9, 10272, -9]
903:94.46, 5:10 [9, 10934, 14085, -9]
905:84.88, 4:10 [9, 10497, -9]
fe: 2, se: 6

Day: 1, Time: 210
Total Cost: 446.17
 11:136.01, 1:75 [1, -4, -1]
 12:136.01, 1:75 [1, -4, -1]
401:124.15, 1:10 [4, 9963, -4]
402:50.00, 1:10 [4, 9930, -4]
fe: 2, se: 2

Day: 1, Time: 210
Total Cost: 179.69
 11:90.24, 4:75 [3, -9, -3]
901:89.44, 4:10 [9, 16693, -9]
fe: 1, se: 1

Day: 1, Time: 215
Total Cost: 141.28
 11:94.59, 3:75 [3, -8, -3]
801:46.69, 3:10 [8, 11657, -8]
fe: 1, se: 1

Day: 1, Time: 225
Total Cost: 810.04
 11:66.27, 1:75 [2, -6, -2]
 12:66.27, 3:75 [2, -6, -2]
 13:66.27, 1:75 [2, -6, -2]
 14:145.23, 3:75 [2, -7, -2]
 15:145.23, 1:75 [2, -7, -2]
601:26.08, 1:10 [6, 11846, -6]
602:94.53, 3:10 [6, 10280, -6]
603:113.23, 1:10 [6, 15229, -6]
701:15.23, 3:10 [7, 14437, -7]
702:71.69, 1:10 [7, 10044, -7]
fe: 5, se: 5

Day: 1, Time: 235
Total Cost: 577.32
 12:153.31, 6:75 [1, -5, -1]
 13:153.31, 1:75 [1, -5, -1]
501:98.87, 4:10 [5, 12714, 16423, -5]
502:49.03, 1:10 [5, 11329, -5]
503:122.80, 2:10 [5, 16880, -5]
fe: 2, se: 3

Day: 1, Time: 235
Total Cost: 124.58
 11:66.27, 2:75 [2, -6, -2]
601:58.31, 2:10 [6, 11806, -6]
fe: 1, se: 1

Day: 1, Time: 235
Total Cost: 148.38
 11:90.24, 4:75 [3, -9, -3]
901:58.14, 4:10 [9, 14439, -9]
fe: 1, se: 1

Day: 1, Time: 245
Total Cost: 371.05
 11:136.01, 5:75 [1, -4, -1]
 12:136.01, 3:75 [1, -4, -1]
401:52.85, 5:10 [4, 11772, 9798, -4]
403:46.17, 3:10 [4, 14874, -4]
fe: 2, se: 2

Day: 1, Time: 250
Total Cost: 192.94
 11:136.01, 3:75 [1, -4, -1]
401:56.92, 3:10 [4, 9701, -4]
fe: 1, se: 1

Day: 1, Time: 250
Total Cost: 543.67
 11:94.59, 1:75 [3, -8, -3]
 12:90.24, 4:75 [3, 9, -9, -3]
 13:90.24, 4:75 [3, -9, -3]
801:59.36, 1:10 [8, 11062, -8]
901:56.92, 4:10 [9, 11827, -9]
902:152.31, 4:10 [9, 1493, 9441, -9]
fe: 3, se: 3

Day: 1, Time: 255
Total Cost: 200.51
 11:136.01, 1:75 [1, -4, -1]
401:64.50, 1:10 [4, 13504, -4]
fe: 1, se: 1

Day: 1, Time: 255
Total Cost: 161.68
 11:94.59, 1:75 [3, -8, -3]
801:67.08, 1:10 [8, 13472, -8]
fe: 1, se: 1

Day: 1, Time: 260
Total Cost: 1028.54
 11:179.78, 22:75 [1, 4, 5, -1]
 12:136.01, 4:75 [1, -4, -1]
 13:136.01, 3:75 [1, -4, -1]
401:184.95, 8:10 [4, 2026, 248, 3044, -4]
402:77.68, 7:10 [4, 4032, 6698, -4]
403:52.15, 3:10 [4, 17081, -4]
404:125.60, 4:10 [4, 15871, -4]
501:136.35, 7:10 [5, 7397, 199, -5]
fe: 3, se: 5

Day: 1, Time: 260
Total Cost: 519.74
 11:66.27, 4:75 [2, 6, -6, -2]
 12:66.27, 2:75 [2, -6, -2]
 13:145.23, 1:75 [2, -7, -2]
601:106.84, 3:10 [6, 1135, 15631, 7027, -6]
602:12.81, 2:10 [6, 15913, -6]
603:94.32, 2:10 [6, 250, 15942, -6]
701:28.00, 1:10 [7, 11045, -7]
fe: 3, se: 4

Day: 1, Time: 270
Total Cost: 99.26
 11:66.27, 4:75 [2, -6, -2]
601:32.98, 4:10 [6, 12110, -6]
fe: 1, se: 1

Day: 1, Time: 270
Total Cost: 657.59
 11:90.24, 17:75 [3, 9, -9, -3]
 12:94.59, 2:75 [3, -8, -3]
802:66.21, 2:10 [8, 16151, -8]
901:68.95, 7:10 [9, 15943, 313, 55, -9]
902:140.99, 6:10 [9, 339, 168, -9]
903:96.18, 2:10 [9, 103, 12933, -9]
904:100.42, 4:10 [9, 1993, -9]
fe: 2, se: 5

Day: 1, Time: 275
Total Cost: 173.79
 11:66.27, 2:75 [2, -6, -2]
601:107.52, 2:10 [6, 12862, -6]
fe: 1, se: 1

Day: 1, Time: 280
Total Cost: 173.56
 11:66.27, 8:75 [2, -6, -2]
601:54.04, 4:10 [6, 14980, -6]
602:53.25, 4:10 [6, 16792, -6]
fe: 1, se: 2

Day: 1, Time: 280
Total Cost: 450.56
 11:94.59, 3:75 [3, -8, -3]
 13:90.24, 7:75 [3, -9, -3]
801:77.67, 3:10 [8, 14124, -8]
901:96.66, 3:10 [9, 11136, -9]
902:91.39, 4:10 [9, 10257, -9]
fe: 2, se: 3

Day: 1, Time: 290
Total Cost: 1118.71
 11:136.01, 10:75 [1, 4, -4, -1]
 12:136.01, 2:75 [1, -4, -1]
 13:136.01, 1:75 [1, -4, -1]
 14:153.31, 7:75 [1, 5, -5, -1]
401:97.38, 6:10 [4, 4125, 3279, 12337, -4]
402:62.03, 2:10 [4, 12186, -4]
403:46.04, 2:10 [4, 3205, -4]
404:48.83, 1:10 [4, 11386, -4]
405:116.66, 6:10 [4, 14023, 637, -4]
501:90.24, 4:10 [5, 703, 15222, -5]
502:96.17, 4:10 [5, 11838, 16770, -5]
fe: 4, se: 7

Day: 1, Time: 290
Total Cost: 549.72
 11:66.27, 4:75 [2, 6, -6, -2]
 12:66.27, 1:75 [2, -6, -2]
 13:66.27, 4:75 [2, 6, -6, -2]
601:16.12, 4:10 [6, 16637, -6]
602:76.66, 1:10 [6, 16556, -6]
603:132.06, 3:10 [6, 4465, -6]
604:126.06, 5:10 [6, 7937, 13160, 7542, -6]
fe: 3, se: 4

Day: 1, Time: 290
Total Cost: 584.26
 11:94.59, 4:75 [3, -8, -3]
 12:90.24, 6:75 [3, 9, -9, -3]
 13:90.24, 4:75 [3, -9, -3]
801:34.93, 4:10 [8, 12676, -8]
901:91.04, 6:10 [9, 2001, 10057, 6042, -9]
902:98.81, 3:10 [9, 12049, -9]
903:84.40, 4:10 [9, 13565, -9]
fe: 3, se: 4

Day: 1, Time: 295
Total Cost: 281.33
 11:153.31, 3:75 [1, -5, -1]
501:128.02, 3:10 [5, 11223, -5]
fe: 1, se: 1

Day: 1, Time: 295
Total Cost: 97.51
 11:66.27, 4:75 [2, -6, -2]
601:31.24, 4:10 [6, 10562, -6]
fe: 1, se: 1

Day: 1, Time: 295
Total Cost: 291.53
 11:94.59, 4:75 [3, -8, -3]
801:108.84, 3:10 [8, 11564, 11851, -8]
802:88.09, 1:10 [8, 14861, -8]
fe: 1, se: 2

Day: 1, Time: 300
Total Cost: 247.96
 11:136.01, 2:75 [1, -4, -1]
401:111.95, 2:10 [4, 10486, -4]
fe: 1, se: 1

Day: 1, Time: 300
Total Cost: 135.00
 11:66.27, 4:75 [2, -6, -2]
601:68.73, 4:10 [6, 15985, -6]
fe: 1, se: 1

Day: 1, Time: 305
Total Cost: 244.26
 11:136.01, 4:75 [1, -4, -1]
401:108.24, 4:10 [4, 16954, -4]
fe: 1, se: 1

Day: 1, Time: 305
Total Cost: 175.12
 11:90.24, 4:75 [3, -9, -3]
901:84.88, 4:10 [9, 12541, -9]
fe: 1, se: 1

Day: 1, Time: 315
Total Cost: 164.28
 11:66.27, 5:75 [2, -6, -2]
602:98.01, 5:10 [6, 16538, 12615, -6]
fe: 1, se: 1

Day: 1, Time: 320
Total Cost: 953.61
 11:136.01, 3:75 [1, -4, -1]
 12:136.01, 2:75 [1, -4, -1]
 13:153.31, 3:75 [1, 5, -1]
 14:153.31, 4:75 [1, -5, -1]
401:31.24, 1:10 [4, 11240, -4]
402:92.35, 2:10 [4, 13945, -4]
403:50.16, 2:10 [4, 14599, -4]
501:101.21, 4:10 [5, 13327, -5]
502:100.00, 3:10 [5, 2159, -5]
fe: 4, se: 5

Day: 1, Time: 320
Total Cost: 675.39
 11:94.59, 7:75 [3, 8, -8, -3]
 12:90.24, 6:75 [3, 9, -9, -3]
801:104.02, 3:10 [8, 12975, -8]
802:87.12, 6:10 [8, 2478, 801, -8]
803:103.23, 4:10 [8, 11443, -8]
901:87.73, 6:10 [9, 14208, 17057, -9]
902:108.46, 2:10 [9, 5509, -9]
fe: 2, se: 5

Day: 1, Time: 325
Total Cost: 293.74
 11:136.01, 5:75 [1, -4, -1]
401:87.86, 1:10 [4, 12580, -4]
402:69.86, 4:10 [4, 12944, -4]
fe: 1, se: 2

Day: 1, Time: 325
Total Cost: 358.21
 11:66.27, 8:75 [2, -6, -2]
601:92.54, 2:10 [6, 10915, -6]
602:107.20, 4:10 [6, 10073, -6]
603:92.20, 2:10 [6, 10695, -6]
fe: 1, se: 3

Day: 1, Time: 325
Total Cost: 221.85
 11:90.24, 7:75 [3, -9, -3]
901:68.96, 4:10 [9, 13221, -9]
902:62.64, 3:10 [9, 14045, -9]
fe: 1, se: 2

Day: 1, Time: 330
Total Cost: 274.61
 11:136.01, 4:75 [1, -4, -1]
401:138.59, 4:10 [4, 11604, -4]
fe: 1, se: 1

Day: 1, Time: 330
Total Cost: 264.71
 11:66.27, 3:75 [2, -6, -2]
 12:66.27, 3:75 [2, -6, -2]
601:45.61, 3:10 [6, 11113, -6]
602:86.56, 3:10 [6, 13223, -6]
fe: 2, se: 2

Day: 1, Time: 330
Total Cost: 103.66
 11:90.24, 1:75 [3, -9, -3]
901:13.42, 1:10 [9, 10137, -9]
fe: 1, se: 1

Day: 1, Time: 335
Total Cost: 347.94
 11:136.01, 7:75 [1, -4, -1]
401:135.76, 4:10 [4, 9754, -4]
402:76.16, 3:10 [4, 12717, -4]
fe: 1, se: 2

Day: 1, Time: 340
Total Cost: 186.74
 11:136.01, 4:75 [1, -4, -1]
401:36.17, 2:10 [4, 10170, 9788, -4]
402:14.56, 2:10 [4, 13966, -4]
fe: 1, se: 2

Day: 1, Time: 340
Total Cost: 142.69
 11:66.27, 4:75 [2, -6, -2]
601:76.42, 4:10 [6, 15218, -6]
fe: 1, se: 1

Day: 1, Time: 340
Total Cost: 117.45
 11:90.24, 2:75 [3, -9, -3]
901:27.20, 2:10 [9, 11811, -9]
fe: 1, se: 1

Day: 1, Time: 345
Total Cost: 176.51
 11:136.01, 4:75 [1, -4, -1]
401:40.50, 4:10 [4, 11736, -4]
fe: 1, se: 1

Day: 1, Time: 345
Total Cost: 130.55
 11:66.27, 1:75 [2, -6, -2]
601:64.28, 1:10 [6, 14544, -6]
fe: 1, se: 1

Day: 1, Time: 345
Total Cost: 218.79
 11:94.59, 5:75 [3, -8, -3]
801:87.32, 1:10 [8, 13645, -8]
802:36.88, 4:10 [8, 12949, -8]
fe: 1, se: 2

Day: 1, Time: 350
Total Cost: 360.09
 11:136.01, 1:75 [1, -4, -1]
 12:153.31, 1:75 [1, -5, -1]
401:34.00, 1:10 [4, 9160, -4]
501:36.77, 1:10 [5, 12419, -5]
fe: 2, se: 2

Day: 1, Time: 355
Total Cost: 345.68
 11:94.59, 4:75 [3, -8, -3]
 12:90.24, 2:75 [3, -9, -3]
801:78.55, 4:10 [8, 9758, 10399, -8]
901:82.29, 2:10 [9, 13975, -9]
fe: 2, se: 2

Day: 1, Time: 360
Total Cost: 2214.38
 11:136.01, 74:75 [1, 4, -1]
 12:136.01, 4:75 [1, -4, -1]
 14:153.31, 73:75 [1, 5, -1]
 18:136.01, 10:75 [1, 4, -1]
401:149.74, 10:10 [4, 123, 210, 164, 4175, -4]
402:121.75, 10:10 [4, 4621, 6213, 96, -4]
403:52.91, 6:10 [4, 5600, 26, -4]
404:48.68, 8:10 [4, 145, 93, 8401, -4]
405:72.14, 4:10 [4, 12809, -4]
406:75.54, 10:10 [4, 288, 52, 88, 109, -4]
407:133.18, 10:10 [4, 330, 7002, 4721, -4]
408:91.34, 10:10 [4, 56, 186, 8326, -4]
409:68.08, 10:10 [4, 28, 297, 61, 7186, -4]
410:86.66, 10:10 [4, 79, 204, 5733, 62, 73, -4]
501:110.72, 10:10 [5, 163, 78, 231, 218, -5]
502:44.89, 8:10 [5, 64, 1134, 1181, -5]
503:80.38, 9:10 [5, 104, 72, 1552, 334, 66, -5]
504:104.04, 8:10 [5, 326, 255, -5]
505:90.30, 10:10 [5, 3280, 112, 1163, 322, -5]
506:160.71, 10:10 [5, 160, 7460, 177, 65, -5]
507:53.94, 8:10 [5, 114, 101, 315, -5]
509:108.02, 10:10 [5, 206, 125, 194, 271, -5]
fe: 4, se: 18

Day: 1, Time: 360
Total Cost: 1396.47
 11:66.27, 75:75 [2, 6, -6, -2]
 12:145.23, 4:75 [2, -7, -2]
 13:145.23, 11:75 [2, 7, -2]
601:186.70, 10:10 [6, 241, 228, 2243, 3868, 253, -6]
602:130.46, 10:10 [6, 82, 122, 7768, 307, -6]
603:34.27, 6:10 [6, 325, 300, 120, 176, -6]
604:83.23, 1:10 [6, 12751, -6]
605:77.86, 10:10 [6, 157, 5504, 46, 6146, -6]
606:123.78, 10:10 [6, 279, 59, 2045, 1084, -6]
607:100.75, 10:10 [6, 209, 100, 2809, 67, -6]
608:85.96, 10:10 [6, 48, 18, 170, 309, -6]
609:84.46, 9:10 [6, 266, 140, 20, -6]
701:74.17, 8:10 [7, 296, 71, 259, -7]
702:40.20, 4:10 [7, 11956, -7]
703:17.89, 3:10 [7, 320, -7]
fe: 3, se: 12

Day: 1, Time: 360
Total Cost: 1474.63
 11:94.59, 2:75 [3, -8, -3]
 12:94.59, 57:75 [3, 8, -3]
 13:90.24, 48:75 [3, 9, -3]
801:74.19, 10:10 [8, 254, 75, 3760, -8]
802:69.57, 2:10 [8, 16291, -8]
804:68.40, 10:10 [8, 216, 332, 17, -8]
805:122.46, 9:10 [8, 6111, 225, 220, -8]
806:81.22, 8:10 [8, 169, 148, 338, -8]
807:131.92, 10:10 [8, 159, 247, 4464, 310, -8]
808:96.05, 10:10 [8, 4597, 289, 63, 3523, 133, -8]
901:103.65, 9:10 [9, 268, 57, 275, 166, 197, -9]
902:111.86, 9:10 [9, 1131, 1877, 301, -9]
903:103.65, 10:10 [9, 291, 5079, 5185, -9]
904:138.85, 10:10 [9, 44, 40, 127, 2011, 4162, -9]
905:93.37, 10:10 [9, 5918, 5330, 143, 6988, -9]
fe: 3, se: 12

Day: 1, Time: 365
Total Cost: 294.43
 11:90.24, 3:75 [3, -9, -3]
 12:94.59, 3:75 [3, -8, -3]
801:71.39, 3:10 [8, 11766, -8]
901:38.21, 3:10 [9, 14901, -9]
fe: 2, se: 2

Day: 1, Time: 370
Total Cost: 306.07
 11:66.27, 4:75 [2, -6, -2]
 12:145.23, 2:75 [2, -7, -2]
601:38.21, 4:10 [6, 13644, -6]
701:56.36, 2:10 [7, 12771, -7]
fe: 2, se: 2

Day: 1, Time: 375
Total Cost: 220.06
 11:153.31, 4:75 [1, -5, -1]
501:66.75, 4:10 [5, 16272, -5]
fe: 1, se: 1

Day: 1, Time: 375
Total Cost: 153.42
 11:94.59, 4:75 [3, -8, -3]
801:58.82, 4:10 [8, 12245, -8]
fe: 1, se: 1

Day: 1, Time: 380
Total Cost: 74.52
 11:66.27, 1:75 [2, -6, -2]
601:8.25, 1:10 [6, 13914, -6]
fe: 1, se: 1

Day: 1, Time: 385
Total Cost: 224.22
 11:136.01, 3:75 [1, -4, -1]
401:88.20, 3:10 [4, 11600, -4]
fe: 1, se: 1

Day: 1, Time: 385
Total Cost: 148.73
 11:66.27, 2:75 [2, -6, -2]
601:82.46, 2:10 [6, 15888, -6]
fe: 1, se: 1

Day: 1, Time: 390
Total Cost: 171.62
 11:136.01, 4:75 [1, -4, -1]
401:35.61, 4:10 [4, 15819, -4]
fe: 1, se: 1

Day: 1, Time: 390
Total Cost: 142.30
 11:66.27, 1:75 [2, -6, -2]
601:76.03, 1:10 [6, 16697, -6]
fe: 1, se: 1

Day: 1, Time: 395
Total Cost: 310.89
 11:153.31, 3:75 [1, -5, -1]
501:157.58, 3:10 [5, 13424, -5]
fe: 1, se: 1

Day: 1, Time: 395
Total Cost: 200.15
 11:145.23, 2:75 [2, -7, -2]
701:54.92, 2:10 [7, 15636, -7]
fe: 1, se: 1

Day: 1, Time: 395
Total Cost: 315.71
 11:94.59, 6:75 [3, -8, -3]
801:108.24, 3:10 [8, 14366, -8]
802:112.87, 3:10 [8, 14394, -8]
fe: 1, se: 2

Day: 1, Time: 405
Total Cost: 1267.58
 11:136.01, 37:75 [1, 4, -1]
 12:136.01, 3:75 [1, -4, -1]
 13:153.31, 18:75 [1, 5, -1]
401:101.95, 7:10 [4, 260, 139, -4]
402:114.98, 10:10 [4, 16, 129, 321, 150, -4]
403:80.62, 3:10 [4, 15596, -4]
404:94.57, 5:10 [4, 12, 273, -4]
405:41.25, 6:10 [4, 278, 77, 3854, -4]
406:179.61, 9:10 [4, 58, 719, 341, -4]
501:91.50, 9:10 [5, 285, 116, 314, 128, -5]
502:75.07, 2:10 [5, 237, -5]
504:62.69, 7:10 [5, 202, 83, -5]
fe: 3, se: 9

Day: 1, Time: 405
Total Cost: 1210.41
 11:151.76, 75:75 [2, 6, 7, -2]
 12:145.23, 3:75 [2, -7, -2]
601:127.26, 9:10 [6, 207, 34, 23, 224, -6]
602:153.96, 9:10 [6, 13, 205, 142, 188, 187, -6]
603:5.66, 4:10 [6, 156, -6]
604:129.20, 10:10 [6, 212, 117, 134, -6]
605:113.71, 10:10 [6, 323, 304, 295, 333, 239, 167, -6]
608:153.18, 10:10 [6, 136, 97, 146, 240, 155, -6]
701:27.67, 8:10 [7, 11, 303, 195, -7]
702:110.57, 7:10 [7, 181, 173, 2591, 343, -7]
703:64.13, 8:10 [7, 91, 179, 316, -7]
704:28.07, 3:10 [7, 15437, -7]
fe: 2, se: 10

Day: 1, Time: 405
Total Cost: 990.44
 11:94.59, 39:75 [3, 8, -3]
 12:90.24, 35:75 [3, 9, -3]
801:133.70, 5:10 [8, 200, 203, 1173, -8]
802:41.05, 8:10 [8, 131, 6697, 265, -8]
803:90.48, 10:10 [8, 290, 324, 308, 249, -8]
804:101.18, 9:10 [8, 68, 184, 262, 274, -8]
805:36.66, 7:10 [8, 149, 53, -8]
901:119.32, 8:10 [9, 233, 89, 214, -9]
902:109.91, 9:10 [9, 111, 284, 319, 269, 213, -9]
903:70.53, 9:10 [9, 229, 328, 286, 4674, 85, -9]
904:102.77, 9:10 [9, 175, 223, 283, -9]
fe: 2, se: 9

Day: 1, Time: 410
Total Cost: 182.19
 11:136.01, 1:75 [1, -4, -1]
401:46.17, 1:10 [4, 13438, -4]
fe: 1, se: 1

Day: 1, Time: 410
Total Cost: 162.74
 11:90.24, 4:75 [3, -9, -3]
901:72.50, 4:10 [9, 11374, -9]
fe: 1, se: 1

Day: 1, Time: 415
Total Cost: 602.53
 11:136.01, 1:75 [1, -4, -1]
 12:153.31, 2:75 [1, -5, -1]
 13:153.31, 1:75 [1, -5, -1]
401:45.12, 1:10 [4, 14896, -4]
501:32.56, 2:10 [5, 15644, -5]
502:82.22, 1:10 [5, 11994, -5]
fe: 3, se: 3

Day: 1, Time: 415
Total Cost: 392.32
 11:66.27, 4:75 [2, -6, -2]
 12:145.23, 3:75 [2, -7, -2]
601:120.81, 4:10 [6, 11762, -6]
701:60.00, 3:10 [7, 12962, -7]
fe: 2, se: 2

Day: 1, Time: 420
Total Cost: 199.28
 11:94.59, 4:75 [3, -8, -3]
801:104.69, 4:10 [8, 10096, -8]
fe: 1, se: 1

Day: 1, Time: 450
Total Cost: 526.00
 11:66.27, 36:75 [2, 6, -2]
601:145.19, 10:10 [6, 5361, 5442, 7984, -6]
602:87.35, 9:10 [6, 113, 80, 4623, 185, -6]
603:80.52, 8:10 [6, 22, 141, 174, -6]
604:146.67, 9:10 [6, 165, 126, 24, -6]
fe: 1, se: 4

Day: 1, Time: 450
Total Cost: 558.97
 12:90.24, 33:75 [3, 9, -3]
901:126.34, 9:10 [9, 302, 3319, 38, -9]
902:118.01, 10:10 [9, 4469, 45, 7719, -9]
903:96.96, 10:10 [9, 144, 19, 94, -9]
905:127.43, 4:10 [9, 1617, 5742, -9]
fe: 1, se: 4

Day: 1, Time: 460
Total Cost: 345.60
 11:66.27, 10:75 [2, 6, -2]
602:126.46, 5:10 [6, 6631, 258, -6]
603:64.28, 3:10 [6, 193, -6]
604:88.59, 2:10 [6, 14, -6]
fe: 1, se: 3

Day: 1, Time: 460
Total Cost: 297.44
 11:94.59, 12:75 [3, 8, -3]
801:101.02, 6:10 [8, 4124, 208, -8]
802:101.83, 6:10 [8, 183, 86, -8]
fe: 1, se: 2

Day: 1, Time: 495
Total Cost: 154.76
 11:94.59, 1:75 [3, 8, -3]
801:60.17, 1:10 [8, 639, -8]
fe: 1, se: 1


Day	Area	ID	Time	Load	Utilization	NoOrders	AssignmentCost
1	1	 5	180	  5	0.10	 2	150.00
1	1	117	200	 11	0.09	 5	370.00
1	1	 6	225	  2	0.03	 1	95.00
1	1	 7	270	 28	0.47	10	355.00
1	1	118	300	 22	0.18	 8	590.00
1	1	 8	315	 60	1.00	30	675.00
1	1	27	315	 60	1.00	24	675.00
1	1	 9	360	 60	1.00	22	675.00
1	1	28	360	 20	0.33	 7	275.00
1	1	119	400	 30	0.25	12	750.00
1	1	10	405	  1	0.02	 1	85.00
1	1	11	450	 25	0.35	 9	260.00
1	1	12	495	  7	0.10	 3	116.00
1	1	13	540	 27	0.38	15	276.00
1	1	14	585	 60	1.00	22	675.00
1	1	33	585	 23	0.38	 8	305.00
1	1	121	600	  7	0.06	 2	290.00
1	1	15	630	 29	0.48	13	365.00
1	1	16	675	 24	0.50	11	378.00
1	2	42	135	  1	0.02	 1	102.00
1	2	43	180	 13	0.27	 6	246.00
1	2	135	200	 31	0.26	10	770.00
1	2	44	225	  6	0.10	 2	135.00
1	2	45	270	 24	0.40	 9	315.00
1	2	136	300	120	1.00	50	2550.00
1	2	145	300	 21	0.18	 6	570.00
1	2	46	315	 60	1.00	26	675.00
1	2	65	315	  6	0.10	 2	135.00
1	2	47	360	 11	0.18	 4	185.00
1	2	137	400	 21	0.18	 6	570.00
1	2	48	405	 15	0.25	 5	225.00
1	2	49	450	 13	0.18	 6	164.00
1	2	50	495	 16	0.22	 6	188.00
1	2	138	500	  3	0.02	 1	168.00
1	2	51	540	 45	0.63	20	420.00
1	2	52	585	 58	0.97	24	655.00
1	2	71	585	  3	0.05	 1	105.00
1	2	139	600	 26	0.22	 9	670.00
1	2	53	630	  4	0.07	 1	115.00
1	3	81	180	 14	0.29	 5	258.00
1	3	153	200	  4	0.03	 2	230.00
1	3	82	225	  3	0.05	 1	105.00
1	3	83	270	 60	1.00	24	675.00
1	3	102	270	 55	0.92	20	625.00
1	3	154	300	 57	0.48	25	1290.00
1	3	84	315	 60	1.00	23	675.00
1	3	103	315	  3	0.05	 1	105.00
1	3	85	360	  3	0.05	 1	105.00
1	3	155	400	 28	0.23	10	710.00
1	3	86	405	  1	0.02	 1	85.00
1	3	87	450	 13	0.18	 4	164.00
1	3	88	495	  9	0.13	 5	132.00
1	3	156	500	  2	0.01	 1	152.00
1	3	89	540	 72	1.00	24	636.00
1	3	108	540	 18	0.25	 7	204.00
1	3	90	585	  4	0.07	 1	115.00
1	3	157	600	 38	0.32	16	910.00
1	3	91	630	 58	0.97	22	655.00


Day	Area	Time	Pickup	Delivery	Direct	FEVehicles	SEVehicles	ALNSTime	ALNSBestTime	RoutingCostArea
1	1	0	117	76	0	9	46	200.30	154.59	5829.57
1	1	5	1	0	0	1	1	0.25	0.00	165.48
1	1	10	2	0	0	2	2	0.31	0.00	437.79
1	1	25	2	0	0	2	2	0.29	0.00	432.57
1	1	40	1	0	0	1	1	0.20	0.00	229.40
1	1	50	1	0	0	1	1	0.20	0.00	264.67
1	1	65	3	0	0	3	3	0.48	0.00	599.60
1	1	80	2	0	0	2	2	0.30	0.00	438.77
1	1	85	3	0	0	3	3	0.48	0.00	599.43
1	1	90	1	0	0	1	1	0.20	0.00	166.73
1	1	95	1	0	0	1	1	0.20	0.00	244.83
1	1	105	1	0	0	1	1	0.20	0.00	180.96
1	1	115	2	0	0	2	2	0.30	0.00	346.78
1	1	130	3	0	0	2	3	0.38	0.00	533.00
1	1	140	1	0	0	1	1	0.20	0.00	295.44
1	1	155	2	0	0	2	2	0.31	0.00	418.97
1	1	160	0	0	1	0	0	0.00	0.00	500.00
1	1	170	2	0	0	2	2	0.31	0.00	373.51
1	1	180	2	0	0	2	2	0.30	0.00	498.06
1	1	200	9	0	0	4	7	1.05	0.00	1205.72
1	1	210	2	0	0	2	2	0.29	0.00	446.17
1	1	235	4	0	0	2	3	0.54	0.00	577.32
1	1	245	3	0	0	2	2	0.34	0.00	371.05
1	1	250	1	0	0	1	1	0.20	0.00	192.94
1	1	255	1	0	0	1	1	0.20	0.00	200.51
1	1	260	2	7	0	3	5	0.86	0.00	1028.54
1	1	290	7	5	0	4	7	1.85	0.98	1118.71
1	1	295	1	0	0	1	1	0.20	0.00	281.33
1	1	300	1	0	0	1	1	0.20	0.00	247.96
1	1	305	1	0	0	1	1	0.20	0.00	244.26
1	1	320	4	1	0	4	5	0.97	0.00	953.61
1	1	325	2	0	0	1	2	0.25	0.00	293.74
1	1	330	1	0	0	1	1	0.18	0.00	274.61
1	1	335	2	0	0	1	2	0.29	0.00	347.94
1	1	340	3	0	0	1	2	0.38	0.00	186.74
1	1	345	1	0	0	1	1	0.20	0.00	176.51
1	1	350	2	0	0	2	2	0.31	0.00	360.09
1	1	360	1	60	0	4	18	13.15	1.65	2214.38
1	1	375	1	0	0	1	1	0.20	0.00	220.06
1	1	385	1	0	0	1	1	0.20	0.00	224.22
1	1	390	1	0	0	1	1	0.20	0.00	171.62
1	1	395	1	0	0	1	1	0.20	0.00	310.89
1	1	405	1	21	0	3	9	1.96	0.56	1267.58
1	1	410	1	0	0	1	1	0.20	0.00	182.19
1	1	415	3	0	0	3	3	0.45	0.00	602.53
1	2	0	104	97	0	6	41	162.73	122.34	4527.52
1	2	5	3	0	0	3	3	0.54	0.00	448.90
1	2	10	2	0	0	2	2	0.32	0.00	295.67
1	2	15	2	0	0	2	2	0.31	0.00	341.95
1	2	25	2	0	0	2	2	0.30	0.00	324.30
1	2	35	2	0	0	2	2	0.29	0.00	357.85
1	2	40	2	0	0	2	2	0.32	0.00	370.42
1	2	45	2	0	0	2	2	0.30	0.00	318.25
1	2	50	2	0	0	2	2	0.30	0.00	330.21
1	2	55	1	0	0	1	1	0.20	0.00	134.27
1	2	60	1	0	0	1	1	0.19	0.00	92.27
1	2	75	4	0	0	3	3	0.56	0.00	462.07
1	2	85	2	0	0	2	2	0.31	0.00	304.50
1	2	95	2	0	0	2	2	0.31	0.00	249.00
1	2	105	3	0	0	2	3	0.40	0.00	398.85
1	2	110	1	0	0	1	1	0.19	0.00	91.57
1	2	115	4	0	0	4	4	0.72	0.00	660.99
1	2	135	1	0	1	1	1	0.20	0.00	621.99
1	2	140	2	0	0	2	2	0.32	0.00	277.69
1	2	145	3	0	0	3	3	0.42	0.00	421.65
1	2	160	3	0	0	2	3	0.41	0.00	351.14
1	2	165	4	0	0	4	4	0.72	0.00	570.94
1	2	200	3	0	0	2	3	0.39	0.00	471.20
1	2	225	5	0	0	5	5	0.83	0.00	810.04
1	2	235	1	0	0	1	1	0.20	0.00	124.58
1	2	260	4	3	0	3	4	0.65	0.00	519.74
1	2	270	1	0	0	1	1	0.19	0.00	99.26
1	2	275	1	0	0	1	1	0.20	0.00	173.79
1	2	280	2	0	0	1	2	0.27	0.00	173.56
1	2	290	3	3	0	3	4	0.81	0.00	549.72
1	2	295	1	0	0	1	1	0.19	0.00	97.51
1	2	300	1	0	0	1	1	0.20	0.00	135.00
1	2	315	2	0	0	1	1	0.25	0.00	164.28
1	2	325	3	0	0	1	3	0.32	0.00	358.21
1	2	330	2	0	0	2	2	0.31	0.00	264.71
1	2	340	1	0	0	1	1	0.20	0.00	142.69
1	2	345	1	0	0	1	1	0.19	0.00	130.55
1	2	360	2	36	0	3	12	3.14	0.00	1396.47
1	2	370	2	0	0	2	2	0.30	0.00	306.07
1	2	380	1	0	0	1	1	0.19	0.00	74.52
1	2	385	1	0	0	1	1	0.20	0.00	148.73
1	2	390	1	0	0	1	1	0.19	0.00	142.30
1	2	395	1	0	0	1	1	0.20	0.00	200.15
1	2	405	1	34	0	2	10	2.58	0.00	1210.41
1	2	415	2	0	0	2	2	0.31	0.00	392.32
1	2	450	0	13	0	1	4	0.72	0.00	526.00
1	2	460	0	4	0	1	3	0.35	0.00	345.60
1	3	0	114	107	0	8	46	350.49	236.36	4775.22
1	3	15	4	0	0	3	3	0.62	0.00	472.22
1	3	20	2	0	0	2	2	0.31	0.00	264.99
1	3	45	3	0	0	3	3	0.47	0.00	377.67
1	3	50	2	0	0	2	2	0.32	0.00	299.22
1	3	55	1	0	0	1	1	0.20	0.00	137.95
1	3	75	3	0	0	2	3	0.40	0.00	328.31
1	3	85	2	0	0	2	2	0.31	0.00	286.77
1	3	95	4	0	0	2	4	0.55	0.00	471.14
1	3	105	1	0	0	1	1	0.20	0.00	131.96
1	3	120	1	0	0	1	1	0.20	0.00	180.97
1	3	145	2	0	0	2	2	0.30	0.00	244.26
1	3	150	0	0	1	0	0	0.00	0.00	500.00
1	3	155	1	0	0	1	1	0.19	0.00	119.89
1	3	170	1	0	0	1	1	0.20	0.00	181.33
1	3	175	1	0	0	1	1	0.20	0.00	145.58
1	3	180	1	0	0	1	1	0.20	0.00	116.55
1	3	200	7	0	0	2	6	0.64	0.00	618.04
1	3	210	1	0	0	1	1	0.20	0.00	179.69
1	3	215	1	0	0	1	1	0.20	0.00	141.28
1	3	235	1	0	0	1	1	0.20	0.00	148.38
1	3	250	3	1	0	3	3	0.64	0.00	543.67
1	3	255	1	0	0	1	1	0.20	0.00	161.68
1	3	270	3	6	0	2	5	1.01	0.00	657.59
1	3	280	3	0	0	2	3	0.41	0.00	450.56
1	3	290	4	2	0	3	4	0.80	0.00	584.26
1	3	295	3	0	0	1	2	0.40	0.00	291.53
1	3	305	1	0	0	1	1	0.20	0.00	175.12
1	3	320	4	3	0	2	5	0.70	0.00	675.39
1	3	325	2	0	0	1	2	0.26	0.00	221.85
1	3	330	1	0	0	1	1	0.20	0.00	103.66
1	3	340	1	0	0	1	1	0.21	0.00	117.45
1	3	345	2	0	0	1	2	0.27	0.00	218.79
1	3	355	3	0	0	2	2	0.35	0.00	345.68
1	3	360	1	41	0	3	12	6.35	2.65	1474.63
1	3	365	2	0	0	2	2	0.32	0.00	294.43
1	3	375	1	0	0	1	1	0.20	0.00	153.42
1	3	395	2	0	0	1	2	0.28	0.00	315.71
1	3	405	0	32	0	2	9	3.99	1.05	990.44
1	3	410	1	0	0	1	1	0.20	0.00	162.74
1	3	420	1	0	0	1	1	0.20	0.00	199.28
1	3	450	0	11	0	1	4	0.83	0.00	558.97
1	3	460	0	4	0	1	2	0.34	0.00	297.44
1	3	495	0	1	0	1	1	0.20	0.00	154.76

Day	SL	Own	DispatchTimes	AssignmentCost	RoutingCost	TotalCost
1	43	15	92	24154.00	66436.64	90590.64

Total Cost: 90590.64182408454
Cost per Day: 90590.64182408454
Running time in Seconds: 869.134
Running time in minutes: 14.485566666666667