INSTANCE: 3hubs_A_38_x.csv
PARAMETER: edp_tight.txt
POLICY: EARLIEST DEPARTURE
ALPHA: 0.0
BETA: 71
OMEGA: 586
EPSILON: 1.0

Day: 1, Time: 0
Total Cost: 6107.63
 11:136.01, 74:75 [1, 4, -4, -1]
 12:136.01, 74:75 [1, 4, -4, -1]
 14:136.01, 48:75 [1, 4, -4, -1]
 15:136.01, 28:75 [1, -4, -1]
 16:153.31, 71:75 [1, 5, -5, -1]
 17:153.31, 40:75 [1, 5, -5, -1]
401:65.68, 6:10 [4, 8759, 8511, 8532, 8914, -4]
402:136.87, 10:10 [4, 8830, 8660, 8475, 8626, 8907, 8923, 8867, -4]
403:115.34, 10:10 [4, 8998, 8761, 8708, 8976, -4]
404:195.24, 9:10 [4, 8815, 8664, 8500, 8938, 8522, 8689, -4]
405:73.80, 10:10 [4, 8822, 8703, 8959, -4]
406:106.95, 8:10 [4, 8862, 8644, -4]
407:112.77, 10:10 [4, 8687, 8657, 8630, 8702, -4]
408:108.98, 7:10 [4, 8705, 8854, 8707, -4]
409:67.40, 10:10 [4, 8894, 8921, 8752, 8421, -4]
410:117.11, 10:10 [4, 8715, 8618, 8905, 9010, 8442, -4]
411:136.64, 9:10 [4, 8641, 13066, 8490, 8437, -4]
412:121.37, 10:10 [4, 8748, 8845, 8785, 8731, -4]
413:128.77, 10:10 [4, 8866, 9011, 8814, -4]
414:128.50, 9:10 [4, 8724, 8973, 9004, -4]
415:71.66, 9:10 [4, 8629, 8576, 8643, -4]
416:134.72, 7:10 [4, 8513, 8634, 8820, -4]
417:134.79, 10:10 [4, 8798, 8533, 8561, 8775, 8509, 8831, 8753, -4]
418:72.36, 9:10 [4, 8704, 9022, 8769, -4]
419:117.97, 10:10 [4, 8790, 8796, 8720, 8977, 8427, 8827, 8632, -4]
420:114.46, 10:10 [4, 9008, 8996, 8768, 9007, 8793, -4]
421:111.34, 9:10 [4, 8881, 8947, 8887, -4]
422:200.62, 10:10 [4, 8589, 8931, 8869, 8652, 8592, 8925, -4]
423:121.93, 9:10 [4, 8633, 8436, 8677, 8447, 8620, -4]
424:106.71, 10:10 [4, 8628, 8773, 8580, 8559, -4]
425:210.88, 9:10 [4, 8668, 8967, 8960, 8983, -4]
426:185.18, 5:10 [4, 8673, 8978, 8802, 8455, 9027, -4]
427:138.91, 10:10 [4, 8833, 8481, 8742, 8756, 8568, -4]
428:197.82, 9:10 [4, 9000, 8661, 8810, 8575, 8546, -4]
429:109.08, 9:10 [4, 8543, 8935, 8884, 8627, 8805, 9025, -4]
430:45.76, 4:10 [4, 8640, 8672, -4]
501:147.39, 10:10 [5, 8496, 8604, 8593, 8542, 8479, 8600, -5]
502:113.96, 9:10 [5, 8514, 8654, 8635, 8446, -5]
503:105.11, 10:10 [5, 8619, 8631, 8754, 8819, 8784, -5]
504:119.03, 10:10 [5, 8692, 8468, 8538, 8449, -5]
505:90.31, 10:10 [5, 8826, 8840, 8727, -5]
506:100.66, 10:10 [5, 8779, 8927, 8637, 8861, 8995, 8991, -5]
507:134.33, 10:10 [5, 8477, 8581, 8460, 8665, 8432, -5]
508:70.04, 10:10 [5, 8811, 8499, 8730, 8733, 8770, -5]
509:13.21, 6:10 [5, 8706, 8722, -5]
510:51.17, 10:10 [5, 8701, 9003, 9030, -5]
511:66.04, 9:10 [5, 8828, 8987, 8723, -5]
512:27.97, 5:10 [5, 8470, 8582, -5]
513:90.03, 9:10 [5, 8899, 8886, 8942, 8882, 8900, -5]
514:39.70, 4:10 [5, 8696, -5]
516:47.50, 7:10 [5, 8710, 8729, 8746, -5]
517:28.72, 8:10 [5, 8771, 8791, -5]
518:35.90, 10:10 [5, 8859, 8957, 8760, 8788, -5]
519:27.69, 9:10 [5, 8556, 8573, 8517, 8482, -5]
520:41.40, 9:10 [5, 8714, 8806, 8984, -5]
521:147.96, 3:10 [5, 8847, -5]
522:69.25, 10:10 [5, 8464, 8438, 8493, -5]
fe: 6, se: 51

Day: 1, Time: 0
Total Cost: 4728.46
 11:66.27, 71:75 [2, 6, -6, -2]
 12:66.27, 72:75 [2, 6, -6, -2]
 13:66.27, 75:75 [2, 6, -6, -2]
 14:66.27, 10:75 [2, -6, -2]
 15:145.23, 63:75 [2, 7, -7, -2]
 21:145.23, 54:75 [2, 7, -7, -2]
601:79.34, 10:10 [6, 8658, 8605, 9028, 8528, -6]
602:75.58, 8:10 [6, 8964, 8839, 8525, 8535, 9005, -6]
603:19.70, 7:10 [6, 8834, 8735, -6]
604:42.26, 8:10 [6, 8946, 8809, -6]
605:62.10, 10:10 [6, 8566, 8698, 8697, 8571, -6]
606:70.45, 10:10 [6, 9016, 8889, 9019, 8913, -6]
607:98.76, 10:10 [6, 8717, 8461, 8693, 8520, -6]
608:44.00, 9:10 [6, 8646, 9026, 8922, 8872, -6]
610:143.66, 10:10 [6, 8653, 8459, 8424, 8851, 8743, 8451, 8666, 8846, 8906, 8584, -6]
611:83.66, 10:10 [6, 8786, 8948, 8969, 8863, -6]
612:118.90, 10:10 [6, 8902, 8738, 8789, 8975, -6]
613:107.92, 10:10 [6, 8489, 8530, 8467, 8448, -6]
614:92.89, 10:10 [6, 8608, 8880, 8521, 8536, 8457, 8445, 8837, -6]
615:107.09, 10:10 [6, 8599, 8612, 8713, 8965, 8782, 8966, -6]
616:12.81, 3:10 [6, 9015, -6]
617:116.24, 10:10 [6, 8807, 9012, 8787, 8842, -6]
618:130.81, 10:10 [6, 8918, 8843, 8981, 8621, 8858, 8494, -6]
619:130.87, 10:10 [6, 8430, 8744, 8670, 8508, 8940, -6]
620:149.82, 10:10 [6, 8423, 8544, 8860, 8758, 8856, 8736, 8920, -6]
621:52.51, 10:10 [6, 9024, 8986, 8924, -6]
622:108.92, 10:10 [6, 8578, 9018, 8648, 8803, 8548, -6]
623:148.78, 10:10 [6, 8422, 8623, 8871, 8901, 8999, 8434, -6]
624:82.45, 10:10 [6, 8879, 8757, 8527, 8990, -6]
625:95.11, 10:10 [6, 8558, 8444, 8497, 8639, 9014, 8699, -6]
626:108.97, 10:10 [6, 8865, 8794, 8567, 8910, 8970, -6]
627:163.20, 9:10 [6, 8750, 8515, 8606, 8817, -6]
629:83.74, 9:10 [6, 8930, 8877, 8716, 8783, -6]
630:88.29, 9:10 [6, 8848, 8825, 8674, 8601, -6]
631:126.54, 10:10 [6, 8466, 8682, 8529, 8649, -6]
632:122.08, 10:10 [6, 8645, 8534, 8491, -6]
634:127.94, 10:10 [6, 8962, 8824, 8766, 8579, 8765, 8875, -6]
635:68.01, 10:10 [6, 8838, 8681, 8443, 8883, 8560, -6]
636:104.80, 10:10 [6, 8549, 8486, 8441, 8553, 8516, -6]
701:67.88, 10:10 [7, 8908, 8551, 8439, -7]
703:104.86, 10:10 [7, 8625, 9009, 8904, 8453, 8615, 8777, 8929, -7]
704:103.47, 9:10 [7, 8583, 8897, 8462, 8953, 8602, -7]
705:45.43, 9:10 [7, 8537, 8454, 8663, -7]
706:48.27, 10:10 [7, 8762, 8890, 8944, 8732, 8728, -7]
707:101.60, 9:10 [7, 8518, 8683, 8835, 8650, 8751, 8484, 8504, -7]
708:65.24, 10:10 [7, 8476, 8982, 8638, 8597, -7]
709:94.32, 10:10 [7, 8994, 8458, 8776, 8878, 8755, -7]
710:115.19, 10:10 [7, 8502, 8669, 8939, 8498, 8763, -7]
712:80.50, 8:10 [7, 8740, 9032, 8816, 8512, 9031, -7]
713:72.80, 9:10 [7, 8507, 8721, 9034, 8912, 8801, 8868, -7]
716:66.95, 10:10 [7, 8832, 8800, 8980, -7]
717:38.17, 7:10 [7, 8892, 8992, -7]
fe: 6, se: 46

Day: 1, Time: 0
Total Cost: 4239.49
 11:94.59, 74:75 [3, 8, -8, -3]
 12:94.59, 68:75 [3, 8, -8, -3]
 13:94.59, 23:75 [3, 8, -8, -3]
 14:90.24, 60:75 [3, 9, -9, -3]
 22:90.24, 46:75 [3, 9, -9, -3]
 25:90.24, 16:75 [3, 9, -9, -3]
 34:90.24, 55:75 [3, 9, -9, -3]
801:82.51, 10:10 [8, 8577, 8590, 8510, 8570, 8554, 8719, -8]
802:116.97, 10:10 [8, 8919, 8745, 8885, 8952, 8903, -8]
803:94.16, 10:10 [8, 8594, 8911, 8472, 8873, 8850, 8781, -8]
804:61.79, 8:10 [8, 8555, 8624, 8569, -8]
805:99.37, 10:10 [8, 8821, 8985, 8780, 8531, 8993, 8487, -8]
806:86.24, 10:10 [8, 8611, 8891, 8540, 8676, -8]
807:115.85, 10:10 [8, 8852, 8841, 8926, 8961, 8971, 8937, -8]
808:98.42, 10:10 [8, 8799, 8433, 8483, -8]
809:107.32, 10:10 [8, 8450, 8864, 8550, 8988, 8725, 9023, 8588, 8954, -8]
810:40.84, 10:10 [8, 9006, 8678, 8617, -8]
811:53.98, 10:10 [8, 9013, 8591, 8695, 8818, -8]
812:87.44, 10:10 [8, 8737, 8734, 8974, 8950, 8662, -8]
813:12.17, 3:10 [8, 8557, -8]
814:70.58, 8:10 [8, 8792, 8928, 8655, -8]
815:80.56, 10:10 [8, 8642, 8474, 8435, 8505, -8]
816:111.57, 10:10 [8, 8563, 8829, 8586, 8598, -8]
817:127.45, 9:10 [8, 8659, 8595, 8506, 8915, 8898, -8]
818:66.50, 8:10 [8, 8712, 9033, 8874, 8989, -8]
819:62.27, 10:10 [8, 8909, 8997, 8718, 8480, -8]
820:15.88, 8:10 [8, 8823, 8917, -8]
821:25.61, 9:10 [8, 8932, 8691, 8463, 8916, -8]
901:137.87, 10:10 [9, 8680, 8812, 8849, 8949, 8492, 8804, 8972, -9]
902:88.85, 10:10 [9, 8943, 8545, 8836, 8564, 8951, -9]
903:108.76, 10:10 [9, 8495, 8616, 8547, 8426, 9002, 9029, -9]
904:103.33, 10:10 [9, 8501, 8772, 8539, 8452, 8562, 9017, 8636, -9]
905:84.10, 10:10 [9, 8456, 8870, 8945, 8855, 8428, 8813, 8485, 8893, 8747, -9]
906:120.54, 10:10 [9, 8478, 8552, 8853, 8955, 8857, 8685, 8888, 8726, -9]
907:104.31, 10:10 [9, 8647, 8471, 8679, 8979, -9]
908:124.23, 10:10 [9, 9021, 8876, 8741, 8711, 8709, 8895, -9]
909:140.88, 9:10 [9, 8473, 8778, 8688, 8469, 8526, 8941, 8596, 8739, -9]
910:98.62, 10:10 [9, 8933, 8896, 8749, 8956, -9]
911:22.49, 5:10 [9, 8565, 8656, -9]
912:125.06, 10:10 [9, 8808, 8603, 8587, 8465, -9]
913:96.71, 8:10 [9, 8488, 8684, 8524, -9]
914:95.47, 10:10 [9, 8610, 8614, 8844, 8774, 8609, 8503, 8690, -9]
915:111.87, 10:10 [9, 8767, 8795, 8585, 8686, 8425, -9]
916:36.16, 6:10 [9, 8968, 8700, -9]
917:133.79, 10:10 [9, 8574, 8963, 8667, 9001, 8651, -9]
918:22.53, 8:10 [9, 8440, 8694, 8572, -9]
920:84.49, 10:10 [9, 8622, 8764, 8936, 8431, 8797, 8541, 8675, -9]
922:75.75, 10:10 [9, 8519, 8523, 8671, 8420, 8607, -9]
924:61.45, 10:10 [9, 8934, 8429, 8958, 8613, 9020, -9]
fe: 7, se: 42

Day: 1, Time: 5
Total Cost: 166.70
 11:94.59, 3:75 [3, -8, -3]
801:72.11, 3:10 [8, 13812, -8]
fe: 1, se: 1

Day: 1, Time: 15
Total Cost: 352.63
 11:136.01, 1:75 [1, -4, -1]
 12:153.31, 3:75 [1, -5, -1]
401:40.50, 1:10 [4, 10397, -4]
501:22.80, 3:10 [5, 11346, -5]
fe: 2, se: 2

Day: 1, Time: 15
Total Cost: 382.80
 11:94.59, 1:75 [3, -8, -3]
 12:90.24, 3:75 [3, -9, -3]
 13:90.24, 1:75 [3, -9, -3]
801:42.76, 1:10 [8, 17057, -8]
901:52.15, 3:10 [9, 12884, -9]
902:12.81, 1:10 [9, 10948, -9]
fe: 3, se: 3

Day: 1, Time: 25
Total Cost: 588.69
 11:153.31, 2:75 [1, -5, -1]
 12:136.01, 3:75 [1, -4, -1]
 13:153.31, 2:75 [1, -5, -1]
402:38.42, 3:10 [4, 16313, -4]
501:89.20, 2:10 [5, 9411, -5]
502:18.44, 2:10 [5, 13737, -5]
fe: 3, se: 3

Day: 1, Time: 25
Total Cost: 631.69
 11:66.27, 3:75 [2, -6, -2]
 12:66.27, 4:75 [2, -6, -2]
 13:66.27, 1:75 [2, -6, -2]
 14:145.23, 4:75 [2, -7, -2]
601:57.27, 3:10 [6, 14128, -6]
602:96.19, 4:10 [6, 16125, -6]
603:101.07, 1:10 [6, 13771, -6]
701:33.11, 4:10 [7, 12160, -7]
fe: 4, se: 4

Day: 1, Time: 25
Total Cost: 131.47
 11:94.59, 1:75 [3, -8, -3]
801:36.88, 1:10 [8, 9727, -8]
fe: 1, se: 1

Day: 1, Time: 35
Total Cost: 543.36
 11:136.01, 2:75 [1, -4, -1]
 12:153.31, 8:75 [1, -5, -1]
401:36.06, 2:10 [4, 14500, -4]
501:100.18, 4:10 [5, 12326, -5]
502:117.80, 4:10 [5, 13799, -5]
fe: 2, se: 3

Day: 1, Time: 35
Total Cost: 144.50
 11:66.27, 1:75 [2, -6, -2]
601:78.23, 1:10 [6, 10422, -6]
fe: 1, se: 1

Day: 1, Time: 35
Total Cost: 161.82
 11:94.59, 3:75 [3, -8, -3]
801:67.23, 3:10 [8, 11974, -8]
fe: 1, se: 1

Day: 1, Time: 40
Total Cost: 188.82
 11:136.01, 3:75 [1, -4, -1]
401:52.80, 3:10 [4, 11564, -4]
fe: 1, se: 1

Day: 1, Time: 50
Total Cost: 239.73
 11:136.01, 4:75 [1, -4, -1]
401:103.71, 4:10 [4, 9350, -4]
fe: 1, se: 1

Day: 1, Time: 50
Total Cost: 290.36
 11:66.27, 5:75 [2, -6, -2]
 12:66.27, 1:75 [2, -6, -2]
601:67.20, 2:10 [6, 12910, -6]
602:82.37, 3:10 [6, 16237, -6]
603:8.25, 1:10 [6, 10196, -6]
fe: 2, se: 3

Day: 1, Time: 50
Total Cost: 131.09
 11:94.59, 2:75 [3, -8, -3]
801:36.50, 2:10 [8, 9706, -8]
fe: 1, se: 1

Day: 1, Time: 55
Total Cost: 460.32
 11:153.31, 2:75 [1, -5, -1]
 12:153.31, 3:75 [1, -5, -1]
501:81.58, 2:10 [5, 13486, -5]
502:72.11, 3:10 [5, 16823, -5]
fe: 2, se: 2

Day: 1, Time: 55
Total Cost: 147.86
 11:66.27, 2:75 [2, -6, -2]
601:81.58, 2:10 [6, 9744, -6]
fe: 1, se: 1

Day: 1, Time: 55
Total Cost: 161.46
 11:90.24, 2:75 [3, -9, -3]
901:71.22, 2:10 [9, 12889, -9]
fe: 1, se: 1

Day: 1, Time: 60
Total Cost: 173.41
 11:153.31, 1:75 [1, -5, -1]
501:20.10, 1:10 [5, 9371, -5]
fe: 1, se: 1

Day: 1, Time: 60
Total Cost: 283.67
 11:66.27, 2:75 [2, -6, -2]
 12:66.27, 4:75 [2, -6, -2]
601:63.81, 2:10 [6, 14708, -6]
602:87.32, 4:10 [6, 16064, -6]
fe: 2, se: 2

Day: 1, Time: 60
Total Cost: 171.25
 11:94.59, 1:75 [3, -8, -3]
801:76.66, 1:10 [8, 16195, -8]
fe: 1, se: 1

Day: 1, Time: 65
Total Cost: 541.54
 11:136.01, 3:75 [1, -4, -1]
 12:153.31, 3:75 [1, -5, -1]
401:90.97, 3:10 [4, 12935, -4]
501:161.25, 3:10 [5, 10321, -5]
fe: 2, se: 2

Day: 1, Time: 70
Total Cost: 272.64
 11:66.27, 3:75 [2, -6, -2]
 12:66.27, 1:75 [2, -6, -2]
601:109.56, 3:10 [6, 16719, -6]
602:30.53, 1:10 [6, 11907, -6]
fe: 2, se: 2

Day: 1, Time: 75
Total Cost: 780.78
 11:136.01, 4:75 [1, -4, -1]
 12:153.31, 4:75 [1, -5, -1]
 13:153.31, 2:75 [1, -5, -1]
401:87.86, 2:10 [4, 14495, -4]
402:112.92, 2:10 [4, 10722, -4]
501:108.73, 4:10 [5, 12527, 17017, -5]
502:28.64, 2:10 [5, 13955, -5]
fe: 3, se: 4

Day: 1, Time: 80
Total Cost: 192.48
 11:136.01, 3:75 [1, -4, -1]
401:56.46, 3:10 [4, 15935, -4]
fe: 1, se: 1

Day: 1, Time: 80
Total Cost: 250.31
 11:66.27, 4:75 [2, -6, -2]
 12:66.27, 2:75 [2, -6, -2]
601:83.35, 4:10 [6, 14751, -6]
602:34.41, 2:10 [6, 10730, -6]
fe: 2, se: 2

Day: 1, Time: 80
Total Cost: 278.98
 11:90.24, 3:75 [3, -9, -3]
 12:90.24, 1:75 [3, -9, -3]
901:24.17, 3:10 [9, 15762, -9]
902:74.32, 1:10 [9, 15846, -9]
fe: 2, se: 2

Day: 1, Time: 85
Total Cost: 181.74
 11:153.31, 2:75 [1, -5, -1]
501:28.43, 2:10 [5, 13062, -5]
fe: 1, se: 1

Day: 1, Time: 85
Total Cost: 138.41
 11:90.24, 1:75 [3, -9, -3]
901:48.17, 1:10 [9, 14247, -9]
fe: 1, se: 1

Day: 1, Time: 90
Total Cost: 231.79
 11:136.01, 4:75 [1, -4, -1]
401:95.77, 4:10 [4, 9536, -4]
fe: 1, se: 1

Day: 1, Time: 90
Total Cost: 682.79
 11:66.27, 2:75 [2, -6, -2]
 12:66.27, 1:75 [2, -6, -2]
 13:66.27, 4:75 [2, -6, -2]
 14:66.27, 1:75 [2, -6, -2]
601:135.09, 2:10 [6, 12252, -6]
602:56.04, 1:10 [6, 16540, -6]
603:135.96, 4:10 [6, 15877, -6]
604:90.62, 1:10 [6, 15507, -6]
fe: 4, se: 4

Day: 1, Time: 90
Total Cost: 209.58
 11:90.24, 2:75 [3, -9, -3]
901:119.33, 2:10 [9, 15533, -9]
fe: 1, se: 1

Day: 1, Time: 95
Total Cost: 244.83
 11:136.01, 3:75 [1, -4, -1]
401:108.81, 3:10 [4, 14161, -4]
fe: 1, se: 1

Day: 1, Time: 95
Total Cost: 168.25
 11:66.27, 4:75 [2, -6, -2]
601:101.98, 4:10 [6, 9562, -6]
fe: 1, se: 1

Day: 1, Time: 95
Total Cost: 405.08
 11:90.24, 3:75 [3, -9, -3]
 12:90.24, 1:75 [3, -9, -3]
901:82.46, 2:10 [9, 10150, -9]
902:62.13, 1:10 [9, 9959, -9]
903:80.00, 1:10 [9, 16562, -9]
fe: 2, se: 3

Day: 1, Time: 100
Total Cost: 185.21
 11:136.01, 4:75 [1, -4, -1]
401:49.19, 4:10 [4, 12785, -4]
fe: 1, se: 1

Day: 1, Time: 100
Total Cost: 482.24
 11:66.27, 3:75 [2, -6, -2]
 12:66.27, 2:75 [2, -6, -2]
 13:66.27, 1:75 [2, -6, -2]
601:50.00, 3:10 [6, 16444, -6]
602:93.64, 2:10 [6, 11673, -6]
603:139.79, 1:10 [6, 12261, -6]
fe: 3, se: 3

Day: 1, Time: 100
Total Cost: 140.72
 11:90.24, 3:75 [3, -9, -3]
901:50.48, 3:10 [9, 15941, -9]
fe: 1, se: 1

Day: 1, Time: 110
Total Cost: 215.66
 11:136.01, 3:75 [1, -4, -1]
401:79.65, 3:10 [4, 15903, -4]
fe: 1, se: 1

Day: 1, Time: 115
Total Cost: 177.37
 11:66.27, 7:75 [2, -6, -2]
601:63.56, 4:10 [6, 10504, -6]
602:47.54, 3:10 [6, 13276, -6]
fe: 1, se: 2

Day: 1, Time: 115
Total Cost: 322.49
 11:94.59, 4:75 [3, -8, -3]
 12:90.24, 3:75 [3, -9, -3]
801:42.05, 4:10 [8, 16413, -8]
901:95.60, 3:10 [9, 13103, -9]
fe: 2, se: 2

Day: 1, Time: 120
Total Cost: 201.73
 11:153.31, 2:75 [1, -5, -1]
501:48.41, 2:10 [5, 14899, -5]
fe: 1, se: 1

Day: 1, Time: 125
Total Cost: 145.39
 11:66.27, 2:75 [2, -6, -2]
601:79.12, 2:10 [6, 11955, -6]
fe: 1, se: 1

Day: 1, Time: 125
Total Cost: 126.30
 11:90.24, 2:75 [3, -9, -3]
901:36.06, 2:10 [9, 15063, -9]
fe: 1, se: 1

Day: 1, Time: 130
Total Cost: 439.61
 11:90.24, 5:75 [3, -9, -3]
 12:90.24, 4:75 [3, -9, -3]
901:66.00, 1:10 [9, 11898, -9]
902:87.86, 4:10 [9, 9143, -9]
903:105.26, 4:10 [9, 11788, -9]
fe: 2, se: 3

Day: 1, Time: 135
Total Cost: 371.69
 11:66.27, 4:75 [2, -6, -2]
 12:145.23, 2:75 [2, -7, -2]
601:84.90, 4:10 [6, 9359, -6]
701:75.29, 2:10 [7, 15243, -7]
fe: 2, se: 2

Day: 1, Time: 135
Total Cost: 285.04
 11:90.24, 4:75 [3, -9, -3]
 12:90.24, 1:75 [3, -9, -3]
901:62.03, 4:10 [9, 9521, -9]
902:42.52, 1:10 [9, 12315, -9]
fe: 2, se: 2

Day: 1, Time: 140
Total Cost: 298.45
 11:66.27, 3:75 [2, -6, -2]
 12:66.27, 4:75 [2, -6, -2]
601:86.28, 3:10 [6, 10673, -6]
602:79.62, 4:10 [6, 12402, -6]
fe: 2, se: 2

Day: 1, Time: 140
Total Cost: 147.09
 11:94.59, 2:75 [3, -8, -3]
801:52.50, 2:10 [8, 12104, -8]
fe: 1, se: 1

Day: 1, Time: 150
Total Cost: 365.49
 11:136.01, 1:75 [1, -4, -1]
 12:153.31, 2:75 [1, -5, -1]
401:51.11, 1:10 [4, 10447, -4]
501:25.06, 2:10 [5, 11730, -5]
fe: 2, se: 2

Day: 1, Time: 155
Total Cost: 145.92
 11:66.27, 4:75 [2, -6, -2]
601:79.65, 4:10 [6, 13816, -6]
fe: 1, se: 1

Day: 1, Time: 155
Total Cost: 153.82
 11:94.59, 1:75 [3, -8, -3]
801:59.23, 1:10 [8, 15904, -8]
fe: 1, se: 1

Day: 1, Time: 160
Total Cost: 222.56
 11:136.01, 4:75 [1, -4, -1]
401:51.11, 3:10 [4, 13070, -4]
402:35.44, 1:10 [4, 16323, -4]
fe: 1, se: 2

Day: 1, Time: 165
Total Cost: 355.20
 11:66.27, 2:75 [2, -6, -2]
 12:66.27, 1:75 [2, -6, -2]
601:78.92, 2:10 [6, 11486, -6]
602:143.74, 1:10 [6, 13071, -6]
fe: 2, se: 2

Day: 1, Time: 165
Total Cost: 158.51
 11:90.24, 4:75 [3, -9, -3]
901:68.26, 4:10 [9, 12885, -9]
fe: 1, se: 1

Day: 1, Time: 170
Total Cost: 111.80
 11:94.59, 4:75 [3, -8, -3]
801:17.20, 4:10 [8, 12143, -8]
fe: 1, se: 1

Day: 1, Time: 175
Total Cost: 184.91
 11:66.27, 3:75 [2, -6, -2]
 12:66.27, 1:75 [2, -6, -2]
601:30.00, 3:10 [6, 13606, -6]
602:22.36, 1:10 [6, 11480, -6]
fe: 2, se: 2

Day: 1, Time: 180
Total Cost: 167.86
 11:66.27, 3:75 [2, -6, -2]
 12:66.27, 3:75 [2, -6, -2]
601:8.49, 3:10 [6, 9337, -6]
602:26.83, 3:10 [6, 13650, -6]
fe: 2, se: 2

Day: 1, Time: 185
Total Cost: 547.49
 11:153.31, 3:75 [1, -5, -1]
 12:153.31, 10:75 [1, -5, -1]
501:31.62, 3:10 [5, 16648, -5]
502:80.07, 8:10 [5, 16658, 13720, -5]
503:94.76, 1:10 [5, 16841, -5]
504:34.41, 1:10 [5, 9624, -5]
fe: 2, se: 4

Day: 1, Time: 205
Total Cost: 155.47
 11:66.27, 2:75 [2, -6, -2]
601:89.20, 2:10 [6, 15628, -6]
fe: 1, se: 1

Day: 1, Time: 210
Total Cost: 692.40
 11:136.01, 6:75 [1, -4, -1]
 12:136.01, 2:75 [1, -4, -1]
 13:153.31, 2:75 [1, -5, -1]
402:102.63, 2:10 [4, 13089, -4]
403:111.83, 6:10 [4, 12649, 15344, -4]
501:52.61, 2:10 [5, 13427, -5]
fe: 3, se: 3

Day: 1, Time: 215
Total Cost: 176.11
 11:153.31, 3:75 [1, -5, -1]
501:22.80, 3:10 [5, 16302, -5]
fe: 1, se: 1

Day: 1, Time: 215
Total Cost: 560.44
 11:66.27, 7:75 [2, -6, -2]
 12:66.27, 5:75 [2, -6, -2]
601:49.40, 4:10 [6, 9869, -6]
602:111.95, 2:10 [6, 15040, -6]
603:59.06, 3:10 [6, 16695, -6]
604:88.77, 1:10 [6, 12739, -6]
605:118.73, 2:10 [6, 9897, -6]
fe: 2, se: 5

Day: 1, Time: 215
Total Cost: 568.42
 12:90.24, 7:75 [3, -9, -3]
 13:90.24, 1:75 [3, -9, -3]
 14:90.24, 4:75 [3, -9, -3]
901:92.78, 2:10 [9, 14253, -9]
902:20.00, 1:10 [9, 9352, -9]
903:56.47, 4:10 [9, 9176, 11226, -9]
904:45.65, 3:10 [9, 12018, -9]
905:82.79, 2:10 [9, 10562, 10205, -9]
fe: 3, se: 5

Day: 1, Time: 220
Total Cost: 201.53
 11:136.01, 4:75 [1, -4, -1]
401:65.51, 4:10 [4, 12381, -4]
fe: 1, se: 1

Day: 1, Time: 225
Total Cost: 251.13
 11:136.01, 2:75 [1, -4, -1]
401:115.12, 2:10 [4, 14963, -4]
fe: 1, se: 1

Day: 1, Time: 225
Total Cost: 376.52
 11:66.27, 4:75 [2, -6, -2]
 12:66.27, 4:75 [2, -6, -2]
 13:66.27, 2:75 [2, -6, -2]
601:108.00, 4:10 [6, 9786, -6]
602:52.61, 4:10 [6, 12040, -6]
603:17.09, 2:10 [6, 10018, -6]
fe: 3, se: 3

Day: 1, Time: 225
Total Cost: 278.83
 11:90.24, 1:75 [3, -9, -3]
 12:90.24, 3:75 [3, -9, -3]
901:66.03, 1:10 [9, 10830, -9]
902:32.31, 3:10 [9, 12075, -9]
fe: 2, se: 2

Day: 1, Time: 230
Total Cost: 180.06
 11:136.01, 4:75 [1, -4, -1]
401:44.05, 4:10 [4, 16768, -4]
fe: 1, se: 1

Day: 1, Time: 230
Total Cost: 347.35
 11:94.59, 1:75 [3, -8, -3]
 12:90.24, 1:75 [3, -9, -3]
801:102.22, 1:10 [8, 12236, -8]
901:60.30, 1:10 [9, 9874, -9]
fe: 2, se: 2

Day: 1, Time: 235
Total Cost: 439.85
 11:66.27, 7:75 [2, -6, -2]
 12:145.23, 4:75 [2, -7, -2]
601:104.02, 4:10 [6, 14848, -6]
602:74.32, 3:10 [6, 11421, -6]
701:50.00, 4:10 [7, 12081, -7]
fe: 2, se: 3

Day: 1, Time: 240
Total Cost: 106.76
 11:94.59, 1:75 [3, -8, -3]
801:12.17, 1:10 [8, 9163, -8]
fe: 1, se: 1

Day: 1, Time: 245
Total Cost: 559.41
 11:66.27, 2:75 [2, 6, -6, -2]
 12:66.27, 2:75 [2, -6, -2]
 13:145.23, 1:75 [2, -7, -2]
601:91.76, 1:10 [6, 2258, -6]
602:82.02, 2:10 [6, 12343, -6]
603:54.04, 2:10 [6, 11819, -6]
701:53.81, 1:10 [7, 15506, -7]
fe: 3, se: 4

Day: 1, Time: 245
Total Cost: 319.61
 11:94.59, 1:75 [3, 8, -3]
 12:94.59, 2:75 [3, -8, -3]
801:72.11, 1:10 [8, 1506, -8]
802:58.31, 2:10 [8, 11141, -8]
fe: 2, se: 2

Day: 1, Time: 250
Total Cost: 102.33
 11:66.27, 2:75 [2, -6, -2]
601:36.06, 2:10 [6, 11576, -6]
fe: 1, se: 1

Day: 1, Time: 260
Total Cost: 911.66
 11:136.01, 8:75 [1, 4, -4, -1]
 12:136.01, 1:75 [1, -4, -1]
 14:153.31, 4:75 [1, -5, -1]
401:52.04, 1:10 [4, 12171, -4]
402:112.61, 1:10 [4, 1732, -4]
403:86.96, 3:10 [4, 3284, 15125, -4]
404:148.83, 4:10 [4, 7435, 10558, -4]
501:85.88, 4:10 [5, 15855, -5]
fe: 3, se: 5

Day: 1, Time: 275
Total Cost: 407.48
 11:136.01, 5:75 [1, -4, -1]
 12:153.31, 1:75 [1, -5, -1]
401:58.69, 5:10 [4, 15180, 15626, -4]
501:59.46, 1:10 [5, 13302, -5]
fe: 2, se: 2

Day: 1, Time: 275
Total Cost: 464.72
 12:90.24, 8:75 [3, 9, -9, -3]
 13:90.24, 2:75 [3, -9, -3]
901:89.62, 5:10 [9, 6018, 12963, 11789, -9]
902:82.15, 3:10 [9, 2874, 12492, -9]
903:112.46, 2:10 [9, 15633, 14858, -9]
fe: 2, se: 3

Day: 1, Time: 280
Total Cost: 278.24
 11:136.01, 4:75 [1, -4, -1]
401:142.23, 4:10 [4, 17100, -4]
fe: 1, se: 1

Day: 1, Time: 280
Total Cost: 603.86
 11:66.27, 10:75 [2, 6, -6, -2]
 12:66.27, 3:75 [2, -6, -2]
 13:145.23, 4:75 [2, -7, -2]
601:109.69, 8:10 [6, 10645, 9677, -6]
602:66.48, 3:10 [6, 10683, -6]
603:73.76, 2:10 [6, 5047, 10505, -6]
701:76.16, 4:10 [7, 14193, -7]
fe: 3, se: 4

Day: 1, Time: 285
Total Cost: 268.21
 11:136.01, 2:75 [1, -4, -1]
401:132.20, 2:10 [4, 9237, -4]
fe: 1, se: 1

Day: 1, Time: 285
Total Cost: 156.83
 11:66.27, 3:75 [2, -6, -2]
601:90.55, 3:10 [6, 13259, -6]
fe: 1, se: 1

Day: 1, Time: 285
Total Cost: 320.74
 11:94.59, 3:75 [3, -8, -3]
 12:90.24, 1:75 [3, -9, -3]
801:106.17, 3:10 [8, 12353, -8]
901:29.73, 1:10 [9, 16462, -9]
fe: 2, se: 2

Day: 1, Time: 295
Total Cost: 500.91
 11:136.01, 6:75 [1, 4, -1]
 12:153.31, 2:75 [1, -5, -1]
401:174.22, 6:10 [4, 1037, 326, 329, -4]
501:37.36, 2:10 [5, 14370, -5]
fe: 2, se: 2

Day: 1, Time: 295
Total Cost: 496.74
 11:66.27, 10:75 [2, 6, -2]
 12:66.27, 3:75 [2, -6, -2]
601:84.90, 2:10 [6, 12740, -6]
602:226.34, 10:10 [6, 7623, 5122, 4194, 8367, -6]
603:52.95, 1:10 [6, 11355, -6]
fe: 2, se: 3

Day: 1, Time: 295
Total Cost: 304.35
 11:94.59, 1:75 [3, 8, -3]
 12:94.59, 2:75 [3, -8, -3]
801:15.62, 2:10 [8, 10816, -8]
802:99.54, 1:10 [8, 1707, -8]
fe: 2, se: 2

Day: 1, Time: 305
Total Cost: 179.64
 11:94.59, 2:75 [3, -8, -3]
801:85.04, 2:10 [8, 13721, -8]
fe: 1, se: 1

Day: 1, Time: 310
Total Cost: 268.71
 11:66.27, 9:75 [2, -6, -2]
601:113.67, 5:10 [6, 13652, 12827, -6]
602:88.77, 4:10 [6, 10001, -6]
fe: 1, se: 2

Day: 1, Time: 315
Total Cost: 769.66
 11:136.01, 1:75 [1, -4, -1]
 12:136.01, 8:75 [1, 4, -4, -1]
401:32.28, 6:10 [4, 14793, 11913, -4]
402:86.83, 1:10 [4, 7505, -4]
403:51.88, 2:10 [4, 9494, -4]
404:226.61, 5:10 [4, 8126, 3861, -4]
405:100.02, 1:10 [4, 14479, -4]
fe: 2, se: 5

Day: 1, Time: 315
Total Cost: 329.02
 12:90.24, 7:75 [3, -9, -3]
901:50.36, 3:10 [9, 11854, -9]
902:95.04, 1:10 [9, 9661, -9]
903:93.38, 3:10 [9, 11170, -9]
fe: 1, se: 3

Day: 1, Time: 325
Total Cost: 264.65
 11:66.27, 6:75 [2, 6, -6, -2]
601:99.58, 4:10 [6, 10370, 3669, -6]
602:98.79, 3:10 [6, 7152, -6]
fe: 1, se: 2

Day: 1, Time: 325
Total Cost: 311.60
 11:94.59, 4:75 [3, -8, -3]
 12:90.24, 4:75 [3, -9, -3]
801:36.88, 4:10 [8, 11630, -8]
901:89.89, 4:10 [9, 9787, -9]
fe: 2, se: 2

Day: 1, Time: 330
Total Cost: 228.21
 11:136.01, 3:75 [1, -4, -1]
401:92.20, 3:10 [4, 12592, -4]
fe: 1, se: 1

Day: 1, Time: 330
Total Cost: 360.42
 11:66.27, 3:75 [2, -6, -2]
 12:145.23, 3:75 [2, -7, -2]
601:131.03, 3:10 [6, 11218, -6]
701:17.89, 3:10 [7, 13724, -7]
fe: 2, se: 2

Day: 1, Time: 330
Total Cost: 173.92
 11:94.59, 4:75 [3, -8, -3]
801:79.33, 4:10 [8, 11176, 9553, -8]
fe: 1, se: 1

Day: 1, Time: 335
Total Cost: 135.24
 11:66.27, 1:75 [2, -6, -2]
601:68.96, 1:10 [6, 9820, -6]
fe: 1, se: 1

Day: 1, Time: 340
Total Cost: 343.51
 11:66.27, 7:75 [2, -6, -2]
 12:66.27, 4:75 [2, -6, -2]
601:77.90, 3:10 [6, 9605, -6]
602:118.93, 4:10 [6, 12434, -6]
603:14.14, 4:10 [6, 10023, -6]
fe: 2, se: 3

Day: 1, Time: 345
Total Cost: 261.33
 11:153.31, 6:75 [1, -5, -1]
501:108.02, 6:10 [5, 17107, 11251, -5]
fe: 1, se: 1

Day: 1, Time: 345
Total Cost: 107.89
 11:66.27, 4:75 [2, -6, -2]
601:41.62, 4:10 [6, 13705, -6]
fe: 1, se: 1

Day: 1, Time: 350
Total Cost: 275.69
 11:153.31, 4:75 [1, -5, -1]
501:122.38, 4:10 [5, 12360, -5]
fe: 1, se: 1

Day: 1, Time: 350
Total Cost: 385.69
 11:66.27, 3:75 [2, -6, -2]
 12:145.23, 3:75 [2, -7, -2]
601:138.13, 3:10 [6, 13279, -6]
701:36.06, 3:10 [7, 13275, -7]
fe: 2, se: 2

Day: 1, Time: 355
Total Cost: 298.39
 11:66.27, 4:75 [2, -6, -2]
 12:66.27, 4:75 [2, -6, -2]
601:139.84, 4:10 [6, 15486, -6]
602:26.00, 4:10 [6, 10623, -6]
fe: 2, se: 2

Day: 1, Time: 355
Total Cost: 102.59
 11:94.59, 3:75 [3, -8, -3]
801:8.00, 3:10 [8, 15802, -8]
fe: 1, se: 1

Day: 1, Time: 360
Total Cost: 1743.96
 11:136.01, 59:75 [1, 4, -1]
 12:153.31, 75:75 [1, 5, -1]
401:81.60, 10:10 [4, 336, 126, 38, -4]
402:87.08, 10:10 [4, 254, 180, 1269, 202, -4]
403:77.60, 10:10 [4, 647, 57, 131, 330, -4]
404:81.51, 10:10 [4, 296, 2983, 151, 1814, -4]
406:143.98, 10:10 [4, 284, 51, 123, 243, 259, -4]
407:141.95, 9:10 [4, 6817, 3712, 5557, 7072, -4]
501:95.63, 10:10 [5, 7214, 256, 50, 163, 258, -5]
502:138.12, 10:10 [5, 274, 234, 213, 195, -5]
503:122.72, 10:10 [5, 111, 74, 48, 268, -5]
504:85.46, 10:10 [5, 3265, 229, 35, 142, -5]
505:109.18, 9:10 [5, 2040, 3414, 232, 59, -5]
506:34.13, 8:10 [5, 10, 206, -5]
507:65.19, 9:10 [5, 265, 162, 149, 334, 198, 96, -5]
508:190.50, 9:10 [5, 174, 3625, 333, 272, 281, -5]
fe: 2, se: 14

Day: 1, Time: 360
Total Cost: 1141.83
 11:66.27, 63:75 [2, 6, -2]
 12:145.23, 43:75 [2, 7, -2]
601:85.59, 9:10 [6, 165, 191, 3453, -6]
602:82.83, 10:10 [6, 299, 271, 4413, 453, -6]
603:25.55, 7:10 [6, 261, 5265, 6373, -6]
605:47.00, 8:10 [6, 58, 303, 41, -6]
606:156.47, 10:10 [6, 7251, 55, 3119, 266, -6]
607:125.56, 10:10 [6, 14, 107, 343, 167, 21, -6]
608:87.76, 9:10 [6, 122, 278, 262, 295, 244, -6]
701:45.65, 8:10 [7, 79, 1460, 205, 221, -7]
703:70.23, 10:10 [7, 247, 47, 114, 159, 95, -7]
704:63.77, 10:10 [7, 44, 146, 22, -7]
705:94.56, 9:10 [7, 253, 257, 91, 4372, -7]
708:45.35, 6:10 [7, 260, 236, -7]
fe: 2, se: 12

Day: 1, Time: 360
Total Cost: 1249.93
 11:113.51, 65:75 [3, 8, 9, -3]
 12:90.24, 49:75 [3, 9, -3]
801:139.78, 10:10 [8, 6840, 92, 719, 197, 344, -8]
802:120.82, 8:10 [8, 31, 8029, 2790, 222, 134, -8]
803:31.64, 6:10 [8, 4960, 76, -8]
805:75.01, 10:10 [8, 4095, 86, 72, 212, -8]
806:72.89, 10:10 [8, 872, 7245, 110, -8]
901:46.62, 10:10 [9, 119, 155, 341, -9]
902:113.28, 10:10 [9, 173, 290, 304, -9]
903:22.00, 3:10 [9, 4586, -9]
904:90.32, 10:10 [9, 75, 6061, 23, -9]
905:98.40, 8:10 [9, 42, 302, 669, -9]
906:62.42, 10:10 [9, 7754, 275, 5109, -9]
907:68.65, 10:10 [9, 188, 65, 99, 8133, -9]
908:104.36, 9:10 [9, 3217, 3636, 342, 200, -9]
fe: 2, se: 13

Day: 1, Time: 365
Total Cost: 202.99
 11:153.31, 4:75 [1, -5, -1]
501:49.68, 4:10 [5, 9603, -5]
fe: 1, se: 1

Day: 1, Time: 365
Total Cost: 142.51
 11:66.27, 4:75 [2, -6, -2]
601:76.24, 4:10 [6, 12481, -6]
fe: 1, se: 1

Day: 1, Time: 370
Total Cost: 174.65
 11:90.24, 3:75 [3, -9, -3]
901:84.40, 3:10 [9, 14312, -9]
fe: 1, se: 1

Day: 1, Time: 375
Total Cost: 393.65
 11:136.01, 3:75 [1, -4, -1]
 12:136.01, 4:75 [1, -4, -1]
401:50.91, 3:10 [4, 12117, -4]
402:70.71, 4:10 [4, 12636, -4]
fe: 2, se: 2

Day: 1, Time: 375
Total Cost: 584.14
 11:66.27, 2:75 [2, -6, -2]
 12:66.27, 2:75 [2, -6, -2]
 13:145.23, 2:75 [2, 7, -2]
 14:145.23, 7:75 [2, -7, -2]
601:79.25, 2:10 [6, 12811, -6]
602:22.80, 2:10 [6, 10121, -6]
701:37.00, 7:10 [7, 13288, 13395, -7]
702:22.09, 2:10 [7, 6209, -7]
fe: 4, se: 4

Day: 1, Time: 375
Total Cost: 204.90
 11:94.59, 3:75 [3, 8, -3]
801:110.31, 3:10 [8, 4380, -8]
fe: 1, se: 1

Day: 1, Time: 380
Total Cost: 456.31
 11:66.27, 1:75 [2, -6, -2]
 12:66.27, 4:75 [2, -6, -2]
 13:145.23, 1:75 [2, -7, -2]
601:74.03, 1:10 [6, 13447, -6]
602:43.68, 4:10 [6, 14831, -6]
701:60.83, 1:10 [7, 13006, -7]
fe: 3, se: 3

Day: 1, Time: 385
Total Cost: 504.34
 11:136.01, 4:75 [1, -4, -1]
 12:136.01, 4:75 [1, -4, -1]
401:59.09, 1:10 [4, 16321, -4]
402:61.06, 3:10 [4, 11783, -4]
403:112.16, 4:10 [4, 14000, -4]
fe: 2, se: 3

Day: 1, Time: 385
Total Cost: 110.14
 11:66.27, 4:75 [2, -6, -2]
601:43.86, 4:10 [6, 15481, -6]
fe: 1, se: 1

Day: 1, Time: 385
Total Cost: 316.79
 11:94.59, 1:75 [3, -8, -3]
 12:90.24, 4:75 [3, -9, -3]
801:53.85, 1:10 [8, 9567, -8]
901:78.10, 4:10 [9, 11629, -9]
fe: 2, se: 2

Day: 1, Time: 390
Total Cost: 455.29
 11:136.01, 3:75 [1, -4, -1]
 12:153.31, 1:75 [1, -5, -1]
401:132.44, 3:10 [4, 11087, -4]
501:33.53, 1:10 [5, 10905, -5]
fe: 2, se: 2

Day: 1, Time: 390
Total Cost: 152.18
 11:94.59, 2:75 [3, -8, -3]
801:57.58, 2:10 [8, 12605, -8]
fe: 1, se: 1

Day: 1, Time: 395
Total Cost: 264.55
 11:136.01, 2:75 [1, -4, -1]
401:58.31, 1:10 [4, 11578, -4]
402:70.23, 1:10 [4, 15096, -4]
fe: 1, se: 2

Day: 1, Time: 395
Total Cost: 161.01
 11:90.24, 4:75 [3, -9, -3]
901:70.77, 4:10 [9, 10775, -9]
fe: 1, se: 1

Day: 1, Time: 400
Total Cost: 442.70
 11:153.31, 2:75 [1, -5, -1]
 12:136.01, 4:75 [1, -4, -1]
402:120.27, 4:10 [4, 16885, -4]
501:33.11, 2:10 [5, 15446, -5]
fe: 2, se: 2

Day: 1, Time: 400
Total Cost: 317.28
 11:66.27, 4:75 [2, -6, -2]
 12:145.23, 3:75 [2, -7, -2]
601:62.51, 4:10 [6, 10938, -6]
701:43.27, 3:10 [7, 15720, -7]
fe: 2, se: 2

Day: 1, Time: 405
Total Cost: 847.68
 11:136.01, 20:75 [1, 4, -1]
 12:153.31, 18:75 [1, 5, -1]
401:83.02, 10:10 [4, 175, 45, 152, 300, -4]
402:159.81, 10:10 [4, 189, 230, 187, -4]
501:76.11, 3:10 [5, 220, -5]
502:153.16, 10:10 [5, 104, 97, 4195, -5]
503:86.26, 5:10 [5, 26, 2796, 3562, -5]
fe: 2, se: 5

Day: 1, Time: 405
Total Cost: 870.42
 11:66.27, 20:75 [2, 6, -6, -2]
 12:145.23, 23:75 [2, 7, -2]
601:22.63, 3:10 [6, 321, -6]
602:130.50, 10:10 [6, 301, 15, 209, 164, 215, -6]
607:83.57, 1:10 [6, 14562, -6]
608:136.01, 7:10 [6, 25, 132, 318, -6]
701:79.89, 10:10 [7, 252, 308, 70, 210, -7]
702:62.29, 3:10 [7, 283, -7]
704:144.03, 10:10 [7, 245, 6843, 103, 89, 43, -7]
fe: 2, se: 7

Day: 1, Time: 405
Total Cost: 1148.29
 11:94.59, 51:75 [3, 8, -3]
 12:90.24, 47:75 [3, 9, -3]
801:79.25, 10:10 [8, 18, 46, 269, -8]
802:87.28, 10:10 [8, 286, 16, 157, 5126, -8]
803:137.54, 9:10 [8, 196, 306, 68, 121, 170, 3571, 322, -8]
804:56.78, 10:10 [8, 240, 37, 117, -8]
805:65.87, 8:10 [8, 64, 94, 115, -8]
806:38.83, 4:10 [8, 24, -8]
901:108.49, 9:10 [9, 237, 71, 67, 181, 294, -9]
902:42.75, 8:10 [9, 138, 320, 166, -9]
903:124.09, 10:10 [9, 17, 116, 32, -9]
904:100.41, 10:10 [9, 13, 169, 305, -9]
907:122.16, 10:10 [9, 309, 144, 153, 228, -9]
fe: 2, se: 11

Day: 1, Time: 410
Total Cost: 95.80
 11:66.27, 1:75 [2, -6, -2]
601:29.53, 1:10 [6, 12413, -6]
fe: 1, se: 1

Day: 1, Time: 410
Total Cost: 511.38
 11:94.59, 2:75 [3, -8, -3]
 12:94.59, 3:75 [3, -8, -3]
 13:90.24, 3:75 [3, -9, -3]
801:46.39, 2:10 [8, 13531, -8]
802:105.91, 3:10 [8, 11964, -8]
901:79.65, 3:10 [9, 10123, -9]
fe: 3, se: 3

Day: 1, Time: 415
Total Cost: 703.78
 11:136.01, 2:75 [1, -4, -1]
 12:136.01, 4:75 [1, -4, -1]
 13:136.01, 1:75 [1, -4, -1]
401:122.26, 2:10 [4, 16667, -4]
402:101.19, 4:10 [4, 12782, -4]
403:72.28, 1:10 [4, 13426, -4]
fe: 3, se: 3

Day: 1, Time: 415
Total Cost: 256.55
 11:66.27, 4:75 [2, -6, -2]
 12:66.27, 1:75 [2, -6, -2]
601:91.76, 4:10 [6, 11450, -6]
602:32.25, 1:10 [6, 15305, -6]
fe: 2, se: 2

Day: 1, Time: 415
Total Cost: 430.01
 11:94.59, 1:75 [3, -8, -3]
 12:90.24, 4:75 [3, -9, -3]
801:90.44, 1:10 [8, 12089, -8]
901:74.11, 3:10 [9, 12339, -9]
902:80.62, 1:10 [9, 15942, -9]
fe: 2, se: 3

Day: 1, Time: 420
Total Cost: 404.76
 11:153.31, 4:75 [1, -5, -1]
 12:136.01, 2:75 [1, -4, -1]
401:44.72, 2:10 [4, 10329, -4]
501:70.71, 4:10 [5, 10639, -5]
fe: 2, se: 2

Day: 1, Time: 450
Total Cost: 189.68
 11:136.01, 4:75 [1, 4, -1]
401:53.67, 4:10 [4, 3098, -4]
fe: 1, se: 1

Day: 1, Time: 450
Total Cost: 566.40
 11:66.27, 34:75 [2, 6, -2]
601:73.47, 4:10 [6, 5471, 1757, -6]
602:149.06, 7:10 [6, 7633, 1631, 129, -6]
603:119.59, 10:10 [6, 4245, 20, 124, -6]
604:86.66, 7:10 [6, 11, 194, -6]
605:71.34, 6:10 [6, 297, 313, -6]
fe: 1, se: 5

Day: 1, Time: 450
Total Cost: 506.30
 11:94.59, 11:75 [3, 8, -3]
 12:90.24, 21:75 [3, 9, -3]
801:102.52, 8:10 [8, 2032, 78, 317, -8]
802:23.32, 3:10 [8, 192, -8]
901:37.03, 8:10 [9, 150, 40, 34, -9]
902:120.38, 10:10 [9, 80, 314, 136, -9]
903:38.21, 3:10 [9, 176, -9]
fe: 2, se: 5

Day: 1, Time: 460
Total Cost: 271.45
 11:136.01, 3:75 [1, 4, -1]
401:78.23, 2:10 [4, 102, -4]
402:57.20, 1:10 [4, 307, -4]
fe: 1, se: 2

Day: 1, Time: 460
Total Cost: 605.83
 11:66.27, 26:75 [2, 6, -2]
601:130.10, 6:10 [6, 242, 179, 277, -6]
602:86.83, 3:10 [6, 323, -6]
603:143.03, 3:10 [6, 137, 288, -6]
604:103.83, 10:10 [6, 204, 270, 219, -6]
605:75.76, 4:10 [6, 238, 62, -6]
fe: 1, se: 5

Day: 1, Time: 460
Total Cost: 452.67
 12:90.24, 19:75 [3, 9, -3]
901:108.92, 7:10 [9, 66, 52, 30, -9]
902:34.71, 8:10 [9, 241, 143, -9]
903:111.61, 1:10 [9, 100, -9]
904:107.19, 3:10 [9, 287, 106, -9]
fe: 1, se: 4


Day	Area	ID	Time	Load	Utilization	NoOrders	AssignmentCost
1	1	 5	180	  4	0.08	 2	138.00
1	1	117	200	  5	0.04	 2	250.00
1	1	 6	225	  6	0.10	 2	135.00
1	1	 7	270	 48	0.80	17	555.00
1	1	118	300	 16	0.13	 6	470.00
1	1	 8	315	 60	1.00	23	675.00
1	1	27	315	 60	1.00	24	675.00
1	1	242	315	  3	0.03	 1	420.00
1	1	243	315	  2	0.02	 1	380.00
1	1	 9	360	 60	1.00	21	675.00
1	1	28	360	 29	0.48	11	365.00
1	1	119	400	 48	0.40	20	1110.00
1	1	11	450	 34	0.47	13	332.00
1	1	12	495	  6	0.08	 2	108.00
1	1	13	540	 19	0.26	 7	212.00
1	1	14	585	 53	0.88	23	605.00
1	1	121	600	  1	0.01	 1	170.00
1	1	15	630	 19	0.32	 5	265.00
1	1	16	675	 47	0.98	20	654.00
1	2	42	135	  1	0.02	 1	102.00
1	2	43	180	 10	0.21	 4	210.00
1	2	135	200	  7	0.06	 3	290.00
1	2	44	225	  5	0.08	 2	125.00
1	2	45	270	 21	0.35	 9	285.00
1	2	136	300	120	1.00	49	2550.00
1	2	145	300	 39	0.33	13	930.00
1	2	46	315	 60	1.00	24	675.00
1	2	65	315	 21	0.35	 9	285.00
1	2	47	360	  2	0.03	 1	95.00
1	2	137	400	 24	0.20	 8	630.00
1	2	48	405	  1	0.02	 1	85.00
1	2	49	450	 23	0.32	 9	244.00
1	2	50	495	 23	0.32	 7	244.00
1	2	138	500	  4	0.03	 1	184.00
1	2	51	540	 72	1.00	28	636.00
1	2	70	540	  4	0.06	 1	92.00
1	2	52	585	 60	1.00	25	675.00
1	2	71	585	  7	0.12	 2	145.00
1	2	54	675	 30	0.63	12	450.00
1	3	80	135	  1	0.02	 1	102.00
1	3	81	180	 10	0.21	 5	210.00
1	3	153	200	  3	0.03	 1	210.00
1	3	82	225	  5	0.08	 3	125.00
1	3	83	270	  7	0.12	 4	145.00
1	3	154	300	120	1.00	56	2550.00
1	3	163	300	 52	0.43	25	1190.00
1	3	84	315	  6	0.10	 2	135.00
1	3	85	360	  4	0.07	 1	115.00
1	3	155	400	 37	0.31	17	890.00
1	3	86	405	  2	0.03	 1	95.00
1	3	88	495	  8	0.11	 4	124.00
1	3	156	500	  1	0.01	 1	136.00
1	3	89	540	 53	0.74	23	484.00
1	3	90	585	 51	0.85	18	585.00
1	3	157	600	 28	0.23	11	710.00


Day	Area	Time	Pickup	Delivery	Direct	FEVehicles	SEVehicles	ALNSTime	ALNSBestTime	RoutingCostArea
1	1	0	118	85	0	6	51	158.18	69.10	6107.63
1	1	15	2	0	0	2	2	0.39	0.00	352.63
1	1	25	3	0	0	3	3	0.50	0.00	588.69
1	1	35	3	0	0	2	3	0.37	0.00	543.36
1	1	40	1	0	0	1	1	0.19	0.00	188.82
1	1	50	1	0	0	1	1	0.19	0.00	239.73
1	1	55	2	0	0	2	2	0.31	0.00	460.32
1	1	60	1	0	0	1	1	0.19	0.00	173.41
1	1	65	2	0	0	2	2	0.30	0.00	541.54
1	1	75	5	0	0	3	4	0.64	0.00	780.78
1	1	80	1	0	0	1	1	0.20	0.00	192.48
1	1	85	1	0	0	1	1	0.20	0.00	181.74
1	1	90	1	0	1	1	1	0.20	0.00	731.79
1	1	95	1	0	0	1	1	0.20	0.00	244.83
1	1	100	1	0	0	1	1	0.20	0.00	185.21
1	1	110	1	0	0	1	1	0.20	0.00	215.66
1	1	120	1	0	0	1	1	0.20	0.00	201.73
1	1	150	2	0	1	2	2	0.32	0.00	865.49
1	1	155	0	0	1	0	0	0.00	0.00	500.00
1	1	160	2	0	1	1	2	0.29	0.00	722.56
1	1	185	5	0	0	2	4	0.54	0.00	547.49
1	1	210	4	0	0	3	3	0.54	0.00	692.40
1	1	215	1	0	0	1	1	0.20	0.00	176.11
1	1	220	1	0	0	1	1	0.20	0.00	201.53
1	1	225	1	0	0	1	1	0.20	0.00	251.13
1	1	230	1	0	0	1	1	0.20	0.00	180.06
1	1	260	4	3	0	3	5	0.90	0.00	911.66
1	1	275	3	0	0	2	2	0.40	0.00	407.48
1	1	280	1	0	0	1	1	0.19	0.00	278.24
1	1	285	1	0	0	1	1	0.21	0.00	268.21
1	1	295	1	3	0	2	2	0.43	0.00	500.91
1	1	315	4	3	0	2	5	1.24	0.41	769.66
1	1	330	1	0	0	1	1	0.20	0.00	228.21
1	1	345	2	0	0	1	1	0.30	0.00	261.33
1	1	350	1	0	0	1	1	0.19	0.00	275.69
1	1	360	0	58	0	2	14	16.63	13.81	1743.96
1	1	365	1	0	0	1	1	0.19	0.00	202.99
1	1	375	2	0	0	2	2	0.29	0.00	393.65
1	1	385	3	0	0	2	3	0.40	0.00	504.34
1	1	390	2	0	0	2	2	0.30	0.00	455.29
1	1	395	2	0	0	1	2	0.27	0.00	264.55
1	1	400	2	0	0	2	2	0.30	0.00	442.70
1	1	405	0	14	0	2	5	1.09	0.00	847.68
1	1	415	3	0	0	3	3	0.42	0.00	703.78
1	1	420	2	0	0	2	2	0.31	0.00	404.76
1	1	450	0	1	0	1	1	0.19	0.00	189.68
1	1	460	0	2	0	1	2	0.27	0.00	271.45
1	2	0	116	95	0	6	46	349.90	250.13	4728.46
1	2	25	4	0	0	4	4	0.65	0.00	631.69
1	2	35	1	0	0	1	1	0.20	0.00	144.50
1	2	50	3	0	0	2	3	0.34	0.00	290.36
1	2	55	1	0	0	1	1	0.20	0.00	147.86
1	2	60	2	0	0	2	2	0.30	0.00	283.67
1	2	70	2	0	0	2	2	0.30	0.00	272.64
1	2	80	2	0	0	2	2	0.32	0.00	250.31
1	2	90	4	0	0	4	4	0.63	0.00	682.79
1	2	95	1	0	0	1	1	0.19	0.00	168.25
1	2	100	3	0	0	3	3	0.43	0.00	482.24
1	2	115	2	0	0	1	2	0.27	0.00	177.37
1	2	125	1	0	0	1	1	0.19	0.00	145.39
1	2	135	2	0	0	2	2	0.32	0.00	371.69
1	2	140	2	0	0	2	2	0.30	0.00	298.45
1	2	150	0	0	1	0	0	0.00	0.00	500.00
1	2	155	1	0	0	1	1	0.19	0.00	145.92
1	2	165	2	0	0	2	2	0.29	0.00	355.20
1	2	175	2	0	1	2	2	0.31	0.00	684.91
1	2	180	2	0	0	2	2	0.30	0.00	167.86
1	2	205	1	0	0	1	1	0.20	0.00	155.47
1	2	215	5	0	0	2	5	0.55	0.00	560.44
1	2	225	3	0	0	3	3	0.43	0.00	376.52
1	2	235	3	0	0	2	3	0.43	0.00	439.85
1	2	245	3	1	0	3	4	0.86	0.00	559.41
1	2	250	1	0	0	1	1	0.20	0.00	102.33
1	2	280	5	1	0	3	4	0.68	0.00	603.86
1	2	285	1	0	0	1	1	0.21	0.00	156.83
1	2	295	2	4	0	2	3	0.71	0.00	496.74
1	2	310	3	0	0	1	2	0.34	0.00	268.71
1	2	325	1	2	0	1	2	0.32	0.00	264.65
1	2	330	2	0	0	2	2	0.30	0.00	360.42
1	2	335	1	0	0	1	1	0.18	0.00	135.24
1	2	340	3	0	0	2	3	0.39	0.00	343.51
1	2	345	1	0	0	1	1	0.19	0.00	107.89
1	2	350	2	0	0	2	2	0.29	0.00	385.69
1	2	355	2	0	0	2	2	0.30	0.00	298.39
1	2	360	0	45	0	2	12	4.74	0.80	1141.83
1	2	365	1	0	0	1	1	0.19	0.00	142.51
1	2	375	4	1	0	4	4	0.72	0.00	584.14
1	2	380	3	0	0	3	3	0.45	0.00	456.31
1	2	385	1	0	0	1	1	0.19	0.00	110.14
1	2	400	2	0	0	2	2	0.30	0.00	317.28
1	2	405	1	19	0	2	7	1.79	0.00	870.42
1	2	410	1	0	0	1	1	0.19	0.00	95.80
1	2	415	2	0	0	2	2	0.29	0.00	256.55
1	2	450	0	12	0	1	5	0.74	0.00	566.40
1	2	460	0	11	0	1	5	0.72	0.00	605.83
1	3	0	102	100	0	7	42	226.76	179.34	4239.49
1	3	5	1	0	0	1	1	0.25	0.00	166.70
1	3	15	3	0	0	3	3	0.50	0.00	382.80
1	3	25	1	0	0	1	1	0.20	0.00	131.47
1	3	35	1	0	0	1	1	0.19	0.00	161.82
1	3	50	1	0	0	1	1	0.20	0.00	131.09
1	3	55	1	0	0	1	1	0.20	0.00	161.46
1	3	60	1	0	0	1	1	0.20	0.00	171.25
1	3	80	2	0	0	2	2	0.32	0.00	278.98
1	3	85	1	0	0	1	1	0.20	0.00	138.41
1	3	90	1	0	0	1	1	0.19	0.00	209.58
1	3	95	3	0	0	2	3	0.42	0.00	405.08
1	3	100	1	0	0	1	1	0.19	0.00	140.72
1	3	115	2	0	0	2	2	0.32	0.00	322.49
1	3	125	1	0	0	1	1	0.20	0.00	126.30
1	3	130	3	0	0	2	3	0.40	0.00	439.61
1	3	135	2	0	0	2	2	0.32	0.00	285.04
1	3	140	1	0	0	1	1	0.20	0.00	147.09
1	3	155	1	0	0	1	1	0.20	0.00	153.82
1	3	160	0	0	1	0	0	0.00	0.00	500.00
1	3	165	1	0	0	1	1	0.19	0.00	158.51
1	3	170	1	0	0	1	1	0.19	0.00	111.80
1	3	215	7	0	0	3	5	0.88	0.00	568.42
1	3	225	2	0	0	2	2	0.34	0.00	278.83
1	3	230	2	0	0	2	2	0.31	0.00	347.35
1	3	240	1	0	0	1	1	0.21	0.00	106.76
1	3	245	1	1	0	2	2	0.32	0.00	319.61
1	3	275	5	2	0	2	3	0.77	0.00	464.72
1	3	285	2	0	0	2	2	0.34	0.00	320.74
1	3	295	1	1	0	2	2	0.31	0.00	304.35
1	3	305	1	0	0	1	1	0.20	0.00	179.64
1	3	315	3	0	0	1	3	0.33	0.00	329.02
1	3	325	2	0	0	2	2	0.30	0.00	311.60
1	3	330	2	0	0	1	1	0.26	0.00	173.92
1	3	355	1	0	0	1	1	0.19	0.00	102.59
1	3	360	0	43	0	2	13	4.53	0.00	1249.93
1	3	370	1	0	0	1	1	0.20	0.00	174.65
1	3	375	0	1	0	1	1	0.19	0.00	204.90
1	3	385	2	0	0	2	2	0.30	0.00	316.79
1	3	390	1	0	0	1	1	0.19	0.00	152.18
1	3	395	1	0	0	1	1	0.20	0.00	161.01
1	3	405	0	39	0	2	11	4.57	1.50	1148.29
1	3	410	3	0	0	3	3	0.43	0.00	511.38
1	3	415	3	0	0	2	3	0.32	0.00	430.01
1	3	450	0	11	0	2	5	0.64	0.00	506.30
1	3	460	0	8	0	1	4	0.90	0.00	452.67

Day	SL	Own	DispatchTimes	AssignmentCost	RoutingCost	TotalCost
1	38	17	95	24932.00	66165.17	91097.17

Total Cost: 91097.16782991102
Cost per Day: 91097.16782991102
Running time in Seconds: 892.649
Running time in minutes: 14.877483333333334