INSTANCE: 3hubs_MND_A_16_x.csv
PARAMETER: tuning_standard.txt
POLICY: MIP
ALPHA: 0.127402933621946
BETA: 67
OMEGA: 586
EPSILON: 1.04149991431142

Day: 1, Time: 0
Total Cost: 5930.08
 11:136.01, 65:75 [1, 4, -4, -1]
 12:136.01, 75:75 [1, 4, -4, -1]
 13:136.01, 32:75 [1, 4, -4, -1]
 14:153.31, 61:75 [1, 5, -5, -1]
 15:153.31, 3:75 [1, -5, -1]
 16:153.31, 40:75 [1, 5, -5, -1]
 17:153.31, 56:75 [1, 5, -5, -1]
401:174.30, 10:10 [4, 8760, 8994, 8511, 8495, -4]
402:144.23, 9:10 [4, 8763, 8908, 8566, 8834, -4]
403:98.35, 10:10 [4, 8999, 8505, 8375, -4]
404:151.08, 10:10 [4, 8439, 8672, 8711, 8863, 8941, -4]
405:132.39, 8:10 [4, 8464, 8988, 8773, 8300, 8427, 8894, -4]
406:60.44, 6:10 [4, 8604, 9011, 8472, -4]
407:117.55, 10:10 [4, 8778, 8779, 8704, -4]
409:71.86, 10:10 [4, 8775, 8847, 8722, -4]
410:73.73, 10:10 [4, 8312, 8740, 8729, 8412, 8934, 8598, 8860, -4]
411:160.63, 10:10 [4, 8989, 8754, 8815, 8923, 8601, -4]
412:115.28, 10:10 [4, 8751, 8400, 8497, 8444, 8851, -4]
413:50.72, 10:10 [4, 8570, 8615, 8417, -4]
414:23.37, 5:10 [4, 8951, 8329, -4]
415:117.62, 10:10 [4, 8910, 8678, 8756, 8703, 8867, -4]
416:115.57, 10:10 [4, 8801, 8407, 8792, 8494, 8616, 8706, -4]
417:162.85, 10:10 [4, 8443, 8454, 8949, 8433, 8349, 8392, 8655, -4]
418:193.00, 10:10 [4, 8576, 8320, 8717, 8677, 8626, 9034, 8915, 8388, 8784, -4]
419:146.93, 10:10 [4, 8319, 8661, 8650, 8617, 8852, -4]
421:134.72, 3:10 [4, 8750, 8843, -4]
422:87.01, 10:10 [4, 8540, 8902, 8903, 9017, 8879, -4]
423:138.42, 8:10 [4, 8525, 8752, 8695, 8310, -4]
424:151.49, 10:10 [4, 8420, 8844, 8766, 8839, 8591, -4]
425:80.84, 9:10 [4, 8802, 8549, 8904, 8712, -4]
426:90.62, 10:10 [4, 8496, 8395, 8396, 8534, 8416, 8488, 8627, -4]
427:38.89, 8:10 [4, 8952, 8369, -4]
428:67.69, 7:10 [4, 8799, 8292, 8426, 8912, -4]
429:23.17, 8:10 [4, 8628, 8385, -4]
431:49.92, 6:10 [4, 9009, 8811, 8345, -4]
501:148.85, 10:10 [5, 8437, 8500, 8453, 8710, 8623, 8328, 8855, 8872, -5]
502:75.11, 10:10 [5, 8890, 8845, 8971, 8959, -5]
503:100.21, 10:10 [5, 8391, 8736, 8939, 8360, 8814, 8353, -5]
504:44.89, 10:10 [5, 8930, 8938, 8483, 9008, 8787, -5]
505:106.65, 10:10 [5, 9023, 8790, 8720, 8812, -5]
506:90.66, 10:10 [5, 9019, 8452, 8688, 8828, 8471, -5]
507:130.38, 3:10 [5, 8807, -5]
508:96.46, 10:10 [5, 8809, 8513, 8408, 8963, 8788, 8424, 8675, 8727, -5]
509:40.78, 9:10 [5, 8998, 9032, 8870, -5]
510:164.10, 9:10 [5, 8580, 8393, 8662, 8823, 8875, 8492, 8898, 8832, -5]
511:51.12, 10:10 [5, 8669, 8370, 8646, 8686, -5]
512:69.58, 9:10 [5, 8884, 8367, 8716, 8977, -5]
513:61.90, 10:10 [5, 8621, 8528, 8516, 9015, 8660, -5]
515:184.42, 9:10 [5, 8432, 8490, 8906, 8640, 8611, -5]
517:72.33, 10:10 [5, 8983, 8873, 8331, 8624, -5]
519:91.60, 10:10 [5, 8411, 8389, 8837, 8304, 8940, 8928, -5]
521:96.79, 9:10 [5, 8733, 8911, 8810, 8857, -5]
523:116.13, 10:10 [5, 8972, 8871, 9007, -5]
524:57.02, 8:10 [5, 8791, 8438, 8738, -5]
525:22.36, 10:10 [5, 8897, 8785, 8641, -5]
526:114.76, 10:10 [5, 8649, 8721, 8493, 8946, 8588, 8606, -5]
fe: 7, se: 49

Day: 1, Time: 0
Total Cost: 5503.61
 11:66.27, 75:75 [2, 6, -6, -2]
 12:66.27, 69:75 [2, 6, -6, -2]
 13:66.27, 71:75 [2, 6, -6, -2]
 14:66.27, 43:75 [2, 6, -6, -2]
 15:145.23, 70:75 [2, 7, -7, -2]
 17:66.27, 19:75 [2, 6, -6, -2]
 18:145.23, 56:75 [2, 7, -7, -2]
 67:66.27, 10:75 [2, 6, -2]
601:126.47, 10:10 [6, 8835, 8582, 8961, 8995, 8559, 9000, -6]
602:91.53, 10:10 [6, 8479, 8371, 8613, -6]
603:98.02, 9:10 [6, 8968, 8603, 8707, 8825, 8633, 8774, -6]
604:143.47, 10:10 [6, 8713, 8693, 8820, 8658, 8901, 8498, 8321, -6]
605:42.05, 4:10 [6, 8637, -6]
606:75.14, 10:10 [6, 8916, 8455, 8539, 8781, 8732, 8743, -6]
607:134.60, 10:10 [6, 8381, 8718, 8291, 8794, 8673, -6]
608:60.18, 9:10 [6, 8757, 8676, 8297, 8827, 8451, -6]
609:122.28, 10:10 [6, 8572, 8681, 8562, 8551, 8330, 8982, 8986, -6]
610:103.35, 10:10 [6, 8336, 8311, 8780, 8899, 8536, 8970, -6]
611:116.09, 10:10 [6, 8537, 8697, 8308, 8808, 8387, -6]
612:114.08, 8:10 [6, 8406, 8767, 8567, 8800, 8629, -6]
613:107.83, 10:10 [6, 8478, 8647, 8992, 8887, 8701, 8862, -6]
614:76.39, 10:10 [6, 8699, 8340, 8380, 8474, -6]
615:117.97, 9:10 [6, 8296, 8374, 8761, 8645, 8517, -6]
617:73.43, 10:10 [6, 8357, 8833, 8318, 8548, -6]
618:128.31, 10:10 [6, 8935, 8365, 8299, 8702, 8777, 8532, 9030, 8819, -6]
621:52.12, 10:10 [6, 8339, 8696, 8630, 8543, -6]
623:62.00, 7:10 [6, 8762, 8919, 8482, 8755, -6]
624:127.44, 10:10 [6, 8397, 8368, 9005, 8568, 8888, 8581, -6]
625:59.43, 9:10 [6, 8984, 8419, 8737, 8663, -6]
627:126.58, 10:10 [6, 8531, 8942, 8429, 9013, 8634, 8726, 9022, -6]
628:92.29, 10:10 [6, 8290, 8442, 8730, 9028, 8631, 8981, -6]
629:114.20, 10:10 [6, 8592, 8714, 8656, 8805, 8578, 8366, -6]
631:144.11, 10:10 [6, 8874, 8504, 8571, 8803, 8838, 8468, -6]
632:92.15, 10:10 [6, 8337, 8742, 8653, 8326, 8900, 8565, -6]
633:150.76, 10:10 [6, 8301, 8786, 8324, 8332, 8724, 8377, -6]
635:125.69, 10:10 [6, 8322, 8764, 8484, 8612, 9024, 8976, -6]
642:150.39, 10:10 [6, 8425, 8635, 8642, 8926, 8418, 8836, 8865, -6]
648:155.05, 10:10 [6, 8692, 8435, 8979, 8824, 8657, 8481, 8950, 8608, -6]
656:65.64, 10:10 [6, 8359, 8943, 8866, 8955, 8690, -6]
663:97.25, 8:10 [6, 8671, 8973, 8575, -6]
664:142.02, 10:10 [6, 8520, 8620, 8918, 8796, 8475, 8519, -6]
665:127.60, 10:10 [6, 8372, 8354, 8622, 8409, 8905, -6]
701:112.90, 9:10 [7, 8522, 8618, 9027, 8589, -7]
702:72.36, 10:10 [7, 8306, 8749, 8880, 9010, 8373, 8927, -7]
703:89.55, 8:10 [7, 8996, 8666, 8957, 9006, 8944, -7]
704:78.13, 10:10 [7, 8341, 8985, 8364, 8638, 9026, 8953, 8632, -7]
705:100.45, 10:10 [7, 8590, 8893, 8469, 14148, 8600, 8485, -7]
706:77.62, 9:10 [7, 8892, 8684, 8937, 8361, 8527, -7]
707:87.25, 10:10 [7, 8797, 8667, 8557, 8975, 8806, -7]
708:48.71, 10:10 [7, 8841, 8853, 8980, 8848, -7]
709:73.94, 10:10 [7, 8859, 8399, 8563, 8486, 9003, 8769, -7]
710:14.56, 4:10 [7, 8922, -7]
711:45.70, 9:10 [7, 8936, 8909, 8958, -7]
712:29.10, 7:10 [7, 8449, 8503, -7]
713:129.10, 10:10 [7, 8448, 9020, 8586, 8512, 8401, -7]
714:115.51, 10:10 [7, 8585, 8969, 8876, 8956, 8302, 8668, 8509, 8869, 8965, 8849, -7]
716:55.71, 10:10 [7, 8960, 8991, 8414, 8821, 8804, -7]
719:69.02, 10:10 [7, 8947, 8964, 8594, 8715, 8561, -7]
fe: 8, se: 50

Day: 1, Time: 0
Total Cost: 5343.13
 11:113.51, 67:75 [3, 8, 9, -9, -3]
 12:94.59, 48:75 [3, 8, -8, -3]
 14:90.24, 73:75 [3, 9, -9, -3]
 15:90.24, 53:75 [3, 9, -9, -3]
 16:90.24, 69:75 [3, 9, -9, -3]
 17:90.24, 10:75 [3, 9, -9, -3]
 27:94.59, 75:75 [3, 8, -8, -3]
801:14.17, 5:10 [8, 8295, 8691, -8]
802:85.28, 6:10 [8, 8735, 8423, -8]
803:89.14, 10:10 [8, 8842, 8459, 9018, 8460, 8315, 8323, 8818, -8]
804:78.11, 9:10 [8, 8293, 8822, 8487, 8447, -8]
805:25.68, 8:10 [8, 8398, 8462, 8798, -8]
806:85.86, 10:10 [8, 8826, 8739, 8602, 8864, 8861, -8]
808:128.72, 8:10 [8, 8465, 8993, 8415, 8569, 8745, 8854, -8]
809:115.70, 10:10 [8, 8648, 8550, 8741, 8728, 8430, 8317, 8705, 8891, 8731, -8]
810:129.48, 10:10 [8, 8436, 8813, 8829, 8579, 8515, 8734, 8782, -8]
811:117.14, 10:10 [8, 8378, 8480, 8584, 8542, 8962, 15818, -8]
812:59.88, 10:10 [8, 8670, 8440, 8499, -8]
814:98.62, 10:10 [8, 8470, 8609, 8882, 8840, 8502, 8434, -8]
816:87.01, 10:10 [8, 8744, 8817, 8476, 8850, 8974, -8]
817:132.59, 10:10 [8, 8350, 8343, 8885, 8659, 8683, 8687, 8596, -8]
818:133.86, 10:10 [8, 8524, 8333, 8530, 8651, 8413, -8]
820:97.31, 9:10 [8, 8920, 8358, 8694, 8363, 8441, -8]
821:142.93, 10:10 [8, 8303, 8327, 8597, 8428, 8335, 8507, 8931, -8]
822:125.29, 10:10 [8, 8925, 8384, 8309, 8403, 8929, 9001, -8]
823:98.67, 7:10 [8, 8518, 9012, 8554, -8]
901:106.88, 10:10 [9, 8552, 8544, 8362, 8748, 8533, 8954, -9]
902:70.19, 10:10 [9, 9029, 8725, 8933, 8574, 8643, 9014, -9]
903:144.52, 10:10 [9, 8664, 8553, 8404, 8758, 8501, 8422, 8445, -9]
904:85.04, 9:10 [9, 8772, 9002, 8538, 8338, -9]
905:115.28, 10:10 [9, 8431, 8421, 8456, 8793, 8708, 8307, 8636, -9]
906:128.86, 10:10 [9, 8587, 8558, 8830, 8795, 8644, 8405, 8883, -9]
907:89.21, 9:10 [9, 8523, 9016, 8313, 8344, 8294, -9]
908:115.13, 10:10 [9, 8746, 8314, 8997, 9004, 8466, 8895, -9]
909:49.77, 9:10 [9, 8546, 8639, 8351, 8610, -9]
910:134.18, 10:10 [9, 8355, 8978, 8652, 8599, 16528, 8491, 8376, 8461, 9033, -9]
911:17.18, 8:10 [9, 8924, 8316, 8573, -9]
912:96.64, 10:10 [9, 8768, 8298, 8535, 8334, -9]
913:81.24, 10:10 [9, 8783, 8526, 8816, 8831, 8700, 8881, -9]
914:52.52, 9:10 [9, 8394, 8665, 8614, -9]
915:133.96, 10:10 [9, 8446, 8556, 8386, 8868, 8723, 8907, 8458, 8858, -9]
916:157.99, 8:10 [9, 8753, 8593, 8759, 8967, 8595, 8921, 8945, -9]
917:125.37, 10:10 [9, 8489, 8679, 8514, 9031, 8846, 8383, 8508, -9]
918:107.03, 10:10 [9, 8914, 8698, 8685, 8325, -9]
919:88.39, 10:10 [9, 8605, 8607, 8390, 8521, -9]
920:46.89, 8:10 [9, 8654, 8463, 8619, -9]
921:62.58, 10:10 [9, 8886, 8889, 8789, -9]
922:78.10, 9:10 [9, 8932, 8467, 8948, 8529, 8347, -9]
923:158.41, 10:10 [9, 8410, 8776, 8560, 8771, 8477, 8583, -9]
924:97.57, 9:10 [9, 8352, 8305, 8682, 8379, 8877, 8896, 8747, 8510, -9]
925:98.96, 9:10 [9, 8719, 8541, 8555, 8917, 8564, 8770, 8987, -9]
926:119.89, 10:10 [9, 8547, 9021, 8382, 8457, 8402, 9025, 8689, 8709, -9]
928:127.92, 10:10 [9, 8348, 8913, 8506, 8765, 8545, 8346, 8356, 8473, 8625, -9]
929:54.28, 10:10 [9, 8680, 8674, 8577, -9]
931:90.06, 9:10 [9, 8856, 8342, 8450, 8966, 8990, 8878, -9]
fe: 7, se: 48

Day: 1, Time: 5
Total Cost: 300.89
 11:153.31, 3:75 [1, -5, -1]
501:147.58, 3:10 [5, 12984, -5]
fe: 1, se: 1

Day: 1, Time: 40
Total Cost: 761.82
 11:94.59, 17:75 [3, -8, -3]
 12:94.59, 8:75 [3, -8, -3]
 13:90.24, 6:75 [3, -9, -3]
801:117.28, 9:10 [8, 16301, 15389, 9899, -8]
802:128.63, 8:10 [8, 14954, 10636, 16214, -8]
803:118.53, 8:10 [8, 11126, 13007, 10370, -8]
901:117.95, 6:10 [9, 13684, 9678, 10577, -9]
fe: 3, se: 4

Day: 1, Time: 45
Total Cost: 444.49
 11:66.27, 22:75 [2, -6, -2]
601:160.18, 9:10 [6, 12805, 16768, 16887, 13883, -6]
603:119.55, 10:10 [6, 14879, 15824, 16961, 16218, -6]
604:98.49, 3:10 [6, 11277, -6]
fe: 1, se: 3

Day: 1, Time: 65
Total Cost: 534.50
 11:136.01, 4:75 [1, -4, -1]
 12:153.31, 9:75 [1, -5, -1]
402:114.38, 4:10 [4, 9981, 9520, -4]
501:130.80, 9:10 [5, 13176, 15499, 15008, -5]
fe: 2, se: 2

Day: 1, Time: 70
Total Cost: 630.89
 11:90.24, 18:75 [3, -9, -3]
 12:94.59, 13:75 [3, -8, -3]
803:73.91, 5:10 [8, 12639, 16700, -8]
804:105.14, 8:10 [8, 9177, 10416, -8]
901:146.09, 8:10 [9, 10461, 15617, 12918, -9]
902:120.91, 10:10 [9, 10237, 15924, 14581, -9]
fe: 2, se: 4

Day: 1, Time: 90
Total Cost: 573.29
 11:90.24, 15:75 [3, -9, -3]
 12:94.59, 9:75 [3, -8, -3]
801:84.38, 3:10 [8, 12250, -8]
802:68.16, 6:10 [8, 14776, 12136, -8]
901:147.29, 10:10 [9, 16931, 12770, 12799, 13756, -9]
903:88.63, 5:10 [9, 10918, 14092, -9]
fe: 2, se: 4

Day: 1, Time: 100
Total Cost: 621.68
 11:66.27, 17:75 [2, -6, -2]
 12:66.27, 5:75 [2, -6, -2]
601:113.63, 10:10 [6, 15799, 9896, 11909, -6]
602:79.12, 3:10 [6, 14694, -6]
603:189.05, 7:10 [6, 16072, 14484, 15477, 12532, -6]
604:107.33, 2:10 [6, 10324, -6]
fe: 2, se: 4

Day: 1, Time: 110
Total Cost: 612.43
 11:136.01, 12:75 [1, -4, -1]
 12:153.31, 5:75 [1, -5, -1]
401:172.29, 8:10 [4, 12076, 15450, 12037, 14974, 10265, -4]
402:50.04, 4:10 [4, 14073, -4]
502:100.78, 5:10 [5, 14278, 13106, -5]
fe: 2, se: 3

Day: 1, Time: 115
Total Cost: 515.07
 11:66.27, 9:75 [2, -6, -2]
 12:66.27, 5:75 [2, -6, -2]
601:98.67, 2:10 [6, 12516, -6]
603:85.26, 5:10 [6, 10731, 11139, -6]
604:198.59, 7:10 [6, 13927, 16754, 13342, -6]
fe: 2, se: 3

Day: 1, Time: 130
Total Cost: 501.30
 11:136.01, 6:75 [1, -4, -1]
 12:136.01, 3:75 [1, -4, -1]
401:186.89, 6:10 [4, 16433, 15240, -4]
402:42.38, 3:10 [4, 16674, -4]
fe: 2, se: 2

Day: 1, Time: 135
Total Cost: 519.21
 11:66.27, 5:75 [2, -6, -2]
 12:66.27, 4:75 [2, -6, -2]
 13:145.23, 1:75 [2, -7, -2]
601:119.61, 5:10 [6, 16090, 16081, -6]
602:88.84, 4:10 [6, 14989, -6]
701:32.98, 1:10 [7, 10101, -7]
fe: 3, se: 3

Day: 1, Time: 135
Total Cost: 455.69
 11:90.24, 11:75 [3, -9, -3]
 12:90.24, 1:75 [3, -9, -3]
901:85.06, 6:10 [9, 14144, 10782, -9]
902:78.92, 1:10 [9, 13331, -9]
903:111.23, 5:10 [9, 10263, 15379, -9]
fe: 2, se: 3

Day: 1, Time: 140
Total Cost: 220.38
 11:90.24, 3:75 [3, -9, -3]
901:86.09, 1:10 [9, 11300, -9]
902:44.05, 2:10 [9, 10662, -9]
fe: 1, se: 2

Day: 1, Time: 150
Total Cost: 337.64
 11:66.27, 7:75 [2, -6, -2]
 12:66.27, 2:75 [2, -6, -2]
601:172.54, 7:10 [6, 16773, 16924, -6]
602:32.56, 2:10 [6, 14267, -6]
fe: 2, se: 2

Day: 1, Time: 155
Total Cost: 286.03
 11:94.59, 4:75 [3, -8, -3]
 12:90.24, 2:75 [3, -9, -3]
801:74.89, 4:10 [8, 10398, -8]
901:26.31, 2:10 [9, 9674, -9]
fe: 2, se: 2

Day: 1, Time: 165
Total Cost: 127.72
 11:66.27, 4:75 [2, -6, -2]
601:61.45, 4:10 [6, 11835, 10448, -6]
fe: 1, se: 1

Day: 1, Time: 175
Total Cost: 475.26
 12:153.31, 16:75 [1, -5, -1]
501:175.12, 10:10 [5, 12410, 13518, 10142, 9973, -5]
502:30.53, 1:10 [5, 12200, -5]
503:116.30, 5:10 [5, 12471, 14491, -5]
fe: 1, se: 3

Day: 1, Time: 175
Total Cost: 177.94
 11:66.27, 3:75 [2, -6, -2]
601:111.67, 3:10 [6, 16962, 13976, -6]
fe: 1, se: 1

Day: 1, Time: 190
Total Cost: 283.77
 11:90.24, 11:75 [3, -9, -3]
901:113.14, 7:10 [9, 9268, 15518, 15350, -9]
902:80.39, 4:10 [9, 10397, 11819, -9]
fe: 1, se: 2

Day: 1, Time: 275
Total Cost: 753.71
 11:66.27, 41:75 [2, -6, -2]
601:134.90, 5:10 [6, 9928, 13116, -6]
602:157.52, 10:10 [6, 10004, 16550, 13351, 12394, 12342, -6]
603:127.03, 9:10 [6, 12923, 12579, 15160, 14598, -6]
604:150.51, 10:10 [6, 13631, 15223, 11825, -6]
606:117.48, 7:10 [6, 16977, 15209, 12131, 11470, -6]
fe: 1, se: 5

Day: 1, Time: 280
Total Cost: 833.96
 11:136.01, 17:75 [1, -4, -1]
 12:153.31, 40:75 [1, -5, -1]
402:144.65, 7:10 [4, 16873, 15195, 9298, 12017, -4]
403:72.94, 10:10 [4, 15767, 13016, 9570, -4]
501:65.23, 10:10 [5, 10272, 16466, 15959, 16663, -5]
502:32.56, 6:10 [5, 16263, 10012, -5]
503:98.85, 10:10 [5, 12259, 9279, 12194, 15715, -5]
504:102.40, 8:10 [5, 15591, 14545, 10768, 14541, -5]
505:28.01, 6:10 [5, 9431, 9759, -5]
fe: 2, se: 7

Day: 1, Time: 285
Total Cost: 324.21
 11:179.78, 9:75 [1, -4, -5, -1]
401:110.02, 2:10 [4, 12455, -4]
501:34.42, 7:10 [5, 11710, 11697, -5]
fe: 1, se: 2

Day: 1, Time: 295
Total Cost: 739.24
 11:90.24, 57:75 [3, -9, -3]
901:65.01, 10:10 [9, 16282, 10626, 14686, -9]
902:115.86, 8:10 [9, 13354, 16789, 16684, -9]
903:152.46, 10:10 [9, 11991, 14616, 13380, 10764, 16940, -9]
904:97.29, 9:10 [9, 14826, 9923, 12215, -9]
905:121.38, 10:10 [9, 13828, 12488, 13036, -9]
906:97.00, 10:10 [9, 15355, 12626, 13058, -9]
fe: 1, se: 6

Day: 1, Time: 330
Total Cost: 277.77
 11:94.59, 11:75 [3, -8, -3]
801:159.09, 8:10 [8, 14955, 12384, 14473, 16508, -8]
802:24.08, 3:10 [8, 13733, -8]
fe: 1, se: 2

Day: 1, Time: 360
Total Cost: 854.23
 11:136.01, 11:75 [1, 4, -4, -1]
 12:153.31, 14:75 [1, 5, -5, -1]
401:139.81, 5:10 [4, 11722, 267, 16902, -4]
402:98.02, 6:10 [4, 13853, 14040, 12669, 9752, -4]
501:121.26, 10:10 [5, 15548, 13267, 237, 146, -5]
502:80.53, 7:10 [5, 13752, 12245, 12665, -5]
503:125.28, 7:10 [5, 196, 988, 13434, -5]
fe: 2, se: 5

Day: 1, Time: 395
Total Cost: 651.73
 11:136.01, 15:75 [1, -4, -1]
 12:153.31, 6:75 [1, -5, -1]
401:42.94, 2:10 [4, 10524, -4]
402:138.24, 4:10 [4, 12780, 12413, -4]
403:53.44, 9:10 [4, 16451, 14240, 14111, -4]
501:127.79, 6:10 [5, 9640, 13949, 10648, -5]
fe: 2, se: 4

Day: 1, Time: 395
Total Cost: 797.08
 11:66.27, 57:75 [2, -6, -2]
601:10.77, 4:10 [6, 11407, -6]
602:157.51, 7:10 [6, 15609, 15989, -6]
603:91.93, 10:10 [6, 14450, 10839, 11868, -6]
604:72.16, 10:10 [6, 13943, 11376, 15396, -6]
605:114.72, 9:10 [6, 15843, 12097, 11732, -6]
606:117.79, 8:10 [6, 14181, 11764, -6]
607:165.93, 9:10 [6, 16124, 14644, 9942, 13321, -6]
fe: 1, se: 7

Day: 1, Time: 405
Total Cost: 1499.27
 11:136.01, 74:75 [1, 4, -1]
 12:153.31, 57:75 [1, 5, -5, -1]
401:75.83, 9:10 [4, 28, 3949, 35, -4]
402:116.17, 10:10 [4, 211, 187, 15, -4]
403:97.40, 9:10 [4, 33, 67, 219, -4]
404:47.41, 9:10 [4, 1758, 6004, 63, 297, -4]
405:61.83, 9:10 [4, 3145, 148, 104, -4]
406:71.51, 9:10 [4, 93, 1726, 339, 243, -4]
407:52.62, 10:10 [4, 2449, 57, 171, 271, -4]
408:156.35, 9:10 [4, 278, 1946, 163, 1411, -4]
501:80.37, 9:10 [5, 166, 6086, 4641, 257, 25, -5]
502:138.37, 10:10 [5, 3560, 246, 231, 74, -5]
503:68.07, 10:10 [5, 328, 487, 5577, -5]
504:101.51, 9:10 [5, 13597, 316, 139, 69, 320, -5]
505:15.65, 4:10 [5, 29, 307, 9916, -5]
506:67.50, 7:10 [5, 274, 276, -5]
507:59.34, 9:10 [5, 38, 91, 12, 145, -5]
fe: 2, se: 15

Day: 1, Time: 405
Total Cost: 1400.47
 11:66.27, 75:75 [2, 6, -6, -2]
 12:145.23, 42:75 [2, 7, -2]
601:114.40, 9:10 [6, 314, 312, 174, -6]
602:162.47, 6:10 [6, 66, 13, 1887, -6]
603:74.54, 10:10 [6, 6264, 214, 140, -6]
604:55.87, 5:10 [6, 51, 277, 15354, -6]
605:36.15, 10:10 [6, 248, 99, 112, -6]
606:122.05, 8:10 [6, 227, 1708, 217, 126, -6]
607:75.83, 8:10 [6, 56, 105, 13522, 8010, -6]
608:142.16, 9:10 [6, 30, 221, 10, 60, 49, -6]
609:125.40, 10:10 [6, 55, 167, 303, 16716, 3446, -6]
701:55.47, 7:10 [7, 193, 199, -7]
702:55.58, 10:10 [7, 2610, 300, 342, 220, -7]
703:75.46, 10:10 [7, 117, 1972, 244, 100, -7]
704:58.51, 5:10 [7, 333, 120, -7]
705:35.07, 10:10 [7, 4994, 136, 178, 1291, -7]
fe: 2, se: 14

Day: 1, Time: 405
Total Cost: 1306.74
 11:94.59, 52:75 [3, 8, -8, -3]
 12:90.24, 39:75 [3, 9, -9, -3]
801:110.69, 9:10 [8, 4294, 184, 11, 129, -8]
802:120.63, 9:10 [8, 22, 122, 130, 12166, 6299, -8]
803:101.28, 9:10 [8, 305, 240, 72, 340, -8]
804:90.64, 5:10 [8, 53, 302, 59, -8]
805:89.08, 10:10 [8, 71, 338, 9306, 50, -8]
806:125.24, 10:10 [8, 282, 308, 14645, 268, 39, -8]
901:87.36, 9:10 [9, 7984, 87, 10613, 40, -9]
902:120.27, 10:10 [9, 830, 181, 236, -9]
903:88.35, 10:10 [9, 10932, 151, 153, 226, 90, -9]
906:70.41, 8:10 [9, 12694, 172, 15399, 285, -9]
907:117.95, 10:10 [9, 11926, 15681, 1634, 113, -9]
fe: 2, se: 11

Day: 1, Time: 415
Total Cost: 241.30
 11:66.27, 9:75 [2, -6, -2]
601:75.60, 4:10 [6, 15791, -6]
602:99.42, 5:10 [6, 16575, 16750, 15317, -6]
fe: 1, se: 2

Day: 1, Time: 420
Total Cost: 236.34
 11:66.27, 5:75 [2, -6, -2]
601:127.31, 3:10 [6, 14250, -6]
602:42.76, 2:10 [6, 14101, -6]
fe: 1, se: 2

Day: 1, Time: 420
Total Cost: 318.61
 11:113.51, 14:75 [3, -8, -9, -3]
801:111.80, 3:10 [8, 13080, -8]
802:10.77, 4:10 [8, 12407, -8]
901:82.53, 7:10 [9, 13319, 11047, -9]
fe: 1, se: 3

Day: 1, Time: 425
Total Cost: 202.62
 11:136.01, 2:75 [1, -4, -1]
401:66.60, 2:10 [4, 15992, -4]
fe: 1, se: 1

Day: 1, Time: 450
Total Cost: 475.11
 11:66.27, 23:75 [2, 6, -2]
601:77.90, 3:10 [6, 89, -6]
602:135.35, 8:10 [6, 173, 83, 125, -6]
603:42.38, 1:10 [6, 319, -6]
604:67.88, 3:10 [6, 213, -6]
606:85.33, 8:10 [6, 189, 157, -6]
fe: 1, se: 5

Day: 1, Time: 450
Total Cost: 619.88
 11:90.24, 10:75 [3, 9, -3]
 12:94.59, 15:75 [3, 8, -3]
801:131.58, 9:10 [8, 121, 85, 32, -8]
802:90.00, 3:10 [8, 5588, -8]
803:61.61, 3:10 [8, 88, -8]
901:137.70, 7:10 [9, 262, 327, 299, -9]
902:14.14, 3:10 [9, 298, -9]
fe: 2, se: 5

Day: 1, Time: 525
Total Cost: 106.26
 11:94.59, 3:75 [3, 8, -3]
801:11.66, 3:10 [8, 8083, -8]
fe: 1, se: 1


Day	Area	ID	Time	Load	Utilization	NoOrders	AssignmentCost
1	1	 8	315	 72	0.96	29	795.00
1	1	 9	360	 48	0.64	17	555.00
1	1	31	495	 57	0.63	17	516.00
1	1	15	630	 62	0.83	23	695.00
1	1	34	630	 72	0.96	24	795.00
1	1	18	765	 60	1.00	21	810.00
1	1	38	810	 60	1.00	29	810.00
1	1	19	810	 60	1.00	30	810.00
1	2	136	300	  8	0.05	 3	310.00
1	2	46	315	 74	0.99	27	815.00
1	2	65	315	 58	0.77	22	655.00
1	2	68	450	 27	0.30	 7	276.00
1	2	51	540	 43	0.48	14	404.00
1	2	52	585	 64	0.85	19	715.00
1	2	53	630	 73	0.97	22	805.00
1	2	56	765	 58	0.97	15	786.00
1	2	76	810	 60	1.00	34	810.00
1	2	57	810	 60	1.00	38	810.00
1	3	154	300	  7	0.05	 2	290.00
1	3	103	315	 60	0.80	27	675.00
1	3	84	315	 75	1.00	29	825.00
1	3	89	540	 37	0.41	11	356.00
1	3	91	630	 75	1.00	24	825.00
1	3	110	630	 75	1.00	21	825.00
1	3	113	765	 23	0.38	 6	366.00
1	3	114	810	 60	1.00	30	810.00
1	3	95	810	 60	1.00	34	810.00


Day	Area	Time	Pickup	Delivery	Direct	FEVehicles	SEVehicles	ALNSTime	ALNSBestTime	RoutingCostArea
1	1	0	116	106	0	7	49	561.52	213.30	5930.08
1	1	5	1	0	0	1	1	0.21	0.00	300.89
1	1	65	5	0	0	2	2	0.54	0.00	534.50
1	1	110	8	0	0	2	3	0.74	0.00	612.43
1	1	130	3	0	0	2	2	0.36	0.00	501.30
1	1	175	7	0	0	1	3	0.74	0.00	475.26
1	1	280	23	0	0	2	7	2.47	0.55	833.96
1	1	285	3	0	0	1	2	0.33	0.00	324.21
1	1	360	12	5	0	2	5	1.64	0.00	854.23
1	1	395	9	0	0	2	4	0.82	0.00	651.73
1	1	405	2	52	0	2	15	10.74	8.11	1499.27
1	1	425	1	0	0	1	1	0.19	0.00	202.62
1	2	0	121	142	0	8	50	443.42	344.91	5503.61
1	2	45	9	0	0	1	3	0.63	0.00	444.49
1	2	100	9	0	0	2	4	0.75	0.00	621.68
1	2	115	6	0	0	2	3	0.50	0.00	515.07
1	2	135	4	0	0	3	3	0.59	0.00	519.21
1	2	150	3	0	0	2	2	0.36	0.00	337.64
1	2	165	2	0	0	1	1	0.27	0.00	127.72
1	2	175	2	0	0	1	1	0.24	0.00	177.94
1	2	275	18	0	0	1	5	2.03	0.62	753.71
1	2	395	18	0	0	1	7	1.32	0.00	797.08
1	2	405	3	46	0	2	14	8.81	6.39	1400.47
1	2	415	4	0	0	1	2	0.39	0.00	241.30
1	2	420	2	0	0	1	2	0.23	0.00	236.34
1	2	450	0	8	0	1	5	0.60	0.00	475.11
1	3	0	101	162	0	7	48	420.74	321.40	5343.13
1	3	40	12	0	0	3	4	0.94	0.00	761.82
1	3	70	10	0	0	2	4	0.79	0.00	630.89
1	3	90	9	0	0	2	4	0.78	0.00	573.29
1	3	135	5	0	0	2	3	0.47	0.00	455.69
1	3	140	2	0	0	1	2	0.27	0.00	220.38
1	3	155	2	0	0	2	2	0.34	0.00	286.03
1	3	190	5	0	0	1	2	0.40	0.00	283.77
1	3	295	20	0	0	1	6	3.49	2.37	739.24
1	3	330	5	0	0	1	2	0.38	0.00	277.77
1	3	405	9	36	0	2	11	4.51	0.00	1306.74
1	3	420	4	0	0	1	3	0.45	0.00	318.61
1	3	450	0	9	0	2	5	0.73	0.12	619.88
1	3	525	0	1	0	1	1	0.18	0.00	106.26

Day	SL	Own	DispatchTimes	AssignmentCost	RoutingCost	TotalCost
1	25	2	26	17954.00	36795.35	54749.35

Total Cost: 54749.3474863539
Cost per Day: 54749.3474863539
Running time in Seconds: 1986.383
Running time in minutes: 33.10638333333333