INSTANCE: 3hubs_MND_A_48_x.csv
PARAMETER: tuning_standard.txt
POLICY: MIP
ALPHA: 0.127402933621946
BETA: 67
OMEGA: 586
EPSILON: 1.04149991431142

Day: 1, Time: 0
Total Cost: 7246.85
 11:136.01, 74:75 [1, 4, -4, -1]
 12:136.01, 73:75 [1, 4, -4, -1]
 13:136.01, 44:75 [1, 4, -4, -1]
 14:136.01, 18:75 [1, 4, -1]
 15:153.31, 75:75 [1, 5, -5, -1]
 16:153.31, 51:75 [1, 5, -5, -1]
 17:153.31, 16:75 [1, 5, -5, -1]
 18:153.31, 21:75 [1, 5, -5, -1]
 19:136.01, 8:75 [1, 4, -1]
 21:136.01, 19:75 [1, 4, -1]
401:127.88, 9:10 [4, 8808, 8403, 9014, 8949, -4]
402:77.77, 5:10 [4, 8993, 8496, 8527, 8909, -4]
403:35.62, 10:10 [4, 8367, 8563, 8443, -4]
404:152.14, 10:10 [4, 8325, 8573, 8498, 8762, -4]
405:128.05, 9:10 [4, 8444, 8631, 8788, 8771, 8467, -4]
406:142.09, 10:10 [4, 8643, 8311, 8882, 8619, 8962, -4]
407:128.31, 9:10 [4, 8998, 9012, 8816, 8628, -4]
408:29.14, 7:10 [4, 8442, 8346, -4]
409:66.35, 8:10 [4, 8957, 8458, 8722, -4]
410:118.79, 10:10 [4, 8686, 8336, 8996, 8641, 8872, 8574, 8734, -4]
412:66.56, 9:10 [4, 8929, 8414, 8515, 8373, -4]
413:73.55, 10:10 [4, 8701, 8948, 8377, 8809, 8919, -4]
414:73.44, 10:10 [4, 8891, 9032, 8428, 8822, -4]
415:71.65, 9:10 [4, 8525, 8366, 8823, 8940, 8798, 8766, -4]
417:206.63, 10:10 [4, 8337, 8812, 8342, 8517, 8963, 8935, -4]
418:148.53, 10:10 [4, 8362, 8478, 8692, 8855, -4]
419:72.59, 8:10 [4, 8301, 8343, 8650, -4]
420:99.44, 9:10 [4, 8561, 8853, 8691, 8736, 8330, 8559, -4]
422:102.18, 10:10 [4, 8553, 8729, 8654, 8780, 8779, 8967, 8447, -4]
423:67.82, 10:10 [4, 8535, 8361, 8293, 8446, -4]
424:163.42, 10:10 [4, 8662, 8697, 8678, -4]
425:152.45, 10:10 [4, 8657, 8992, 8886, 8669, 8456, 8773, -4]
426:73.22, 10:10 [4, 8459, 9028, 8577, 8347, -4]
427:140.37, 10:10 [4, 8933, 8813, 8976, 8789, -4]
428:80.15, 9:10 [4, 8955, 8376, 8990, 8457, 8716, -4]
429:107.06, 9:10 [4, 8551, 8578, 8648, 8694, 8703, -4]
430:122.15, 10:10 [4, 8609, 8668, 9011, 8356, 8651, -4]
431:164.39, 10:10 [4, 8401, 8545, 8973, 8590, 8792, 8514, 8944, 8594, -4]
432:72.03, 9:10 [4, 8409, 8451, 8316, 8665, -4]
433:118.00, 10:10 [4, 8499, 8572, 8604, 8743, 8522, -4]
437:80.67, 9:10 [4, 8364, 8799, 8566, 8333, 8938, -4]
501:95.13, 8:10 [5, 8747, 8655, 8777, 8681, 8954, -5]
502:91.57, 9:10 [5, 8622, 8800, 9022, 8778, -5]
503:165.33, 8:10 [5, 8806, 8470, 8307, 8433, -5]
504:95.55, 9:10 [5, 8819, 8629, 9003, 8363, 8829, 8524, -5]
505:111.23, 8:10 [5, 8649, 9030, 8841, 8985, 8728, 8526, -5]
506:70.34, 10:10 [5, 8491, 8755, 8518, 8607, -5]
507:10.00, 4:10 [5, 8972, -5]
508:94.93, 10:10 [5, 8754, 8623, 8936, 8803, 8592, 8894, 8642, -5]
509:138.55, 10:10 [5, 8666, 8349, 8539, 8378, -5]
511:75.72, 7:10 [5, 8735, 8415, -5]
512:153.37, 10:10 [5, 8710, 8360, 8507, -5]
514:189.54, 10:10 [5, 8365, 8847, 8384, 8624, 8558, 8732, 8695, 8846, 8844, -5]
515:60.63, 6:10 [5, 8391, 8332, 8601, 8380, 8988, -5]
516:128.26, 10:10 [5, 8873, 8974, 8640, 9015, 8870, 8394, 9020, -5]
517:93.31, 10:10 [5, 8860, 8645, 8638, 8477, 8502, 8326, -5]
518:70.93, 10:10 [5, 8510, 8637, 8603, 8465, 8739, -5]
519:95.66, 10:10 [5, 8358, 8708, 8984, 8418, -5]
520:68.84, 10:10 [5, 8927, 8827, 8437, 8817, -5]
521:110.86, 9:10 [5, 8305, 8899, 8351, 8475, 8292, 8884, 8495, 8462, -5]
522:146.14, 10:10 [5, 8571, 8357, 8887, 8759, 8693, -5]
525:173.28, 10:10 [5, 9008, 8300, 8912, 8630, 8493, 8986, 8596, 8298, 8746, -5]
526:69.62, 7:10 [5, 8707, 8463, 8677, -5]
529:81.18, 10:10 [5, 8372, 8627, 8932, 8404, 8576, -5]
530:165.09, 10:10 [5, 8950, 8310, 8555, 8636, 8980, 8922, -5]
fe: 10, se: 55

Day: 1, Time: 0
Total Cost: 5307.93
 11:66.27, 73:75 [2, 6, -6, -2]
 12:66.27, 74:75 [2, 6, -6, -2]
 13:66.27, 42:75 [2, 6, -6, -2]
 14:66.27, 29:75 [2, 6, -6, -2]
 15:66.27, 16:75 [2, 6, -6, -2]
 16:66.27, 9:75 [2, 6, -2]
 17:145.23, 73:75 [2, 7, -7, -2]
 18:145.23, 19:75 [2, 7, -7, -2]
601:97.91, 10:10 [6, 8848, 8733, 8921, 8375, 8831, -6]
602:85.91, 10:10 [6, 8516, 8625, 8635, -6]
603:93.00, 10:10 [6, 8593, 8796, 8920, 8344, -6]
604:93.96, 10:10 [6, 8564, 8989, 8430, 8861, 8626, 8309, 8452, -6]
605:79.22, 9:10 [6, 8791, 8646, 8794, 8398, 8614, -6]
606:107.06, 9:10 [6, 9017, 8544, 8546, 8818, 8865, 8910, -6]
607:166.16, 10:10 [6, 8721, 9005, 8411, 8961, 8859, 8397, 8583, 8740, 8712, -6]
608:98.53, 10:10 [6, 8600, 8679, 8923, 8513, 8299, -6]
609:113.79, 10:10 [6, 8582, 8937, 8811, 8490, 8359, 8877, 8997, 8864, -6]
610:82.08, 9:10 [6, 8611, 8324, 8426, 8313, -6]
611:136.50, 10:10 [6, 8480, 8417, 8488, 8906, 8871, 8903, -6]
612:141.47, 10:10 [6, 8291, 9021, 8512, 8671, 8783, 8916, -6]
613:159.25, 10:10 [6, 8329, 8723, 8769, 8699, 8706, 8450, -6]
614:113.99, 10:10 [6, 8680, 8987, 8331, 8621, 8760, 8647, -6]
615:97.00, 10:10 [6, 8727, 8951, 8479, 8839, -6]
616:72.74, 5:10 [6, 8368, 8885, 8388, 8982, -6]
617:96.15, 10:10 [6, 8382, 8314, 8405, 8528, -6]
618:98.42, 9:10 [6, 8350, 8896, 8857, 8772, 8942, -6]
619:102.64, 10:10 [6, 8795, 8711, 8497, 9031, 8318, -6]
620:42.94, 5:10 [6, 8661, 8902, 8550, -6]
621:81.44, 9:10 [6, 8511, 8580, 8339, -6]
622:80.09, 10:10 [6, 9033, 8504, 8843, 8926, -6]
623:144.32, 10:10 [6, 8435, 8557, 8335, 8402, 8917, 8322, 8786, 8702, 8744, -6]
624:108.48, 10:10 [6, 9034, 8393, 8602, 8978, 8726, 8838, -6]
626:87.05, 10:10 [6, 8790, 8327, 8436, 8892, 8751, 8674, -6]
627:124.44, 9:10 [6, 8685, 8416, 8970, 8466, 9029, 8845, -6]
628:164.61, 10:10 [6, 8445, 8774, 9007, 8787, -6]
630:96.26, 9:10 [6, 8448, 8660, 8663, -6]
631:62.18, 7:10 [6, 8599, 8720, 8500, 8866, -6]
632:92.07, 5:10 [6, 8543, 8598, 8928, 8492, -6]
633:150.84, 10:10 [6, 8413, 8676, 8945, 8907, 8763, 8793, -6]
636:148.89, 10:10 [6, 8893, 8587, 8407, 8952, 8552, 8983, 8833, -6]
638:109.10, 9:10 [6, 8597, 8900, 8296, 8453, 8925, -6]
639:135.09, 10:10 [6, 8908, 8315, 8297, 8608, 8781, 8904, 8449, -6]
701:104.18, 10:10 [7, 8863, 8509, 8956, 8390, 8946, 8618, -7]
702:55.06, 10:10 [7, 8876, 8424, 8620, 8345, -7]
703:100.28, 10:10 [7, 8718, 8439, 9019, 8399, 8565, 8696, -7]
704:62.13, 10:10 [7, 8481, 8408, 8969, 8675, 8589, 8454, -7]
705:67.00, 10:10 [7, 8461, 8652, 8968, 8341, 8632, -7]
706:76.38, 10:10 [7, 8308, 8741, 8705, 8842, -7]
707:142.05, 10:10 [7, 8534, 8776, 8556, 8673, 8570, 8959, 9013, -7]
708:27.21, 7:10 [7, 8960, 8469, -7]
710:131.81, 10:10 [7, 8914, 8379, 8931, 8725, 8319, 8562, -7]
711:15.62, 2:10 [7, 8306, -7]
714:12.17, 2:10 [7, 8775, -7]
715:44.77, 10:10 [7, 8687, 8615, 8605, -7]
716:117.59, 10:10 [7, 8352, 8508, 8888, 8667, 8704, 8419, 8941, 8295, -7]
fe: 8, se: 47

Day: 1, Time: 0
Total Cost: 4890.05
 11:94.59, 75:75 [3, 8, -8, -3]
 12:94.59, 75:75 [3, 8, -8, -3]
 13:90.24, 64:75 [3, 9, -9, -3]
 14:90.24, 75:75 [3, 9, -9, -3]
 20:94.59, 13:75 [3, 8, -8, -3]
 34:90.24, 29:75 [3, 9, -9, -3]
801:122.64, 10:10 [8, 8588, 8425, 8320, 8612, 8764, -8]
802:95.52, 10:10 [8, 8464, 8529, 8868, 8953, 8383, 8947, 8742, -8]
803:124.35, 10:10 [8, 8549, 8832, 8830, 8533, 8852, 8547, -8]
804:31.89, 4:10 [8, 8820, 8400, -8]
805:119.28, 10:10 [8, 8745, 8653, 9025, 8505, 8810, -8]
806:80.28, 10:10 [8, 8880, 8905, 8883, 9002, -8]
807:75.98, 9:10 [8, 9024, 9023, 8862, 8889, -8]
808:131.30, 9:10 [8, 8441, 8802, 8520, 8485, 8897, 8979, -8]
810:91.24, 10:10 [8, 8737, 8804, 8579, 8991, 8749, 8854, -8]
811:76.65, 10:10 [8, 8586, 8474, 8606, 8874, 8826, 8714, 8895, -8]
812:95.88, 9:10 [8, 8824, 8717, 8901, 8836, 8471, -8]
813:78.21, 10:10 [8, 8672, 8338, 8501, -8]
814:130.62, 10:10 [8, 8568, 8421, 8468, 8483, 8540, -8]
815:70.18, 10:10 [8, 8840, 8750, 8323, 8958, -8]
816:68.82, 10:10 [8, 9016, 8913, 8410, 8427, 8541, -8]
817:156.48, 10:10 [8, 8548, 8689, 8486, 8821, 8849, 8385, 8768, 8532, 8869, -8]
818:110.76, 9:10 [8, 8294, 8911, 8412, 8334, 8767, 9001, 8317, -8]
819:58.52, 10:10 [8, 8537, 8422, 8684, -8]
820:132.40, 10:10 [8, 8924, 8634, 8489, 8531, 8856, 8482, 8875, -8]
821:105.26, 10:10 [8, 8690, 8312, 8340, 8633, 8670, -8]
822:62.38, 10:10 [8, 8423, 8434, 8476, -8]
824:143.43, 10:10 [8, 8616, 8785, 8715, 9004, 8709, 8748, -8]
830:106.89, 10:10 [8, 8971, 8683, 8850, 8834, 8585, -8]
901:47.43, 9:10 [9, 8304, 8801, 8807, 8837, -9]
902:135.22, 10:10 [9, 8639, 8664, 8752, 8406, 8770, 8523, 8828, 8700, -9]
903:85.54, 10:10 [9, 8519, 9006, 8530, 8644, 8898, 8355, -9]
904:106.34, 10:10 [9, 8569, 8939, 8965, 8756, 8554, 8782, 8981, -9]
905:60.38, 10:10 [9, 8975, 8575, 8521, 8431, 8930, -9]
906:110.85, 10:10 [9, 8438, 8487, 8348, 8494, 8879, 8867, 9009, -9]
907:60.94, 10:10 [9, 8302, 8432, 8659, 8370, -9]
908:92.91, 9:10 [9, 8389, 8835, 8881, 8815, 8918, -9]
909:115.17, 10:10 [9, 8395, 8797, 8369, 8698, 8584, 8995, 8730, -9]
910:148.05, 10:10 [9, 8484, 8290, 8966, 8724, 8784, 8536, 9018, 8455, 9000, -9]
911:111.57, 9:10 [9, 8429, 8581, 8506, 8473, 8738, 8814, 8503, -9]
912:94.97, 10:10 [9, 8303, 8964, 8858, 8851, 8613, -9]
913:126.68, 10:10 [9, 8392, 8381, 8757, 8999, 8420, 8658, -9]
914:137.05, 10:10 [9, 8610, 8472, 8765, 8719, 8688, 8321, 8934, -9]
915:90.02, 10:10 [9, 8386, 8440, 9027, 8977, 8542, 8943, -9]
916:47.12, 9:10 [9, 8595, 8682, 8354, -9]
917:123.11, 10:10 [9, 8538, 8396, 8371, 9010, 8761, -9]
918:83.75, 9:10 [9, 8758, 8713, 8825, 8915, -9]
919:25.30, 8:10 [9, 8890, 8387, -9]
920:17.25, 7:10 [9, 8731, 8328, -9]
928:128.08, 10:10 [9, 8560, 8656, 8994, 8460, 8617, 8753, 9026, -9]
929:118.81, 10:10 [9, 8591, 8567, 8878, 8805, 8353, 8374, -9]
fe: 6, se: 45

Day: 1, Time: 25
Total Cost: 335.67
 11:66.27, 2:75 [2, -6, -2]
 12:66.27, 3:75 [2, -6, -2]
601:56.32, 2:10 [6, 12274, -6]
602:146.81, 3:10 [6, 10147, 9578, -6]
fe: 2, se: 2

Day: 1, Time: 35
Total Cost: 645.71
 11:136.01, 2:75 [1, -4, -1]
 12:136.01, 10:75 [1, -4, -1]
401:144.75, 2:10 [4, 16085, 9313, -4]
402:228.93, 10:10 [4, 12626, 10380, 14111, 9971, -4]
fe: 2, se: 2

Day: 1, Time: 55
Total Cost: 452.04
 11:66.27, 3:75 [2, -6, -2]
 12:151.76, 7:75 [2, -7, -6, -2]
601:86.93, 3:10 [6, 16363, -6]
602:78.82, 2:10 [6, 16941, -6]
701:23.32, 4:10 [7, 14816, -7]
702:44.94, 1:10 [7, 12127, -7]
fe: 2, se: 4

Day: 1, Time: 55
Total Cost: 684.81
 11:113.51, 15:75 [3, -8, -9, -3]
 13:90.24, 11:75 [3, -9, -3]
801:133.85, 6:10 [8, 11244, 14803, -8]
901:88.60, 7:10 [9, 11864, 9571, -9]
903:158.16, 9:10 [9, 10657, 15806, 13676, -9]
904:100.44, 4:10 [9, 16195, -9]
fe: 2, se: 4

Day: 1, Time: 60
Total Cost: 267.03
 11:136.01, 4:75 [1, -4, -1]
401:131.02, 4:10 [4, 12223, 15894, 10735, -4]
fe: 1, se: 1

Day: 1, Time: 80
Total Cost: 473.70
 11:136.01, 2:75 [1, -4, -1]
 12:136.01, 5:75 [1, -4, -1]
401:68.41, 2:10 [4, 13176, -4]
402:133.27, 5:10 [4, 12193, 11567, -4]
fe: 2, se: 2

Day: 1, Time: 90
Total Cost: 577.80
 11:66.27, 10:75 [2, -6, -2]
 12:66.27, 6:75 [2, -6, -2]
 14:145.23, 8:75 [2, -7, -2]
601:118.91, 6:10 [6, 10785, 11560, -6]
602:70.37, 6:10 [6, 16149, 11816, -6]
603:49.61, 4:10 [6, 14869, 10727, -6]
701:61.13, 8:10 [7, 14498, 16349, -7]
fe: 3, se: 4

Day: 1, Time: 95
Total Cost: 336.60
 11:66.27, 3:75 [2, -6, -2]
 12:145.23, 6:75 [2, -7, -2]
601:72.11, 3:10 [6, 14963, -6]
701:26.31, 2:10 [7, 14693, -7]
702:26.68, 4:10 [7, 9472, -7]
fe: 2, se: 3

Day: 1, Time: 100
Total Cost: 592.27
 11:113.51, 14:75 [3, -8, -9, -3]
 12:94.59, 8:75 [3, -8, -3]
801:87.73, 3:10 [8, 10818, -8]
802:76.16, 4:10 [8, 15688, 13297, -8]
803:96.60, 4:10 [8, 16176, -8]
901:97.67, 8:10 [9, 11971, 13899, -9]
902:26.00, 3:10 [9, 11416, -9]
fe: 2, se: 5

Day: 1, Time: 120
Total Cost: 423.67
 11:66.27, 4:75 [2, -6, -2]
 12:145.23, 4:75 [2, -7, -2]
601:156.56, 4:10 [6, 9682, 16232, -6]
701:55.61, 4:10 [7, 11428, -7]
fe: 2, se: 2

Day: 1, Time: 125
Total Cost: 581.38
 11:153.31, 12:75 [1, -5, -1]
 12:153.31, 1:75 [1, -5, -1]
501:76.94, 3:10 [5, 13117, -5]
502:177.72, 9:10 [5, 14864, 9746, 14193, -5]
503:20.10, 1:10 [5, 14469, -5]
fe: 2, se: 3

Day: 1, Time: 130
Total Cost: 226.37
 11:136.01, 2:75 [1, -4, -1]
401:90.35, 2:10 [4, 13381, -4]
fe: 1, se: 1

Day: 1, Time: 145
Total Cost: 678.88
 11:90.24, 12:75 [3, -9, -3]
 12:90.24, 1:75 [3, -9, -3]
 13:94.59, 3:75 [3, -8, -3]
801:49.19, 3:10 [8, 11820, -8]
901:72.80, 1:10 [9, 14394, -9]
902:147.83, 5:10 [9, 12722, 10616, 15261, -9]
903:133.98, 7:10 [9, 14299, 14305, -9]
fe: 3, se: 4

Day: 1, Time: 155
Total Cost: 351.77
 11:66.27, 10:75 [2, -6, -2]
601:80.00, 5:10 [6, 16271, 15268, -6]
602:131.03, 2:10 [6, 16099, -6]
603:74.47, 3:10 [6, 9883, 12611, -6]
fe: 1, se: 3

Day: 1, Time: 155
Total Cost: 291.82
 11:94.59, 4:75 [3, -8, -3]
 12:90.24, 4:75 [3, -9, -3]
801:17.09, 4:10 [8, 13629, -8]
901:89.89, 4:10 [9, 10852, 9270, -9]
fe: 2, se: 2

Day: 1, Time: 160
Total Cost: 125.37
 11:66.27, 1:75 [2, -6, -2]
601:59.09, 1:10 [6, 13977, -6]
fe: 1, se: 1

Day: 1, Time: 165
Total Cost: 582.89
 11:179.78, 24:75 [1, -4, -5, -1]
401:201.54, 10:10 [4, 10155, 13900, 14760, 15505, -4]
402:75.81, 5:10 [4, 14213, 14238, -4]
501:125.76, 9:10 [5, 12221, 9420, 16901, -5]
fe: 1, se: 3

Day: 1, Time: 175
Total Cost: 322.81
 11:66.27, 2:75 [2, -6, -2]
 12:66.27, 5:75 [2, -6, -2]
601:95.52, 2:10 [6, 16304, -6]
602:94.75, 5:10 [6, 9827, 12945, -6]
fe: 2, se: 2

Day: 1, Time: 180
Total Cost: 176.81
 11:66.27, 6:75 [2, -6, -2]
601:86.37, 3:10 [6, 10277, -6]
602:24.17, 3:10 [6, 14808, -6]
fe: 1, se: 2

Day: 1, Time: 180
Total Cost: 276.50
 11:113.51, 10:75 [3, -8, -9, -3]
801:44.94, 2:10 [8, 11721, -8]
901:101.55, 4:10 [9, 13374, -9]
902:16.49, 4:10 [9, 10998, -9]
fe: 1, se: 3

Day: 1, Time: 275
Total Cost: 927.03
 11:136.01, 26:75 [1, -4, -1]
 12:153.31, 25:75 [1, -5, -1]
401:109.26, 10:10 [4, 15885, 13371, 12583, -4]
402:91.49, 6:10 [4, 9437, 15740, 14259, -4]
403:139.57, 10:10 [4, 13144, 11017, 15013, 16860, 14451, -4]
502:144.31, 7:10 [5, 14948, 13683, 11392, -5]
503:77.22, 9:10 [5, 11473, 12994, 10692, -5]
504:75.86, 9:10 [5, 10082, 10454, 10265, -5]
fe: 2, se: 6

Day: 1, Time: 290
Total Cost: 1298.77
 11:94.59, 54:75 [3, -8, -3]
 13:90.24, 54:75 [3, -9, -3]
801:43.88, 7:10 [8, 14159, 15752, -8]
802:35.74, 8:10 [8, 9366, 10382, 12852, -8]
803:120.83, 10:10 [8, 11139, 15279, 13641, 10595, -8]
804:92.31, 10:10 [8, 13081, 10663, 12560, -8]
805:141.19, 10:10 [8, 9849, 16509, 16106, 15183, -8]
806:99.06, 9:10 [8, 10315, 16513, 10666, -8]
901:123.31, 10:10 [9, 16041, 10157, 12412, 11291, -9]
902:81.45, 10:10 [9, 10022, 13003, 13852, 12870, -9]
903:64.29, 7:10 [9, 15007, 14326, -9]
904:110.78, 10:10 [9, 9758, 9554, 11637, 9400, -9]
905:149.94, 10:10 [9, 16117, 9447, 13483, 13932, 15716, -9]
906:51.13, 7:10 [9, 13302, 10175, -9]
fe: 2, se: 12

Day: 1, Time: 295
Total Cost: 246.59
 11:94.59, 7:75 [3, -8, -3]
801:151.99, 7:10 [8, 13801, 15519, -8]
fe: 1, se: 1

Day: 1, Time: 300
Total Cost: 863.04
 11:66.27, 67:75 [2, -6, -2]
601:178.83, 10:10 [6, 10358, 10705, 16391, 9158, -6]
602:160.72, 9:10 [6, 12037, 12033, 10495, -6]
603:60.37, 8:10 [6, 14155, 14439, -6]
604:112.27, 10:10 [6, 13073, 15483, 10904, 12904, 15586, 10960, 15728, -6]
605:66.40, 9:10 [6, 16329, 14826, 10099, -6]
606:110.29, 10:10 [6, 11507, 10887, 13300, 12711, -6]
607:19.70, 4:10 [6, 13474, -6]
608:88.19, 7:10 [6, 11733, 12551, 16025, -6]
fe: 1, se: 8

Day: 1, Time: 300
Total Cost: 298.61
 11:113.51, 7:75 [3, -8, -9, -3]
801:79.40, 4:10 [8, 10871, -8]
902:105.70, 3:10 [9, 15099, 16787, -9]
fe: 1, se: 2

Day: 1, Time: 325
Total Cost: 936.00
 11:136.01, 13:75 [1, -4, -1]
 12:153.31, 27:75 [1, -5, -1]
401:87.97, 5:10 [4, 9365, 11309, -4]
402:168.93, 8:10 [4, 15238, 16456, 11660, -4]
501:163.47, 10:10 [5, 16942, 15948, 12570, 11038, -5]
502:83.73, 8:10 [5, 13108, 13582, -5]
503:142.57, 9:10 [5, 10939, 10458, 16944, -5]
fe: 2, se: 5

Day: 1, Time: 360
Total Cost: 1065.38
 11:136.01, 30:75 [1, 4, -4, -1]
401:174.24, 7:10 [4, 317, 149, -4]
402:4.47, 2:10 [4, 14413, -4]
403:162.80, 8:10 [4, 11972, 112, 59, -4]
404:131.79, 10:10 [4, 10352, 10396, 217, 13616, -4]
405:142.68, 10:10 [4, 9912, 12743, 12608, 11861, -4]
406:181.15, 3:10 [4, 211, 6003, -4]
407:132.22, 6:10 [4, 13497, 14974, 14115, -4]
fe: 1, se: 7

Day: 1, Time: 390
Total Cost: 778.47
 11:66.27, 53:75 [2, -6, -2]
601:100.75, 10:10 [6, 16770, 14817, 15851, -6]
602:157.85, 10:10 [6, 10368, 16850, 9911, 10846, -6]
603:150.37, 9:10 [6, 9752, 15077, 15946, 14767, -6]
604:124.56, 10:10 [6, 15053, 15275, 15592, -6]
605:129.45, 8:10 [6, 13431, 13803, 12435, 12640, -6]
607:49.22, 6:10 [6, 9901, 12459, -6]
fe: 1, se: 6

Day: 1, Time: 395
Total Cost: 671.80
 11:136.01, 14:75 [1, -4, -1]
 12:153.31, 7:75 [1, -5, -1]
401:108.86, 9:10 [4, 14797, 12482, 9466, 12029, -4]
402:74.44, 5:10 [4, 12980, 10046, -4]
501:176.37, 5:10 [5, 11659, 12545, -5]
502:22.80, 2:10 [5, 14217, -5]
fe: 2, se: 4

Day: 1, Time: 400
Total Cost: 850.98
 11:94.59, 31:75 [3, 8, -8, -3]
 12:90.24, 19:75 [3, -9, -3]
801:91.21, 8:10 [8, 9612, 13575, 12752, -8]
802:51.88, 6:10 [8, 12469, 888, 16424, -8]
803:88.99, 10:10 [8, 13786, 14745, 16065, -8]
804:84.54, 7:10 [8, 16672, 13245, -8]
901:77.18, 5:10 [9, 15805, 12721, -9]
902:77.47, 3:10 [9, 11622, 12566, -9]
903:70.46, 3:10 [9, 9861, -9]
904:124.43, 8:10 [9, 10146, 13965, 16591, 12839, -9]
fe: 2, se: 8

Day: 1, Time: 405
Total Cost: 1506.22
 11:136.01, 58:75 [1, 4, -4, -1]
 13:153.31, 59:75 [1, 5, -1]
401:84.33, 10:10 [4, 125, 213, 2870, 218, -4]
402:53.11, 7:10 [4, 6179, 171, 175, -4]
403:81.65, 9:10 [4, 117, 225, 164, 145, -4]
404:167.90, 7:10 [4, 136, 247, 91, -4]
405:68.67, 9:10 [4, 11661, 2037, 327, -4]
406:108.81, 10:10 [4, 19, 10153, 301, 7673, -4]
407:114.29, 10:10 [4, 82, 255, 4607, 249, -4]
501:65.13, 10:10 [5, 252, 37, 257, 205, -5]
502:83.03, 10:10 [5, 319, 7505, 881, -5]
503:120.47, 10:10 [5, 6998, 111, 155, 314, 343, -5]
504:77.45, 8:10 [5, 206, 199, 3130, 134, -5]
505:141.95, 10:10 [5, 47, 7486, 73, 215, -5]
506:15.62, 4:10 [5, 4939, -5]
507:34.49, 7:10 [5, 30, 189, -5]
fe: 2, se: 14

Day: 1, Time: 405
Total Cost: 1163.49
 11:66.27, 64:75 [2, 6, -6, -2]
 12:145.23, 13:75 [2, 7, -7, -2]
601:174.58, 8:10 [6, 23, 68, 289, 2045, -6]
602:109.18, 8:10 [6, 190, 328, 3174, 90, -6]
603:116.03, 9:10 [6, 60, 24, 11515, 118, 263, -6]
604:99.04, 10:10 [6, 334, 333, 168, 282, 13960, 9704, -6]
605:113.55, 10:10 [6, 57, 274, 172, 204, 39, -6]
606:128.47, 10:10 [6, 207, 312, 108, 308, -6]
611:79.49, 9:10 [6, 89, 130, 5704, 184, -6]
701:65.46, 7:10 [7, 193, 11, -7]
703:66.20, 6:10 [7, 126, 76, 14741, -7]
fe: 2, se: 9

Day: 1, Time: 405
Total Cost: 914.50
 11:94.59, 28:75 [3, 8, -3]
 12:90.24, 23:75 [3, 9, -9, -3]
801:33.70, 10:10 [8, 258, 153, 167, -8]
802:110.66, 9:10 [8, 339, 324, 84, -8]
804:88.22, 9:10 [8, 5779, 246, 322, 623, 250, -8]
901:122.98, 8:10 [9, 14841, 113, 210, -9]
902:145.89, 9:10 [9, 195, 87, 259, 4486, -9]
903:118.88, 5:10 [9, 187, 299, 103, -9]
904:109.32, 8:10 [9, 9810, 5287, 121, -9]
fe: 2, se: 7

Day: 1, Time: 415
Total Cost: 476.36
 11:66.27, 6:75 [2, -6, -2]
 12:145.23, 4:75 [2, -7, -2]
601:88.81, 4:10 [6, 10258, -6]
602:78.57, 2:10 [6, 13543, 15137, -6]
701:29.12, 2:10 [7, 12324, -7]
702:68.35, 2:10 [7, 15901, -7]
fe: 2, se: 4

Day: 1, Time: 415
Total Cost: 249.91
 11:90.24, 2:75 [3, -9, -3]
901:69.43, 1:10 [9, 10906, -9]
902:90.24, 1:10 [9, 10546, -9]
fe: 1, se: 2

Day: 1, Time: 420
Total Cost: 340.10
 11:94.59, 1:75 [3, -8, -3]
 12:90.24, 4:75 [3, -9, -3]
801:70.88, 1:10 [8, 14902, -8]
901:84.38, 4:10 [9, 15917, -9]
fe: 2, se: 2

Day: 1, Time: 450
Total Cost: 488.95
 12:179.78, 24:75 [1, 5, 4, -1]
401:12.17, 4:10 [4, 214, -4]
501:78.41, 2:10 [5, 7614, -5]
502:73.34, 6:10 [5, 7409, 97, -5]
503:91.42, 8:10 [5, 2738, 7659, -5]
504:53.83, 4:10 [5, 224, 35, -5]
fe: 1, se: 5

Day: 1, Time: 450
Total Cost: 403.40
 11:66.27, 13:75 [2, 6, -2]
601:74.43, 2:10 [6, 325, -6]
602:128.13, 7:10 [6, 129, 201, 340, -6]
603:134.57, 4:10 [6, 180, 295, 151, -6]
fe: 1, se: 3

Day: 1, Time: 450
Total Cost: 673.07
 11:94.59, 40:75 [3, 8, -3]
801:81.66, 10:10 [8, 5808, 237, 137, -8]
802:52.62, 6:10 [8, 139, 197, -8]
803:88.97, 7:10 [8, 342, 1587, 123, -8]
804:133.75, 8:10 [8, 132, 152, -8]
805:101.81, 2:10 [8, 313, 286, -8]
806:119.66, 7:10 [8, 270, 98, 4691, -8]
fe: 1, se: 6

Day: 1, Time: 460
Total Cost: 489.84
 11:136.01, 9:75 [1, 4, -1]
 12:153.31, 6:75 [1, 5, -1]
401:91.71, 5:10 [4, 4684, 143, -4]
402:42.00, 4:10 [4, 43, -4]
501:66.81, 6:10 [5, 105, 158, -5]
fe: 2, se: 3

Day: 1, Time: 460
Total Cost: 406.30
 12:113.51, 10:75 [3, 9, 8, -3]
801:44.27, 1:10 [8, 203, -8]
901:127.44, 7:10 [9, 61, 100, 21, -9]
902:121.08, 2:10 [9, 231, -9]
fe: 1, se: 3


Day	Area	ID	Time	Load	Utilization	NoOrders	AssignmentCost
1	1	 8	315	 56	0.75	24	635.00
1	1	28	360	 38	0.51	18	455.00
1	1	32	540	 69	0.77	28	612.00
1	1	15	630	 72	0.96	25	795.00
1	1	34	630	 63	0.84	24	705.00
1	1	17	720	 60	1.00	23	810.00
1	1	38	810	 60	1.00	31	810.00
1	1	19	810	 60	1.00	22	810.00
1	2	145	300	 14	0.09	 5	430.00
1	2	46	315	 75	1.00	31	825.00
1	2	66	360	 49	0.65	15	565.00
1	2	137	400	 21	0.14	 9	570.00
1	2	51	540	 54	0.60	16	492.00
1	2	72	630	 54	0.72	18	615.00
1	2	53	630	 64	0.85	23	715.00
1	2	56	765	 50	0.83	13	690.00
1	2	57	810	 60	1.00	34	810.00
1	2	76	810	 60	1.00	32	810.00
1	3	163	300	  5	0.03	 3	250.00
1	3	103	315	 45	0.60	19	525.00
1	3	84	315	 69	0.92	27	765.00
1	3	164	400	  4	0.03	 1	230.00
1	3	108	540	 84	0.93	27	732.00
1	3	109	585	 39	0.52	11	465.00
1	3	110	630	 75	1.00	27	825.00
1	3	91	630	 75	1.00	21	825.00
1	3	94	765	 56	0.93	15	762.00
1	3	114	810	 60	1.00	36	810.00
1	3	95	810	 60	1.00	27	810.00


Day	Area	Time	Pickup	Delivery	Direct	FEVehicles	SEVehicles	ALNSTime	ALNSBestTime	RoutingCostArea
1	1	0	111	155	0	10	55	292.05	110.05	7246.85
1	1	35	6	0	0	2	2	0.51	0.00	645.71
1	1	60	3	0	0	1	1	0.34	0.00	267.03
1	1	80	3	0	0	2	2	0.33	0.00	473.70
1	1	125	5	0	0	2	3	0.47	0.00	581.38
1	1	130	1	0	0	1	1	0.19	0.00	226.37
1	1	165	9	0	0	1	3	0.68	0.00	582.89
1	1	275	20	0	0	2	6	1.93	1.09	927.03
1	1	325	14	0	0	2	5	1.18	0.00	936.00
1	1	360	12	7	0	1	7	1.96	1.17	1065.38
1	1	395	9	0	0	2	4	0.59	0.00	671.80
1	1	405	2	46	0	2	14	5.27	2.82	1506.22
1	1	450	0	8	0	1	5	0.62	0.00	488.95
1	1	460	0	5	0	2	3	0.43	0.00	489.84
1	2	0	108	130	0	8	47	285.04	197.85	5307.93
1	2	25	3	0	0	2	2	0.35	0.00	335.67
1	2	55	4	0	0	2	4	0.62	0.00	452.04
1	2	90	8	0	0	3	4	0.86	0.00	577.80
1	2	95	3	0	0	2	3	0.31	0.04	336.60
1	2	120	3	0	0	2	2	0.39	0.00	423.67
1	2	155	5	0	0	1	3	0.40	0.00	351.77
1	2	160	1	0	0	1	1	0.19	0.00	125.37
1	2	175	3	0	0	2	2	0.36	0.00	322.81
1	2	180	2	0	0	1	2	0.26	0.00	176.81
1	2	300	27	0	0	1	8	4.97	3.86	863.04
1	2	390	20	0	0	1	6	1.64	0.09	778.47
1	2	405	4	33	0	2	9	5.19	3.52	1163.49
1	2	415	5	0	0	2	4	0.51	0.00	476.36
1	2	450	0	7	0	1	3	0.51	0.00	403.40
1	3	0	116	125	0	6	45	620.84	523.73	4890.05
1	3	55	8	0	0	2	4	0.80	0.00	684.81
1	3	100	7	0	0	2	5	0.70	0.00	592.27
1	3	145	7	0	0	3	4	0.88	0.02	678.88
1	3	155	3	0	0	2	2	0.47	0.00	291.82
1	3	180	3	0	0	1	3	0.26	0.00	276.50
1	3	290	40	0	0	2	12	8.13	6.06	1298.77
1	3	295	2	0	0	1	1	0.29	0.00	246.59
1	3	300	3	0	0	1	2	0.30	0.00	298.61
1	3	400	19	1	0	2	8	1.60	0.02	850.98
1	3	405	2	22	0	2	7	3.05	0.61	914.50
1	3	415	2	0	0	1	2	0.25	0.00	249.91
1	3	420	2	0	0	2	2	0.30	0.00	340.10
1	3	450	0	15	0	1	6	0.94	0.01	673.07
1	3	460	0	5	0	1	3	0.55	0.00	406.30

Day	SL	Own	DispatchTimes	AssignmentCost	RoutingCost	TotalCost
1	25	4	29	19153.00	40897.54	60050.54

Total Cost: 60050.54308664178
Cost per Day: 60050.54308664178
Running time in Seconds: 1983.015
Running time in minutes: 33.05025