INSTANCE: 3hubs_MND_A_31_x.csv
PARAMETER: tuning_standard.txt
POLICY: MIP
ALPHA: 0.127402933621946
BETA: 67
OMEGA: 586
EPSILON: 1.04149991431142

Day: 1, Time: 0
Total Cost: 6821.22
 11:136.01, 75:75 [1, 4, -4, -1]
 12:136.01, 75:75 [1, 4, -4, -1]
 13:136.01, 21:75 [1, 4, -4, -1]
 15:153.31, 75:75 [1, 5, -5, -1]
 16:153.31, 59:75 [1, 5, -5, -1]
 17:153.31, 49:75 [1, 5, -5, -1]
 19:136.01, 11:75 [1, 4, -4, -1]
 21:136.01, 1:75 [1, -4, -1]
 31:136.01, 10:75 [1, 4, -1]
 34:136.01, 10:75 [1, 4, -1]
402:92.64, 10:10 [4, 8596, 8878, 8985, 8368, 8338, 8605, -4]
403:141.58, 10:10 [4, 9006, 8412, 8587, 8655, -4]
404:150.36, 10:10 [4, 8494, 8895, 8977, 8949, 8692, 8776, 8304, -4]
405:144.39, 10:10 [4, 8556, 8630, 8835, 8465, 9033, 9010, 8433, -4]
406:64.99, 4:10 [4, 8397, 8687, -4]
407:101.71, 8:10 [4, 8327, 8676, 8877, 8887, 8551, 8946, -4]
408:47.56, 10:10 [4, 8293, 8560, 8376, -4]
409:161.84, 1:10 [4, 8818, -4]
410:139.34, 10:10 [4, 8444, 9025, 8947, 8942, 8907, 8892, 8929, 8683, 8371, -4]
411:97.95, 10:10 [4, 8928, 8622, 8650, 9015, 8340, -4]
412:158.40, 1:10 [4, 8700, -4]
413:121.75, 10:10 [4, 8806, 8611, 8503, 8817, 8484, 8885, -4]
414:61.61, 8:10 [4, 8579, 8324, 8864, -4]
415:96.21, 10:10 [4, 8336, 8728, 8665, 8754, 8487, 8866, -4]
416:4.47, 4:10 [4, 8935, -4]
417:151.47, 10:10 [4, 8500, 8637, 8811, 8931, 8535, 8358, -4]
418:122.18, 10:10 [4, 8310, 8449, 8607, -4]
419:142.92, 9:10 [4, 8760, 8709, 8581, 8518, 8762, -4]
420:132.02, 10:10 [4, 8952, 9027, 8318, 8664, 8506, 8409, -4]
421:45.37, 9:10 [4, 8919, 8911, 8344, -4]
422:136.25, 10:10 [4, 8391, 8880, 9011, 8904, 8540, 8791, -4]
423:129.33, 9:10 [4, 8682, 8562, 8483, 8868, 8773, 9008, -4]
424:63.26, 7:10 [4, 8627, 8802, 8921, -4]
425:66.76, 10:10 [4, 8813, 8973, 8715, 8323, -4]
426:148.84, 10:10 [4, 8603, 8529, 8366, 8847, 8561, 8628, -4]
427:159.27, 9:10 [4, 8477, 9019, 8496, 8342, 9001, 8841, -4]
428:130.07, 10:10 [4, 8978, 8999, 8422, -4]
430:87.89, 10:10 [4, 8831, 8698, 8590, 8913, 8384, -4]
431:49.32, 7:10 [4, 8621, 8662, 8635, 8930, 8553, -4]
432:175.93, 10:10 [4, 8307, 8772, 8329, 8652, 8940, 8373, -4]
501:97.58, 9:10 [5, 8497, 8555, 8881, 8610, 8719, 8354, 8891, -5]
502:40.42, 10:10 [5, 8846, 8511, 8674, 8816, -5]
503:50.23, 10:10 [5, 8640, 9029, 8981, 9024, -5]
504:144.85, 9:10 [5, 8520, 8729, 8888, 8377, 8793, 8602, 8799, -5]
505:102.57, 10:10 [5, 8638, 8576, 8857, 8927, 8401, -5]
506:97.16, 10:10 [5, 8365, 8986, 8673, 8580, 9031, 9022, -5]
507:43.90, 9:10 [5, 8966, 8626, 8445, -5]
508:55.19, 10:10 [5, 8439, 8781, 8836, 8647, 8679, -5]
510:124.64, 10:10 [5, 8356, 8400, 8482, -5]
513:109.40, 10:10 [5, 8471, 8786, 8387, 8845, 8530, 8769, -5]
514:162.95, 8:10 [5, 8565, 8708, 8925, 8526, 8582, 8901, 8768, -5]
515:156.57, 10:10 [5, 8906, 8434, 8969, 8599, 8954, -5]
516:33.47, 9:10 [5, 8543, 8403, 8624, -5]
517:121.67, 10:10 [5, 8320, 8774, 8653, 8822, 8457, 8292, 8725, -5]
518:78.07, 8:10 [5, 8852, 8920, 8516, -5]
519:165.30, 10:10 [5, 8294, 8333, 8713, 8694, 8392, 8748, 8848, -5]
520:57.85, 8:10 [5, 8305, 8843, 8382, 9030, -5]
521:51.51, 8:10 [5, 8383, 8749, 8359, 8823, -5]
525:61.74, 10:10 [5, 8296, 8936, 8538, 8290, -5]
528:96.95, 9:10 [5, 8648, 8915, 8524, 8733, 8890, -5]
529:125.34, 10:10 [5, 8455, 8375, 8601, 8659, 8414, 8525, -5]
531:106.14, 10:10 [5, 8844, 8322, 8441, 8347, 8450, 8834, -5]
fe: 10, se: 52

Day: 1, Time: 5
Total Cost: 6037.89
 11:66.27, 71:75 [2, 6, -6, -2]
 12:66.27, 42:75 [2, 6, -6, -2]
 13:66.27, 49:75 [2, 6, -6, -2]
 14:151.76, 64:75 [2, 6, 7, -7, -2]
 15:145.23, 55:75 [2, 7, -7, -2]
 16:145.23, 6:75 [2, -7, -2]
 17:66.27, 4:75 [2, -6, -2]
 18:66.27, 4:75 [2, -6, -2]
 20:66.27, 22:75 [2, 6, -6, -2]
 21:151.76, 13:75 [2, -7, 6, -2]
 23:66.27, 9:75 [2, 6, -2]
 24:66.27, 17:75 [2, 6, -6, -2]
 25:66.27, 10:75 [2, 6, -6, -2]
601:91.70, 10:10 [6, 8517, 8801, 8558, 8545, 8945, 8564, 8316, -6]
602:132.98, 4:10 [6, 8854, -6]
603:78.05, 9:10 [6, 8974, 8352, 8595, 8396, 8934, 8739, -6]
604:83.43, 9:10 [6, 8996, 9004, 8837, -6]
605:160.91, 10:10 [6, 8641, 8364, 8442, 8707, 8910, 8485, 8923, 8804, -6]
606:92.98, 10:10 [6, 9012, 8353, 8489, 8711, 8896, -6]
607:108.89, 7:10 [6, 8721, 8827, -6]
608:179.09, 10:10 [6, 8666, 8468, 8884, 8738, 8577, 8502, 8879, 9009, -6]
609:150.33, 4:10 [6, 8924, -6]
610:122.64, 10:10 [6, 8763, 8814, 8355, 8975, 8703, -6]
612:169.75, 9:10 [6, 8319, 8670, 8939, 8712, 8716, 8663, 8990, 8299, -6]
613:89.91, 8:10 [6, 8311, 9021, 8807, 8797, -6]
614:112.65, 10:10 [6, 8490, 8411, 8651, 8625, -6]
615:172.37, 10:10 [6, 8968, 8586, 8702, 8853, 8501, 8998, 8862, 8938, -6]
616:118.16, 10:10 [6, 8345, 8570, 8312, 8349, 8479, -6]
617:32.59, 8:10 [6, 8689, 8645, 8671, -6]
619:105.00, 8:10 [6, 8876, 8706, 8809, -6]
621:149.51, 10:10 [6, 8462, 8552, 8755, 8491, 8554, 8932, 8886, -6]
622:115.85, 10:10 [6, 8427, 8690, 8639, 8454, -6]
623:147.18, 10:10 [6, 8993, 8798, 8379, 8660, 9002, 8460, -6]
625:118.45, 10:10 [6, 8646, 8367, 8314, 8953, 8820, 8617, 8567, -6]
626:124.31, 10:10 [6, 8631, 9000, 8964, 8522, 8882, 8584, 8863, -6]
627:108.44, 10:10 [6, 8592, 8431, 8658, -6]
629:96.78, 7:10 [6, 8950, 8361, 8704, 8775, 8758, -6]
630:116.66, 9:10 [6, 8343, 8656, 8620, 9003, 8463, 8961, 8357, 8528, -6]
632:120.53, 10:10 [6, 8714, 8731, 8369, 8912, 8771, 8851, -6]
633:68.06, 9:10 [6, 8389, 8614, 8826, 8385, -6]
636:160.05, 10:10 [6, 8600, 8765, 8632, 8696, 8779, 8669, 8780, -6]
637:76.02, 10:10 [6, 8874, 8372, 8727, 8334, 8440, 8766, 9014, 9026, -6]
638:48.47, 2:10 [6, 8300, 8788, -6]
640:136.80, 10:10 [6, 8326, 8726, 8566, 8734, 8498, 8360, 8943, -6]
641:50.27, 10:10 [6, 8850, 8408, 8395, -6]
642:100.70, 10:10 [6, 8448, 8589, 8417, 8830, 8778, -6]
644:128.17, 10:10 [6, 8688, 8309, 8856, 8499, -6]
645:45.12, 9:10 [6, 8301, 8987, 8378, 8668, -6]
648:95.93, 9:10 [6, 8461, 8737, 8988, 8724, 8722, -6]
701:59.55, 10:10 [7, 8291, 8536, 8467, 8550, -7]
702:86.86, 6:10 [7, 8795, 8972, -7]
703:89.38, 10:10 [7, 8402, 8618, 8421, 8481, 8398, -7]
704:84.14, 10:10 [7, 8657, 8388, 8860, 8697, 8594, 8451, 8872, -7]
705:44.41, 3:10 [7, 9020, -7]
706:94.34, 8:10 [7, 8691, 8406, 8537, 9017, 8736, -7]
707:77.90, 8:10 [7, 8404, 8634, 8908, 8419, 8699, -7]
708:103.11, 10:10 [7, 8629, 8821, 8609, 8515, -7]
709:52.20, 10:10 [7, 8604, 8753, 8424, 8420, 8678, -7]
710:75.52, 8:10 [7, 8418, 8967, 8473, -7]
711:71.32, 8:10 [7, 8488, 8902, 8623, 8926, -7]
fe: 13, se: 47

Day: 1, Time: 5
Total Cost: 7392.66
 11:94.59, 71:75 [3, 8, -8, -3]
 12:94.59, 3:75 [3, -8, -3]
 13:94.59, 1:75 [3, -8, -3]
 14:90.24, 75:75 [3, 9, -9, -3]
 15:90.24, 54:75 [3, 9, -9, -3]
 16:90.24, 45:75 [3, 9, -9, -3]
 17:90.24, 18:75 [3, 9, -9, -3]
 18:94.59, 37:75 [3, 8, -8, -3]
 19:90.24, 8:75 [3, 9, -9, -3]
 20:94.59, 4:75 [3, -8, -3]
 21:94.59, 2:75 [3, -8, -3]
 22:90.24, 2:75 [3, -9, -3]
 23:90.24, 8:75 [3, 9, -9, -3]
 24:94.59, 2:75 [3, -8, -3]
 31:94.59, 66:75 [3, 8, -8, -3]
801:123.71, 10:10 [8, 8616, 8917, 8504, 8598, 8549, 9007, 8933, 8464, -8]
802:47.52, 7:10 [8, 8328, 8787, 8295, 8681, -8]
803:102.58, 10:10 [8, 8297, 8480, 8470, 8374, -8]
804:126.88, 10:10 [8, 8443, 8805, 8413, 8667, 8865, 8405, 8717, -8]
805:121.59, 9:10 [8, 8346, 8819, 8588, 8615, 8960, 8574, 8976, -8]
806:149.59, 10:10 [8, 8593, 8362, 8533, 8905, -8]
807:107.18, 10:10 [8, 8492, 8644, 8438, 8783, 8957, 8568, 8585, 8534, -8]
808:92.96, 10:10 [8, 8453, 8677, 8675, 8583, -8]
809:57.86, 5:10 [8, 8705, 8900, 8429, 8894, -8]
810:82.80, 10:10 [8, 8363, 8764, 8557, 8701, 8527, -8]
811:119.28, 3:10 [8, 8832, -8]
812:96.83, 4:10 [8, 8963, -8]
813:124.87, 1:10 [8, 9032, -8]
814:92.64, 10:10 [8, 8436, 8435, 8948, 8341, -8]
815:73.75, 7:10 [8, 8302, 8937, 8476, 8829, -8]
816:86.83, 2:10 [8, 8842, -8]
817:87.66, 3:10 [8, 8767, -8]
818:96.08, 2:10 [8, 8875, -8]
819:107.52, 2:10 [8, 8757, -8]
820:66.04, 6:10 [8, 8547, 8899, 8995, -8]
821:82.00, 7:10 [8, 8944, 8808, -8]
822:95.88, 10:10 [8, 8695, 8597, 8519, 8838, 8475, -8]
823:66.98, 10:10 [8, 8982, 9005, 8390, 8723, 8720, -8]
824:89.88, 10:10 [8, 9016, 8812, 8916, 8423, -8]
825:100.46, 10:10 [8, 8608, 8542, 8980, 8415, 8970, 8407, 8509, 8918, -8]
826:90.64, 10:10 [8, 8521, 8861, 8331, 8672, -8]
827:45.21, 10:10 [8, 8914, 8883, 8306, 8867, -8]
828:71.69, 9:10 [8, 8859, 8992, 8643, -8]
829:47.25, 9:10 [8, 8544, 8348, 8458, -8]
901:127.24, 10:10 [9, 8840, 8855, 8893, 8321, -9]
902:55.76, 8:10 [9, 8469, 8298, 8559, 8541, -9]
903:102.08, 2:10 [9, 8782, -9]
904:136.54, 10:10 [9, 8514, 8898, 8335, 8965, 8546, 8909, -9]
905:104.09, 9:10 [9, 8743, 8393, 8796, 8591, -9]
906:71.94, 5:10 [9, 8432, 8381, 8777, 8746, 8810, -9]
908:72.37, 6:10 [9, 8742, 8825, -9]
909:126.14, 10:10 [9, 8661, 8337, 8922, 8512, 8339, 8452, 8870, -9]
910:66.22, 9:10 [9, 8571, 8994, 8784, 8815, 8437, 8794, -9]
911:71.52, 10:10 [9, 8430, 8828, 8619, 8955, 8495, -9]
912:96.06, 9:10 [9, 8446, 8426, 8633, 8456, 8984, -9]
913:89.23, 3:10 [9, 8747, 8732, -9]
914:125.00, 9:10 [9, 8459, 8741, 8958, 8330, 8478, 8983, -9]
915:133.63, 9:10 [9, 8447, 8428, 8956, 8790, 8792, 8613, 8735, -9]
916:73.61, 10:10 [9, 8744, 8642, 8756, 9013, 8578, -9]
917:109.69, 9:10 [9, 8386, 8303, 8684, 8858, 8785, -9]
918:62.53, 5:10 [9, 8871, 8315, 8800, -9]
919:89.42, 7:10 [9, 8770, 8750, -9]
921:54.18, 10:10 [9, 8394, 8507, 8539, -9]
922:123.46, 9:10 [9, 8308, 8941, 8399, 8869, 8572, 8718, 8486, -9]
923:152.85, 10:10 [9, 8889, 8649, 8472, 8569, 8693, 8873, 9034, -9]
925:67.26, 9:10 [9, 8997, 8332, 8636, 8979, -9]
927:135.38, 10:10 [9, 8563, 8493, 8991, 8532, 8951, 8351, 8575, 8959, -9]
928:107.30, 10:10 [9, 8686, 8410, 8573, 8380, -9]
929:107.10, 10:10 [9, 8685, 8317, 8759, 8612, 8897, -9]
930:159.16, 10:10 [9, 9028, 8508, 8710, 8761, 8466, 8531, 8474, -9]
931:94.28, 10:10 [9, 8839, 8425, 8325, 8510, 8350, 8740, -9]
932:189.84, 9:10 [9, 8523, 8833, 9023, 8752, 8505, 8989, 8680, 8903, -9]
933:120.89, 10:10 [9, 8751, 8416, 8370, 8730, 8548, 8745, -9]
935:144.94, 10:10 [9, 8513, 8313, 9018, 8789, 8606, 8849, -9]
936:101.61, 3:10 [9, 8971, -9]
937:78.74, 4:10 [9, 8803, 8962, 8654, 8824, -9]
fe: 15, se: 61

Day: 1, Time: 20
Total Cost: 473.82
 11:94.59, 4:75 [3, -8, -3]
 12:90.24, 6:75 [3, -9, -3]
801:135.10, 4:10 [8, 9551, 10912, -8]
901:49.48, 5:10 [9, 14051, 15373, -9]
902:104.40, 1:10 [9, 10431, -9]
fe: 2, se: 3

Day: 1, Time: 45
Total Cost: 466.98
 11:94.59, 1:75 [3, -8, -3]
 12:90.24, 10:75 [3, -9, -3]
801:113.28, 1:10 [8, 10152, -8]
901:168.86, 10:10 [9, 10702, 15956, 9767, 10634, -9]
fe: 2, se: 2

Day: 1, Time: 50
Total Cost: 265.92
 11:66.27, 7:75 [2, -6, -2]
 12:66.27, 1:75 [2, -6, -2]
601:82.74, 7:10 [6, 16266, 10424, 15704, -6]
602:50.64, 1:10 [6, 16727, -6]
fe: 2, se: 2

Day: 1, Time: 55
Total Cost: 695.29
 11:136.01, 10:75 [1, -4, -1]
 12:136.01, 17:75 [1, -4, -1]
401:175.23, 10:10 [4, 9579, 11428, 11097, 9662, -4]
402:127.21, 9:10 [4, 10468, 14140, 15991, -4]
404:120.83, 8:10 [4, 16194, 13393, 15849, -4]
fe: 2, se: 3

Day: 1, Time: 55
Total Cost: 277.16
 11:66.27, 1:75 [2, -6, -2]
 12:66.27, 8:75 [2, -6, -2]
601:51.42, 1:10 [6, 13590, -6]
602:93.19, 8:10 [6, 14149, 11994, -6]
fe: 2, se: 2

Day: 1, Time: 55
Total Cost: 254.62
 11:94.59, 4:75 [3, -8, -3]
802:160.02, 4:10 [8, 10466, 9714, -8]
fe: 1, se: 1

Day: 1, Time: 60
Total Cost: 165.61
 11:94.59, 1:75 [3, -8, -3]
801:71.02, 1:10 [8, 16361, -8]
fe: 1, se: 1

Day: 1, Time: 80
Total Cost: 664.99
 11:136.01, 3:75 [1, -4, -1]
 12:153.31, 1:75 [1, -5, -1]
 13:153.31, 1:75 [1, -5, -1]
401:65.97, 3:10 [4, 9274, -4]
501:97.53, 1:10 [5, 12894, -5]
502:58.86, 1:10 [5, 10404, -5]
fe: 3, se: 3

Day: 1, Time: 85
Total Cost: 219.01
 11:90.24, 5:75 [3, -9, -3]
901:58.31, 1:10 [9, 16228, -9]
902:70.46, 4:10 [9, 11790, -9]
fe: 1, se: 2

Day: 1, Time: 90
Total Cost: 357.90
 11:66.27, 6:75 [2, -6, -2]
 12:66.27, 4:75 [2, -6, -2]
601:34.66, 4:10 [6, 15050, 14027, -6]
602:125.30, 2:10 [6, 10451, -6]
603:65.39, 4:10 [6, 16650, -6]
fe: 2, se: 3

Day: 1, Time: 95
Total Cost: 479.98
 11:90.24, 14:75 [3, -9, -3]
 13:90.24, 7:75 [3, -9, -3]
901:62.48, 4:10 [9, 15731, -9]
902:147.97, 10:10 [9, 15642, 12002, 16492, -9]
904:27.86, 3:10 [9, 10617, -9]
905:61.19, 4:10 [9, 14141, -9]
fe: 2, se: 4

Day: 1, Time: 110
Total Cost: 464.16
 11:136.01, 4:75 [1, -4, -1]
 12:153.31, 3:75 [1, -5, -1]
401:128.14, 4:10 [4, 16164, -4]
501:46.69, 3:10 [5, 14936, -5]
fe: 2, se: 2

Day: 1, Time: 120
Total Cost: 351.29
 11:66.27, 4:75 [2, -6, -2]
 12:66.27, 4:75 [2, -6, -2]
601:102.36, 4:10 [6, 10335, 10674, 13568, -6]
602:116.39, 4:10 [6, 14648, 13213, -6]
fe: 2, se: 2

Day: 1, Time: 125
Total Cost: 498.40
 11:90.24, 15:75 [3, -9, -3]
 13:90.24, 8:75 [3, -9, -3]
901:179.82, 8:10 [9, 10547, 11785, -9]
902:32.56, 1:10 [9, 12519, -9]
903:74.46, 7:10 [9, 12061, 15192, -9]
904:31.07, 7:10 [9, 13476, 12325, -9]
fe: 2, se: 4

Day: 1, Time: 130
Total Cost: 252.17
 11:136.01, 2:75 [1, -4, -1]
401:116.16, 2:10 [4, 13585, -4]
fe: 1, se: 1

Day: 1, Time: 135
Total Cost: 183.64
 12:153.31, 3:75 [1, -5, -1]
501:24.33, 2:10 [5, 16471, -5]
502:6.00, 1:10 [5, 14818, -5]
fe: 1, se: 2

Day: 1, Time: 150
Total Cost: 307.04
 11:66.27, 8:75 [2, -6, -2]
 12:66.27, 2:75 [2, -6, -2]
601:126.50, 8:10 [6, 9220, 9331, 14965, 15335, -6]
602:48.00, 2:10 [6, 12366, -6]
fe: 2, se: 2

Day: 1, Time: 155
Total Cost: 321.55
 11:66.27, 2:75 [2, -6, -2]
 12:145.23, 4:75 [2, -7, -2]
601:77.79, 2:10 [6, 14060, -6]
701:32.25, 4:10 [7, 14291, -7]
fe: 2, se: 2

Day: 1, Time: 160
Total Cost: 486.94
 11:179.78, 10:75 [1, -5, -4, -1]
 12:136.01, 3:75 [1, -4, -1]
401:34.93, 3:10 [4, 11177, -4]
403:70.00, 3:10 [4, 10165, -4]
502:66.22, 7:10 [5, 14678, 14948, 11621, -5]
fe: 2, se: 3

Day: 1, Time: 170
Total Cost: 275.47
 11:136.01, 9:75 [1, -4, -1]
401:126.03, 8:10 [4, 12077, 10781, 16805, -4]
402:13.42, 1:10 [4, 16206, -4]
fe: 1, se: 2

Day: 1, Time: 170
Total Cost: 442.22
 11:66.27, 9:75 [2, -6, -2]
 12:145.23, 5:75 [2, -7, -2]
601:163.08, 9:10 [6, 15107, 12820, 11195, -6]
701:67.64, 5:10 [7, 10356, 13472, -7]
fe: 2, se: 2

Day: 1, Time: 175
Total Cost: 486.34
 11:90.24, 13:75 [3, -9, -3]
 12:90.24, 1:75 [3, -9, -3]
901:102.11, 5:10 [9, 11758, 16422, -9]
902:173.15, 8:10 [9, 16792, 13765, 13680, 14649, -9]
903:30.59, 1:10 [9, 12621, -9]
fe: 2, se: 3

Day: 1, Time: 180
Total Cost: 402.86
 11:66.27, 2:75 [2, -6, -2]
 12:66.27, 1:75 [2, -6, -2]
601:146.49, 2:10 [6, 14564, -6]
602:123.82, 1:10 [6, 12119, -6]
fe: 2, se: 2

Day: 1, Time: 190
Total Cost: 382.57
 11:113.51, 2:75 [3, -8, -9, -3]
 12:90.24, 1:75 [3, -9, -3]
801:119.33, 1:10 [8, 14579, -8]
901:41.04, 1:10 [9, 14877, -9]
902:18.44, 1:10 [9, 13343, -9]
fe: 2, se: 3

Day: 1, Time: 270
Total Cost: 560.97
 11:179.78, 24:75 [1, -4, -5, -1]
401:153.54, 5:10 [4, 11898, 10599, 9347, -4]
501:75.78, 9:10 [5, 16595, 12945, 12191, 11567, 15465, -5]
502:151.88, 10:10 [5, 12927, 11214, 13264, -5]
fe: 1, se: 3

Day: 1, Time: 275
Total Cost: 688.63
 11:66.27, 48:75 [2, -6, -2]
601:4.00, 2:10 [6, 9935, -6]
602:141.60, 10:10 [6, 12776, 13322, 9752, 14834, 13112, -6]
603:143.94, 9:10 [6, 10004, 14763, 10413, 16971, -6]
604:142.34, 9:10 [6, 14758, 11360, 16167, -6]
605:53.87, 9:10 [6, 13410, 16590, 9819, -6]
606:136.60, 9:10 [6, 15722, 16802, 16551, -6]
fe: 1, se: 6

Day: 1, Time: 285
Total Cost: 782.23
 11:94.59, 17:75 [3, -8, -3]
 12:90.24, 26:75 [3, -9, -3]
801:102.18, 9:10 [8, 9211, 12723, 14493, -8]
803:113.57, 8:10 [8, 13101, 10763, 15602, 13083, -8]
901:138.17, 7:10 [9, 10725, 13733, 15042, 9902, -9]
902:142.32, 10:10 [9, 11789, 13581, 16429, 14991, -9]
903:101.16, 9:10 [9, 15745, 15474, 11179, -9]
fe: 2, se: 5

Day: 1, Time: 325
Total Cost: 1295.93
 11:136.01, 36:75 [1, 4, -4, -1]
 12:153.31, 46:75 [1, 5, -5, -1]
401:56.98, 10:10 [4, 164, 117, 147, -4]
402:124.98, 10:10 [4, 330, 16977, 85, 15, 1741, 14084, 331, -4]
403:86.75, 7:10 [4, 21, 169, 15237, 16509, 13854, -4]
404:145.64, 10:10 [4, 30, 68, 281, 7671, 14, -4]
501:176.21, 9:10 [5, 60, 9508, 323, 185, 11171, 247, 10934, -5]
502:112.48, 10:10 [5, 66, 57, 304, 292, 9879, 33, -5]
503:84.52, 9:10 [5, 92, 42, 94, 14751, 314, -5]
504:75.51, 9:10 [5, 210, 76, 265, 142, -5]
505:143.53, 9:10 [5, 118, 302, 12358, 260, 13528, -5]
fe: 2, se: 9

Day: 1, Time: 360
Total Cost: 736.07
 11:136.01, 25:75 [1, 4, -4, -1]
401:57.31, 7:10 [4, 9497, 7041, -4]
402:162.54, 9:10 [4, 16127, 11493, 15858, -4]
403:127.20, 5:10 [4, 15818, 3100, 15223, -4]
404:119.16, 2:10 [4, 3931, 15275, -4]
405:133.84, 7:10 [4, 16136, 15981, 10984, -4]
fe: 1, se: 5

Day: 1, Time: 360
Total Cost: 979.06
 11:66.27, 48:75 [2, 6, -6, -2]
601:157.90, 10:10 [6, 272, 13240, 110, 16757, 7538, 315, -6]
602:137.98, 9:10 [6, 181, 13904, 77, 6683, 16607, 12844, 138, -6]
603:155.55, 9:10 [6, 152, 13494, 16693, 5361, 139, 13071, -6]
604:82.80, 10:10 [6, 11125, 125, 11693, 14656, -6]
605:77.32, 8:10 [6, 113, 14586, 10017, 9939, 342, 11021, -6]
606:154.82, 9:10 [6, 4653, 11211, 87, 54, 120, 12799, 13417, -6]
609:146.41, 10:10 [6, 135, 67, 3829, 12422, 11279, 273, -6]
fe: 1, se: 7

Day: 1, Time: 365
Total Cost: 980.99
 11:94.59, 22:75 [3, 8, -8, -3]
 12:90.24, 37:75 [3, 9, -9, -3]
801:120.09, 10:10 [8, 11384, 14831, 15182, 137, 9144, -8]
802:144.90, 10:10 [8, 10174, 14825, 298, 14475, 8037, -8]
803:17.20, 3:10 [8, 12813, -8]
901:118.99, 8:10 [9, 3304, 13601, 234, 11968, -9]
902:97.69, 10:10 [9, 12323, 13542, 12484, 12182, -9]
903:122.58, 10:10 [9, 322, 206, 13893, 14735, 10378, 105, -9]
904:82.19, 10:10 [9, 16, 14001, 282, 186, 16210, -9]
905:92.51, 10:10 [9, 336, 160, 31, 12252, -9]
fe: 2, se: 8

Day: 1, Time: 385
Total Cost: 759.23
 11:136.01, 8:75 [1, -4, -1]
 12:153.31, 9:75 [1, -5, -1]
401:175.01, 8:10 [4, 9546, 13005, 15894, 10489, -4]
501:184.23, 7:10 [5, 13775, 10581, 10414, -5]
502:110.67, 2:10 [5, 13435, 16675, -5]
fe: 2, se: 3

Day: 1, Time: 385
Total Cost: 443.27
 11:66.27, 11:75 [2, -6, -2]
601:112.76, 7:10 [6, 10008, 13872, -6]
602:162.08, 2:10 [6, 15687, 12905, -6]
603:102.16, 2:10 [6, 12974, -6]
fe: 1, se: 3

Day: 1, Time: 400
Total Cost: 563.90
 11:136.01, 10:75 [1, -4, -1]
 12:153.31, 2:75 [1, -5, -1]
401:154.54, 10:10 [4, 11778, 14941, 11345, 9975, -4]
501:120.03, 2:10 [5, 13596, -5]
fe: 2, se: 2

Day: 1, Time: 405
Total Cost: 548.24
 11:136.01, 5:75 [1, 4, -1]
 12:153.31, 9:75 [1, 5, -5, -1]
402:110.52, 5:10 [4, 274, 6360, 41, 12, -4]
501:69.89, 5:10 [5, 1645, 324, -5]
502:78.50, 5:10 [5, 11333, 4878, 278, -5]
fe: 2, se: 3

Day: 1, Time: 405
Total Cost: 496.99
 11:66.27, 16:75 [2, 6, -6, -2]
601:127.49, 10:10 [6, 15383, 16181, 584, -6]
602:132.54, 5:10 [6, 200, 25, -6]
603:170.69, 8:10 [6, 245, 112, -6]
fe: 1, se: 3

Day: 1, Time: 405
Total Cost: 1061.72
 11:94.59, 45:75 [3, 8, -8, -3]
 12:90.24, 21:75 [3, 9, -9, -3]
801:108.43, 9:10 [8, 231, 91, 6744, 188, -8]
802:120.82, 6:10 [8, 153, 4511, 12969, -8]
803:104.92, 10:10 [8, 7781, 230, 73, 123, -8]
804:55.69, 4:10 [8, 1761, 124, 9149, -8]
805:89.83, 9:10 [8, 156, 263, 14907, 334, -8]
809:93.92, 9:10 [8, 225, 11720, 310, 126, -8]
901:71.60, 6:10 [9, 3676, 16558, 10067, -9]
902:146.03, 10:10 [9, 1984, 10, 14817, 24, 43, -9]
906:85.64, 9:10 [9, 5370, 192, 291, 128, -9]
fe: 2, se: 9

Day: 1, Time: 410
Total Cost: 434.57
 11:66.27, 9:75 [2, -6, -2]
601:127.12, 1:10 [6, 16827, -6]
603:113.26, 4:10 [6, 11750, 10962, -6]
604:127.92, 4:10 [6, 14478, 9979, -6]
fe: 1, se: 3

Day: 1, Time: 415
Total Cost: 264.96
 11:136.01, 3:75 [1, -4, -1]
401:128.95, 3:10 [4, 15542, -4]
fe: 1, se: 1

Day: 1, Time: 415
Total Cost: 366.15
 11:113.51, 7:75 [3, -8, -9, -3]
801:63.78, 3:10 [8, 10484, -8]
901:62.29, 2:10 [9, 16744, -9]
902:126.57, 2:10 [9, 9201, -9]
fe: 1, se: 3

Day: 1, Time: 420
Total Cost: 196.66
 11:66.27, 1:75 [2, -6, -2]
601:130.38, 1:10 [6, 16601, -6]
fe: 1, se: 1

Day: 1, Time: 420
Total Cost: 352.31
 11:94.59, 3:75 [3, -8, -3]
 12:90.24, 5:75 [3, -9, -3]
801:78.03, 3:10 [8, 14962, -8]
901:89.44, 5:10 [9, 15463, 10151, -9]
fe: 2, se: 2

Day: 1, Time: 445
Total Cost: 166.61
 11:136.01, 3:75 [1, -4, -1]
401:30.59, 3:10 [4, 12788, -4]
fe: 1, se: 1

Day: 1, Time: 450
Total Cost: 221.34
 11:153.31, 3:75 [1, 5, -1]
501:68.03, 3:10 [5, 1927, -5]
fe: 1, se: 1

Day: 1, Time: 450
Total Cost: 609.72
 11:66.27, 34:75 [2, 6, -2]
601:47.20, 3:10 [6, 1475, -6]
602:72.25, 4:10 [6, 309, -6]
603:47.41, 4:10 [6, 145, -6]
604:70.34, 1:10 [6, 335, -6]
605:100.17, 6:10 [6, 214, 7474, -6]
606:156.23, 7:10 [6, 62, 7266, 143, -6]
608:49.84, 9:10 [6, 252, 1778, 3371, -6]
fe: 1, se: 7

Day: 1, Time: 450
Total Cost: 675.71
 11:94.59, 18:75 [3, 8, -3]
 12:90.24, 14:75 [3, 9, -3]
801:119.85, 5:10 [8, 4782, 5450, -8]
802:26.08, 1:10 [8, 4204, -8]
803:126.23, 8:10 [8, 19, 288, 202, -8]
804:44.94, 4:10 [8, 121, -8]
901:14.14, 2:10 [9, 287, -9]
903:108.05, 7:10 [9, 38, 7504, 190, -9]
904:51.58, 5:10 [9, 257, 259, 321, -9]
fe: 2, se: 7

Day: 1, Time: 460
Total Cost: 127.46
 11:66.27, 4:75 [2, 6, -2]
601:61.19, 4:10 [6, 191, -6]
fe: 1, se: 1

Day: 1, Time: 460
Total Cost: 292.86
 11:94.59, 8:75 [3, 8, -3]
801:110.41, 6:10 [8, 96, 39, -8]
802:87.86, 2:10 [8, 5874, -8]
fe: 1, se: 2

Day: 1, Time: 495
Total Cost: 219.48
 11:66.27, 6:75 [2, 6, -2]
601:62.77, 2:10 [6, 29, -6]
602:90.44, 4:10 [6, 167, -6]
fe: 1, se: 2

Day: 1, Time: 495
Total Cost: 149.36
 11:94.59, 6:75 [3, 8, -3]
801:54.77, 6:10 [8, 18, 79, -8]
fe: 1, se: 1


Day	Area	ID	Time	Load	Utilization	NoOrders	AssignmentCost
1	1	27	315	 62	0.83	22	695.00
1	1	28	360	 56	0.75	22	635.00
1	1	128	400	 10	0.07	 3	350.00
1	1	29	405	 12	0.16	 4	195.00
1	1	32	540	 90	1.00	32	780.00
1	1	15	630	 75	1.00	27	825.00
1	1	17	720	 59	0.98	24	798.00
1	1	38	810	 60	1.00	26	810.00
1	1	19	810	 60	1.00	30	810.00
1	2	44	225	 74	0.99	26	815.00
1	2	65	315	 34	0.45	18	415.00
1	2	47	360	  7	0.09	 2	145.00
1	2	146	400	  2	0.01	 1	190.00
1	2	51	540	 72	0.80	23	636.00
1	2	52	585	 62	0.83	20	695.00
1	2	53	630	 73	0.97	27	805.00
1	2	57	810	 60	1.00	36	810.00
1	2	76	810	 60	1.00	30	810.00
1	3	101	225	 19	0.25	15	265.00
1	3	82	225	 73	0.97	27	805.00
1	3	163	300	 12	0.08	 6	390.00
1	3	104	360	 13	0.17	 5	205.00
1	3	89	540	 60	0.67	17	540.00
1	3	109	585	 54	0.72	18	615.00
1	3	110	630	 61	0.81	23	685.00
1	3	91	630	 74	0.99	22	815.00
1	3	94	765	 44	0.73	12	618.00
1	3	114	810	 60	1.00	34	810.00
1	3	95	810	 60	1.00	33	810.00


Day	Area	Time	Pickup	Delivery	Direct	FEVehicles	SEVehicles	ALNSTime	ALNSBestTime	RoutingCostArea
1	1	0	111	140	0	10	52	430.75	362.14	6821.22
1	1	55	10	0	0	2	3	0.73	0.00	695.29
1	1	80	3	0	0	3	3	0.49	0.00	664.99
1	1	110	2	0	0	2	2	0.33	0.00	464.16
1	1	130	1	0	1	1	1	0.20	0.00	752.17
1	1	135	2	0	0	1	2	0.35	0.03	183.64
1	1	160	5	0	0	2	3	0.60	0.00	486.94
1	1	170	4	0	1	1	2	0.37	0.00	775.47
1	1	270	11	0	0	1	3	0.97	0.00	560.97
1	1	325	12	35	0	2	9	6.25	1.98	1295.93
1	1	360	10	3	0	1	5	1.24	0.03	736.07
1	1	385	9	0	0	2	3	0.91	0.00	759.23
1	1	400	5	0	0	2	2	0.46	0.00	563.90
1	1	405	1	8	0	2	3	0.72	0.00	548.24
1	1	415	1	0	0	1	1	0.20	0.00	264.96
1	1	445	1	0	0	1	1	0.20	0.00	166.61
1	1	450	0	1	0	1	1	0.19	0.00	221.34
1	2	5	101	127	0	13	47	172.36	0.00	6037.89
1	2	50	4	0	0	2	2	0.59	0.00	265.92
1	2	55	3	0	0	2	2	0.36	0.00	277.16
1	2	90	4	0	0	2	3	0.46	0.00	357.90
1	2	120	5	0	0	2	2	0.44	0.00	351.29
1	2	150	5	0	0	2	2	0.51	0.00	307.04
1	2	155	2	0	0	2	2	0.31	0.00	321.55
1	2	170	5	0	0	2	2	0.55	0.00	442.22
1	2	180	2	0	0	2	2	0.33	0.00	402.86
1	2	275	19	0	0	1	6	1.95	1.23	688.63
1	2	360	20	22	0	1	7	7.08	4.88	979.06
1	2	385	5	0	0	1	3	0.45	0.00	443.27
1	2	405	2	5	0	1	3	0.59	0.00	496.99
1	2	410	5	0	0	1	3	0.48	0.00	434.57
1	2	420	1	0	0	1	1	0.20	0.00	196.66
1	2	450	0	12	0	1	7	1.20	0.20	609.72
1	2	460	0	1	0	1	1	0.19	0.00	127.46
1	2	495	0	2	0	1	2	0.23	0.00	219.48
1	3	5	123	143	0	15	61	533.39	436.59	7392.66
1	3	20	5	0	0	2	3	0.56	0.01	473.82
1	3	45	5	0	0	2	2	0.62	0.00	466.98
1	3	55	2	0	0	1	1	0.26	0.00	254.62
1	3	60	1	0	0	1	1	0.20	0.00	165.61
1	3	85	2	0	0	1	2	0.31	0.00	219.01
1	3	95	6	0	0	2	4	0.56	0.00	479.98
1	3	125	7	0	0	2	4	0.70	0.44	498.40
1	3	175	7	0	0	2	3	0.71	0.00	486.34
1	3	190	3	0	0	2	3	0.46	0.00	382.57
1	3	285	18	0	0	2	5	1.31	0.00	782.23
1	3	365	20	14	0	2	8	3.62	0.56	980.99
1	3	405	7	27	0	2	9	2.65	0.00	1061.72
1	3	415	3	0	0	1	3	0.39	0.00	366.15
1	3	420	3	0	0	2	2	0.40	0.00	352.31
1	3	450	0	14	0	2	7	0.87	0.00	675.71
1	3	460	0	3	0	1	2	0.26	0.00	292.86
1	3	495	0	2	0	1	1	0.24	0.00	149.36

Day	SL	Own	DispatchTimes	AssignmentCost	RoutingCost	TotalCost
1	26	3	35	17777.00	44402.11	62179.11

Total Cost: 62179.108012183766
Cost per Day: 62179.108012183766
Running time in Seconds: 1795.924
Running time in minutes: 29.932066666666667