INSTANCE: 3hubs_MSD_A_28_x.csv
PARAMETER: sp_msd_tight_20_120_3hubs.txt
POLICY: Stochastic Programming
ALPHA: 0.285609962862699
BETA: 52
OMEGA: 586
EPSILON: 1.02479357612294

Day: 1, Time: 0
Total Cost: 5754.40
 11:136.01, 73:75 [1, 4, -4, -1]
 12:136.01, 27:75 [1, 4, -4, -1]
 13:153.31, 69:75 [1, 5, -5, -1]
 15:136.01, 10:75 [1, -4, -1]
 16:153.31, 40:75 [1, 5, -5, -1]
 17:153.31, 28:75 [1, 5, -5, -1]
 18:136.01, 22:75 [1, -4, -1]
 19:136.01, 10:75 [1, -4, -1]
401:32.63, 10:10 [4, 8928, 8870, 8800, -4]
402:143.39, 4:10 [4, 8953, -4]
403:87.24, 10:10 [4, 8876, 8909, 8802, 8734, 8871, -4]
404:159.02, 3:10 [4, 8793, -4]
405:71.13, 9:10 [4, 8610, 8537, 8591, -4]
406:121.08, 8:10 [4, 8795, 8926, 8857, 8822, 8668, -4]
407:114.58, 10:10 [4, 8659, 8549, 8686, -4]
408:174.58, 9:10 [4, 8609, 8587, 8557, -4]
409:145.82, 8:10 [4, 8569, 8550, 8528, -4]
410:42.56, 8:10 [4, 8944, 8697, -4]
411:115.46, 10:10 [4, 8603, 8633, 8551, -4]
412:82.69, 9:10 [4, 8694, 8834, 9005, 8775, -4]
413:132.01, 10:10 [4, 8880, 8739, 8780, -4]
414:80.47, 9:10 [4, 8663, 8654, 8693, -4]
415:37.95, 10:10 [4, 8883, 8958, 8797, -4]
416:96.63, 10:10 [4, 8627, 8695, 8658, 8534, -4]
417:82.40, 6:10 [4, 8813, 8701, 8963, -4]
418:64.65, 10:10 [4, 8747, 8912, 8839, -4]
419:119.26, 10:10 [4, 8903, 8878, 8860, 8765, 8733, -4]
420:74.12, 10:10 [4, 8769, 8891, 8791, -4]
421:164.13, 10:10 [4, 8741, 8727, 8916, 8921, -4]
422:6.32, 4:10 [4, 8968, -4]
423:130.46, 9:10 [4, 8786, 8768, 8777, -4]
424:133.94, 10:10 [4, 8531, 8687, 8540, 8602, -4]
425:69.88, 8:10 [4, 9002, 8900, 8917, 8897, -4]
429:119.80, 9:10 [4, 8709, 8865, 8836, 8703, -4]
501:126.02, 2:10 [5, 8731, -5]
502:68.65, 10:10 [5, 8852, 8705, 8914, 8955, -5]
503:129.59, 10:10 [5, 8593, 8608, 8910, 8665, 8568, -5]
504:90.42, 9:10 [5, 8712, 8969, 8938, 8811, -5]
505:99.52, 10:10 [5, 8948, 8711, 8708, 8904, 8983, -5]
506:66.70, 7:10 [5, 8527, 8586, 8580, -5]
507:99.09, 10:10 [5, 8637, 8521, 8666, 8584, -5]
508:113.13, 9:10 [5, 8863, 9006, 8946, -5]
509:52.00, 9:10 [5, 8896, 8840, 8809, 8874, -5]
510:61.50, 10:10 [5, 8901, 8844, 8740, 8725, -5]
511:57.01, 8:10 [5, 8579, 8520, -5]
512:95.22, 10:10 [5, 8583, 8536, 8578, -5]
513:141.45, 10:10 [5, 8752, 8773, 8991, 8555, 8824, -5]
514:112.90, 7:10 [5, 8831, 8924, 8905, -5]
515:113.22, 9:10 [5, 8838, 8814, 8908, 8721, 8565, -5]
516:133.37, 9:10 [5, 8941, 9001, 8716, 8875, 8854, -5]
517:55.78, 6:10 [5, 8751, 8873, 8700, -5]
518:81.76, 8:10 [5, 8617, 8570, 8675, -5]
519:8.25, 4:10 [5, 8971, -5]
520:195.25, 10:10 [5, 8575, 8606, 8529, 8640, 8867, -5]
523:60.71, 9:10 [5, 8681, 8653, 8559, -5]
524:50.65, 9:10 [5, 8943, 8535, 9003, 8884, 8949, -5]
fe: 8, se: 48

Day: 1, Time: 5
Total Cost: 5723.20
 11:66.27, 73:75 [2, 6, -6, -2]
 12:145.23, 53:75 [2, 7, -7, -2]
 13:66.27, 12:75 [2, 6, -6, -2]
 14:66.27, 30:75 [2, 6, -6, -2]
 15:66.27, 28:75 [2, 6, -6, -2]
 16:66.27, 13:75 [2, -6, -2]
 17:66.27, 14:75 [2, -6, -2]
 24:66.27, 9:75 [2, -6, -2]
 25:66.27, 10:75 [2, -6, -2]
 26:151.76, 12:75 [2, -7, 6, -2]
 27:66.27, 9:75 [2, -6, -2]
 35:66.27, 14:75 [2, -6, -2]
 37:66.27, 14:75 [2, -6, -2]
601:28.40, 8:10 [6, 8523, 8650, 8677, -6]
602:113.10, 10:10 [6, 8846, 12777, 8872, -6]
603:119.82, 10:10 [6, 8947, 8750, 8726, -6]
604:64.47, 10:10 [6, 8798, 8927, 8999, 8952, -6]
605:136.01, 10:10 [6, 8837, 8820, 8763, 8899, -6]
606:101.65, 10:10 [6, 9000, 8977, 8704, 8757, 8830, -6]
607:124.26, 4:10 [6, 8760, -6]
608:50.55, 10:10 [6, 8887, 8827, 8576, 8730, 8749, -6]
609:103.01, 10:10 [6, 8607, 8886, 8738, 8825, 8961, -6]
610:117.32, 10:10 [6, 8577, 8631, 8539, -6]
611:154.86, 8:10 [6, 8894, 8976, -6]
612:144.18, 4:10 [6, 8810, -6]
613:121.14, 10:10 [6, 8781, 8855, 8723, 8945, 8989, -6]
614:153.91, 3:10 [6, 8847, 8713, -6]
615:120.83, 4:10 [6, 8974, -6]
616:86.09, 9:10 [6, 8702, 8975, 8915, -6]
617:39.45, 8:10 [6, 8667, 8696, -6]
618:129.32, 2:10 [6, 8755, -6]
619:84.26, 9:10 [6, 8620, 8630, 8532, -6]
620:21.27, 6:10 [6, 8657, 8554, -6]
621:99.94, 10:10 [6, 8729, 8932, 8851, 8826, -6]
622:84.25, 10:10 [6, 8992, 8994, 8774, 8859, -6]
623:106.36, 10:10 [6, 8906, 8823, 8758, -6]
624:48.00, 9:10 [6, 8754, 14711, 8728, 8864, -6]
625:125.13, 10:10 [6, 8599, 8538, 8611, 8601, -6]
626:61.08, 8:10 [6, 8562, 8564, 8652, -6]
627:137.93, 4:10 [6, 8858, -6]
628:129.96, 9:10 [6, 8890, 8845, 8888, 8784, -6]
629:68.50, 10:10 [6, 8710, 8807, 8732, 8707, 8770, -6]
630:129.53, 10:10 [6, 8589, 8623, 8644, -6]
631:92.56, 9:10 [6, 8995, 8951, 8812, -6]
632:134.90, 10:10 [6, 8556, 8618, 8629, 8573, 8619, -6]
633:123.78, 10:10 [6, 8843, 8717, 16623, 8581, 8574, -6]
634:104.93, 9:10 [6, 8746, 8935, 8967, 8881, -6]
635:141.51, 10:10 [6, 8985, 8736, 8649, 8715, 8940, -6]
638:161.62, 10:10 [6, 9009, 8841, 8821, 8656, 8776, -6]
639:90.71, 10:10 [6, 8861, 8868, 8756, 8850, 8964, 8724, -6]
701:64.51, 8:10 [7, 8966, 8950, 8962, -7]
702:115.56, 10:10 [7, 8634, 8613, 8552, 8626, 8596, -7]
703:55.61, 4:10 [7, 8621, -7]
704:84.12, 10:10 [7, 8571, 8530, 8567, 8638, 8542, -7]
705:58.93, 7:10 [7, 8862, 8930, -7]
706:57.31, 2:10 [7, 8918, -7]
707:67.23, 9:10 [7, 8604, 8524, 8698, -7]
708:68.35, 3:10 [7, 8782, -7]
709:39.97, 5:10 [7, 8902, 8804, -7]
710:56.63, 5:10 [7, 8893, 8942, -7]
711:74.57, 10:10 [7, 8879, 9007, 8828, -7]
712:30.07, 8:10 [7, 8913, 8722, -7]
714:69.77, 7:10 [7, 8764, 8853, 8762, -7]
fe: 13, se: 50

Day: 1, Time: 5
Total Cost: 5747.97
 11:94.59, 51:75 [3, 8, -8, -3]
 12:94.59, 33:75 [3, 8, -8, -3]
 13:94.59, 10:75 [3, 8, -8, -3]
 14:94.59, 54:75 [3, 8, -8, -3]
 15:94.59, 10:75 [3, -8, -3]
 16:94.59, 18:75 [3, -8, -3]
 17:90.24, 72:75 [3, 9, -9, -3]
 18:90.24, 20:75 [3, 9, -9, -3]
 19:90.24, 3:75 [3, -9, -3]
 20:90.24, 4:75 [3, -9, -3]
 21:90.24, 10:75 [3, -9, -3]
801:84.34, 6:10 [8, 8744, 8789, -8]
802:95.86, 10:10 [8, 8869, 8892, 8585, 8833, 8817, 8907, 8920, -8]
803:167.48, 10:10 [8, 8645, 8799, 8572, 8648, 8682, 8965, 8641, -8]
804:161.17, 10:10 [8, 8625, 8525, 8669, 8612, 8639, 8643, -8]
805:69.28, 10:10 [8, 8646, 8684, 8647, 8533, 8614, -8]
806:108.22, 9:10 [8, 8993, 8815, 8745, 8558, -8]
808:63.17, 8:10 [8, 8808, 8803, 8973, 8923, -8]
809:86.02, 4:10 [8, 8714, -8]
810:108.37, 10:10 [8, 8980, 8635, 8848, 8866, -8]
811:92.26, 9:10 [8, 8674, 8642, 8545, 8624, -8]
813:41.81, 10:10 [8, 8882, 8937, 8761, -8]
814:86.34, 10:10 [8, 8622, 8632, 8597, -8]
815:112.66, 7:10 [8, 8978, 8688, 8691, -8]
817:83.16, 7:10 [8, 8616, 8636, 8600, -8]
818:118.56, 10:10 [8, 8981, 8720, 8931, 8779, -8]
819:129.17, 6:10 [8, 8783, 8819, -8]
820:110.95, 9:10 [8, 8743, 8718, 8987, 8990, -8]
821:99.72, 8:10 [8, 8996, 8662, 8671, -8]
822:110.04, 10:10 [8, 8889, 8526, 8790, 8615, -8]
824:123.69, 10:10 [8, 8785, 8816, 8818, 8766, -8]
825:120.28, 10:10 [8, 8801, 8582, 8960, 8849, 8742, -8]
826:79.17, 9:10 [8, 8957, 8933, 8934, -8]
827:18.11, 8:10 [8, 8832, 8856, -8]
828:109.03, 9:10 [8, 8835, 8939, 8590, 8972, 8664, 8676, -8]
829:109.07, 9:10 [8, 8829, 8771, 8735, 8706, 8806, -8]
901:119.93, 9:10 [9, 8737, 8788, 8997, 8984, -9]
902:89.89, 3:10 [9, 8919, -9]
903:91.02, 10:10 [9, 8522, 8628, 8598, -9]
904:81.52, 8:10 [9, 9004, 8895, 8778, 9917, -9]
905:120.75, 3:10 [9, 8986, -9]
906:139.81, 10:10 [9, 8672, 8592, 8548, 8651, -9]
907:98.24, 10:10 [9, 8673, 8692, 8543, -9]
908:92.17, 10:10 [9, 8678, 8699, 8605, 8560, -9]
909:98.29, 10:10 [9, 8936, 8911, 8753, 8792, 8842, -9]
910:118.47, 10:10 [9, 8954, 8959, 8979, 8970, 8885, -9]
911:100.68, 9:10 [9, 8655, 8683, 8594, -9]
912:99.67, 9:10 [9, 8670, 8689, 8660, -9]
913:38.80, 4:10 [9, 8566, 8561, -9]
914:134.95, 4:10 [9, 8988, -9]
915:101.59, 10:10 [9, 8925, 8719, 8982, 8767, -9]
916:89.45, 3:10 [9, 8998, 8794, -9]
917:57.04, 10:10 [9, 8547, 8553, 8546, 8680, -9]
918:55.56, 5:10 [9, 8796, 8805, -9]
919:88.68, 10:10 [9, 8588, 8541, 8679, 8661, -9]
920:115.45, 4:10 [9, 8748, -9]
921:112.59, 10:10 [9, 8898, 8787, 8877, 8772, 9008, -9]
922:150.43, 10:10 [9, 8690, 8563, 8685, 8544, 8595, -9]
926:46.28, 6:10 [9, 8759, 8922, 8929, 8956, -9]
fe: 11, se: 48

Day: 1, Time: 25
Total Cost: 340.19
 11:66.27, 15:75 [2, -6, -2]
601:79.12, 4:10 [6, 13286, -6]
602:104.40, 3:10 [6, 12839, -6]
603:90.40, 8:10 [6, 16107, 14542, -6]
fe: 1, se: 3

Day: 1, Time: 25
Total Cost: 490.01
 11:94.59, 12:75 [3, -8, -3]
 12:90.24, 11:75 [3, -9, -3]
801:80.47, 8:10 [8, 17144, 12015, 11267, -8]
802:32.98, 4:10 [8, 11721, -8]
901:101.19, 5:10 [9, 15832, 13503, -9]
902:90.52, 6:10 [9, 9397, 11003, -9]
fe: 2, se: 4

Day: 1, Time: 30
Total Cost: 202.71
 11:153.31, 1:75 [1, -5, -1]
501:49.40, 1:10 [5, 10857, -5]
fe: 1, se: 1

Day: 1, Time: 30
Total Cost: 218.74
 11:66.27, 5:75 [2, -6, -2]
601:40.45, 3:10 [6, 17082, -6]
602:112.02, 2:10 [6, 9612, -6]
fe: 1, se: 2

Day: 1, Time: 30
Total Cost: 331.94
 11:94.59, 5:75 [3, -8, -3]
 12:90.24, 1:75 [3, -9, -3]
801:45.89, 5:10 [8, 16380, 9636, -8]
901:101.21, 1:10 [9, 10324, -9]
fe: 2, se: 2

Day: 1, Time: 40
Total Cost: 504.11
 11:94.59, 10:75 [3, -8, -3]
 12:90.24, 2:75 [3, -9, -3]
801:111.53, 6:10 [8, 14595, 12564, -8]
802:100.92, 4:10 [8, 16972, 14883, -8]
901:106.82, 2:10 [9, 12443, 13021, -9]
fe: 2, se: 3

Day: 1, Time: 45
Total Cost: 264.07
 11:94.59, 7:75 [3, -8, -3]
801:86.02, 3:10 [8, 14768, -8]
802:83.45, 4:10 [8, 16475, -8]
fe: 1, se: 2

Day: 1, Time: 50
Total Cost: 344.38
 11:94.59, 4:75 [3, -8, -3]
 12:90.24, 3:75 [3, -9, -3]
801:58.41, 4:10 [8, 16607, -8]
901:101.13, 3:10 [9, 12431, -9]
fe: 2, se: 2

Day: 1, Time: 60
Total Cost: 291.19
 11:66.27, 11:75 [2, -6, -2]
601:71.39, 3:10 [6, 15243, -6]
602:92.65, 2:10 [6, 12742, -6]
603:60.88, 6:10 [6, 13777, 13820, 14941, -6]
fe: 1, se: 3

Day: 1, Time: 70
Total Cost: 399.39
 12:90.24, 11:75 [3, -9, -3]
901:138.26, 4:10 [9, 16025, 15230, -9]
902:40.79, 4:10 [9, 12722, -9]
903:130.10, 3:10 [9, 14562, 14088, -9]
fe: 1, se: 3

Day: 1, Time: 85
Total Cost: 401.76
 11:136.01, 10:75 [1, -4, -1]
 12:153.31, 2:75 [1, -5, -1]
401:66.04, 10:10 [4, 15981, 13397, 11196, 9868, -4]
501:46.39, 2:10 [5, 11286, -5]
fe: 2, se: 2

Day: 1, Time: 85
Total Cost: 472.51
 11:66.27, 6:75 [2, -6, -2]
 12:145.23, 4:75 [2, -7, -2]
601:110.66, 4:10 [6, 12175, 16554, -6]
602:111.52, 2:10 [6, 15819, -6]
701:38.83, 4:10 [7, 17195, -7]
fe: 2, se: 3

Day: 1, Time: 90
Total Cost: 215.60
 11:153.31, 1:75 [1, -5, -1]
501:62.29, 1:10 [5, 16669, -5]
fe: 1, se: 1

Day: 1, Time: 90
Total Cost: 306.98
 11:66.27, 7:75 [2, -6, -2]
601:130.00, 2:10 [6, 9318, -6]
602:110.71, 5:10 [6, 9475, 16163, -6]
fe: 1, se: 2

Day: 1, Time: 95
Total Cost: 291.26
 11:136.01, 3:75 [1, -4, -1]
401:155.24, 3:10 [4, 16761, -4]
fe: 1, se: 1

Day: 1, Time: 95
Total Cost: 200.92
 11:90.24, 8:75 [3, -9, -3]
901:110.67, 8:10 [9, 13413, 15557, -9]
fe: 1, se: 1

Day: 1, Time: 100
Total Cost: 290.84
 11:153.31, 5:75 [1, -5, -1]
501:137.53, 5:10 [5, 13341, 12714, -5]
fe: 1, se: 1

Day: 1, Time: 100
Total Cost: 435.97
 11:66.27, 4:75 [2, -6, -2]
 12:66.27, 3:75 [2, -6, -2]
601:62.80, 4:10 [6, 11542, -6]
602:108.68, 2:10 [6, 16414, -6]
603:131.94, 1:10 [6, 16462, -6]
fe: 2, se: 3

Day: 1, Time: 105
Total Cost: 263.66
 11:153.31, 2:75 [1, -5, -1]
501:110.34, 2:10 [5, 9379, -5]
fe: 1, se: 1

Day: 1, Time: 105
Total Cost: 221.86
 11:66.27, 6:75 [2, -6, -2]
601:65.15, 4:10 [6, 9593, -6]
602:90.44, 2:10 [6, 15842, -6]
fe: 1, se: 2

Day: 1, Time: 105
Total Cost: 324.53
 11:94.59, 2:75 [3, -8, -3]
 12:94.59, 3:75 [3, -8, -3]
801:77.18, 2:10 [8, 14676, -8]
802:34.00, 2:10 [8, 15102, -8]
803:24.17, 1:10 [8, 14782, -8]
fe: 2, se: 3

Day: 1, Time: 110
Total Cost: 129.83
 11:66.27, 4:75 [2, -6, -2]
601:63.56, 4:10 [6, 11841, -6]
fe: 1, se: 1

Day: 1, Time: 110
Total Cost: 220.12
 11:94.59, 1:75 [3, -8, -3]
 12:90.24, 1:75 [3, -9, -3]
801:28.07, 1:10 [8, 10512, -8]
901:7.21, 1:10 [9, 12926, -9]
fe: 2, se: 2

Day: 1, Time: 115
Total Cost: 916.41
 11:136.01, 10:75 [1, -4, -1]
 12:136.01, 5:75 [1, -4, -1]
 13:153.31, 2:75 [1, -5, -1]
401:62.80, 6:10 [4, 16756, 14114, -4]
402:48.41, 4:10 [4, 16612, -4]
403:140.79, 4:10 [4, 10237, 16328, -4]
404:154.31, 1:10 [4, 13845, -4]
501:84.76, 2:10 [5, 14882, -5]
fe: 3, se: 5

Day: 1, Time: 115
Total Cost: 304.52
 11:90.24, 1:75 [3, -9, -3]
 12:90.24, 4:75 [3, -9, -3]
901:89.11, 1:10 [9, 13676, -9]
902:34.93, 4:10 [9, 12740, -9]
fe: 2, se: 2

Day: 1, Time: 120
Total Cost: 267.08
 11:153.31, 2:75 [1, -5, -1]
501:113.77, 2:10 [5, 15096, -5]
fe: 1, se: 1

Day: 1, Time: 130
Total Cost: 279.49
 11:66.27, 6:75 [2, -6, -2]
 12:66.27, 1:75 [2, -6, -2]
601:82.92, 6:10 [6, 15907, 14572, -6]
602:64.03, 1:10 [6, 16345, -6]
fe: 2, se: 2

Day: 1, Time: 130
Total Cost: 323.28
 11:94.59, 3:75 [3, -8, -3]
 12:90.24, 5:75 [3, -9, -3]
801:18.97, 3:10 [8, 12586, -8]
901:119.47, 5:10 [9, 9287, 14578, -9]
fe: 2, se: 2

Day: 1, Time: 135
Total Cost: 126.30
 11:90.24, 3:75 [3, -9, -3]
901:36.06, 3:10 [9, 14378, -9]
fe: 1, se: 1

Day: 1, Time: 140
Total Cost: 419.86
 11:153.31, 1:75 [1, -5, -1]
 12:136.01, 3:75 [1, -4, -1]
401:88.77, 3:10 [4, 15377, -4]
501:41.76, 1:10 [5, 10953, -5]
fe: 2, se: 2

Day: 1, Time: 140
Total Cost: 208.48
 11:145.23, 2:75 [2, -7, -2]
701:63.25, 2:10 [7, 14197, -7]
fe: 1, se: 1

Day: 1, Time: 145
Total Cost: 201.33
 11:94.59, 3:75 [3, -8, -3]
801:106.73, 3:10 [8, 16152, -8]
fe: 1, se: 1

Day: 1, Time: 150
Total Cost: 195.48
 11:136.01, 2:75 [1, -4, -1]
401:59.46, 2:10 [4, 15580, -4]
fe: 1, se: 1

Day: 1, Time: 155
Total Cost: 370.14
 11:136.01, 4:75 [1, -4, -1]
 12:136.01, 4:75 [1, -4, -1]
401:80.22, 4:10 [4, 13889, -4]
402:17.89, 4:10 [4, 12415, -4]
fe: 2, se: 2

Day: 1, Time: 160
Total Cost: 246.65
 11:136.01, 2:75 [1, -4, -1]
401:110.63, 2:10 [4, 15356, -4]
fe: 1, se: 1

Day: 1, Time: 165
Total Cost: 176.52
 11:90.24, 3:75 [3, -9, -3]
901:86.28, 3:10 [9, 14759, -9]
fe: 1, se: 1

Day: 1, Time: 170
Total Cost: 92.35
 11:66.27, 4:75 [2, -6, -2]
601:26.08, 4:10 [6, 14140, -6]
fe: 1, se: 1

Day: 1, Time: 175
Total Cost: 345.49
 11:66.27, 3:75 [2, -6, -2]
 12:145.23, 4:75 [2, -7, -2]
601:112.45, 3:10 [6, 13053, -6]
701:21.54, 4:10 [7, 9930, -7]
fe: 2, se: 2

Day: 1, Time: 175
Total Cost: 220.67
 11:90.24, 4:75 [3, -9, -3]
901:130.43, 4:10 [9, 15850, -9]
fe: 1, se: 1

Day: 1, Time: 295
Total Cost: 969.38
 11:136.01, 29:75 [1, 4, -4, -1]
 12:153.31, 25:75 [1, 5, -5, -1]
402:109.91, 9:10 [4, 16784, 16909, 17032, 14027, -4]
403:143.37, 10:10 [4, 14104, 84, 13253, 9596, 12613, -4]
404:118.50, 10:10 [4, 11880, 15900, 12901, -4]
501:88.02, 10:10 [5, 304, 10551, 15770, 11658, 237, 15693, -5]
502:78.98, 9:10 [5, 13427, 5852, 9902, 169, -5]
503:141.28, 9:10 [5, 14384, 284, 14702, 16501, 10616, 10657, 16837, -5]
fe: 2, se: 6

Day: 1, Time: 300
Total Cost: 1049.28
 11:66.27, 55:75 [2, -6, -2]
 12:145.23, 23:75 [2, -7, -2]
601:69.77, 8:10 [6, 9398, 16969, 16499, -6]
602:63.46, 10:10 [6, 15173, 11202, 10894, -6]
603:133.31, 9:10 [6, 16716, 16401, 14873, 13917, -6]
604:133.50, 10:10 [6, 9146, 16564, 14626, 14270, -6]
605:127.97, 9:10 [6, 16170, 12398, 15864, 13862, -6]
607:37.38, 9:10 [6, 14049, 15070, 14548, -6]
701:119.73, 10:10 [7, 15702, 12341, 13583, -7]
702:64.51, 3:10 [7, 12364, 11773, 14972, -7]
703:88.15, 10:10 [7, 13135, 9725, 10915, 12453, -7]
fe: 2, se: 9

Day: 1, Time: 300
Total Cost: 1009.35
 12:90.24, 61:75 [3, 9, -9, -3]
901:155.74, 10:10 [9, 13735, 4596, 70, 9870, 9182, -9]
902:102.14, 8:10 [9, 12966, 4149, 216, -9]
903:130.27, 9:10 [9, 302, 12069, 17093, 16024, -9]
904:129.59, 10:10 [9, 15808, 108, 309, 13387, 13798, 11583, -9]
905:149.73, 10:10 [9, 9675, 262, 9995, 13709, -9]
907:104.54, 10:10 [9, 13025, 16476, 13105, 10080, -9]
908:147.09, 10:10 [9, 16421, 16613, 7417, 133, 12054, 9619, 11431, 13785, -9]
fe: 1, se: 7

Day: 1, Time: 320
Total Cost: 1615.10
 11:136.01, 66:75 [1, 4, -1]
 13:153.31, 52:75 [1, 5, -5, -1]
401:53.45, 7:10 [4, 261, 7917, -4]
402:136.48, 10:10 [4, 2577, 122, 68, 74, -4]
403:68.94, 10:10 [4, 247, 160, 243, -4]
404:77.67, 9:10 [4, 7785, 178, 5087, 308, -4]
405:88.54, 10:10 [4, 266, 129, 93, 296, -4]
406:116.80, 10:10 [4, 12, 138, 272, -4]
407:82.09, 10:10 [4, 192, 7690, 5130, -4]
501:57.73, 3:10 [5, 94, 276, -5]
503:176.67, 10:10 [5, 707, 40, 11255, 239, 298, -5]
505:98.56, 10:10 [5, 3031, 16030, 285, 69, 8454, -5]
506:90.04, 10:10 [5, 16059, 203, 229, 106, -5]
511:109.04, 10:10 [5, 228, 7142, 99, 8392, 16587, 274, -5]
520:169.75, 10:10 [5, 24, 163, 14820, 15620, 11641, 244, 197, -5]
fe: 2, se: 13

Day: 1, Time: 360
Total Cost: 1790.84
 11:136.01, 74:75 [1, 4, -4, -1]
 13:153.31, 62:75 [1, 5, -5, -1]
401:106.54, 10:10 [4, 6092, 30, 16364, 6412, 73, 10577, -4]
402:61.73, 9:10 [4, 1227, 67, 156, 8165, -4]
403:142.09, 10:10 [4, 257, 153, 189, 12509, 97, -4]
404:37.60, 6:10 [4, 60, 117, -4]
405:174.66, 10:10 [4, 102, 299, 241, 63, 38, -4]
406:149.61, 10:10 [4, 3874, 10077, 208, 250, 80, -4]
407:54.34, 9:10 [4, 142, 64, 17, -4]
408:100.15, 10:10 [4, 89, 25, 91, 307, 14845, 310, -4]
501:80.83, 10:10 [5, 195, 318, 88, 14, -5]
502:11.66, 3:10 [5, 191, -5]
503:124.74, 10:10 [5, 5688, 4236, 11337, 42, 182, -5]
504:107.52, 10:10 [5, 4050, 17099, 235, 289, 46, -5]
505:83.31, 10:10 [5, 277, 3896, 130, 8440, 16087, -5]
506:113.44, 10:10 [5, 187, 27, 1822, 56, 36, 4331, -5]
507:153.30, 9:10 [5, 287, 294, 280, 221, -5]
fe: 2, se: 15

Day: 1, Time: 365
Total Cost: 1650.60
 11:94.59, 69:75 [3, 8, -8, -3]
 12:90.24, 75:75 [3, 9, -9, -3]
801:87.37, 10:10 [8, 223, 13952, 188, 43, 18, 13392, 7933, -8]
802:105.08, 10:10 [8, 4087, 3151, 13896, 11057, 225, -8]
803:5.66, 4:10 [8, 286, -8]
804:101.98, 9:10 [8, 59, 23, 66, 10254, 32, -8]
805:104.71, 9:10 [8, 165, 4052, 17209, 51, 200, 157, 12721, 33, -8]
806:115.57, 7:10 [8, 6251, 240, 171, 14332, 17163, 7655, 11311, -8]
807:125.23, 10:10 [8, 227, 11109, 255, 313, 922, 602, 6509, 16080, -8]
808:103.20, 10:10 [8, 295, 198, 16995, 168, -8]
901:82.35, 9:10 [9, 253, 6021, 5450, -9]
902:31.72, 8:10 [9, 212, 209, -9]
903:104.49, 10:10 [9, 172, 305, 92, 15977, -9]
904:83.11, 10:10 [9, 6553, 20, 96, 279, -9]
905:82.94, 8:10 [9, 120, 137, -9]
906:139.83, 10:10 [9, 146, 114, 34, 174, 14557, 260, 211, -9]
907:91.52, 10:10 [9, 140, 155, 72, 245, 65, -9]
909:101.01, 10:10 [9, 317, 3453, 12225, 2852, -9]
fe: 2, se: 16

Day: 1, Time: 375
Total Cost: 1465.33
 11:66.27, 71:75 [2, 6, -6, -2]
 12:145.23, 52:75 [2, 7, -2]
601:89.02, 10:10 [6, 54, 292, 3325, 293, 154, -6]
602:86.26, 9:10 [6, 215, 104, 1055, 2313, 9953, -6]
603:122.95, 10:10 [6, 3753, 166, 10069, 2167, 1634, 115, 9732, 314, -6]
604:111.28, 8:10 [6, 210, 12313, 232, 22, 213, 13614, -6]
605:112.40, 10:10 [6, 312, 9370, 110, 150, 10646, 14392, 291, -6]
606:129.16, 10:10 [6, 5905, 170, 29, 10331, 9622, 71, -6]
607:46.29, 4:10 [6, 47, 21, -6]
610:104.94, 10:10 [6, 175, 267, 4813, 119, 10928, 82, -6]
701:46.57, 10:10 [7, 226, 6078, 238, 2596, -7]
702:66.92, 8:10 [7, 41, 2717, 77, -7]
703:30.22, 6:10 [7, 180, 946, -7]
704:90.66, 10:10 [7, 234, 264, 205, 269, 248, -7]
705:161.02, 10:10 [7, 206, 6193, 58, 3741, -7]
706:56.15, 8:10 [7, 207, 98, 246, 152, -7]
fe: 2, se: 14

Day: 1, Time: 405
Total Cost: 1750.79
 11:136.01, 43:75 [1, 4, -4, -1]
 13:153.31, 31:75 [1, 5, -5, -1]
401:79.96, 6:10 [4, 249, 5882, 202, -4]
402:103.93, 7:10 [4, 15213, 7335, -4]
403:52.44, 5:10 [4, 196, 12825, 9277, -4]
404:75.49, 10:10 [4, 12845, 15646, 271, 135, -4]
405:179.99, 4:10 [4, 7772, 628, 139, -4]
408:43.88, 3:10 [4, 5507, 233, -4]
409:54.63, 3:10 [4, 14300, 145, 151, -4]
410:126.98, 7:10 [4, 4986, 204, 127, 6540, -4]
411:132.50, 10:10 [4, 300, 297, 7864, 5986, -4]
501:54.96, 10:10 [5, 13585, 13030, 4032, -5]
502:84.85, 10:10 [5, 16062, 143, 199, -5]
503:135.39, 6:10 [5, 53, 55, 4399, -5]
504:54.09, 4:10 [5, 8505, 11440, -5]
505:149.58, 10:10 [5, 282, 785, 217, 303, -5]
506:132.80, 4:10 [5, 13270, -5]
fe: 2, se: 15

Day: 1, Time: 405
Total Cost: 1958.90
 11:66.27, 75:75 [2, 6, -6, -2]
 12:66.27, 29:75 [2, 6, -2]
 13:145.23, 24:75 [2, 7, -7, -2]
601:141.18, 9:10 [6, 111, 116, 2263, 35, -6]
602:153.12, 10:10 [6, 126, 7979, 278, 125, 95, -6]
603:88.13, 9:10 [6, 76, 128, 236, 159, -6]
604:53.25, 10:10 [6, 118, 100, 193, -6]
605:140.72, 10:10 [6, 113, 79, 4723, 52, -6]
606:134.80, 9:10 [6, 6890, 144, 5424, 13591, 181, -6]
607:162.60, 4:10 [6, 13094, 173, -6]
608:101.21, 10:10 [6, 15914, 263, 158, 28, -6]
609:102.33, 10:10 [6, 219, 5398, 6867, 5872, -6]
611:121.55, 9:10 [6, 11395, 90, 11970, 13, -6]
612:89.53, 9:10 [6, 7922, 283, 290, -6]
616:130.92, 10:10 [6, 179, 149, 14029, 45, -6]
701:68.13, 6:10 [7, 16441, 123, 270, -7]
702:29.12, 4:10 [7, 315, -7]
703:71.78, 3:10 [7, 10507, 16, 44, -7]
706:39.57, 10:10 [7, 259, 5947, 78, -7]
707:53.18, 10:10 [7, 10665, 81, 11775, 176, -7]
fe: 3, se: 17

Day: 1, Time: 405
Total Cost: 1345.97
 11:94.59, 38:75 [3, 8, -8, -3]
 12:90.24, 46:75 [3, 9, -9, -3]
801:128.32, 7:10 [8, 214, 184, -8]
802:96.43, 5:10 [8, 105, 316, -8]
803:83.21, 10:10 [8, 15145, 222, 103, 48, -8]
804:90.62, 10:10 [8, 242, 7129, 319, -8]
805:105.24, 9:10 [8, 161, 12792, 3485, 7217, 112, -8]
901:108.91, 9:10 [9, 85, 132, 7152, 49, -9]
902:101.75, 4:10 [9, 11374, 8066, 15506, -9]
903:108.71, 9:10 [9, 107, 186, 190, -9]
904:118.26, 8:10 [9, 15553, 3725, 16203, 167, -9]
906:105.43, 9:10 [9, 12549, 141, 273, 131, 7473, -9]
907:114.28, 10:10 [9, 39, 256, 7724, 13904, 37, -9]
fe: 2, se: 11

Day: 1, Time: 415
Total Cost: 339.57
 11:113.51, 9:75 [3, -8, -9, -3]
801:100.96, 3:10 [8, 15357, -8]
901:125.10, 6:10 [9, 14528, 12091, -9]
fe: 1, se: 2

Day: 1, Time: 450
Total Cost: 260.73
 11:153.31, 3:75 [1, 5, -1]
501:107.42, 3:10 [5, 136, -5]
fe: 1, se: 1

Day: 1, Time: 450
Total Cost: 1133.71
 11:66.27, 69:75 [2, 6, -6, -2]
 13:145.23, 11:75 [2, 7, -2]
601:108.03, 4:10 [6, 13996, 265, -6]
602:159.36, 7:10 [6, 4024, 61, 6069, -6]
603:71.02, 10:10 [6, 50, 4651, 281, -6]
604:16.49, 3:10 [6, 75, -6]
605:64.60, 9:10 [6, 185, 183, 194, -6]
606:69.25, 9:10 [6, 57, 2506, 31, -6]
607:89.69, 9:10 [6, 26, 201, 87, -6]
608:112.71, 10:10 [6, 6406, 597, 19, -6]
609:125.78, 10:10 [6, 6687, 5199, 7462, -6]
701:61.47, 8:10 [7, 15, 268, 301, -7]
702:43.82, 3:10 [7, 218, 224, -7]
fe: 2, se: 11

Day: 1, Time: 450
Total Cost: 904.02
 11:94.59, 18:75 [3, 8, -3]
 12:90.24, 36:75 [3, 9, -9, -3]
801:114.17, 9:10 [8, 148, 121, 11, -8]
802:28.86, 5:10 [8, 101, 4707, -8]
804:68.68, 2:10 [8, 7291, 124, -8]
805:43.91, 2:10 [8, 251, -8]
901:94.58, 7:10 [9, 258, 164, 8071, -9]
902:39.31, 2:10 [9, 15534, 311, -9]
906:75.76, 8:10 [9, 162, 254, -9]
907:116.16, 7:10 [9, 689, 11316, 1178, -9]
908:42.07, 5:10 [9, 10, 62, -9]
910:95.68, 9:10 [9, 6192, 1240, 83, -9]
fe: 2, se: 10

Day: 1, Time: 460
Total Cost: 147.03
 11:66.27, 5:75 [2, 6, -2]
601:80.76, 5:10 [6, 7160, 7638, -6]
fe: 1, se: 1

Day: 1, Time: 460
Total Cost: 222.67
 12:90.24, 6:75 [3, 9, -3]
901:32.56, 2:10 [9, 6666, -9]
902:99.87, 4:10 [9, 1547, 5155, -9]
fe: 1, se: 2


Day	Area	ID	Time	Load	Utilization	NoOrders	AssignmentCost
1	1	 6	225	 25	0.42	 8	325.00
1	1	127	300	 49	0.41	31	1130.00
1	1	 8	315	 60	1.00	28	675.00
1	1	27	315	 60	1.00	16	675.00
1	1	 9	360	 60	1.00	21	675.00
1	1	28	360	 60	1.00	24	675.00
1	1	119	400	  7	0.06	 4	290.00
1	1	37	765	 35	0.73	15	510.00
1	1	38	810	 48	1.00	17	666.00
1	1	19	810	 48	1.00	21	666.00
1	2	135	200	 50	0.42	16	1150.00
1	2	44	225	 60	1.00	26	675.00
1	2	63	225	 60	1.00	21	675.00
1	2	45	270	 60	1.00	25	675.00
1	2	64	270	 60	1.00	24	675.00
1	2	46	315	 58	0.97	25	655.00
1	2	66	360	  7	0.12	 2	145.00
1	2	51	540	  3	0.04	 1	84.00
1	2	53	630	 48	0.80	16	555.00
1	2	76	810	 48	1.00	21	666.00
1	2	57	810	 48	1.00	20	666.00
1	3	101	225	 47	0.78	17	545.00
1	3	82	225	 56	0.93	20	635.00
1	3	83	270	 47	0.78	21	545.00
1	3	102	270	 57	0.95	26	645.00
1	3	84	315	 58	0.97	23	655.00
1	3	103	315	 50	0.83	23	575.00
1	3	104	360	 10	0.17	 3	175.00
1	3	164	400	  4	0.03	 1	230.00
1	3	91	630	 45	0.75	13	525.00
1	3	95	810	 48	1.00	21	666.00
1	3	114	810	 48	1.00	26	666.00


Day	Area	Time	Pickup	Delivery	Direct	FEVehicles	SEVehicles	ALNSTime	ALNSBestTime	RoutingCostArea
1	1	0	105	58	0	8	48	142.47	105.65	5754.40
1	1	30	1	0	0	1	1	0.19	0.00	202.71
1	1	85	5	0	2	2	2	0.69	0.00	1401.76
1	1	90	1	0	0	1	1	0.23	0.00	215.60
1	1	95	1	0	0	1	1	0.25	0.00	291.26
1	1	100	2	0	0	1	1	0.39	0.00	290.84
1	1	105	1	0	0	1	1	0.26	0.00	263.66
1	1	115	7	0	0	3	5	0.95	0.00	916.41
1	1	120	1	0	0	1	1	0.26	0.00	267.08
1	1	135	0	0	1	0	0	0.00	0.00	500.00
1	1	140	2	0	0	2	2	0.41	0.00	419.86
1	1	150	1	0	0	1	1	0.24	0.00	195.48
1	1	155	2	0	0	2	2	0.49	0.00	370.14
1	1	160	1	0	0	1	1	0.25	0.00	246.65
1	1	165	0	0	1	0	0	0.00	0.00	500.00
1	1	170	0	0	2	0	0	0.00	0.00	1000.00
1	1	295	23	6	0	2	6	3.05	1.60	969.38
1	1	320	7	45	0	2	13	18.07	11.26	1615.10
1	1	360	8	58	0	2	15	18.02	13.93	1790.84
1	1	405	11	33	0	2	15	7.86	0.00	1750.79
1	1	450	0	1	0	1	1	0.22	0.00	260.73
1	2	5	111	48	0	13	50	134.34	73.95	5723.20
1	2	25	4	0	0	1	3	0.41	0.00	340.19
1	2	30	2	0	0	1	2	0.35	0.00	218.74
1	2	60	5	0	0	1	3	0.97	0.00	291.19
1	2	85	4	0	0	2	3	0.45	0.00	472.51
1	2	90	3	0	0	1	2	0.47	0.00	306.98
1	2	100	3	0	0	2	3	0.52	0.00	435.97
1	2	105	2	0	0	1	2	0.31	0.00	221.86
1	2	110	1	0	0	1	1	0.24	0.00	129.83
1	2	130	3	0	0	2	2	0.49	0.00	279.49
1	2	135	0	0	1	0	0	0.00	0.00	500.00
1	2	140	1	0	0	1	1	0.24	0.00	208.48
1	2	170	1	0	1	1	1	0.23	0.00	592.35
1	2	175	2	0	0	2	2	0.51	0.00	345.49
1	2	300	31	0	0	2	9	6.97	5.29	1049.28
1	2	375	11	56	0	2	14	22.47	18.18	1465.33
1	2	405	10	50	0	3	17	11.74	8.24	1958.90
1	2	450	1	28	0	2	11	3.13	0.90	1133.71
1	2	460	0	2	0	1	1	0.26	0.00	147.03
1	3	5	98	74	0	11	48	121.45	80.31	5747.97
1	3	25	8	0	0	2	4	0.69	0.00	490.01
1	3	30	3	0	0	2	2	0.36	0.00	331.94
1	3	40	6	0	0	2	3	0.40	0.00	504.11
1	3	45	2	0	0	1	2	0.26	0.00	264.07
1	3	50	2	0	0	2	2	0.40	0.00	344.38
1	3	70	5	0	0	1	3	0.65	0.00	399.39
1	3	95	2	0	0	1	1	0.34	0.00	200.92
1	3	105	3	0	0	2	3	0.37	0.00	324.53
1	3	110	2	0	0	2	2	0.55	0.00	220.12
1	3	115	2	0	0	2	2	0.27	0.00	304.52
1	3	130	3	0	0	2	2	0.44	0.00	323.28
1	3	135	1	0	0	1	1	0.27	0.00	126.30
1	3	145	1	0	0	1	1	0.34	0.00	201.33
1	3	165	1	0	1	1	1	0.25	0.00	676.52
1	3	175	1	0	0	1	1	0.18	0.00	220.67
1	3	300	24	10	0	1	7	6.80	4.24	1009.35
1	3	365	16	60	0	2	16	31.25	19.17	1650.60
1	3	405	8	32	0	2	11	3.91	0.34	1345.97
1	3	415	3	0	0	1	2	0.46	0.00	339.57
1	3	450	2	21	0	2	10	1.69	0.00	904.02
1	3	460	0	3	0	1	2	0.30	0.00	222.67

Day	SL	Own	DispatchTimes	AssignmentCost	RoutingCost	TotalCost
1	28	4	40	18770.00	51195.46	69965.46

Total Cost: 69965.45789674489
Cost per Day: 69965.45789674489
Running time in Seconds: 21532.35
Running time in minutes: 358.8725