INSTANCE: 3hubs_MSD_A_39_x.csv
PARAMETER: sp_msd_tight_20_120_3hubs.txt
POLICY: Stochastic Programming
ALPHA: 0.285609962862699
BETA: 52
OMEGA: 586
EPSILON: 1.02479357612294

Day: 1, Time: 0
Total Cost: 5808.86
 11:136.01, 54:75 [1, 4, -4, -1]
 12:136.01, 40:75 [1, 4, -4, -1]
 13:136.01, 25:75 [1, 4, -4, -1]
 14:153.31, 55:75 [1, 5, -5, -1]
 15:153.31, 57:75 [1, 5, -5, -1]
 16:153.31, 20:75 [1, -5, -1]
 17:153.31, 7:75 [1, 5, -5, -1]
 18:136.01, 29:75 [1, -4, -1]
401:151.60, 9:10 [4, 11107, 8779, 8879, 8712, -4]
402:87.96, 8:10 [4, 8553, 8667, 8523, -4]
403:17.73, 6:10 [4, 8536, 8548, -4]
404:65.96, 10:10 [4, 8996, 8897, 8865, 8797, -4]
405:71.98, 9:10 [4, 8989, 8940, 8972, 8745, -4]
406:93.14, 10:10 [4, 8669, 8676, 8685, 8656, -4]
407:126.67, 10:10 [4, 8534, 8957, 8748, 8937, 8726, -4]
408:124.53, 9:10 [4, 8640, 8655, 8687, -4]
409:84.86, 10:10 [4, 8962, 8942, 8874, 8948, 8806, -4]
410:75.39, 10:10 [4, 8923, 8768, 8753, 8831, -4]
411:173.50, 9:10 [4, 8924, 8800, 8867, 8689, -4]
413:138.06, 6:10 [4, 8974, 8724, -4]
414:124.94, 9:10 [4, 8758, 8826, 9002, -4]
415:84.98, 10:10 [4, 8704, 8855, 8820, 8872, -4]
416:24.13, 6:10 [4, 8832, 8802, -4]
417:141.96, 9:10 [4, 8799, 8943, 8828, 8680, -4]
418:173.65, 10:10 [4, 8807, 8827, 8589, 8767, -4]
419:133.54, 10:10 [4, 8741, 8984, 8936, -4]
420:124.16, 10:10 [4, 8570, 8572, 8629, -4]
421:145.08, 10:10 [4, 8666, 8635, 8622, 8528, 8664, -4]
422:66.62, 9:10 [4, 8661, 8979, 8769, 8976, 8707, 8928, -4]
423:94.36, 9:10 [4, 8713, 8718, 8986, -4]
424:86.51, 10:10 [4, 8792, 8890, 8734, -4]
501:4.47, 2:10 [5, 8953, -5]
502:8.94, 3:10 [5, 8646, -5]
503:109.05, 9:10 [5, 8934, 8995, 8777, -5]
504:59.96, 8:10 [5, 8893, 8973, -5]
505:85.70, 10:10 [5, 8784, 8858, 8782, 8730, -5]
506:131.11, 10:10 [5, 8668, 8533, 8596, 8564, -5]
507:154.89, 9:10 [5, 8869, 9003, 8789, -5]
508:144.59, 9:10 [5, 8647, 8645, 8609, 8593, -5]
510:91.04, 8:10 [5, 8912, 8866, 8886, 8947, -5]
511:110.49, 9:10 [5, 8853, 15936, 8815, 8892, -5]
512:60.17, 10:10 [5, 8665, 8550, 8684, 8538, -5]
513:146.17, 10:10 [5, 8633, 8627, 8670, 8643, 8563, -5]
514:102.83, 7:10 [5, 8814, 8742, 9007, 8966, 8908, -5]
516:141.90, 10:10 [5, 8717, 8543, 8698, -5]
517:40.29, 10:10 [5, 8701, 8873, 8811, -5]
518:73.31, 9:10 [5, 8977, 8710, 8883, 8843, -5]
519:86.65, 9:10 [5, 8871, 9008, 8705, 8569, 8945, -5]
520:148.86, 3:10 [5, 8819, -5]
521:55.64, 10:10 [5, 8793, 8998, 8860, 8781, -5]
522:52.24, 10:10 [5, 8939, 8988, 8882, 8794, -5]
523:129.35, 10:10 [5, 8688, 8617, 8694, 8657, 8520, -5]
524:134.24, 3:10 [5, 8796, -5]
525:63.92, 9:10 [5, 8963, 8864, 8951, 8837, -5]
526:104.45, 10:10 [5, 8686, 8737, 8896, 8540, -5]
fe: 8, se: 47

Day: 1, Time: 5
Total Cost: 255.49
 11:153.31, 3:75 [1, -5, -1]
501:102.18, 3:10 [5, 13385, -5]
fe: 1, se: 1

Day: 1, Time: 5
Total Cost: 5305.73
 11:66.27, 65:75 [2, 6, -6, -2]
 12:66.27, 68:75 [2, 6, -6, -2]
 13:66.27, 36:75 [2, -6, -2]
 18:145.23, 45:75 [2, 7, -7, -2]
 26:66.27, 19:75 [2, 6, -6, -2]
 29:145.23, 70:75 [2, 7, -7, -2]
 36:66.27, 11:75 [2, -6, -2]
 38:66.27, 9:75 [2, -6, -2]
 42:66.27, 19:75 [2, 6, -6, -2]
 47:66.27, 4:75 [2, -6, -2]
 48:66.27, 10:75 [2, 6, -6, -2]
 57:66.27, 8:75 [2, -6, -2]
601:68.12, 5:10 [6, 8567, 8706, 8524, 8610, 8531, -6]
602:149.31, 4:10 [6, 8906, -6]
603:81.40, 9:10 [6, 8772, 8721, 8895, 8764, -6]
604:110.31, 5:10 [6, 8885, 8960, -6]
605:118.27, 10:10 [6, 8987, 8990, 8854, 8791, 8822, -6]
606:116.61, 10:10 [6, 8595, 8542, 8650, 8818, 8554, 8522, -6]
607:126.52, 10:10 [6, 8626, 8600, 8683, 8547, 8546, -6]
608:117.03, 8:10 [6, 8594, 8624, 8605, 8587, -6]
609:130.55, 1:10 [6, 8803, -6]
610:76.94, 9:10 [6, 8532, 8616, 8586, 8607, -6]
611:81.66, 10:10 [6, 8919, 14477, 8790, 8774, -6]
612:144.14, 2:10 [6, 8999, -6]
613:10.00, 3:10 [6, 8691, -6]
614:94.55, 9:10 [6, 8838, 8993, 8636, 8711, 8778, -6]
615:111.00, 8:10 [6, 8959, 8967, -6]
616:151.18, 1:10 [6, 8983, -6]
617:115.74, 4:10 [6, 8763, -6]
618:71.35, 9:10 [6, 8840, 8877, 8863, 8728, -6]
619:79.08, 10:10 [6, 8761, 8926, 8916, 8932, 8736, -6]
620:116.30, 9:10 [6, 8733, 8878, 8929, 8801, -6]
621:132.00, 10:10 [6, 8997, 8575, 8644, 8927, 8773, -6]
622:124.57, 10:10 [6, 8985, 8824, 8968, 8839, 8965, 8775, 8823, -6]
623:74.45, 10:10 [6, 8674, 8527, 8618, 8675, -6]
624:86.85, 10:10 [6, 8638, 8577, 8630, 8660, -6]
625:20.17, 8:10 [6, 8757, 8833, -6]
626:106.98, 10:10 [6, 15170, 8903, 8700, 8702, -6]
627:132.63, 10:10 [6, 8579, 8623, 8590, 8581, 8578, -6]
628:62.85, 10:10 [6, 16496, 8834, 8754, 8894, -6]
629:123.63, 2:10 [6, 8910, -6]
631:167.21, 10:10 [6, 9494, 8659, 8621, 8606, 8625, -6]
632:72.64, 10:10 [6, 8703, 8788, 8821, 8992, 8915, -6]
633:72.36, 7:10 [6, 8859, 8958, -6]
639:103.60, 10:10 [6, 8852, 8555, 8798, 8759, -6]
648:55.22, 7:10 [6, 8901, 8849, 8875, -6]
701:48.37, 3:10 [7, 8850, -7]
702:65.45, 10:10 [7, 9006, 8738, 8861, -7]
703:119.85, 9:10 [7, 8641, 8580, 8597, 8584, 8652, -7]
704:96.85, 10:10 [7, 8530, 8544, 8549, 8619, -7]
705:8.00, 4:10 [7, 8755, -7]
706:31.11, 2:10 [7, 8739, -7]
707:23.16, 6:10 [7, 8690, 8679, -7]
708:88.95, 10:10 [7, 8648, 8529, 8568, 8612, -7]
709:104.53, 10:10 [7, 8559, 8642, 8682, 8599, 8692, -7]
710:38.43, 10:10 [7, 8835, 8938, 8868, -7]
712:49.41, 10:10 [7, 8956, 8870, 8969, 8810, 8723, -7]
713:68.98, 8:10 [7, 8735, 8905, 8907, -7]
714:74.25, 10:10 [7, 8817, 8743, 8842, -7]
715:67.43, 8:10 [7, 8727, 8719, 8829, 8944, -7]
717:62.54, 10:10 [7, 8961, 8876, 8970, 8592, 8857, -7]
fe: 12, se: 49

Day: 1, Time: 5
Total Cost: 5086.10
 11:94.59, 75:75 [3, 8, -8, -3]
 12:94.59, 23:75 [3, -8, -3]
 13:90.24, 52:75 [3, -9, -3]
 14:94.59, 13:75 [3, -8, -3]
 15:90.24, 62:75 [3, 9, -9, -3]
 16:94.59, 28:75 [3, 8, -8, -3]
 21:90.24, 15:75 [3, 9, -9, -3]
 26:90.24, 12:75 [3, -9, -3]
801:94.59, 3:10 [8, 8862, -8]
802:66.63, 8:10 [8, 8994, 8786, 8881, -8]
803:118.19, 10:10 [8, 8913, 8744, 8556, 8954, 8732, 8762, -8]
804:105.05, 10:10 [8, 8964, 8845, 8950, 8816, -8]
805:88.00, 2:10 [8, 8714, -8]
806:53.58, 9:10 [8, 8526, 8604, 8537, -8]
807:110.37, 9:10 [8, 8608, 8557, 8525, 8720, 8662, -8]
808:151.53, 10:10 [8, 8891, 8560, 8602, 8573, 8535, 8620, -8]
809:113.42, 10:10 [8, 8566, 8551, 8856, 8933, 8888, -8]
810:25.18, 6:10 [8, 8848, 8749, -8]
812:112.56, 10:10 [8, 8693, 8697, 8695, 8671, 8541, -8]
813:137.08, 10:10 [8, 8946, 8715, 8847, 8729, -8]
814:91.16, 9:10 [8, 8917, 8914, 8766, 8880, -8]
816:44.34, 8:10 [8, 8809, 8900, -8]
817:114.97, 9:10 [8, 8614, 8654, 8585, 8521, -8]
818:84.74, 5:10 [8, 8725, 9000, -8]
819:99.39, 10:10 [8, 8751, 8884, 8889, -8]
820:30.01, 7:10 [8, 8639, 8651, -8]
821:88.41, 10:10 [8, 8991, 8771, 8740, 8804, -8]
823:70.07, 10:10 [8, 8780, 8935, 9004, -8]
825:160.57, 10:10 [8, 8673, 8615, 8576, 8545, 8561, -8]
828:133.36, 10:10 [8, 8574, 8672, 8613, 8588, 8699, -8]
901:90.01, 10:10 [9, 8611, 8558, 8552, 8632, -9]
902:134.72, 10:10 [9, 8813, 8921, 8981, 8783, 8805, -9]
903:90.18, 9:10 [9, 8899, 8978, 8836, 8931, -9]
904:76.60, 10:10 [9, 8812, 9005, 8776, -9]
905:36.15, 9:10 [9, 8631, 8634, 8601, -9]
906:48.06, 9:10 [9, 8591, 8603, 8565, -9]
907:110.65, 10:10 [9, 8696, 8663, 8582, 8598, 8562, -9]
908:133.54, 10:10 [9, 8971, 8830, 8887, 8746, 8765, -9]
909:136.52, 10:10 [9, 8678, 8571, 8628, 8658, -9]
910:90.97, 4:10 [9, 8980, -9]
911:89.89, 2:10 [9, 8760, -9]
912:94.76, 2:10 [9, 8716, -9]
913:123.43, 10:10 [9, 8752, 8787, 8841, 8653, -9]
914:135.41, 10:10 [9, 8925, 8909, 8941, 8747, 8637, -9]
915:36.77, 4:10 [9, 8952, -9]
916:68.63, 10:10 [9, 8795, 8756, 8708, 9009, 8709, -9]
917:78.79, 8:10 [9, 8825, 8770, 8920, 8844, -9]
918:123.79, 10:10 [9, 9001, 8851, 8677, -9]
920:50.52, 8:10 [9, 8846, 8681, -9]
921:78.97, 10:10 [9, 8902, 8975, 8949, 8930, 8722, -9]
922:99.82, 10:10 [9, 8649, 8539, 8583, -9]
923:93.04, 4:10 [9, 8731, -9]
924:83.86, 10:10 [9, 8898, 8955, 8808, -9]
925:68.71, 10:10 [9, 8918, 8982, 8750, 8904, -9]
926:79.78, 10:10 [9, 8785, 8911, 8922, -9]
fe: 8, se: 47

Day: 1, Time: 10
Total Cost: 210.94
 11:145.23, 3:75 [2, -7, -2]
701:65.71, 3:10 [7, 14143, 14760, -7]
fe: 1, se: 1

Day: 1, Time: 25
Total Cost: 300.54
 12:153.31, 10:75 [1, -5, -1]
501:50.89, 3:10 [5, 14631, 10432, -5]
502:76.54, 4:10 [5, 15656, 17079, -5]
503:19.80, 3:10 [5, 15246, -5]
fe: 1, se: 3

Day: 1, Time: 30
Total Cost: 394.11
 11:94.59, 13:75 [3, -8, -3]
801:108.46, 2:10 [8, 16693, -8]
802:87.80, 7:10 [8, 15756, 10595, -8]
803:103.25, 4:10 [8, 15435, -8]
fe: 1, se: 3

Day: 1, Time: 35
Total Cost: 183.04
 11:153.31, 2:75 [1, -5, -1]
501:29.73, 2:10 [5, 11397, -5]
fe: 1, se: 1

Day: 1, Time: 45
Total Cost: 309.10
 11:94.59, 4:75 [3, -8, -3]
 12:90.24, 3:75 [3, -9, -3]
801:43.86, 4:10 [8, 13768, -8]
901:80.40, 3:10 [9, 10063, -9]
fe: 2, se: 2

Day: 1, Time: 55
Total Cost: 731.95
 11:153.31, 4:75 [1, -5, -1]
 12:153.31, 2:75 [1, -5, -1]
 13:136.01, 4:75 [1, -4, -1]
401:136.06, 4:10 [4, 9823, -4]
501:27.20, 1:10 [5, 14818, -5]
502:67.91, 4:10 [5, 16575, -5]
503:58.14, 1:10 [5, 10682, -5]
fe: 3, se: 4

Day: 1, Time: 55
Total Cost: 381.39
 11:66.27, 10:75 [2, -6, -2]
 12:145.23, 2:75 [2, -7, -2]
601:131.68, 10:10 [6, 13805, 17112, 10327, 14076, -6]
701:38.21, 2:10 [7, 16139, -7]
fe: 2, se: 2

Day: 1, Time: 60
Total Cost: 309.19
 11:94.59, 3:75 [3, -8, -3]
 12:90.24, 4:75 [3, -9, -3]
801:67.08, 3:10 [8, 13232, -8]
901:57.27, 4:10 [9, 10652, -9]
fe: 2, se: 2

Day: 1, Time: 70
Total Cost: 766.20
 11:136.01, 15:75 [1, -4, -1]
 13:153.31, 5:75 [1, -5, -1]
 14:153.31, 4:75 [1, -5, -1]
401:45.64, 6:10 [4, 13606, 16465, 14203, -4]
402:44.30, 7:10 [4, 13572, 12616, -4]
403:78.43, 2:10 [4, 11178, -4]
501:57.35, 5:10 [5, 12774, 15185, -5]
502:97.84, 4:10 [5, 10758, -5]
fe: 3, se: 5

Day: 1, Time: 80
Total Cost: 389.09
 11:66.27, 7:75 [2, -6, -2]
 12:66.27, 7:75 [2, -6, -2]
601:150.18, 7:10 [6, 10971, 13637, 9852, -6]
602:71.39, 4:10 [6, 10893, -6]
603:34.99, 3:10 [6, 16447, -6]
fe: 2, se: 3

Day: 1, Time: 90
Total Cost: 540.17
 11:136.01, 3:75 [1, -4, -1]
 12:153.31, 3:75 [1, -5, -1]
401:38.47, 1:10 [4, 14232, -4]
402:68.41, 1:10 [4, 12643, -4]
403:65.12, 1:10 [4, 10247, -4]
501:60.96, 1:10 [5, 10705, -5]
502:17.89, 2:10 [5, 16661, -5]
fe: 2, se: 5

Day: 1, Time: 90
Total Cost: 387.15
 11:94.59, 4:75 [3, -8, -3]
 12:90.24, 1:75 [3, -9, -3]
801:82.02, 3:10 [8, 11591, -8]
802:76.11, 1:10 [8, 11926, -8]
901:44.18, 1:10 [9, 14166, -9]
fe: 2, se: 3

Day: 1, Time: 95
Total Cost: 621.35
 11:66.27, 6:75 [2, -6, -2]
 12:66.27, 3:75 [2, -6, -2]
 13:145.23, 4:75 [2, -7, -2]
601:134.42, 2:10 [6, 11159, -6]
602:36.06, 3:10 [6, 12873, -6]
603:120.49, 4:10 [6, 16482, 13990, -6]
701:52.61, 4:10 [7, 15877, -7]
fe: 3, se: 4

Day: 1, Time: 100
Total Cost: 210.98
 11:136.01, 1:75 [1, -4, -1]
401:74.97, 1:10 [4, 14400, -4]
fe: 1, se: 1

Day: 1, Time: 110
Total Cost: 420.01
 11:136.01, 1:75 [1, -4, -1]
 12:153.31, 2:75 [1, -5, -1]
401:105.62, 1:10 [4, 13112, -4]
501:25.06, 2:10 [5, 13646, -5]
fe: 2, se: 2

Day: 1, Time: 110
Total Cost: 279.52
 11:66.27, 5:75 [2, -6, -2]
 12:66.27, 2:75 [2, -6, -2]
601:52.11, 5:10 [6, 11786, 9174, -6]
602:94.87, 2:10 [6, 13849, -6]
fe: 2, se: 2

Day: 1, Time: 110
Total Cost: 318.40
 11:94.59, 1:75 [3, -8, -3]
 12:90.24, 3:75 [3, -9, -3]
801:68.26, 1:10 [8, 12577, -8]
901:65.30, 3:10 [9, 14478, -9]
fe: 2, se: 2

Day: 1, Time: 115
Total Cost: 321.50
 11:153.31, 6:75 [1, -5, -1]
501:168.19, 6:10 [5, 12915, 13765, -5]
fe: 1, se: 1

Day: 1, Time: 115
Total Cost: 136.61
 11:66.27, 2:75 [2, -6, -2]
601:70.34, 2:10 [6, 12940, -6]
fe: 1, se: 1

Day: 1, Time: 120
Total Cost: 193.51
 11:153.31, 2:75 [1, -5, -1]
501:40.20, 2:10 [5, 14293, -5]
fe: 1, se: 1

Day: 1, Time: 120
Total Cost: 158.47
 11:66.27, 1:75 [2, -6, -2]
601:92.20, 1:10 [6, 11820, -6]
fe: 1, se: 1

Day: 1, Time: 140
Total Cost: 536.34
 11:136.01, 4:75 [1, -4, -1]
 12:153.31, 4:75 [1, -5, -1]
401:128.25, 1:10 [4, 9748, -4]
402:24.00, 3:10 [4, 11588, -4]
501:94.77, 4:10 [5, 9513, 13724, -5]
fe: 2, se: 3

Day: 1, Time: 140
Total Cost: 200.96
 11:66.27, 9:75 [2, -6, -2]
601:42.93, 5:10 [6, 14268, 9308, -6]
602:91.76, 4:10 [6, 10621, -6]
fe: 1, se: 2

Day: 1, Time: 145
Total Cost: 226.39
 11:136.01, 3:75 [1, -4, -1]
401:90.38, 3:10 [4, 13491, -4]
fe: 1, se: 1

Day: 1, Time: 150
Total Cost: 211.62
 11:153.31, 1:75 [1, -5, -1]
501:58.31, 1:10 [5, 14851, -5]
fe: 1, se: 1

Day: 1, Time: 155
Total Cost: 454.69
 11:94.59, 4:75 [3, -8, -3]
 12:90.24, 6:75 [3, -9, -3]
 13:90.24, 2:75 [3, -9, -3]
801:73.33, 4:10 [8, 13816, 13552, -8]
901:23.30, 6:10 [9, 9161, 11584, -9]
902:82.97, 2:10 [9, 15554, -9]
fe: 3, se: 3

Day: 1, Time: 160
Total Cost: 187.10
 11:66.27, 1:75 [2, -6, -2]
601:120.83, 1:10 [6, 14533, -6]
fe: 1, se: 1

Day: 1, Time: 165
Total Cost: 560.34
 11:94.59, 7:75 [3, -8, -3]
 12:94.59, 1:75 [3, -8, -3]
 13:90.24, 4:75 [3, -9, -3]
801:45.34, 3:10 [8, 12236, -8]
802:79.85, 1:10 [8, 13238, -8]
803:53.85, 4:10 [8, 17054, -8]
901:101.86, 4:10 [9, 11715, -9]
fe: 3, se: 4

Day: 1, Time: 170
Total Cost: 220.43
 11:153.31, 10:75 [1, -5, -1]
501:67.12, 10:10 [5, 12772, 11781, 13555, -5]
fe: 1, se: 1

Day: 1, Time: 175
Total Cost: 337.13
 11:94.59, 1:75 [3, -8, -3]
 12:90.24, 4:75 [3, -9, -3]
801:99.04, 1:10 [8, 13790, -8]
901:53.25, 4:10 [9, 12398, -9]
fe: 2, se: 2

Day: 1, Time: 180
Total Cost: 245.51
 11:136.01, 5:75 [1, -4, -1]
401:46.69, 2:10 [4, 15222, -4]
402:62.80, 3:10 [4, 16685, -4]
fe: 1, se: 2

Day: 1, Time: 295
Total Cost: 736.60
 11:66.27, 48:75 [2, -6, -2]
601:166.10, 9:10 [6, 12754, 11399, 10927, -6]
602:110.87, 10:10 [6, 16224, 14811, 11053, 9119, -6]
603:144.95, 10:10 [6, 9788, 16005, 14914, 16926, 14246, -6]
604:91.98, 10:10 [6, 15557, 14391, 14887, -6]
606:156.43, 9:10 [6, 14468, 10903, 11184, -6]
fe: 1, se: 5

Day: 1, Time: 310
Total Cost: 1061.49
 11:136.01, 28:75 [1, -4, -1]
 12:153.31, 12:75 [1, -5, -1]
 13:136.01, 10:75 [1, -4, -1]
402:77.25, 9:10 [4, 10406, 13038, 10295, 14704, -4]
403:153.18, 10:10 [4, 14104, 13822, 13902, 11748, 12600, 13360, -4]
404:79.89, 9:10 [4, 13326, 14036, 16952, 10137, -4]
405:90.49, 10:10 [4, 12166, 16429, 9142, -4]
501:56.72, 5:10 [5, 13170, 16026, -5]
503:178.61, 7:10 [5, 14993, 16776, 13696, 9245, -5]
fe: 3, se: 6

Day: 1, Time: 315
Total Cost: 1238.37
 11:94.59, 31:75 [3, 8, -8, -3]
 12:90.24, 46:75 [3, 9, -9, -3]
801:113.02, 10:10 [8, 293, 7449, 13769, 108, 1742, 13998, -8]
802:37.56, 8:10 [8, 14897, 11799, 269, 16158, -8]
805:95.25, 10:10 [8, 15147, 6128, 918, 8389, 15051, 88, -8]
806:141.07, 10:10 [8, 270, 16556, 13, 226, 9145, 160, 10773, -8]
901:128.64, 9:10 [9, 185, 16358, 49, 2707, 10716, 4695, 16151, 14118, -9]
902:93.29, 9:10 [9, 11656, 236, 64, 162, 13545, -9]
905:123.42, 10:10 [9, 15504, 5453, 277, 67, 16675, 13729, 11318, -9]
906:116.69, 10:10 [9, 12969, 302, 10569, 216, -9]
907:87.48, 10:10 [9, 309, 10440, 14116, 148, 195, -9]
908:117.11, 9:10 [9, 13094, 220, 6966, 14836, 242, -9]
fe: 2, se: 10

Day: 1, Time: 330
Total Cost: 1501.47
 11:136.01, 48:75 [1, 4, -4, -1]
 12:153.31, 70:75 [1, 5, -5, -1]
401:123.76, 10:10 [4, 119, 24, 319, 1373, -4]
402:56.36, 8:10 [4, 268, 70, 211, -4]
403:157.70, 10:10 [4, 21, 26, 35, 10169, 69, -4]
404:46.74, 10:10 [4, 71, 73, 7806, -4]
408:115.41, 10:10 [4, 144, 90, 113, 135, 98, 46, -4]
501:160.62, 10:10 [5, 315, 4542, 303, 6070, 15905, -5]
502:91.95, 10:10 [5, 172, 225, 19, 169, 15063, -5]
503:81.75, 10:10 [5, 204, 131, 18, 6745, -5]
504:116.91, 10:10 [5, 66, 143, 265, -5]
505:130.18, 10:10 [5, 290, 105, 154, -5]
506:73.63, 10:10 [5, 262, 159, 41, 12184, -5]
507:57.14, 10:10 [5, 304, 1905, 96, -5]
fe: 2, se: 12

Day: 1, Time: 360
Total Cost: 1220.93
 11:136.01, 33:75 [1, 4, -4, -1]
 12:153.31, 36:75 [1, 5, -1]
401:107.61, 8:10 [4, 5787, 260, 1715, 4250, -4]
402:138.64, 10:10 [4, 279, 3236, 7757, 133, 38, -4]
403:17.24, 6:10 [4, 53, 194, -4]
404:139.24, 9:10 [4, 164, 178, 3887, 11281, 10, -4]
501:99.21, 9:10 [5, 2894, 5476, 134, 190, 2203, -5]
502:139.63, 9:10 [5, 297, 186, 157, 217, 82, 12, -5]
503:87.96, 10:10 [5, 215, 145, 205, 83, 139, -5]
505:202.07, 8:10 [5, 81, 229, 167, 224, 149, -5]
fe: 2, se: 8

Day: 1, Time: 370
Total Cost: 1496.67
 11:66.27, 74:75 [2, 6, -6, -2]
 12:145.23, 46:75 [2, 7, -7, -2]
601:172.28, 10:10 [6, 8003, 16263, 5078, 68, 286, 80, -6]
602:143.74, 10:10 [6, 14856, 7885, 223, 118, 14843, 258, -6]
603:101.83, 10:10 [6, 245, 13776, 208, 182, 11964, 15102, -6]
604:115.44, 10:10 [6, 214, 7066, 1281, 10302, 14399, 264, 17062, -6]
605:114.86, 10:10 [6, 142, 165, 282, 13888, -6]
606:127.77, 10:10 [6, 44, 13723, 102, 10479, 59, 16260, -6]
607:102.73, 10:10 [6, 16250, 155, 170, 1992, 210, -6]
608:45.78, 9:10 [6, 122, 228, 13960, 292, -6]
701:59.73, 10:10 [7, 200, 112, 8354, 63, -7]
702:62.15, 9:10 [7, 86, 296, 129, 10516, -7]
703:78.44, 10:10 [7, 15713, 5941, 136, 284, 13318, 10802, -7]
704:72.50, 10:10 [7, 299, 191, 310, 306, 72, -7]
706:87.92, 9:10 [7, 230, 6556, 252, 60, -7]
fe: 2, se: 13

Day: 1, Time: 370
Total Cost: 1505.56
 11:94.59, 60:75 [3, 8, -8, -3]
 12:90.24, 64:75 [3, 9, -9, -3]
801:103.65, 8:10 [8, 180, 272, 6480, 130, -8]
802:92.10, 10:10 [8, 308, 9537, 250, 9241, 266, 37, 238, 17024, -8]
803:120.75, 10:10 [8, 120, 207, 16546, 278, 289, 218, 14300, 300, 150, -8]
804:122.51, 10:10 [8, 124, 29, 31, 28, -8]
805:144.89, 10:10 [8, 14, 23, 51, 237, 48, -8]
806:34.93, 5:10 [8, 100, 280, -8]
807:51.97, 7:10 [8, 312, 4183, -8]
901:70.13, 10:10 [9, 152, 85, 91, 294, 9722, -9]
902:104.15, 10:10 [9, 127, 79, 233, 10675, 15624, -9]
903:129.90, 10:10 [9, 116, 52, 175, 13296, 33, 276, 3096, 317, -9]
904:6.00, 4:10 [9, 307, -9]
907:129.45, 10:10 [9, 295, 248, 5115, 275, 34, -9]
908:102.17, 10:10 [9, 55, 101, 141, 15528, 103, 17, -9]
909:108.12, 10:10 [9, 1637, 271, 84, 484, -9]
fe: 2, se: 14

Day: 1, Time: 405
Total Cost: 1401.42
 11:136.01, 57:75 [1, 4, -4, -1]
 12:153.31, 30:75 [1, 5, -5, -1]
401:108.07, 10:10 [4, 3546, 166, 95, 2469, -4]
402:85.68, 10:10 [4, 161, 65, 311, -4]
403:61.02, 5:10 [4, 12043, 471, -4]
404:60.96, 8:10 [4, 288, 9211, 11735, -4]
405:36.02, 6:10 [4, 146, 32, 62, 5300, -4]
406:104.88, 7:10 [4, 8422, 7187, -4]
407:82.58, 10:10 [4, 75, 114, 256, -4]
410:107.17, 7:10 [4, 25, 158, 5578, -4]
501:97.00, 9:10 [5, 7792, 12253, 274, 241, 76, -5]
502:48.78, 4:10 [5, 93, 2901, -5]
503:71.41, 9:10 [5, 12248, 74, 291, -5]
504:40.09, 8:10 [5, 254, 45, -5]
506:134.45, 4:10 [5, 9621, 13046, -5]
507:74.00, 5:10 [5, 14222, 61, -5]
fe: 2, se: 14

Day: 1, Time: 405
Total Cost: 1533.28
 11:66.27, 72:75 [2, 6, -6, -2]
 12:66.27, 16:75 [2, 6, -2]
 13:145.23, 40:75 [2, 7, -7, -2]
601:111.18, 9:10 [6, 16599, 263, 15638, 196, 15693, 115, 197, -6]
602:115.13, 10:10 [6, 5710, 4916, 305, 13224, 301, 281, -6]
603:69.43, 10:10 [6, 7246, 298, 9883, 243, -6]
604:125.05, 9:10 [6, 163, 20, 11, 244, -6]
605:81.82, 10:10 [6, 285, 249, 257, 97, 5513, 5603, -6]
606:15.25, 8:10 [6, 209, 259, -6]
607:38.58, 9:10 [6, 50, 7971, 8364, -6]
611:127.11, 10:10 [6, 12569, 4956, 92, 12515, 104, 123, -6]
612:126.24, 9:10 [6, 3953, 240, 8433, 221, -6]
614:155.16, 9:10 [6, 9453, 106, 1557, 183, -6]
701:68.06, 9:10 [7, 153, 212, 3673, -7]
702:70.07, 8:10 [7, 151, 42, -7]
704:51.68, 5:10 [7, 125, 3708, -7]
705:42.56, 9:10 [7, 39, 54, 255, -7]
706:58.18, 9:10 [7, 231, 12855, 199, 87, -7]
fe: 3, se: 15

Day: 1, Time: 405
Total Cost: 1261.46
 11:94.59, 56:75 [3, 8, -8, -3]
 12:90.24, 29:75 [3, 9, -3]
801:129.61, 10:10 [8, 7775, 187, 316, 3130, -8]
802:102.49, 10:10 [8, 287, 1582, 213, 222, -8]
803:74.52, 8:10 [8, 283, 3370, -8]
804:119.24, 10:10 [8, 318, 2488, 12262, 132, 5542, 2015, -8]
806:91.16, 10:10 [8, 181, 43, 13417, 15671, 206, 40, -8]
807:124.46, 9:10 [8, 176, 11925, 5159, 47, -8]
901:90.53, 5:10 [9, 94, 15, 188, -9]
902:130.36, 9:10 [9, 179, 6495, 174, 147, -9]
903:51.01, 5:10 [9, 261, 4084, -9]
904:163.24, 10:10 [9, 313, 618, 4882, 193, -9]
fe: 2, se: 10

Day: 1, Time: 425
Total Cost: 189.49
 11:66.27, 7:75 [2, -6, -2]
601:123.22, 7:10 [6, 10985, 13259, -6]
fe: 1, se: 1

Day: 1, Time: 435
Total Cost: 270.77
 11:179.78, 5:75 [1, -4, -5, -1]
401:10.00, 4:10 [4, 9655, -4]
501:80.99, 1:10 [5, 16135, -5]
fe: 1, se: 2

Day: 1, Time: 440
Total Cost: 236.29
 11:113.51, 9:75 [3, -8, -9, -3]
801:69.57, 4:10 [8, 12203, -8]
901:53.21, 5:10 [9, 16258, 16715, -9]
fe: 1, se: 2

Day: 1, Time: 450
Total Cost: 780.12
 11:136.01, 9:75 [1, 4, -1]
 12:153.31, 14:75 [1, 5, -1]
401:96.00, 2:10 [4, 239, -4]
402:75.43, 7:10 [4, 3025, 6864, 5100, -4]
501:110.02, 4:10 [5, 126, -5]
502:85.98, 5:10 [5, 4548, 1931, -5]
503:56.60, 1:10 [5, 5843, -5]
504:66.75, 4:10 [5, 1962, -5]
fe: 2, se: 6

Day: 1, Time: 450
Total Cost: 999.89
 11:66.27, 68:75 [2, 6, -2]
 16:66.27, 10:75 [2, 6, -2]
601:68.18, 8:10 [6, 273, 89, -6]
603:123.99, 10:10 [6, 138, 247, 234, 267, -6]
604:63.41, 8:10 [6, 198, 3926, -6]
605:76.42, 3:10 [6, 110, -6]
606:121.14, 10:10 [6, 107, 4862, 4082, -6]
607:55.03, 10:10 [6, 5126, 246, 232, -6]
608:82.07, 4:10 [6, 227, -6]
609:50.95, 5:10 [6, 2417, 78, -6]
610:63.86, 10:10 [6, 99, 189, 253, -6]
612:162.31, 10:10 [6, 203, 177, 168, -6]
fe: 2, se: 10

Day: 1, Time: 450
Total Cost: 967.52
 11:94.59, 35:75 [3, 8, -3]
 12:90.24, 23:75 [3, 9, -3]
801:34.23, 1:10 [8, 4422, -8]
802:105.80, 10:10 [8, 4865, 117, 137, -8]
803:24.74, 1:10 [8, 4947, -8]
804:45.65, 6:10 [8, 121, 2281, -8]
805:54.92, 3:10 [8, 192, -8]
806:51.11, 2:10 [8, 6532, -8]
807:54.33, 3:10 [8, 173, -8]
808:73.35, 9:10 [8, 171, 1162, 58, -8]
901:109.55, 9:10 [9, 36, 2068, 202, -9]
902:91.98, 8:10 [9, 3091, 5386, 109, -9]
905:137.03, 6:10 [9, 22, 6161, 4801, -9]
fe: 2, se: 11

Day: 1, Time: 495
Total Cost: 167.13
 11:136.01, 3:75 [1, 4, -1]
401:31.11, 3:10 [4, 219, -4]
fe: 1, se: 1

Day: 1, Time: 495
Total Cost: 516.21
 11:66.27, 12:75 [2, 6, -2]
 12:145.23, 2:75 [2, 7, -2]
601:58.31, 4:10 [6, 156, -6]
602:61.93, 4:10 [6, 235, 2898, -6]
603:82.46, 2:10 [6, 5075, -6]
604:78.59, 2:10 [6, 57, -6]
701:23.41, 2:10 [7, 251, -7]
fe: 2, se: 5

Day: 1, Time: 495
Total Cost: 169.87
 11:90.24, 1:75 [3, 9, -3]
901:79.62, 1:10 [9, 1058, -9]
fe: 1, se: 1

Day: 1, Time: 525
Total Cost: 110.24
 11:90.24, 3:75 [3, 9, -3]
901:20.00, 3:10 [9, 823, -9]
fe: 1, se: 1


Day	Area	ID	Time	Load	Utilization	NoOrders	AssignmentCost
1	1	 6	225	 20	0.33	10	275.00
1	1	 7	270	 60	1.00	25	675.00
1	1	26	270	 60	1.00	26	675.00
1	1	 8	315	 60	1.00	29	675.00
1	1	27	315	 60	1.00	25	675.00
1	1	28	360	 59	0.98	21	665.00
1	1	 9	360	 43	0.72	14	505.00
1	1	29	405	  6	0.10	 3	135.00
1	1	30	450	  3	0.04	 1	84.00
1	1	13	540	 11	0.15	 3	148.00
1	1	19	810	 48	1.00	16	666.00
1	1	38	810	 48	1.00	26	666.00
1	2	44	225	 58	0.97	22	655.00
1	2	63	225	 50	0.83	21	575.00
1	2	45	270	 60	1.00	27	675.00
1	2	64	270	 60	1.00	28	675.00
1	2	65	315	 60	1.00	20	675.00
1	2	66	360	 25	0.42	 9	325.00
1	2	72	630	 38	0.63	11	455.00
1	2	57	810	 48	1.00	20	666.00
1	2	76	810	 48	1.00	21	666.00
1	3	82	225	 59	0.98	18	665.00
1	3	101	225	 60	1.00	24	675.00
1	3	163	300	 21	0.18	16	570.00
1	3	84	315	 60	1.00	26	675.00
1	3	103	315	 60	1.00	18	675.00
1	3	85	360	 32	0.53	11	395.00
1	3	86	405	 12	0.20	 5	195.00
1	3	110	630	 31	0.52	10	385.00
1	3	114	810	 48	1.00	18	666.00
1	3	95	810	 48	1.00	21	666.00


Day	Area	Time	Pickup	Delivery	Direct	FEVehicles	SEVehicles	ALNSTime	ALNSBestTime	RoutingCostArea
1	1	0	113	53	0	8	47	119.88	0.00	5808.86
1	1	5	1	0	0	1	1	0.27	0.00	255.49
1	1	25	5	0	0	1	3	0.83	0.00	300.54
1	1	35	1	0	0	1	1	0.20	0.00	183.04
1	1	55	4	0	0	3	4	0.80	0.00	731.95
1	1	70	9	0	1	3	5	1.00	0.00	1266.20
1	1	90	5	0	1	2	5	1.04	0.00	1040.17
1	1	100	1	0	0	1	1	0.38	0.00	210.98
1	1	110	2	0	0	2	2	0.34	0.00	420.01
1	1	115	2	0	0	1	1	0.53	0.00	321.50
1	1	120	1	0	1	1	1	0.25	0.00	693.51
1	1	140	4	0	0	2	3	0.71	0.00	536.34
1	1	145	1	0	0	1	1	0.26	0.00	226.39
1	1	150	1	0	1	1	1	0.26	0.00	711.62
1	1	165	0	0	1	0	0	0.00	0.00	500.00
1	1	170	3	0	0	1	1	0.61	0.00	220.43
1	1	175	0	0	1	0	0	0.00	0.00	500.00
1	1	180	2	0	0	1	2	0.50	0.00	245.51
1	1	310	23	0	0	3	6	1.86	0.00	1061.49
1	1	330	4	44	0	2	12	7.45	4.75	1501.47
1	1	360	1	36	0	2	8	5.67	2.71	1220.93
1	1	405	8	32	0	2	14	5.10	0.00	1401.42
1	1	435	2	0	0	1	2	0.30	0.00	270.77
1	1	450	0	9	0	2	6	0.57	0.00	780.12
1	1	495	0	1	0	1	1	0.19	0.00	167.13
1	2	5	104	65	0	12	49	129.28	86.90	5305.73
1	2	10	2	0	0	1	1	0.30	0.00	210.94
1	2	55	5	0	0	2	2	0.48	0.00	381.39
1	2	80	5	0	0	2	3	0.56	0.00	389.09
1	2	95	5	0	0	3	4	0.80	0.00	621.35
1	2	110	3	0	0	2	2	0.45	0.00	279.52
1	2	115	1	0	0	1	1	0.26	0.00	136.61
1	2	120	1	0	0	1	1	0.27	0.00	158.47
1	2	140	3	0	1	1	2	0.32	0.00	700.96
1	2	160	1	0	0	1	1	0.40	0.00	187.10
1	2	295	18	0	0	1	5	1.66	0.00	736.60
1	2	370	19	48	0	2	13	16.88	12.23	1496.67
1	2	405	9	51	0	3	15	13.82	3.21	1533.28
1	2	425	2	0	0	1	1	0.37	0.00	189.49
1	2	450	0	24	0	2	10	2.12	0.39	999.89
1	2	495	0	6	0	2	5	0.51	0.00	516.21
1	3	5	99	62	0	8	47	128.13	52.05	5086.10
1	3	30	4	0	0	1	3	0.62	0.01	394.11
1	3	45	2	0	0	2	2	0.32	0.00	309.10
1	3	60	2	0	0	2	2	0.34	0.00	309.19
1	3	90	3	0	0	2	3	0.64	0.00	387.15
1	3	110	2	0	0	2	2	0.45	0.00	318.40
1	3	155	5	0	0	3	3	0.87	0.00	454.69
1	3	165	4	0	1	3	4	0.92	0.00	1060.34
1	3	175	2	0	0	2	2	0.45	0.00	337.13
1	3	315	26	31	0	2	10	18.06	14.37	1238.37
1	3	370	10	58	0	2	14	24.12	15.66	1505.56
1	3	405	4	35	0	2	10	3.99	0.70	1261.46
1	3	440	3	0	0	1	2	0.38	0.00	236.29
1	3	450	0	22	0	2	11	1.39	0.00	967.52
1	3	495	0	1	0	1	1	0.24	0.00	169.87
1	3	525	0	1	0	1	1	0.23	0.00	110.24

Day	SL	Own	DispatchTimes	AssignmentCost	RoutingCost	TotalCost
1	30	1	41	16778.00	48564.68	65342.68

Total Cost: 65342.68333273633
Cost per Day: 65342.68333273633
Running time in Seconds: 19719.565
Running time in minutes: 328.6594166666667