INSTANCE: 3hubs_MSD_A_45_x.csv
PARAMETER: sp_msd_loose_20_120_3hubs.txt
POLICY: Stochastic Programming
ALPHA: 0.104199469634303
BETA: 58
OMEGA: 586
EPSILON: 1.23112395255216

Day: 1, Time: 0
Total Cost: 4722.54
 11:136.01, 69:75 [1, 4, -4, -1]
 12:136.01, 49:75 [1, -4, -1]
 13:136.01, 38:75 [1, 4, -4, -1]
 14:153.31, 58:75 [1, 5, -5, -1]
 15:153.31, 54:75 [1, 5, -5, -1]
 16:153.31, 30:75 [1, -5, -1]
401:77.02, 8:10 [4, 8631, 8949, 8593, -4]
402:86.79, 10:10 [4, 8933, 8727, 8826, 8883, 8855, 8917, -4]
403:17.20, 4:10 [4, 8554, -4]
404:89.31, 10:10 [4, 8569, 8673, 8552, -4]
405:43.15, 10:10 [4, 8938, 8802, 8919, -4]
406:118.42, 10:10 [4, 8867, 8787, 8951, 8993, 8730, -4]
407:119.47, 10:10 [4, 8874, 8816, 8566, 8962, 9009, -4]
408:74.57, 10:10 [4, 8811, 8645, 8620, -4]
409:107.70, 10:10 [4, 8582, 8599, 8675, 8664, 8628, -4]
410:55.88, 10:10 [4, 8832, 8760, 8975, 8992, -4]
411:133.34, 8:10 [4, 8741, 8991, 8839, -4]
412:81.42, 10:10 [4, 8989, 8971, 8822, -4]
413:4.00, 2:10 [4, 8725, -4]
414:65.98, 9:10 [4, 8553, 8597, 8559, -4]
415:117.66, 10:10 [4, 8770, 8928, 8713, 8825, -4]
416:50.67, 10:10 [4, 8603, 8704, 8981, 8708, -4]
417:65.19, 10:10 [4, 8853, 8885, 8821, 8985, -4]
418:81.34, 7:10 [4, 8932, 8536, 8607, 8837, -4]
419:60.74, 9:10 [4, 8840, 8712, 8921, 8887, -4]
420:103.57, 9:10 [4, 8812, 9008, 8740, 8843, -4]
421:185.90, 9:10 [4, 8681, 8813, 8699, 8884, 8641, 8590, -4]
501:59.09, 10:10 [5, 8697, 8896, 8892, 8742, 8784, -5]
502:115.58, 6:10 [5, 8909, 8934, 8990, -5]
503:162.83, 2:10 [5, 8976, 8850, -5]
504:97.29, 10:10 [5, 8703, 8926, 8889, 8732, -5]
505:85.54, 10:10 [5, 8602, 8622, 8636, 8672, -5]
506:124.36, 10:10 [5, 8747, 8762, 8820, 8676, -5]
507:21.07, 10:10 [5, 8940, 8817, 8901, -5]
508:88.01, 10:10 [5, 8890, 8750, 8970, 8935, -5]
509:84.02, 10:10 [5, 8847, 8995, 8780, -5]
510:30.80, 8:10 [5, 8965, 8735, 8738, -5]
511:94.79, 10:10 [5, 8788, 8791, 8852, 8717, -5]
512:139.91, 8:10 [5, 8849, 8845, 8864, 8888, -5]
513:12.80, 5:10 [5, 8782, 8744, -5]
514:154.91, 9:10 [5, 8731, 8950, 8983, -5]
515:97.22, 10:10 [5, 8863, 8872, 8734, 8881, -5]
516:155.16, 10:10 [5, 8691, 8644, 8667, 8541, 8677, -5]
517:48.24, 10:10 [5, 8711, 8765, 8927, 8848, -5]
518:121.54, 10:10 [5, 8767, 8854, 8649, 8862, -5]
519:65.37, 9:10 [5, 8974, 8797, 8785, 8751, 8789, -5]
520:36.28, 8:10 [5, 8605, 8662, 8561, -5]
521:24.08, 4:10 [5, 8647, -5]
522:144.09, 10:10 [5, 8584, 8637, 8571, -5]
526:152.23, 10:10 [5, 8577, 8525, 8679, 8693, -5]
fe: 6, se: 44

Day: 1, Time: 5
Total Cost: 5246.01
 11:66.27, 67:75 [2, 6, -6, -2]
 12:66.27, 35:75 [2, 6, -6, -2]
 13:66.27, 56:75 [2, 6, -6, -2]
 14:66.27, 21:75 [2, 6, -6, -2]
 15:145.23, 33:75 [2, 7, -7, -2]
 16:66.27, 3:75 [2, -6, -2]
 17:66.27, 11:75 [2, 6, -6, -2]
 18:151.76, 14:75 [2, -7, 6, -2]
 19:66.27, 4:75 [2, -6, -2]
 20:66.27, 12:75 [2, -6, -2]
601:86.64, 10:10 [6, 8880, 8838, 8739, 8954, -6]
602:145.30, 9:10 [6, 8557, 8592, 8549, 8611, -6]
603:69.99, 10:10 [6, 8819, 8830, 8939, 8756, 8800, -6]
604:123.97, 2:10 [6, 8844, -6]
605:144.35, 10:10 [6, 8537, 8657, 8564, 8608, -6]
606:112.61, 10:10 [6, 8869, 8967, 8865, -6]
607:135.79, 3:10 [6, 8859, -6]
608:52.48, 8:10 [6, 8942, 9003, 8749, 8615, -6]
609:122.64, 10:10 [6, 8973, 8733, 8651, 8806, 8724, -6]
610:107.47, 10:10 [6, 8897, 8709, 8774, 11385, -6]
611:130.50, 10:10 [6, 8652, 8658, 8609, 8687, -6]
612:142.06, 4:10 [6, 8988, -6]
614:140.53, 2:10 [6, 8906, -6]
615:150.09, 10:10 [6, 8642, 8696, 8604, 8576, -6]
616:133.13, 5:10 [6, 8957, 8996, -6]
617:146.86, 9:10 [6, 8721, 8758, 8707, 8886, -6]
618:64.70, 8:10 [6, 8912, 9006, 8947, 8824, -6]
619:158.63, 10:10 [6, 8546, 8591, 8568, 8617, 8544, -6]
620:56.77, 10:10 [6, 8663, 8692, 8556, 8589, -6]
621:28.60, 5:10 [6, 8551, 8624, 8680, -6]
622:70.83, 10:10 [6, 8998, 8895, 9000, 8828, 8941, 8795, -6]
624:151.44, 10:10 [6, 9007, 8891, 8846, -6]
625:109.34, 10:10 [6, 8540, 8555, 8526, 8616, -6]
626:146.83, 10:10 [6, 8870, 8524, 8929, 8916, 8805, 8903, 8829, -6]
627:114.08, 10:10 [6, 8790, 8621, 12762, 8937, 9001, 8746, -6]
628:148.76, 10:10 [6, 8777, 8871, 8665, 8614, 8807, 8873, -6]
629:130.84, 10:10 [6, 8532, 8583, 8560, 8580, -6]
632:81.54, 9:10 [6, 8835, 8706, 8757, -6]
633:49.46, 7:10 [6, 8627, 8548, 8618, 8656, -6]
634:54.13, 7:10 [6, 8997, 8720, 8879, -6]
635:102.48, 9:10 [6, 8966, 8977, 8856, 8710, -6]
636:89.43, 10:10 [6, 8972, 8685, 9004, 8876, 13094, 8578, -6]
638:106.94, 10:10 [6, 8910, 8783, 8923, -6]
639:72.29, 10:10 [6, 8594, 8695, 8612, 8520, -6]
641:107.73, 6:10 [6, 8902, 9641, 8752, -6]
701:99.85, 10:10 [7, 8759, 8814, 8877, 8792, 8768, -7]
702:41.76, 4:10 [7, 8705, -7]
703:107.80, 10:10 [7, 8643, 8678, 8565, -7]
704:53.42, 9:10 [7, 8804, 8948, 8723, 8773, 8809, -7]
705:72.03, 9:10 [7, 8955, 8882, 8674, -7]
706:90.46, 9:10 [7, 8630, 8588, 8694, -7]
707:110.70, 10:10 [7, 8567, 8575, 8633, 8585, 8521, -7]
708:53.58, 9:10 [7, 8961, 8899, 8818, 8953, 8836, -7]
fe: 10, se: 43

Day: 1, Time: 5
Total Cost: 5710.58
 11:94.59, 68:75 [3, 8, -8, -3]
 12:94.59, 34:75 [3, -8, -3]
 13:94.59, 34:75 [3, 8, -8, -3]
 14:90.24, 3:75 [3, -9, -3]
 15:90.24, 75:75 [3, 9, -9, -3]
 16:90.24, 18:75 [3, 9, -9, -3]
 17:90.24, 29:75 [3, -9, -3]
 18:90.24, 20:75 [3, 9, -9, -3]
 21:94.59, 13:75 [3, -8, -3]
801:101.43, 8:10 [8, 8831, 8748, 8810, 8952, -8]
802:114.52, 10:10 [8, 8573, 8538, 8539, 8625, -8]
803:85.95, 10:10 [8, 8660, 8572, 8686, 8587, 8689, -8]
804:95.26, 8:10 [8, 8959, 8778, 8908, -8]
805:74.14, 8:10 [8, 8668, 8671, -8]
806:71.47, 9:10 [8, 8980, 8918, 8581, -8]
807:112.73, 3:10 [8, 8793, 8913, -8]
808:41.23, 7:10 [8, 8946, 8900, -8]
809:122.35, 10:10 [8, 8772, 9002, 8833, -8]
810:103.25, 3:10 [8, 8920, -8]
811:95.66, 10:10 [8, 8878, 8958, 8716, 8925, 8898, -8]
812:89.66, 10:10 [8, 8654, 8682, 8534, 8533, 8535, -8]
813:66.57, 7:10 [8, 8715, 8729, 8745, 8894, 8986, -8]
814:67.69, 4:10 [8, 8786, 8736, -8]
815:131.50, 5:10 [8, 8944, 8936, -8]
816:116.99, 10:10 [8, 8623, 8666, 8547, 8586, 8638, -8]
817:61.80, 10:10 [8, 8915, 8827, 8714, -8]
818:118.65, 9:10 [8, 8563, 8601, 8684, 8570, -8]
819:102.18, 2:10 [8, 8922, -8]
820:110.16, 3:10 [8, 8999, -8]
821:107.57, 6:10 [8, 8766, 8743, -8]
822:117.41, 10:10 [8, 8650, 8648, 8655, 8653, 8659, -8]
823:137.06, 10:10 [8, 8632, 8984, 8794, 8904, 8764, -8]
824:100.78, 10:10 [8, 8799, 8905, 8753, -8]
825:117.03, 10:10 [8, 8978, 8994, 8968, -8]
826:116.38, 10:10 [8, 8801, 8834, 9005, 8722, -8]
901:108.07, 10:10 [9, 8943, 8931, 8964, 8775, 8815, 8969, -9]
902:88.03, 10:10 [9, 8596, 8600, 8522, -9]
903:104.21, 9:10 [9, 8771, 8701, 8861, 8702, 8754, -9]
904:92.59, 10:10 [9, 8841, 8763, 8700, 8639, -9]
905:119.75, 10:10 [9, 8595, 8542, 8598, 8661, -9]
906:80.30, 8:10 [9, 8858, 8781, 8562, -9]
907:68.62, 10:10 [9, 8945, 8987, 8823, -9]
908:94.09, 3:10 [9, 8779, -9]
909:111.52, 9:10 [9, 8982, 8776, 8755, 8545, 8669, -9]
910:84.29, 8:10 [9, 8798, 8842, -9]
911:145.15, 10:10 [9, 8530, 8550, 8528, 8574, -9]
912:35.67, 8:10 [9, 8761, 8796, 8963, 8728, -9]
913:69.06, 7:10 [9, 8960, 8930, -9]
914:129.27, 3:10 [9, 8866, -9]
915:132.88, 10:10 [9, 8610, 8683, 8558, 8634, 8640, 8613, -9]
917:129.38, 10:10 [9, 8857, 8529, 8769, 8737, 8868, -9]
919:84.89, 10:10 [9, 8698, 8635, 8629, 8531, -9]
920:55.51, 8:10 [9, 8646, 8527, -9]
921:102.22, 10:10 [9, 8875, 8911, 8979, 8851, -9]
922:55.61, 10:10 [9, 8803, 8860, 8718, -9]
923:83.14, 9:10 [9, 8719, 8726, 8808, -9]
924:135.15, 10:10 [9, 8626, 8688, 8606, 8619, 8579, 8914, -9]
925:76.21, 9:10 [9, 8690, 8907, 8543, 8670, 8523, -9]
926:115.94, 10:10 [9, 8893, 8924, 8956, -9]
fe: 9, se: 50

Day: 1, Time: 10
Total Cost: 180.87
 11:94.59, 4:75 [3, -8, -3]
801:86.28, 4:10 [8, 11941, -8]
fe: 1, se: 1

Day: 1, Time: 15
Total Cost: 704.74
 11:136.01, 14:75 [1, -4, -1]
 13:153.31, 4:75 [1, -5, -1]
401:110.46, 5:10 [4, 11947, 15391, -4]
402:63.43, 6:10 [4, 9291, 10161, -4]
403:161.21, 3:10 [4, 15972, -4]
502:80.32, 4:10 [5, 12969, -5]
fe: 2, se: 4

Day: 1, Time: 20
Total Cost: 263.37
 11:94.59, 6:75 [3, -8, -3]
801:86.21, 1:10 [8, 12302, -8]
802:82.57, 5:10 [8, 14110, 16529, -8]
fe: 1, se: 2

Day: 1, Time: 30
Total Cost: 492.95
 11:136.01, 3:75 [1, -4, -1]
 12:136.01, 3:75 [1, -4, -1]
401:82.86, 3:10 [4, 13219, 16552, -4]
402:138.06, 3:10 [4, 13282, 15170, -4]
fe: 2, se: 2

Day: 1, Time: 35
Total Cost: 205.35
 11:136.01, 2:75 [1, -4, -1]
401:69.34, 2:10 [4, 16489, -4]
fe: 1, se: 1

Day: 1, Time: 35
Total Cost: 355.48
 11:66.27, 16:75 [2, -6, -2]
601:120.02, 2:10 [6, 14026, -6]
602:55.54, 10:10 [6, 15971, 11466, 10387, -6]
603:113.65, 4:10 [6, 9993, 16208, -6]
fe: 1, se: 3

Day: 1, Time: 40
Total Cost: 201.35
 11:153.31, 2:75 [1, -5, -1]
501:48.04, 2:10 [5, 12205, -5]
fe: 1, se: 1

Day: 1, Time: 50
Total Cost: 678.91
 11:136.01, 3:75 [1, -4, -1]
 12:136.01, 1:75 [1, -4, -1]
 13:153.31, 8:75 [1, -5, -1]
401:57.27, 3:10 [4, 17140, -4]
402:82.37, 1:10 [4, 16259, -4]
501:113.94, 8:10 [5, 12707, 11207, -5]
fe: 3, se: 3

Day: 1, Time: 60
Total Cost: 259.19
 11:66.27, 7:75 [2, -6, -2]
601:119.14, 3:10 [6, 14961, 11494, -6]
602:73.78, 4:10 [6, 14590, -6]
fe: 1, se: 2

Day: 1, Time: 60
Total Cost: 239.53
 11:90.24, 10:75 [3, -9, -3]
901:55.26, 7:10 [9, 10331, 11660, 14422, 10465, -9]
902:94.02, 3:10 [9, 17035, -9]
fe: 1, se: 2

Day: 1, Time: 85
Total Cost: 480.52
 11:136.01, 8:75 [1, -4, -1]
 12:136.01, 4:75 [1, -4, -1]
401:28.64, 2:10 [4, 10359, -4]
402:70.29, 6:10 [4, 16075, 15457, -4]
403:109.56, 4:10 [4, 11215, -4]
fe: 2, se: 3

Day: 1, Time: 85
Total Cost: 760.97
 11:66.27, 16:75 [2, -6, -2]
 12:66.27, 6:75 [2, -6, -2]
 13:66.27, 7:75 [2, -6, -2]
601:89.22, 6:10 [6, 15132, 14350, -6]
602:71.69, 3:10 [6, 14633, -6]
603:62.10, 3:10 [6, 17045, -6]
604:157.43, 7:10 [6, 9242, 11480, -6]
605:101.61, 6:10 [6, 11066, 14239, -6]
606:80.10, 4:10 [6, 13327, -6]
fe: 3, se: 6

Day: 1, Time: 85
Total Cost: 194.23
 11:94.59, 2:75 [3, -8, -3]
801:99.64, 2:10 [8, 10569, -8]
fe: 1, se: 1

Day: 1, Time: 90
Total Cost: 291.65
 11:136.01, 8:75 [1, -4, -1]
401:69.10, 6:10 [4, 10672, 10855, -4]
402:86.53, 2:10 [4, 10264, -4]
fe: 1, se: 2

Day: 1, Time: 95
Total Cost: 161.69
 11:66.27, 1:75 [2, -6, -2]
601:95.41, 1:10 [6, 9226, -6]
fe: 1, se: 1

Day: 1, Time: 100
Total Cost: 486.62
 11:136.01, 7:75 [1, -4, -1]
 12:153.31, 1:75 [1, -5, -1]
401:99.21, 7:10 [4, 12222, 15711, 12450, -4]
501:98.08, 1:10 [5, 15602, -5]
fe: 2, se: 2

Day: 1, Time: 100
Total Cost: 416.06
 11:94.59, 3:75 [3, -8, -3]
 12:90.24, 9:75 [3, -9, -3]
801:79.40, 3:10 [8, 12279, -8]
901:83.41, 6:10 [9, 14799, 14617, 15679, -9]
902:68.41, 3:10 [9, 13811, -9]
fe: 2, se: 3

Day: 1, Time: 105
Total Cost: 179.35
 11:90.24, 3:75 [3, -9, -3]
901:89.11, 3:10 [9, 15162, -9]
fe: 1, se: 1

Day: 1, Time: 110
Total Cost: 419.38
 11:66.27, 4:75 [2, -6, -2]
 12:145.23, 4:75 [2, -7, -2]
601:94.83, 1:10 [6, 13697, -6]
602:49.40, 3:10 [6, 16375, -6]
701:63.66, 4:10 [7, 10879, -7]
fe: 2, se: 3

Day: 1, Time: 115
Total Cost: 268.29
 11:179.78, 5:75 [1, -5, -4, -1]
401:68.41, 3:10 [4, 14908, -4]
501:20.10, 2:10 [5, 15657, -5]
fe: 1, se: 2

Day: 1, Time: 115
Total Cost: 147.91
 11:66.27, 1:75 [2, -6, -2]
601:81.63, 1:10 [6, 12561, -6]
fe: 1, se: 1

Day: 1, Time: 120
Total Cost: 261.10
 11:153.31, 7:75 [1, -5, -1]
501:66.60, 4:10 [5, 12593, -5]
502:41.18, 3:10 [5, 10472, -5]
fe: 1, se: 2

Day: 1, Time: 130
Total Cost: 500.15
 11:136.01, 9:75 [1, -4, -1]
 12:153.31, 1:75 [1, -5, -1]
401:57.27, 3:10 [4, 12608, -4]
402:32.25, 4:10 [4, 13365, -4]
403:68.96, 2:10 [4, 9123, -4]
501:52.35, 1:10 [5, 14773, -5]
fe: 2, se: 4

Day: 1, Time: 130
Total Cost: 127.88
 11:66.27, 2:75 [2, -6, -2]
601:61.61, 2:10 [6, 9717, -6]
fe: 1, se: 1

Day: 1, Time: 130
Total Cost: 281.37
 11:90.24, 5:75 [3, -9, -3]
901:32.06, 3:10 [9, 9482, -9]
902:85.28, 1:10 [9, 15846, -9]
903:73.78, 1:10 [9, 16186, -9]
fe: 1, se: 3

Day: 1, Time: 135
Total Cost: 221.25
 11:153.31, 2:75 [1, -5, -1]
501:67.94, 2:10 [5, 12203, -5]
fe: 1, se: 1

Day: 1, Time: 135
Total Cost: 168.72
 11:66.27, 3:75 [2, -6, -2]
601:102.45, 3:10 [6, 11133, -6]
fe: 1, se: 1

Day: 1, Time: 145
Total Cost: 210.05
 11:136.01, 3:75 [1, -4, -1]
401:66.03, 2:10 [4, 10816, -4]
402:8.00, 1:10 [4, 9261, -4]
fe: 1, se: 2

Day: 1, Time: 145
Total Cost: 197.55
 11:94.59, 6:75 [3, -8, -3]
801:69.97, 3:10 [8, 13885, -8]
802:32.98, 3:10 [8, 14964, -8]
fe: 1, se: 2

Day: 1, Time: 150
Total Cost: 218.43
 11:153.31, 2:75 [1, -5, -1]
501:65.12, 2:10 [5, 12621, -5]
fe: 1, se: 1

Day: 1, Time: 150
Total Cost: 254.06
 11:66.27, 1:75 [2, -6, -2]
 12:66.27, 3:75 [2, -6, -2]
601:79.32, 1:10 [6, 16395, -6]
602:42.19, 3:10 [6, 16794, -6]
fe: 2, se: 2

Day: 1, Time: 150
Total Cost: 112.87
 11:90.24, 1:75 [3, -9, -3]
901:22.63, 1:10 [9, 9757, -9]
fe: 1, se: 1

Day: 1, Time: 155
Total Cost: 254.44
 11:153.31, 4:75 [1, -5, -1]
501:101.13, 4:10 [5, 14687, -5]
fe: 1, se: 1

Day: 1, Time: 155
Total Cost: 110.18
 11:66.27, 3:75 [2, -6, -2]
601:43.91, 3:10 [6, 14244, -6]
fe: 1, se: 1

Day: 1, Time: 160
Total Cost: 412.81
 11:153.31, 1:75 [1, -5, -1]
 12:136.01, 4:75 [1, -4, -1]
401:59.36, 4:10 [4, 14068, -4]
501:64.12, 1:10 [5, 16436, -5]
fe: 2, se: 2

Day: 1, Time: 160
Total Cost: 151.17
 11:66.27, 2:75 [2, -6, -2]
601:84.90, 2:10 [6, 17178, -6]
fe: 1, se: 1

Day: 1, Time: 160
Total Cost: 114.66
 11:90.24, 4:75 [3, -9, -3]
901:24.41, 4:10 [9, 15348, -9]
fe: 1, se: 1

Day: 1, Time: 165
Total Cost: 574.00
 11:136.01, 5:75 [1, -4, -1]
 12:153.31, 1:75 [1, -5, -1]
401:127.12, 1:10 [4, 11011, -4]
402:122.11, 4:10 [4, 14649, -4]
501:35.44, 1:10 [5, 12887, -5]
fe: 2, se: 3

Day: 1, Time: 165
Total Cost: 84.38
 11:66.27, 3:75 [2, -6, -2]
601:18.11, 3:10 [6, 10238, -6]
fe: 1, se: 1

Day: 1, Time: 170
Total Cost: 177.23
 11:145.23, 1:75 [2, -7, -2]
701:32.00, 1:10 [7, 13681, -7]
fe: 1, se: 1

Day: 1, Time: 170
Total Cost: 92.24
 11:90.24, 2:75 [3, -9, -3]
901:2.00, 2:10 [9, 11310, -9]
fe: 1, se: 1

Day: 1, Time: 175
Total Cost: 305.57
 11:94.59, 1:75 [3, -8, -3]
 12:90.24, 3:75 [3, -9, -3]
801:69.31, 1:10 [8, 10384, -8]
901:51.42, 3:10 [9, 9310, -9]
fe: 2, se: 2

Day: 1, Time: 180
Total Cost: 168.82
 11:136.01, 2:75 [1, -4, -1]
401:32.80, 2:10 [4, 15617, -4]
fe: 1, se: 1

Day: 1, Time: 180
Total Cost: 403.33
 11:66.27, 6:75 [2, -6, -2]
 12:66.27, 6:75 [2, -6, -2]
601:84.02, 2:10 [6, 15039, -6]
602:89.20, 4:10 [6, 9687, -6]
603:49.40, 4:10 [6, 12820, -6]
604:48.17, 2:10 [6, 13370, -6]
fe: 2, se: 4

Day: 1, Time: 180
Total Cost: 148.63
 11:94.59, 3:75 [3, -8, -3]
801:54.04, 3:10 [8, 10840, -8]
fe: 1, se: 1

Day: 1, Time: 280
Total Cost: 889.99
 11:136.01, 33:75 [1, -4, -1]
 12:153.31, 10:75 [1, -5, -1]
401:168.89, 10:10 [4, 17072, 14147, 15859, 15685, -4]
402:55.22, 6:10 [4, 9646, 13166, -4]
403:185.56, 10:10 [4, 11915, 10131, 11291, 17194, 15318, -4]
404:44.94, 7:10 [4, 9915, 13130, -4]
501:146.05, 10:10 [5, 14815, 11433, 16121, 14476, 14906, -5]
fe: 2, se: 5

Day: 1, Time: 290
Total Cost: 675.88
 11:66.27, 45:75 [2, 6, -6, -2]
601:145.86, 9:10 [6, 118, 14913, 170, 14403, 12692, -6]
602:74.10, 7:10 [6, 11601, 16705, -6]
603:79.78, 9:10 [6, 11398, 11188, 9872, -6]
604:171.66, 10:10 [6, 11423, 9926, 28, 10631, 10483, 10482, 10194, -6]
605:138.21, 10:10 [6, 36, 3251, 14870, 11449, 10320, -6]
fe: 1, se: 5

Day: 1, Time: 300
Total Cost: 170.00
 11:66.27, 2:75 [2, -6, -2]
601:103.73, 2:10 [6, 16576, -6]
fe: 1, se: 1

Day: 1, Time: 305
Total Cost: 986.03
 12:90.24, 70:75 [3, -9, -3]
901:181.08, 9:10 [9, 10022, 13329, 14532, 9558, 15647, -9]
902:96.53, 8:10 [9, 16885, 15209, 11580, 16910, -9]
903:26.16, 6:10 [9, 15651, 13839, -9]
904:122.45, 10:10 [9, 14264, 16861, 15638, -9]
905:116.73, 9:10 [9, 16446, 13515, 12927, -9]
906:131.67, 9:10 [9, 11629, 13703, 15460, -9]
907:127.01, 10:10 [9, 9639, 11662, 9131, 13538, -9]
908:94.15, 9:10 [9, 10570, 10686, 13276, -9]
fe: 1, se: 8

Day: 1, Time: 330
Total Cost: 1359.73
 11:136.01, 65:75 [1, 4, -4, -1]
 12:153.31, 34:75 [1, 5, -5, -1]
401:78.54, 10:10 [4, 270, 251, 232, 10922, 269, -4]
402:139.32, 10:10 [4, 1697, 5336, 308, 290, 15217, 9957, -4]
403:79.86, 9:10 [4, 63, 13125, 309, 105, 14716, 246, -4]
404:151.52, 10:10 [4, 287, 296, 216, 93, 14434, 20, -4]
405:58.01, 9:10 [4, 7281, 204, 15, -4]
406:163.19, 10:10 [4, 240, 16108, 215, 62, 951, -4]
407:25.03, 7:10 [4, 113, 288, -4]
501:160.47, 10:10 [5, 25, 46, 15848, 252, 2776, 89, 310, -5]
503:37.44, 6:10 [5, 276, 306, -5]
504:87.45, 10:10 [5, 59, 137, 10785, 7839, 9358, -5]
505:89.58, 9:10 [5, 298, 14561, 12897, 24, 13439, -5]
fe: 2, se: 11

Day: 1, Time: 360
Total Cost: 1128.27
 11:136.01, 32:75 [1, 4, -4, -1]
 12:153.31, 23:75 [1, 5, -5, -1]
401:102.50, 8:10 [4, 283, 134, 16087, 5554, 4407, -4]
404:89.58, 10:10 [4, 129, 222, 14285, 140, 11235, 264, 5927, -4]
405:157.47, 9:10 [4, 9600, 2970, 5943, 17170, 2695, 190, -4]
407:146.19, 10:10 [4, 1548, 15322, 7496, 5195, 207, -4]
501:98.00, 5:10 [5, 84, 13617, 6155, 185, 58, -5]
502:91.18, 9:10 [5, 6658, 8104, 17, 17078, -5]
503:154.02, 9:10 [5, 5732, 6383, 1027, 1641, -5]
fe: 2, se: 7

Day: 1, Time: 365
Total Cost: 1990.34
 11:66.27, 75:75 [2, 6, -6, -2]
 12:66.27, 38:75 [2, 6, -2]
 13:145.23, 61:75 [2, 7, -7, -2]
601:57.77, 10:10 [6, 4529, 268, 182, 318, -6]
602:75.86, 9:10 [6, 1775, 176, 135, 16354, 12800, -6]
603:166.87, 10:10 [6, 237, 12965, 199, 256, 9152, 7799, -6]
604:107.60, 10:10 [6, 6989, 173, 52, 236, 210, -6]
605:135.13, 10:10 [6, 278, 230, 92, -6]
606:50.01, 7:10 [6, 12975, 304, 23, -6]
608:94.93, 10:10 [6, 8345, 280, 50, 14948, -6]
609:86.62, 10:10 [6, 96, 55, 206, 39, 14243, 10896, -6]
615:55.92, 9:10 [6, 245, 227, 16394, 10312, 191, -6]
617:119.70, 9:10 [6, 136, 158, 94, 300, 218, 14012, -6]
620:119.11, 10:10 [6, 44, 7657, 16469, 243, 7862, -6]
621:115.33, 10:10 [6, 225, 193, 228, 153, 12064, 223, -6]
701:117.29, 10:10 [7, 26, 5420, 4088, 107, 1067, -7]
702:40.96, 8:10 [7, 275, 254, -7]
703:36.59, 10:10 [7, 109, 47, 315, 48, 7138, -7]
704:86.59, 10:10 [7, 104, 10090, 14046, 238, 132, 4279, -7]
705:84.87, 10:10 [7, 13, 163, 76, 14013, -7]
706:101.22, 10:10 [7, 7156, 53, 127, 165, -7]
707:60.18, 5:10 [7, 88, 8450, 3612, -7]
fe: 3, se: 19

Day: 1, Time: 365
Total Cost: 1842.79
 11:94.59, 73:75 [3, 8, -8, -3]
 12:90.24, 69:75 [3, 9, -9, -3]
 15:90.24, 10:75 [3, 9, -3]
801:60.67, 10:10 [8, 131, 12128, 19, 175, -8]
802:128.99, 10:10 [8, 15648, 233, 250, 13418, 11507, 54, -8]
803:24.74, 7:10 [8, 31, 110, -8]
804:113.00, 9:10 [8, 60, 282, 202, 281, 43, -8]
805:93.39, 9:10 [8, 21, 313, 7716, 16313, -8]
806:69.44, 10:10 [8, 299, 1303, 220, -8]
807:98.44, 10:10 [8, 61, 138, 186, 277, 11425, -8]
808:101.74, 9:10 [8, 212, 66, 316, -8]
901:127.23, 10:10 [9, 99, 195, 42, 166, 14793, 196, -9]
903:104.58, 10:10 [9, 49, 169, 200, 12033, 244, 4404, 80, -9]
904:121.17, 10:10 [9, 249, 284, 154, 9296, 314, 45, -9]
905:152.89, 10:10 [9, 205, 148, 3515, 17199, 267, 295, -9]
907:60.57, 9:10 [9, 211, 34, 10368, 68, -9]
908:96.05, 10:10 [9, 75, 7518, 116, 95, 122, -9]
909:101.89, 10:10 [9, 219, 2804, 5900, 16828, 37, -9]
910:112.91, 10:10 [9, 6271, 8355, 7569, 179, -9]
fe: 3, se: 16

Day: 1, Time: 405
Total Cost: 2141.45
 11:136.01, 72:75 [1, 4, -4, -1]
 12:153.31, 66:75 [1, 5, -5, -1]
 16:136.01, 20:75 [1, 4, -1]
401:93.06, 8:10 [4, 15032, 156, 201, -4]
402:84.02, 10:10 [4, 266, 12578, 81, 5549, 2376, -4]
403:93.71, 8:10 [4, 761, 257, 171, -4]
404:70.88, 10:10 [4, 6472, 151, 183, -4]
405:8.94, 1:10 [4, 273, -4]
406:71.68, 6:10 [4, 187, 79, 5007, 139, -4]
407:137.70, 10:10 [4, 311, 117, 144, 247, -4]
408:124.61, 10:10 [4, 239, 12782, 143, 133, 180, -4]
409:127.10, 10:10 [4, 6442, 208, 253, 6109, -4]
411:177.57, 10:10 [4, 69, 124, 161, 141, -4]
414:101.46, 10:10 [4, 4680, 2189, 71, -4]
501:94.39, 9:10 [5, 188, 114, 108, -5]
502:53.51, 7:10 [5, 2443, 6274, 12822, 106, -5]
503:74.27, 8:10 [5, 64, 620, 10, -5]
504:45.13, 10:10 [5, 4166, 17206, 3589, 178, -5]
505:78.16, 8:10 [5, 241, 13586, 125, 67, -5]
506:154.29, 10:10 [5, 221, 8328, 30, -5]
507:33.95, 4:10 [5, 83, 73, -5]
508:91.66, 10:10 [5, 7705, 297, 312, 102, -5]
fe: 3, se: 19

Day: 1, Time: 405
Total Cost: 1644.00
 11:66.27, 69:75 [2, 6, -6, -2]
 12:66.27, 29:75 [2, 6, -2]
 13:145.23, 43:75 [2, 7, -7, -2]
601:162.32, 10:10 [6, 2653, 32, 272, -6]
602:135.41, 10:10 [6, 2165, 177, 229, 289, 274, -6]
603:79.98, 10:10 [6, 294, 1879, 86, 65, -6]
604:100.38, 10:10 [6, 9509, 40, 235, 82, 234, -6]
605:107.20, 10:10 [6, 22, 12114, 168, 142, -6]
606:69.29, 10:10 [6, 167, 2620, 291, 9826, -6]
607:90.50, 10:10 [6, 1471, 103, 6767, 184, -6]
608:78.32, 10:10 [6, 571, 13660, 262, 255, 12, -6]
609:61.60, 10:10 [6, 85, 197, 214, 792, -6]
616:143.25, 10:10 [6, 51, 11, 292, 433, 7385, -6]
701:68.44, 9:10 [7, 5342, 91, 38, -7]
702:89.50, 9:10 [7, 15165, 1574, 231, 3257, -7]
703:4.47, 3:10 [7, 3918, -7]
705:67.39, 10:10 [7, 152, 203, 149, -7]
706:57.11, 10:10 [7, 5121, 4592, 279, 303, -7]
708:51.05, 5:10 [7, 1669, 150, 12027, 120, -7]
fe: 3, se: 16

Day: 1, Time: 405
Total Cost: 1745.42
 11:94.59, 58:75 [3, 8, -8, -3]
 12:90.24, 49:75 [3, 9, -3]
 15:90.24, 29:75 [3, 9, -9, -3]
801:115.66, 10:10 [8, 4675, 258, 112, 16, -8]
802:95.05, 10:10 [8, 263, 1782, 261, 601, -8]
803:128.60, 10:10 [8, 213, 271, 4637, 6083, 226, -8]
805:141.93, 9:10 [8, 319, 115, 2126, 126, -8]
806:118.27, 10:10 [8, 3871, 209, 33, 3903, 18, -8]
807:126.18, 10:10 [8, 14231, 97, 8488, 13017, 181, 4072, -8]
901:97.50, 10:10 [9, 265, 145, 6803, -9]
902:43.96, 10:10 [9, 307, 2517, 14, -9]
905:95.14, 9:10 [9, 302, 285, 12247, 4130, -9]
906:102.99, 10:10 [9, 248, 12037, 4017, 78, 536, -9]
907:127.10, 10:10 [9, 301, 5660, 317, -9]
908:114.84, 10:10 [9, 119, 56, 1982, 7282, 87, -9]
909:113.81, 10:10 [9, 35, 3513, 10065, 100, 7685, 128, -9]
910:49.30, 9:10 [9, 70, 146, 189, 192, -9]
fe: 3, se: 14

Day: 1, Time: 415
Total Cost: 391.97
 11:151.76, 9:75 [2, -6, -7, -2]
601:161.20, 3:10 [6, 10221, 12903, -6]
602:16.97, 4:10 [6, 13199, -6]
701:62.03, 2:10 [7, 16708, -7]
fe: 1, se: 3

Day: 1, Time: 420
Total Cost: 316.82
 11:113.51, 11:75 [3, -8, -9, -3]
801:90.97, 1:10 [8, 16524, -8]
901:112.33, 10:10 [9, 15246, 15910, 14241, -9]
fe: 1, se: 2

Day: 1, Time: 435
Total Cost: 295.79
 11:179.78, 7:75 [1, -4, -5, -1]
401:65.02, 5:10 [4, 10401, 12609, -4]
501:50.99, 2:10 [5, 11865, -5]
fe: 1, se: 2

Day: 1, Time: 450
Total Cost: 477.42
 11:136.01, 13:75 [1, 4, -1]
401:63.81, 2:10 [4, 6349, -4]
402:116.36, 3:10 [4, 2790, -4]
403:36.50, 4:10 [4, 552, -4]
404:124.74, 4:10 [4, 997, -4]
fe: 1, se: 4

Day: 1, Time: 450
Total Cost: 574.89
 11:66.27, 30:75 [2, 6, -2]
601:160.30, 7:10 [6, 3760, 198, 164, -6]
602:96.21, 6:10 [6, 260, 98, -6]
603:89.52, 8:10 [6, 6967, 305, 157, -6]
604:112.12, 8:10 [6, 2150, 286, 77, -6]
605:50.48, 1:10 [6, 6912, -6]
fe: 1, se: 5

Day: 1, Time: 450
Total Cost: 842.52
 11:94.59, 18:75 [3, 8, -3]
 12:90.24, 33:75 [3, 9, -3]
801:127.71, 6:10 [8, 3532, 7021, 101, -8]
802:20.00, 4:10 [8, 90, -8]
803:91.12, 8:10 [8, 6218, 174, 4197, 72, -8]
901:41.64, 3:10 [9, 4991, 130, -9]
902:122.68, 10:10 [9, 27, 7746, 2525, 160, -9]
903:14.56, 4:10 [9, 5378, -9]
904:117.94, 7:10 [9, 57, 159, 155, -9]
906:122.04, 9:10 [9, 3931, 162, 6927, 41, -9]
fe: 2, se: 8

Day: 1, Time: 460
Total Cost: 175.15
 11:66.27, 5:75 [2, 6, -2]
602:108.87, 5:10 [6, 2321, 5997, -6]
fe: 1, se: 1

Day: 1, Time: 460
Total Cost: 182.53
 11:90.24, 4:75 [3, 9, -3]
901:92.28, 4:10 [9, 5959, -9]
fe: 1, se: 1


Day	Area	ID	Time	Load	Utilization	NoOrders	AssignmentCost
1	1	 6	225	 22	0.24	 8	295.00
1	1	26	270	 56	0.62	16	635.00
1	1	 7	270	 89	0.99	44	965.00
1	1	 8	315	 88	0.98	32	955.00
1	1	27	315	 46	0.51	19	535.00
1	1	28	360	 77	0.86	32	845.00
1	1	119	400	  9	0.05	 3	330.00
1	1	19	810	 72	1.00	33	954.00
1	1	38	810	 72	1.00	25	954.00
1	2	44	225	 86	0.96	36	935.00
1	2	45	270	 90	1.00	37	975.00
1	2	46	315	 48	0.53	24	555.00
1	2	65	315	 90	1.00	36	975.00
1	2	66	360	 14	0.16	 5	215.00
1	2	76	810	 41	0.57	14	582.00
1	2	57	810	 61	0.85	30	822.00
1	3	100	180	 31	0.43	 9	462.00
1	3	82	225	 90	1.00	34	975.00
1	3	83	270	 19	0.21	 9	265.00
1	3	163	300	 15	0.08	13	450.00
1	3	84	315	 74	0.82	28	815.00
1	3	103	315	 89	0.99	33	965.00
1	3	85	360	  3	0.03	 1	105.00
1	3	95	810	 70	0.97	35	930.00
1	3	114	810	 70	0.97	19	930.00


Day	Area	Time	Pickup	Delivery	Direct	FEVehicles	SEVehicles	ALNSTime	ALNSBestTime	RoutingCostArea
1	1	0	112	47	0	6	44	171.83	135.25	4722.54
1	1	15	6	0	0	2	4	0.81	0.00	704.74
1	1	30	4	0	0	2	2	0.78	0.00	492.95
1	1	35	1	0	0	1	1	0.19	0.00	205.35
1	1	40	1	0	0	1	1	0.19	0.00	201.35
1	1	50	4	0	0	3	3	0.75	0.00	678.91
1	1	85	4	0	0	2	3	0.54	0.00	480.52
1	1	90	3	0	0	1	2	0.40	0.00	291.65
1	1	100	4	0	0	2	2	0.68	0.00	486.62
1	1	115	2	0	1	1	2	0.43	0.00	768.29
1	1	120	2	0	0	1	2	0.49	0.00	261.10
1	1	130	4	0	0	2	4	0.83	0.00	500.15
1	1	135	1	0	0	1	1	0.26	0.00	221.25
1	1	145	2	0	1	1	2	0.46	0.00	710.05
1	1	150	1	0	0	1	1	0.26	0.00	218.43
1	1	155	1	0	0	1	1	0.26	0.00	254.44
1	1	160	2	0	0	2	2	0.34	0.00	412.81
1	1	165	3	0	1	2	3	0.49	0.00	1074.00
1	1	170	0	0	1	0	0	0.00	0.00	500.00
1	1	175	0	0	1	0	0	0.00	0.00	500.00
1	1	180	1	0	1	1	1	0.25	0.00	668.82
1	1	280	18	0	0	2	5	1.54	0.00	889.99
1	1	330	13	39	0	2	11	13.42	9.40	1359.73
1	1	360	8	28	0	2	7	4.23	0.00	1128.27
1	1	405	6	60	0	3	19	19.42	15.16	2141.45
1	1	435	3	0	0	1	2	0.44	0.00	295.79
1	1	450	0	4	0	1	4	0.56	0.00	477.42
1	2	5	99	64	0	10	43	98.57	67.97	5246.01
1	2	35	6	0	0	1	3	0.50	0.00	355.48
1	2	60	3	0	0	1	2	0.48	0.00	259.19
1	2	85	9	0	0	3	6	0.93	0.00	760.97
1	2	95	1	0	0	1	1	0.24	0.00	161.69
1	2	110	3	0	0	2	3	0.57	0.00	419.38
1	2	115	1	0	0	1	1	0.19	0.00	147.91
1	2	130	1	0	0	1	1	0.21	0.00	127.88
1	2	135	1	0	0	1	1	0.42	0.00	168.72
1	2	150	2	0	0	2	2	0.49	0.00	254.06
1	2	155	1	0	1	1	1	0.26	0.00	610.18
1	2	160	1	0	0	1	1	0.20	0.00	151.17
1	2	165	1	0	2	1	1	0.23	0.00	1084.38
1	2	170	1	0	1	1	1	0.25	0.00	677.23
1	2	180	4	0	0	2	4	0.77	0.00	403.33
1	2	290	17	5	0	1	5	2.20	0.03	675.88
1	2	300	1	0	0	1	1	0.25	0.00	170.00
1	2	365	16	71	0	3	19	21.68	1.30	1990.34
1	2	405	6	56	0	3	16	15.51	11.51	1644.00
1	2	415	4	0	0	1	3	0.69	0.00	391.97
1	2	450	0	12	0	1	5	1.03	0.00	574.89
1	2	460	0	2	0	1	1	0.30	0.00	175.15
1	3	5	103	69	0	9	50	121.50	0.14	5710.58
1	3	10	1	0	0	1	1	0.21	0.00	180.87
1	3	20	3	0	0	1	2	0.32	0.00	263.37
1	3	60	5	0	0	1	2	0.46	0.00	239.53
1	3	85	1	0	0	1	1	0.20	0.00	194.23
1	3	100	5	0	0	2	3	0.54	0.00	416.06
1	3	105	1	0	0	1	1	0.19	0.00	179.35
1	3	130	3	0	0	1	3	0.43	0.00	281.37
1	3	135	0	0	1	0	0	0.00	0.00	500.00
1	3	145	2	0	0	1	2	0.35	0.00	197.55
1	3	150	1	0	1	1	1	0.19	0.00	612.87
1	3	160	1	0	1	1	1	0.24	0.00	614.66
1	3	170	1	0	0	1	1	0.24	0.00	92.24
1	3	175	2	0	0	2	2	0.50	0.00	305.57
1	3	180	1	0	0	1	1	0.19	0.00	148.63
1	3	305	27	0	0	1	8	4.76	2.48	986.03
1	3	365	12	63	0	3	16	19.93	14.93	1842.79
1	3	405	5	56	0	3	14	22.12	18.22	1745.42
1	3	420	4	0	0	1	2	0.74	0.00	316.82
1	3	450	0	22	0	2	8	2.51	1.73	842.52
1	3	460	0	1	0	1	1	0.25	0.00	182.53

Day	SL	Own	DispatchTimes	AssignmentCost	RoutingCost	TotalCost
1	23	2	49	17424.00	52949.46	70373.46

Total Cost: 70373.45564251929
Cost per Day: 70373.45564251929
Running time in Seconds: 11033.795
Running time in minutes: 183.89658333333333