INSTANCE: 3hubs_MSD_A_32_x.csv
PARAMETER: sp_msd_loose_20_120_3hubs.txt
POLICY: Stochastic Programming
ALPHA: 0.104199469634303
BETA: 58
OMEGA: 586
EPSILON: 1.23112395255216

Day: 1, Time: 0
Total Cost: 5700.25
 11:136.01, 57:75 [1, 4, -4, -1]
 12:136.01, 44:75 [1, 4, -4, -1]
 13:136.01, 10:75 [1, 4, -4, -1]
 14:136.01, 62:75 [1, 4, -4, -1]
 15:136.01, 18:75 [1, 4, -4, -1]
 16:153.31, 58:75 [1, 5, -5, -1]
 17:153.31, 23:75 [1, -5, -1]
 19:153.31, 10:75 [1, -5, -1]
402:71.68, 10:10 [4, 8631, 8554, 8685, 8753, 8651, -4]
403:65.76, 8:10 [4, 8898, 8813, 8936, -4]
404:122.97, 10:10 [4, 8776, 8858, 8729, 8831, -4]
405:197.55, 8:10 [4, 8774, 8701, 8605, 8620, -4]
406:79.40, 9:10 [4, 8794, 8843, 8825, -4]
407:108.68, 8:10 [4, 16712, 8877, -4]
408:155.44, 6:10 [4, 8899, 9005, -4]
409:79.65, 10:10 [4, 8688, 8624, 8639, 8562, -4]
410:123.79, 9:10 [4, 8622, 8655, 8610, 8529, -4]
411:114.30, 7:10 [4, 8560, 8743, 8718, -4]
412:110.28, 10:10 [4, 8911, 8863, 8841, 8865, -4]
413:184.43, 8:10 [4, 8581, 8583, 8593, 8602, 8573, -4]
414:18.44, 4:10 [4, 8523, -4]
415:64.00, 9:10 [4, 8958, 8990, 8791, 8720, -4]
417:55.83, 10:10 [4, 8740, 8860, 8778, 8768, -4]
418:148.07, 9:10 [4, 8925, 8915, 8726, 8873, -4]
419:105.14, 9:10 [4, 8847, 8869, 8733, 8520, 8878, 9006, -4]
420:149.31, 10:10 [4, 8551, 8673, 8536, 8555, -4]
421:90.50, 10:10 [4, 8916, 8569, 8731, 8868, -4]
422:114.87, 8:10 [4, 8929, 8730, 8995, -4]
423:85.12, 10:10 [4, 8944, 8945, 8803, 8834, 8823, -4]
424:27.40, 9:10 [4, 8745, 8947, 8870, -4]
425:128.57, 5:10 [4, 8849, 8900, 8773, -4]
426:122.75, 9:10 [4, 8842, 8744, 8932, -4]
427:95.73, 10:10 [4, 8800, 8828, 8981, -4]
428:38.48, 8:10 [4, 8921, 8848, -4]
429:139.49, 10:10 [4, 8839, 8997, 8801, 8695, 8697, -4]
430:104.54, 8:10 [4, 8982, 8850, 8728, -4]
501:119.21, 9:10 [5, 8625, 8694, 8666, 8526, -5]
502:36.06, 8:10 [5, 8530, 8638, -5]
503:70.73, 9:10 [5, 8820, 8933, 8709, 8953, -5]
504:54.74, 10:10 [5, 8737, 8787, 8754, 8796, 8950, -5]
505:200.64, 10:10 [5, 8613, 8669, 8626, 8629, -5]
506:166.37, 2:10 [5, 8975, -5]
507:77.45, 9:10 [5, 9000, 9002, 8854, 8528, 8846, -5]
508:80.27, 7:10 [5, 8816, 8715, 8969, 8926, -5]
509:133.05, 10:10 [5, 8599, 8542, 8527, 8572, 8603, -5]
510:15.23, 4:10 [5, 8819, -5]
511:162.33, 8:10 [5, 8895, 8725, -5]
513:46.11, 10:10 [5, 8644, 8607, 8563, -5]
514:101.36, 10:10 [5, 8957, 8941, 9003, 8808, -5]
515:20.83, 10:10 [5, 8864, 8777, 8795, -5]
516:125.85, 9:10 [5, 8532, 8664, 8667, -5]
517:100.35, 10:10 [5, 8702, 8955, 8914, 8935, 8988, -5]
518:147.48, 8:10 [5, 8829, 8734, 8799, -5]
fe: 8, se: 45

Day: 1, Time: 5
Total Cost: 5918.06
 11:66.27, 72:75 [2, 6, -6, -2]
 12:66.27, 37:75 [2, 6, -6, -2]
 13:66.27, 48:75 [2, 6, -6, -2]
 14:66.27, 9:75 [2, 6, -6, -2]
 15:145.23, 3:75 [2, -7, -2]
 16:66.27, 29:75 [2, -6, -2]
 17:66.27, 17:75 [2, 6, -6, -2]
 18:145.23, 70:75 [2, 7, -7, -2]
 19:145.23, 15:75 [2, -7, -2]
 20:66.27, 19:75 [2, -6, -2]
 21:66.27, 4:75 [2, -6, -2]
 22:66.27, 2:75 [2, -6, -2]
601:76.75, 10:10 [6, 8699, 8586, 8543, -6]
602:51.16, 10:10 [6, 8890, 8931, 8783, -6]
603:115.12, 6:10 [6, 8905, 8738, -6]
604:137.59, 8:10 [6, 8952, 8912, -6]
605:184.48, 10:10 [6, 8884, 8641, 8570, 8693, 8557, 8963, 8986, -6]
606:89.37, 10:10 [6, 8524, 8584, 8587, 8575, -6]
607:143.30, 10:10 [6, 8580, 8652, 8611, 8553, 8568, -6]
608:105.54, 10:10 [6, 8879, 8976, 8724, 8772, 8978, -6]
609:103.35, 9:10 [6, 12611, 8942, 8792, 8767, -6]
610:10.20, 4:10 [6, 8552, -6]
611:116.10, 10:10 [6, 8712, 8836, 8833, 8780, 8671, -6]
612:18.24, 7:10 [6, 8757, 8691, 8811, -6]
613:134.68, 10:10 [6, 8789, 14861, 8959, 9007, -6]
614:132.58, 10:10 [6, 8596, 8661, 8663, 8598, 8578, -6]
615:101.83, 10:10 [6, 8954, 8902, 8880, -6]
616:120.88, 4:10 [6, 8919, -6]
617:103.43, 10:10 [6, 8537, 8590, 8647, 8657, 8640, -6]
618:134.24, 2:10 [6, 8985, -6]
619:155.61, 10:10 [6, 8650, 8561, 8571, 8600, 8564, 8534, -6]
620:87.05, 8:10 [6, 8762, 8930, 8710, -6]
621:90.05, 9:10 [6, 8717, 8862, 8938, -6]
622:55.54, 10:10 [6, 8871, 8857, 8700, -6]
624:68.27, 7:10 [6, 8793, 8853, 8775, -6]
625:139.42, 10:10 [6, 8984, 8732, 9009, -6]
626:98.69, 9:10 [6, 8814, 8937, 8804, -6]
628:104.53, 10:10 [6, 8786, 8749, 8965, 8886, 8888, 8812, -6]
632:109.21, 10:10 [6, 8559, 8612, 8687, 8618, -6]
633:153.11, 10:10 [6, 8964, 8908, 8960, 8760, 8594, 8973, -6]
634:94.02, 9:10 [6, 8656, 8746, 8797, 8741, 8980, -6]
635:48.29, 6:10 [6, 8681, 8642, -6]
636:114.71, 10:10 [6, 8967, 8875, 8809, 8761, -6]
638:121.97, 8:10 [6, 8851, 8852, -6]
639:152.22, 9:10 [6, 8806, 8815, 8727, -6]
640:140.60, 6:10 [6, 8805, 8838, -6]
641:70.13, 9:10 [6, 8604, 8521, 8654, -6]
642:84.80, 9:10 [6, 8705, 8821, 8970, 8736, -6]
701:73.98, 10:10 [7, 8646, 8630, 8696, 8601, -7]
702:65.82, 10:10 [7, 8989, 8901, 8807, 8917, -7]
703:66.13, 10:10 [7, 8859, 8751, 8832, 8903, -7]
704:48.33, 9:10 [7, 8923, 8798, 8928, 8867, -7]
705:21.47, 8:10 [7, 8739, 8962, -7]
706:81.26, 8:10 [7, 8856, 8835, 8756, -7]
707:78.23, 6:10 [7, 8704, 8771, -7]
708:72.17, 9:10 [7, 8592, 8636, 8609, 8649, -7]
709:65.03, 5:10 [7, 9008, 8999, -7]
710:71.61, 4:10 [7, 8949, -7]
711:114.52, 10:10 [7, 9004, 8781, 8827, 8934, -7]
712:43.22, 10:10 [7, 8991, 8770, 8706, -7]
713:66.73, 8:10 [7, 8546, 8574, 8614, 8566, 8653, -7]
714:52.16, 9:10 [7, 8872, 8974, 8683, -7]
715:93.34, 3:10 [7, 8887, -7]
716:104.87, 10:10 [7, 8670, 8567, 8525, 8660, 8544, -7]
fe: 12, se: 52

Day: 1, Time: 5
Total Cost: 5993.42
 11:94.59, 65:75 [3, 8, -8, -3]
 12:94.59, 39:75 [3, -8, -3]
 13:94.59, 14:75 [3, 8, -8, -3]
 14:94.59, 4:75 [3, -8, -3]
 15:90.24, 66:75 [3, 9, -9, -3]
 16:90.24, 74:75 [3, 9, -9, -3]
 17:90.24, 26:75 [3, -9, -3]
 18:94.59, 2:75 [3, -8, -3]
 19:94.59, 3:75 [3, -8, -3]
 20:90.24, 3:75 [3, -9, -3]
 21:94.59, 2:75 [3, -8, -3]
801:115.86, 10:10 [8, 8665, 8678, 8548, 8658, -8]
802:118.76, 10:10 [8, 8758, 8627, 8723, 8708, 8750, -8]
803:72.37, 9:10 [8, 8719, 8735, 8910, -8]
804:71.07, 10:10 [8, 8946, 8817, 8837, 8994, -8]
805:24.41, 6:10 [8, 8645, 8591, -8]
806:99.95, 7:10 [8, 8920, 8676, 8881, 8913, -8]
807:102.49, 2:10 [8, 8822, -8]
808:22.48, 7:10 [8, 8759, 8906, -8]
809:110.31, 10:10 [8, 8679, 8617, 8539, -8]
810:99.30, 3:10 [8, 8893, -8]
811:110.91, 9:10 [8, 8556, 8634, 8579, -8]
812:104.80, 4:10 [8, 8845, -8]
813:113.61, 6:10 [8, 8707, 8996, -8]
814:124.40, 7:10 [8, 8948, 8531, 8866, 8824, -8]
815:80.69, 7:10 [8, 8608, 8961, 8897, -8]
816:89.61, 10:10 [8, 8522, 8686, 8684, -8]
817:161.13, 9:10 [8, 8752, 8643, 8585, 8606, 8680, -8]
818:128.21, 9:10 [8, 8716, 8769, 8951, 8992, -8]
819:103.32, 2:10 [8, 8779, -8]
820:116.52, 4:10 [8, 8764, -8]
821:93.48, 10:10 [8, 8595, 8545, 8668, -8]
822:145.65, 9:10 [8, 8677, 8672, 8785, 8635, 8648, 8979, 8633, -8]
823:106.38, 10:10 [8, 8722, 8782, 8714, 8998, 8784, 8987, -8]
826:146.17, 10:10 [8, 8883, 8830, 8943, 8894, -8]
827:88.02, 3:10 [8, 8907, -8]
901:87.32, 7:10 [9, 8637, 8616, -9]
902:103.25, 4:10 [9, 8703, -9]
903:114.81, 9:10 [9, 8597, 8547, 8558, 8577, -9]
904:83.80, 10:10 [9, 8748, 8766, 8956, -9]
905:124.40, 10:10 [9, 8549, 8538, 8690, -9]
906:95.92, 10:10 [9, 8621, 8619, 8632, -9]
907:84.67, 10:10 [9, 8747, 8810, 8966, -9]
908:123.84, 10:10 [9, 8588, 8550, 8698, 8535, 8541, -9]
909:93.06, 10:10 [9, 8922, 8889, 8765, 8826, -9]
910:79.72, 9:10 [9, 8788, 8892, 8790, 8972, -9]
911:116.62, 3:10 [9, 8876, -9]
912:136.23, 10:10 [9, 8576, 8674, 8623, 8533, -9]
913:98.75, 10:10 [9, 8977, 8968, 8711, 8940, -9]
914:85.43, 7:10 [9, 8924, 8891, -9]
915:80.20, 8:10 [9, 8993, 8861, 8885, -9]
916:108.13, 10:10 [9, 8882, 8927, 10923, 8874, 8721, -9]
917:127.46, 9:10 [9, 8565, 8682, 8589, -9]
918:133.46, 10:10 [9, 8896, 8904, 8909, 8802, 8713, 8659, -9]
920:127.57, 10:10 [9, 8844, 8939, 8840, -9]
921:53.36, 10:10 [9, 8662, 8615, 8582, -9]
922:89.89, 2:10 [9, 8983, -9]
923:95.09, 10:10 [9, 8692, 8628, 8675, 8689, -9]
924:44.99, 9:10 [9, 8755, 8763, 8855, -9]
925:132.40, 10:10 [9, 8818, 8742, 8971, 8918, 9001, 8540, -9]
fe: 11, se: 49

Day: 1, Time: 15
Total Cost: 483.06
 11:136.01, 4:75 [1, -4, -1]
 12:153.31, 4:75 [1, -5, -1]
401:72.80, 4:10 [4, 10462, -4]
501:120.93, 4:10 [5, 14030, -5]
fe: 2, se: 2

Day: 1, Time: 25
Total Cost: 255.77
 11:136.01, 4:75 [1, -4, -1]
401:95.02, 3:10 [4, 12858, -4]
402:24.74, 1:10 [4, 15474, -4]
fe: 1, se: 2

Day: 1, Time: 25
Total Cost: 456.41
 11:66.27, 5:75 [2, -6, -2]
 12:145.23, 1:75 [2, -7, -2]
601:110.00, 1:10 [6, 11462, -6]
602:65.05, 4:10 [6, 11810, -6]
701:69.86, 1:10 [7, 15481, -7]
fe: 2, se: 3

Day: 1, Time: 40
Total Cost: 516.41
 11:94.59, 6:75 [3, -8, -3]
 12:90.24, 11:75 [3, -9, -3]
801:65.51, 3:10 [8, 13090, -8]
802:85.09, 3:10 [8, 15420, -8]
901:121.61, 3:10 [9, 11706, -9]
902:59.36, 8:10 [9, 15589, 12574, 12879, -9]
fe: 2, se: 4

Day: 1, Time: 45
Total Cost: 316.08
 11:94.59, 1:75 [3, -8, -3]
 12:90.24, 2:75 [3, -9, -3]
801:89.20, 1:10 [8, 13470, -8]
901:42.05, 2:10 [9, 12161, -9]
fe: 2, se: 2

Day: 1, Time: 50
Total Cost: 529.55
 11:136.01, 2:75 [1, -4, -1]
 12:153.31, 1:75 [1, -5, -1]
401:52.00, 1:10 [4, 16050, -4]
402:105.55, 1:10 [4, 12648, -4]
501:82.68, 1:10 [5, 16938, -5]
fe: 2, se: 3

Day: 1, Time: 50
Total Cost: 410.94
 11:113.51, 6:75 [3, -8, -9, -3]
 12:90.24, 1:75 [3, -9, -3]
801:12.81, 4:10 [8, 9520, -8]
901:113.98, 2:10 [9, 10478, 16738, -9]
902:80.40, 1:10 [9, 15757, -9]
fe: 2, se: 3

Day: 1, Time: 55
Total Cost: 381.76
 11:66.27, 12:75 [2, -6, -2]
 12:145.23, 4:75 [2, -7, -2]
601:81.32, 6:10 [6, 10852, 13715, -6]
602:54.00, 6:10 [6, 13145, 15198, -6]
701:34.93, 4:10 [7, 13418, -7]
fe: 2, se: 3

Day: 1, Time: 60
Total Cost: 751.18
 11:153.31, 2:75 [1, -5, -1]
 12:153.31, 7:75 [1, -5, -1]
 13:136.01, 1:75 [1, -4, -1]
401:84.40, 1:10 [4, 9205, -4]
501:147.98, 7:10 [5, 12934, 13752, -5]
502:76.16, 2:10 [5, 14580, -5]
fe: 3, se: 3

Day: 1, Time: 65
Total Cost: 568.09
 11:94.59, 7:75 [3, -8, -3]
 13:90.24, 2:75 [3, -9, -3]
 14:90.24, 8:75 [3, -9, -3]
801:95.49, 7:10 [8, 10281, 15508, -8]
901:76.42, 2:10 [9, 11588, -9]
902:42.38, 4:10 [9, 10822, -9]
903:78.71, 4:10 [9, 16790, -9]
fe: 3, se: 4

Day: 1, Time: 75
Total Cost: 379.32
 11:66.27, 3:75 [2, -6, -2]
 12:66.27, 5:75 [2, -6, -2]
601:19.80, 3:10 [6, 9556, -6]
602:125.94, 1:10 [6, 15423, -6]
603:101.04, 4:10 [6, 10464, 10956, -6]
fe: 2, se: 3

Day: 1, Time: 80
Total Cost: 557.80
 11:136.01, 4:75 [1, -4, -1]
 12:136.01, 4:75 [1, -4, -1]
 13:153.31, 3:75 [1, -5, -1]
401:14.00, 4:10 [4, 10360, -4]
402:82.68, 4:10 [4, 13828, -4]
501:35.78, 3:10 [5, 15553, -5]
fe: 3, se: 3

Day: 1, Time: 90
Total Cost: 336.62
 11:94.59, 3:75 [3, -8, -3]
 12:90.24, 2:75 [3, -9, -3]
801:42.76, 1:10 [8, 13064, -8]
802:45.12, 2:10 [8, 13649, -8]
901:63.91, 2:10 [9, 10488, -9]
fe: 2, se: 3

Day: 1, Time: 95
Total Cost: 410.94
 11:66.27, 4:75 [2, -6, -2]
 12:145.23, 1:75 [2, -7, -2]
601:81.06, 3:10 [6, 9902, 15953, -6]
602:61.77, 1:10 [6, 13660, -6]
701:56.60, 1:10 [7, 16668, -7]
fe: 2, se: 3

Day: 1, Time: 95
Total Cost: 278.52
 11:94.59, 4:75 [3, -8, -3]
 12:90.24, 4:75 [3, -9, -3]
801:41.18, 4:10 [8, 11972, -8]
901:52.50, 4:10 [9, 11814, -9]
fe: 2, se: 2

Day: 1, Time: 100
Total Cost: 591.99
 11:136.01, 6:75 [1, -4, -1]
 12:153.31, 4:75 [1, -5, -1]
401:83.74, 2:10 [4, 11835, -4]
402:54.33, 4:10 [4, 11719, -4]
501:164.60, 4:10 [5, 9337, -5]
fe: 2, se: 3

Day: 1, Time: 100
Total Cost: 238.79
 11:94.59, 2:75 [3, -8, -3]
801:79.70, 1:10 [8, 11097, -8]
802:64.50, 1:10 [8, 13189, -8]
fe: 1, se: 2

Day: 1, Time: 110
Total Cost: 527.39
 11:136.01, 3:75 [1, -4, -1]
 12:153.31, 3:75 [1, -5, -1]
401:135.91, 3:10 [4, 13040, -4]
501:102.16, 3:10 [5, 9769, -5]
fe: 2, se: 2

Day: 1, Time: 110
Total Cost: 142.40
 11:90.24, 1:75 [3, -9, -3]
901:52.15, 1:10 [9, 9602, -9]
fe: 1, se: 1

Day: 1, Time: 115
Total Cost: 356.11
 13:66.27, 7:75 [2, -6, -2]
601:78.10, 3:10 [6, 16318, -6]
602:92.46, 1:10 [6, 12125, -6]
603:119.28, 3:10 [6, 11907, -6]
fe: 1, se: 3

Day: 1, Time: 115
Total Cost: 339.52
 11:94.59, 3:75 [3, -8, -3]
 12:90.24, 3:75 [3, -9, -3]
801:44.05, 3:10 [8, 12021, -8]
901:110.63, 3:10 [9, 10181, -9]
fe: 2, se: 2

Day: 1, Time: 120
Total Cost: 346.42
 11:94.59, 2:75 [3, -8, -3]
 12:90.24, 4:75 [3, -9, -3]
801:59.09, 2:10 [8, 15713, -8]
901:102.49, 4:10 [9, 12792, -9]
fe: 2, se: 2

Day: 1, Time: 125
Total Cost: 444.80
 11:94.59, 2:75 [3, -8, -3]
 12:90.24, 6:75 [3, -9, -3]
801:116.62, 2:10 [8, 15629, -8]
901:143.34, 6:10 [9, 13579, 15271, -9]
fe: 2, se: 2

Day: 1, Time: 130
Total Cost: 455.72
 11:136.01, 5:75 [1, -4, -1]
 12:153.31, 4:75 [1, -5, -1]
401:28.28, 3:10 [4, 10107, -4]
402:67.47, 2:10 [4, 14995, -4]
501:62.64, 2:10 [5, 12421, -5]
502:8.00, 2:10 [5, 14425, -5]
fe: 2, se: 4

Day: 1, Time: 130
Total Cost: 314.19
 11:66.27, 3:75 [2, -6, -2]
 12:66.27, 3:75 [2, -6, -2]
601:134.95, 3:10 [6, 15462, -6]
602:46.69, 3:10 [6, 16064, -6]
fe: 2, se: 2

Day: 1, Time: 130
Total Cost: 271.10
 12:90.24, 6:75 [3, -9, -3]
901:78.23, 3:10 [9, 17006, -9]
902:102.63, 3:10 [9, 15894, -9]
fe: 1, se: 2

Day: 1, Time: 135
Total Cost: 209.41
 11:94.59, 4:75 [3, -8, -3]
801:74.97, 1:10 [8, 13449, -8]
802:39.85, 3:10 [8, 15634, -8]
fe: 1, se: 2

Day: 1, Time: 140
Total Cost: 267.72
 11:94.59, 1:75 [3, -8, -3]
 12:90.24, 1:75 [3, -9, -3]
801:44.41, 1:10 [8, 12642, -8]
901:38.47, 1:10 [9, 10732, -9]
fe: 2, se: 2

Day: 1, Time: 150
Total Cost: 233.45
 11:66.27, 4:75 [2, -6, -2]
 12:66.27, 2:75 [2, -6, -2]
601:35.61, 4:10 [6, 11176, -6]
602:65.30, 2:10 [6, 14797, -6]
fe: 2, se: 2

Day: 1, Time: 150
Total Cost: 570.75
 11:94.59, 3:75 [3, -8, -3]
 12:90.24, 5:75 [3, -9, -3]
 13:90.24, 8:75 [3, -9, -3]
801:46.82, 3:10 [8, 15010, -8]
901:116.96, 5:10 [9, 11992, 13853, -9]
902:79.85, 4:10 [9, 15586, -9]
903:52.04, 4:10 [9, 16519, -9]
fe: 3, se: 4

Day: 1, Time: 155
Total Cost: 305.83
 11:136.01, 6:75 [1, -4, -1]
401:84.21, 3:10 [4, 15956, -4]
402:85.60, 3:10 [4, 14222, -4]
fe: 1, se: 2

Day: 1, Time: 155
Total Cost: 387.15
 11:66.27, 2:75 [2, -6, -2]
 12:66.27, 5:75 [2, -6, -2]
601:90.91, 2:10 [6, 15311, -6]
602:66.03, 4:10 [6, 9363, -6]
603:97.67, 1:10 [6, 12988, -6]
fe: 2, se: 3

Day: 1, Time: 155
Total Cost: 142.59
 11:90.24, 3:75 [3, -9, -3]
901:52.35, 3:10 [9, 13728, -9]
fe: 1, se: 1

Day: 1, Time: 160
Total Cost: 136.01
 11:136.01, 1:75 [1, -4, -1]
401:0.00, 1:10 [4, 13843, -4]
fe: 1, se: 1

Day: 1, Time: 165
Total Cost: 212.40
 11:153.31, 3:75 [1, -5, -1]
501:59.09, 3:10 [5, 16107, -5]
fe: 1, se: 1

Day: 1, Time: 170
Total Cost: 343.01
 11:94.59, 3:75 [3, -8, -3]
 12:90.24, 5:75 [3, -9, -3]
801:50.00, 3:10 [8, 15560, -8]
901:108.17, 5:10 [9, 16553, 9255, -9]
fe: 2, se: 2

Day: 1, Time: 175
Total Cost: 272.84
 11:66.27, 4:75 [2, -6, -2]
 12:66.27, 4:75 [2, -6, -2]
601:68.26, 4:10 [6, 11473, -6]
602:72.03, 4:10 [6, 14204, -6]
fe: 2, se: 2

Day: 1, Time: 175
Total Cost: 364.84
 11:94.59, 2:75 [3, -8, -3]
 12:90.24, 4:75 [3, -9, -3]
801:94.85, 2:10 [8, 11464, -8]
901:85.16, 4:10 [9, 11140, -9]
fe: 2, se: 2

Day: 1, Time: 285
Total Cost: 645.95
 11:66.27, 37:75 [2, -6, -2]
601:198.82, 9:10 [6, 9928, 17132, 14250, 10075, 9872, -6]
602:152.42, 10:10 [6, 11647, 9393, 14001, 13126, -6]
603:98.74, 8:10 [6, 10299, 11088, 16720, -6]
604:129.70, 10:10 [6, 10941, 9673, 11495, 16880, -6]
fe: 1, se: 4

Day: 1, Time: 310
Total Cost: 771.39
 12:90.24, 50:75 [3, -9, -3]
901:115.97, 10:10 [9, 16233, 11607, 13598, 14777, -9]
902:145.51, 10:10 [9, 11333, 13815, 15296, 15140, 13172, 14489, -9]
903:168.39, 10:10 [9, 14997, 13138, 11072, -9]
904:153.60, 10:10 [9, 11281, 10750, 16865, 17085, 10609, 10206, -9]
906:97.67, 10:10 [9, 11793, 16382, 16032, 16882, -9]
fe: 1, se: 5

Day: 1, Time: 315
Total Cost: 1568.88
 11:136.01, 53:75 [1, 4, -4, -1]
 12:153.31, 48:75 [1, 5, -5, -1]
401:156.20, 10:10 [4, 172, 9334, 46, 290, 280, 13896, 14410, -4]
402:133.21, 10:10 [4, 4780, 11274, 3120, 11439, 10894, 6791, 256, -4]
403:56.27, 8:10 [4, 13669, 81, -4]
404:119.58, 10:10 [4, 13444, 51, 11513, 154, 15639, 147, 12488, 16388, -4]
405:76.03, 10:10 [4, 203, 197, 45, -4]
406:62.51, 10:10 [4, 89, 12032, 4728, 248, 14697, 132, -4]
408:89.24, 5:10 [4, 9979, 14344, -4]
501:6.32, 3:10 [5, 9992, -5]
502:91.79, 9:10 [5, 259, 69, 3471, -5]
503:77.78, 9:10 [5, 2355, 73, 17, -5]
504:137.23, 10:10 [5, 14, 9658, 866, 107, 252, 11600, -5]
506:176.81, 10:10 [5, 212, 14424, 229, 13300, 29, 114, -5]
507:96.58, 10:10 [5, 318, 247, 4455, -5]
fe: 2, se: 13

Day: 1, Time: 360
Total Cost: 1225.11
 11:136.01, 29:75 [1, 4, -4, -1]
 12:153.31, 26:75 [1, 5, -5, -1]
401:119.30, 10:10 [4, 16272, 94, 14657, 219, 128, 12287, 7374, -4]
402:129.41, 7:10 [4, 13, 11245, 217, 15880, 16444, -4]
403:84.99, 7:10 [4, 214, 71, 3331, 206, 59, -4]
405:110.57, 9:10 [4, 281, 8100, 10021, 195, 10231, 112, -4]
501:86.19, 10:10 [5, 13174, 193, 8048, 2407, 2233, 277, 275, -5]
502:158.94, 9:10 [5, 4959, 2486, 7023, 4499, -5]
503:164.92, 7:10 [5, 13966, 13148, 2132, -5]
504:81.46, 7:10 [5, 4759, 24, 11991, 6899, -5]
fe: 2, se: 8

Day: 1, Time: 360
Total Cost: 1654.01
 11:94.59, 73:75 [3, 8, -8, -3]
 12:90.24, 63:75 [3, 9, -9, -3]
801:80.05, 10:10 [8, 119, 121, 3921, -8]
802:70.81, 10:10 [8, 15, 5025, 115, 12, -8]
803:96.66, 7:10 [8, 6508, 8325, 27, 12522, -8]
804:98.50, 10:10 [8, 180, 210, 67, 222, -8]
805:133.34, 10:10 [8, 131, 9753, 260, 124, 106, 122, -8]
806:123.67, 10:10 [8, 221, 198, 125, 161, 11867, -8]
807:82.42, 7:10 [8, 47, 295, 196, 10239, -8]
808:134.41, 9:10 [8, 118, 102, 1033, 15658, 116, -8]
901:136.72, 10:10 [9, 298, 56, 7360, 13184, 37, 309, -9]
902:60.20, 10:10 [9, 96, 262, 86, 144, -9]
903:144.70, 10:10 [9, 263, 3327, 141, 2162, 2772, 11053, -9]
904:100.90, 10:10 [9, 148, 13724, 190, 19, 77, -9]
905:4.00, 4:10 [9, 129, -9]
906:73.12, 9:10 [9, 185, 130, 151, 15320, 14537, -9]
907:129.68, 10:10 [9, 255, 3958, 162, 15297, 300, 126, -9]
fe: 2, se: 15

Day: 1, Time: 370
Total Cost: 1500.63
 11:66.27, 66:75 [2, 6, -6, -2]
 12:151.76, 70:75 [2, 6, 7, -7, -2]
601:65.90, 9:10 [6, 304, 6784, 155, 912, 87, -6]
602:111.47, 10:10 [6, 246, 133, 224, 254, 83, 16430, -6]
603:169.66, 9:10 [6, 134, 65, 243, 31, 11474, 2042, 251, 164, -6]
605:85.55, 10:10 [6, 293, 16254, 308, 3884, 16888, 3016, 15781, 10067, -6]
606:96.50, 9:10 [6, 64, 171, 3952, 220, 16012, 12834, 13116, -6]
608:127.99, 10:10 [6, 265, 1788, 15121, 165, 279, 13757, 249, -6]
609:118.19, 8:10 [6, 39, 310, 3282, 11655, 15122, 8248, -6]
610:68.46, 10:10 [6, 201, 303, 41, 306, -6]
617:89.43, 9:10 [6, 7067, 830, 127, 282, 2898, -6]
701:23.31, 6:10 [7, 1772, 159, -7]
702:78.57, 10:10 [7, 9283, 515, 245, 285, 186, 16470, -7]
703:69.03, 10:10 [7, 30, 74, 104, 150, -7]
704:60.44, 10:10 [7, 216, 109, 136, 1274, -7]
705:60.88, 10:10 [7, 315, 4168, 4400, 16172, 4374, 25, -7]
706:57.21, 10:10 [7, 4189, 9675, 6730, 5340, -7]
fe: 2, se: 15

Day: 1, Time: 395
Total Cost: 603.44
 11:136.01, 5:75 [1, -4, -1]
 12:153.31, 15:75 [1, -5, -1]
401:157.03, 5:10 [4, 12920, 14260, -4]
501:76.66, 4:10 [5, 16204, -5]
502:59.55, 8:10 [5, 9222, 14509, -5]
503:20.88, 3:10 [5, 10235, -5]
fe: 2, se: 4

Day: 1, Time: 400
Total Cost: 428.91
 11:66.27, 8:75 [2, -6, -2]
601:147.30, 5:10 [6, 14283, 10094, -6]
602:61.35, 1:10 [6, 14472, -6]
603:153.98, 2:10 [6, 13794, 11034, -6]
fe: 1, se: 3

Day: 1, Time: 405
Total Cost: 1561.27
 11:136.01, 69:75 [1, 4, -1]
 12:153.31, 72:75 [1, 5, -1]
401:94.85, 10:10 [4, 218, 269, 167, 182, 238, -4]
402:23.61, 4:10 [4, 199, 228, -4]
403:47.74, 9:10 [4, 42, 75, 189, -4]
404:97.61, 10:10 [4, 49, 6621, 4970, 258, -4]
405:73.15, 9:10 [4, 278, 58, 311, -4]
406:100.97, 9:10 [4, 6320, 284, 276, -4]
407:55.53, 9:10 [4, 299, 33, 85, 287, -4]
409:118.49, 9:10 [4, 79, 181, 204, 215, 6733, -4]
501:88.60, 10:10 [5, 1212, 191, 169, 3124, -5]
502:83.53, 9:10 [5, 272, 21, 6944, -5]
503:43.28, 9:10 [5, 3217, 92, 7628, -5]
504:40.82, 10:10 [5, 240, 1491, 166, -5]
505:91.41, 9:10 [5, 93, 314, 34, -5]
506:151.32, 10:10 [5, 142, 90, 271, 103, -5]
507:148.38, 10:10 [5, 98, 241, 207, -5]
508:12.65, 5:10 [5, 283, 2783, -5]
fe: 2, se: 16

Day: 1, Time: 405
Total Cost: 2046.53
 11:66.27, 75:75 [2, 6, -2]
 12:66.27, 49:75 [2, 6, -2]
 13:151.76, 73:75 [2, 6, 7, -2]
601:116.19, 8:10 [6, 26, 18, 28, -6]
602:107.77, 10:10 [6, 120, 7204, 208, -6]
603:112.44, 10:10 [6, 297, 101, 192, 38, -6]
604:92.37, 8:10 [6, 176, 57, 230, -6]
605:56.97, 10:10 [6, 44, 5890, 100, 184, -6]
606:105.11, 10:10 [6, 266, 6870, 76, -6]
607:79.89, 9:10 [6, 223, 226, 202, -6]
608:111.83, 9:10 [6, 138, 60, 160, 78, -6]
609:157.59, 9:10 [6, 242, 5153, 156, 257, -6]
610:17.20, 2:10 [6, 316, -6]
613:47.63, 10:10 [6, 302, 173, 35, -6]
614:50.03, 10:10 [6, 1798, 3029, 140, -6]
615:144.66, 9:10 [6, 187, 3731, 1821, -6]
618:63.08, 10:10 [6, 267, 135, 23, -6]
619:97.92, 10:10 [6, 174, 292, 261, -6]
622:116.06, 10:10 [6, 8316, 40, 6305, 32, 68, -6]
623:66.40, 9:10 [6, 232, 53, 52, -6]
701:10.56, 8:10 [7, 6896, 7829, -7]
702:61.72, 10:10 [7, 237, 139, 253, -7]
703:39.56, 8:10 [7, 158, 312, -7]
704:59.52, 9:10 [7, 5038, 268, 188, -7]
705:47.74, 9:10 [7, 5735, 54, 250, -7]
fe: 3, se: 22

Day: 1, Time: 405
Total Cost: 2117.23
 11:94.59, 67:75 [3, 8, -3]
 12:90.24, 74:75 [3, 9, -9, -3]
 15:94.59, 38:75 [3, 8, -8, -3]
801:67.61, 7:10 [8, 288, 286, 6863, 3435, -8]
802:139.18, 10:10 [8, 209, 7978, 14818, 20, 244, 3145, -8]
803:91.98, 10:10 [8, 236, 145, 11945, 1417, -8]
804:123.55, 10:10 [8, 137, 70, 239, 66, 82, 179, -8]
805:100.18, 10:10 [8, 213, 10776, 110, 301, 99, -8]
806:88.45, 10:10 [8, 11342, 152, 227, 15156, 2266, -8]
807:65.89, 10:10 [8, 177, 146, 200, 72, -8]
808:154.92, 10:10 [8, 108, 205, 43, 16, -8]
809:93.51, 10:10 [8, 7263, 8022, 153, -8]
813:83.60, 10:10 [8, 2579, 22, 88, 16936, 270, -8]
816:86.01, 10:10 [8, 123, 157, 10, 170, -8]
901:133.28, 10:10 [9, 6107, 163, 12374, 113, 1774, -9]
902:35.80, 7:10 [9, 317, 143, -9]
903:80.07, 8:10 [9, 61, 80, 12991, -9]
904:129.34, 10:10 [9, 211, 10821, 291, 50, -9]
905:99.20, 10:10 [9, 91, 319, 233, -9]
906:35.05, 7:10 [9, 313, 294, -9]
907:4.47, 4:10 [9, 97, -9]
908:126.09, 10:10 [9, 55, 274, 6171, -9]
909:99.62, 8:10 [9, 168, 16373, 305, 15832, -9]
fe: 3, se: 20

Day: 1, Time: 410
Total Cost: 288.16
 11:153.31, 1:75 [1, -5, -1]
501:134.85, 1:10 [5, 10942, -5]
fe: 1, se: 1

Day: 1, Time: 410
Total Cost: 203.52
 11:66.27, 4:75 [2, -6, -2]
601:137.24, 4:10 [6, 14953, -6]
fe: 1, se: 1

Day: 1, Time: 420
Total Cost: 364.27
 11:113.51, 11:75 [3, -8, -9, -3]
801:110.64, 3:10 [8, 10632, 13197, -8]
901:140.12, 8:10 [9, 12965, 9834, -9]
fe: 1, se: 2

Day: 1, Time: 425
Total Cost: 171.45
 11:66.27, 6:75 [2, -6, -2]
601:105.17, 6:10 [6, 13760, 13805, -6]
fe: 1, se: 1

Day: 1, Time: 445
Total Cost: 199.00
 11:153.31, 4:75 [1, -5, -1]
501:45.69, 4:10 [5, 14428, -5]
fe: 1, se: 1

Day: 1, Time: 450
Total Cost: 605.17
 11:136.01, 6:75 [1, 4, -1]
 12:153.31, 8:75 [1, 5, -1]
401:107.26, 5:10 [4, 4298, 3302, 6581, -4]
402:133.78, 1:10 [4, 117, -4]
501:74.81, 8:10 [5, 5163, 673, -5]
fe: 2, se: 3

Day: 1, Time: 450
Total Cost: 406.61
 11:66.27, 26:75 [2, 6, -2]
601:103.13, 10:10 [6, 4889, 5138, 4350, -6]
602:104.05, 10:10 [6, 5062, 4244, 5532, -6]
603:133.16, 6:10 [6, 2450, 2774, -6]
fe: 1, se: 3

Day: 1, Time: 450
Total Cost: 515.08
 11:94.59, 14:75 [3, 8, -3]
 12:90.24, 14:75 [3, 9, -3]
801:54.15, 4:10 [8, 175, -8]
802:105.50, 10:10 [8, 231, 7266, 1079, -8]
901:87.85, 7:10 [9, 48, 6772, -9]
903:82.75, 7:10 [9, 178, 7417, -9]
fe: 2, se: 4

Day: 1, Time: 460
Total Cost: 225.31
 11:66.27, 13:75 [2, 6, -2]
601:57.58, 4:10 [6, 647, -6]
602:101.46, 9:10 [6, 183, 225, 307, -6]
fe: 1, se: 2

Day: 1, Time: 460
Total Cost: 446.08
 11:94.59, 9:75 [3, 8, -3]
801:102.36, 4:10 [8, 149, 235, -8]
802:112.57, 2:10 [8, 11, 111, -8]
803:136.56, 3:10 [8, 84, 36, -8]
fe: 1, se: 3

Day: 1, Time: 495
Total Cost: 269.17
 11:66.27, 9:75 [2, 6, -2]
601:67.23, 4:10 [6, 1591, -6]
602:71.39, 3:10 [6, 565, -6]
603:64.28, 2:10 [6, 7863, -6]
fe: 1, se: 3


Day	Area	ID	Time	Load	Utilization	NoOrders	AssignmentCost
1	1	 7	270	 47	0.52	21	545.00
1	1	127	300	 52	0.29	33	1190.00
1	1	 8	315	 90	1.00	33	975.00
1	1	27	315	 90	1.00	26	975.00
1	1	28	360	 38	0.42	11	455.00
1	1	119	400	 22	0.12	10	590.00
1	1	38	810	 70	0.97	23	930.00
1	1	19	810	 39	0.54	21	558.00
1	2	44	225	 47	0.52	17	545.00
1	2	63	225	 82	0.91	28	895.00
1	2	45	270	 38	0.42	16	455.00
1	2	46	315	 90	1.00	32	975.00
1	2	65	315	 90	1.00	41	975.00
1	2	66	360	 13	0.14	 5	205.00
1	2	57	810	 71	0.99	32	942.00
1	2	76	810	 44	0.61	14	618.00
1	3	82	225	 90	1.00	33	975.00
1	3	102	270	 51	0.57	19	585.00
1	3	154	300	 21	0.12	20	570.00
1	3	84	315	 68	0.76	25	755.00
1	3	103	315	 89	0.99	31	965.00
1	3	85	360	 17	0.19	 6	245.00
1	3	105	405	  9	0.10	 3	165.00
1	3	95	810	 72	1.00	36	954.00
1	3	114	810	 72	1.00	20	954.00


Day	Area	Time	Pickup	Delivery	Direct	FEVehicles	SEVehicles	ALNSTime	ALNSBestTime	RoutingCostArea
1	1	0	107	51	0	8	45	101.09	0.02	5700.25
1	1	15	2	0	0	2	2	0.36	0.00	483.06
1	1	25	2	0	0	1	2	0.29	0.00	255.77
1	1	50	3	0	0	2	3	0.54	0.00	529.55
1	1	60	4	0	0	3	3	0.48	0.00	751.18
1	1	80	3	0	0	3	3	0.65	0.00	557.80
1	1	100	3	0	0	2	3	0.59	0.00	591.99
1	1	110	2	0	0	2	2	0.56	0.00	527.39
1	1	130	4	0	0	2	4	0.85	0.00	455.72
1	1	135	0	0	1	0	0	0.00	0.00	500.00
1	1	155	2	0	1	1	2	0.38	0.00	805.83
1	1	160	1	0	1	1	1	0.26	0.00	636.01
1	1	165	1	0	0	1	1	0.35	0.00	212.40
1	1	315	21	36	0	2	13	12.98	8.90	1568.88
1	1	360	12	29	0	2	8	7.36	2.73	1225.11
1	1	395	6	0	0	2	4	0.71	0.00	603.44
1	1	405	0	54	0	2	16	12.17	9.01	1561.27
1	1	410	1	0	0	1	1	0.26	0.00	288.16
1	1	445	1	0	0	1	1	0.24	0.00	199.00
1	1	450	0	6	0	2	3	0.64	0.00	605.17
1	2	5	114	65	0	12	52	141.18	0.00	5918.06
1	2	25	3	0	0	2	3	0.43	0.00	456.41
1	2	55	5	0	0	2	3	0.65	0.00	381.76
1	2	75	4	0	0	2	3	0.71	0.00	379.32
1	2	95	4	0	0	2	3	0.80	0.00	410.94
1	2	115	3	0	0	1	3	0.88	0.05	356.11
1	2	130	2	0	0	2	2	0.52	0.00	314.19
1	2	150	2	0	0	2	2	0.61	0.00	233.45
1	2	155	3	0	0	2	3	0.53	0.00	387.15
1	2	160	0	0	1	0	0	0.00	0.00	500.00
1	2	175	2	0	0	2	2	0.55	0.00	272.84
1	2	180	0	0	1	0	0	0.00	0.00	500.00
1	2	285	16	0	0	1	4	1.43	0.00	645.95
1	2	370	17	65	0	2	15	35.05	28.09	1500.63
1	2	400	5	0	0	1	3	0.42	0.00	428.91
1	2	405	0	68	0	3	22	14.97	10.33	2046.53
1	2	410	1	0	0	1	1	0.26	0.00	203.52
1	2	425	2	0	0	1	1	0.28	0.00	171.45
1	2	450	0	8	0	1	3	0.75	0.00	406.61
1	2	460	0	4	0	1	2	0.34	0.00	225.31
1	2	495	0	3	0	1	3	0.38	0.00	269.17
1	3	5	93	64	0	11	49	110.32	75.14	5993.42
1	3	40	6	0	0	2	4	0.60	0.00	516.41
1	3	45	2	0	0	2	2	0.47	0.00	316.08
1	3	50	4	0	0	2	3	0.73	0.00	410.94
1	3	65	5	0	0	3	4	0.70	0.00	568.09
1	3	90	3	0	0	2	3	0.50	0.00	336.62
1	3	95	2	0	0	2	2	0.39	0.00	278.52
1	3	100	2	0	0	1	2	0.37	0.00	238.79
1	3	110	1	0	0	1	1	0.20	0.00	142.40
1	3	115	2	0	0	2	2	0.44	0.00	339.52
1	3	120	2	0	0	2	2	0.47	0.00	346.42
1	3	125	3	0	0	2	2	0.66	0.00	444.80
1	3	130	2	0	0	1	2	0.36	0.00	271.10
1	3	135	2	0	0	1	2	0.40	0.00	209.41
1	3	140	2	0	0	2	2	0.40	0.00	267.72
1	3	150	5	0	0	3	4	0.68	0.00	570.75
1	3	155	1	0	0	1	1	0.26	0.00	142.59
1	3	170	3	0	1	2	2	0.61	0.00	843.01
1	3	175	2	0	1	2	2	0.33	0.00	864.84
1	3	310	23	0	0	1	5	3.58	1.09	771.39
1	3	360	11	57	0	2	15	22.88	18.09	1654.01
1	3	405	11	66	0	3	20	25.28	10.82	2117.23
1	3	420	4	0	0	1	2	0.43	0.00	364.27
1	3	450	0	8	0	2	4	0.57	0.00	515.08
1	3	460	0	6	0	1	3	0.41	0.00	446.08

Day	SL	Own	DispatchTimes	AssignmentCost	RoutingCost	TotalCost
1	22	3	41	17996.00	53035.77	71031.77

Total Cost: 71031.76590225243
Cost per Day: 71031.76590225243
Running time in Seconds: 11853.479
Running time in minutes: 197.55798333333334