INSTANCE: 4hubs_MND_A_5_x.csv
PARAMETER: tuning_standard.txt
POLICY: MIP
ALPHA: 0.387023956898126
BETA: 78
OMEGA: 586
EPSILON: 1.00597325044486

Day: 1, Time: 0
Total Cost: 8274.61
 11:136.01, 74:75 [1, 5, -5, -1]
 12:136.01, 73:75 [1, 5, -5, -1]
 13:136.01, 68:75 [1, 5, -5, -1]
 14:136.01, 25:75 [1, 5, -5, -1]
 17:153.31, 75:75 [1, 6, -6, -1]
 18:153.31, 68:75 [1, 6, -6, -1]
 19:153.31, 64:75 [1, 6, -6, -1]
 20:153.31, 37:75 [1, 6, -6, -1]
 21:153.31, 52:75 [1, 6, -6, -1]
501:98.22, 10:10 [5, 17533, 17731, 16506, 17634, 17445, 17240, 16561, 17333, -5]
502:92.06, 9:10 [5, 16707, 17235, 17452, 16387, 17619, -5]
503:96.88, 9:10 [5, 16724, 17314, 16999, 16392, -5]
504:22.42, 7:10 [5, 17347, 17540, -5]
505:65.08, 10:10 [5, 17178, 17673, 16870, 16822, 16470, -5]
506:70.73, 6:10 [5, 17817, 17687, 17272, -5]
507:150.27, 10:10 [5, 16654, 17580, 16755, 16798, 17658, 17697, 16704, 17718, -5]
508:98.56, 9:10 [5, 17007, 16858, 16453, 17002, -5]
509:123.64, 8:10 [5, 17021, 17486, 17266, 16511, 17303, -5]
510:37.33, 9:10 [5, 17137, 16751, 16851, -5]
511:155.06, 10:10 [5, 16897, 17582, 16650, 16469, 16543, 17737, -5]
512:125.83, 10:10 [5, 17688, 16483, 17346, 16883, -5]
513:42.49, 4:10 [5, 17182, 16413, 17743, -5]
514:88.78, 9:10 [5, 16710, 17290, 16771, 17810, 16503, -5]
515:192.09, 10:10 [5, 16978, 17587, 16474, 16410, 17779, 17330, 17155, -5]
516:108.65, 10:10 [5, 17039, 16422, 17072, 17478, -5]
517:48.37, 8:10 [5, 17264, 16609, 17637, 16442, -5]
518:10.20, 1:10 [5, 17308, -5]
519:75.04, 10:10 [5, 16582, 17494, 16982, 16700, -5]
520:26.68, 4:10 [5, 17145, -5]
521:126.66, 8:10 [5, 16930, 17415, 17651, 17501, -5]
522:63.16, 10:10 [5, 17376, 17322, 17727, 16615, -5]
523:120.96, 10:10 [5, 17510, 17192, 17053, 16782, 16687, 17766, -5]
524:112.83, 8:10 [5, 17496, 17049, -5]
526:90.26, 10:10 [5, 17601, 17758, 17805, 16957, -5]
527:87.03, 10:10 [5, 16878, 17532, 17088, 17130, -5]
528:74.12, 10:10 [5, 17131, 17203, 16952, 16885, 16548, -5]
529:162.74, 10:10 [5, 17126, 17354, 17144, 16712, 17459, 16955, 17595, 17606, -5]
530:48.32, 9:10 [5, 17011, 16998, 17013, 17819, -5]
531:144.59, 10:10 [5, 16523, 17447, 16768, 17613, 17159, 16516, 16476, 16975, -5]
532:67.55, 10:10 [5, 16639, 17038, 17630, 16487, 17115, -5]
535:106.30, 10:10 [5, 16831, 16799, 16758, 17313, -5]
536:100.35, 10:10 [5, 16408, 17293, 16424, 16791, 17107, -5]
537:104.93, 10:10 [5, 16860, 17515, 16945, 16681, 17103, 17553, 16662, 17618, 16433, -5]
550:81.09, 10:10 [5, 16917, 17019, 16980, 17157, 17632, 17518, 17661, 17437, -5]
601:70.35, 10:10 [6, 16825, 16619, 17507, 16457, -6]
602:84.28, 10:10 [6, 16428, 17505, 17679, 17798, 17839, -6]
603:80.31, 7:10 [6, 17623, 16692, 17816, 17594, -6]
604:100.83, 10:10 [6, 17251, 16536, 17508, 17411, 17015, 16862, 17405, -6]
605:187.15, 10:10 [6, 16418, 16882, 16973, 17742, 16378, 16961, 17420, 17835, -6]
606:48.26, 10:10 [6, 17220, 17514, 17311, 16695, 17774, -6]
607:35.68, 8:10 [6, 17666, 17026, -6]
608:64.93, 9:10 [6, 17181, 17588, 16648, 17785, 17069, 16793, -6]
609:54.44, 10:10 [6, 16702, 16792, 16815, -6]
610:43.50, 10:10 [6, 17809, 17655, 17433, -6]
611:106.82, 8:10 [6, 16967, 17489, 17286, 17509, -6]
612:82.09, 9:10 [6, 17638, 16465, 17230, 16440, 17018, 17512, -6]
613:90.86, 10:10 [6, 16743, 17790, 17123, 17104, 16569, -6]
614:109.93, 10:10 [6, 17025, 16557, 17099, 17065, 17733, 17684, 17596, 17248, -6]
615:83.02, 10:10 [6, 17202, 17692, 17179, 16421, 16495, 17133, 17566, -6]
616:56.51, 10:10 [6, 17064, 17188, 17345, 17821, 17841, -6]
617:167.86, 10:10 [6, 16617, 17781, 16810, 17641, 17186, 16672, 17747, 17033, 17469, -6]
618:68.77, 10:10 [6, 16828, 16593, 17105, -6]
619:31.24, 4:10 [6, 16603, -6]
620:146.92, 9:10 [6, 17163, 17325, 16375, 17417, 16719, -6]
622:94.68, 10:10 [6, 16600, 17257, 16797, 17028, 17836, 16774, 16550, -6]
623:93.02, 10:10 [6, 17074, 16912, 17714, 16824, 16842, 16414, 17012, -6]
624:107.09, 8:10 [6, 17146, 16540, 16682, 17523, 17502, 17756, -6]
625:146.60, 8:10 [6, 17600, 17680, 16653, 16969, 17586, -6]
626:112.49, 10:10 [6, 16892, 16446, 17574, 17083, 16832, 17418, 17176, 17147, -6]
627:42.21, 10:10 [6, 17086, 16996, 17076, -6]
628:78.62, 8:10 [6, 17210, 16829, 17617, 16881, 17705, -6]
629:168.80, 10:10 [6, 17091, 17055, 16555, 16896, 16890, 16467, -6]
630:161.50, 10:10 [6, 16480, 17278, 16916, 16900, 16673, 17633, 16944, 17413, 16845, -6]
631:129.32, 9:10 [6, 16605, 17424, 16981, 16588, 17703, 17725, -6]
632:143.49, 9:10 [6, 16905, 16868, 16406, 17485, 17681, 17073, 17425, -6]
633:115.21, 10:10 [6, 17004, 17793, 17040, 16674, 17702, 17250, -6]
634:82.30, 9:10 [6, 16645, 17701, 17392, 16716, 16911, -6]
636:57.73, 10:10 [6, 17374, 17716, 17576, 16587, 16668, -6]
638:127.54, 8:10 [6, 16463, 16664, 17678, 16384, 17825, -6]
639:145.13, 10:10 [6, 16820, 17390, 16560, 17492, 16618, 16940, 17778, -6]
640:48.69, 8:10 [6, 16748, 16471, 17067, -6]
641:176.59, 10:10 [6, 16479, 17234, 16494, 17526, 17820, 16399, 16545, -6]
fe: 9, se: 73

Day: 1, Time: 0
Total Cost: 7247.34
 11:66.27, 74:75 [2, 7, -7, -2]
 12:66.27, 71:75 [2, 7, -7, -2]
 13:66.27, 73:75 [2, 7, -7, -2]
 14:66.27, 61:75 [2, 7, -7, -2]
 15:66.27, 23:75 [2, 7, -7, -2]
 16:145.23, 72:75 [2, 8, -8, -2]
 17:66.27, 10:75 [2, -7, -2]
 18:145.23, 39:75 [2, 8, -8, -2]
 19:145.23, 61:75 [2, 8, -8, -2]
 22:66.27, 10:75 [2, 7, -2]
 25:66.27, 10:75 [2, 7, -2]
 28:66.27, 10:75 [2, 7, -7, -2]
 32:66.27, 9:75 [2, -7, -2]
 33:66.27, 10:75 [2, 7, -2]
701:67.58, 10:10 [7, 16517, 17337, 16987, 17442, 17348, -7]
702:90.22, 10:10 [7, 17242, 16520, 16875, 17397, 17350, -7]
703:163.62, 9:10 [7, 17156, 17280, 16788, 16685, 17236, 16386, 16756, 17009, -7]
704:90.16, 10:10 [7, 17260, 17744, 17309, 17183, -7]
705:136.64, 9:10 [7, 17368, 17122, 17324, 16528, 17750, 17200, 17243, 16718, -7]
706:109.71, 9:10 [7, 16432, 17030, 16642, 17448, 17211, 17277, 17403, -7]
707:92.53, 9:10 [7, 17730, 16813, 17804, 17341, -7]
708:68.06, 10:10 [7, 17391, 16585, 16740, -7]
709:31.05, 6:10 [7, 17399, 16745, -7]
710:44.11, 8:10 [7, 17602, 17351, 16951, 16610, -7]
711:104.05, 10:10 [7, 17173, 16512, 16478, 16624, 17342, 17627, 17199, 17362, -7]
712:111.38, 10:10 [7, 16934, 16549, 17085, 16733, -7]
713:160.37, 10:10 [7, 17444, 16652, 16580, 17689, 16853, 16665, 17462, -7]
714:161.89, 10:10 [7, 16533, 16761, 16630, 17559, 16667, 16554, 17734, 17449, -7]
715:105.74, 10:10 [7, 17267, 16730, 17381, 16986, 17219, -7]
716:152.00, 9:10 [7, 17323, 16628, 17690, 16466, 16835, 17499, -7]
717:16.24, 6:10 [7, 17047, 16706, -7]
718:72.53, 10:10 [7, 16988, 17468, 16447, 16874, 16464, 17435, 16826, 17315, -7]
719:78.79, 8:10 [7, 17180, 17611, 16501, 17562, -7]
720:122.23, 10:10 [7, 17062, 17840, 17171, 17184, 17575, -7]
721:107.75, 10:10 [7, 16795, 17298, 16746, 16796, 16385, 17205, 17319, -7]
722:157.70, 10:10 [7, 16597, 16507, 16637, 17258, 17305, 17608, 16923, 17573, -7]
723:90.57, 10:10 [7, 17124, 16776, 17520, 17291, 16556, 17729, -7]
724:68.42, 8:10 [7, 17811, 17232, 17079, 17837, -7]
725:127.21, 10:10 [7, 17709, 16787, 16910, 17719, 17833, 17456, 17563, 16449, 17542, -7]
726:106.40, 10:10 [7, 16445, 16644, 17762, 17153, 17516, 17806, 17475, 16566, -7]
727:99.70, 9:10 [7, 16909, 17050, 16819, 17416, 17565, 17385, -7]
728:90.83, 10:10 [7, 17664, 17052, 17102, -7]
729:86.80, 10:10 [7, 17746, 17068, 17674, 16915, 17672, -7]
730:139.50, 9:10 [7, 16920, 17215, 16389, 17048, 16803, -7]
731:108.51, 10:10 [7, 17369, 17017, 16929, 17304, 17773, 17521, 16837, -7]
732:116.47, 10:10 [7, 17404, 16429, 17193, 16573, 16404, 17775, 16683, 17016, 17132, -7]
733:43.41, 8:10 [7, 17675, 16377, -7]
734:52.52, 9:10 [7, 17233, 17239, 16579, 17551, -7]
735:108.84, 10:10 [7, 17648, 17095, 17812, 16794, 17495, -7]
736:10.89, 8:10 [7, 17044, 16626, -7]
737:123.89, 10:10 [7, 16994, 17461, 16521, 16933, -7]
738:115.48, 10:10 [7, 17439, 16519, 17590, 16649, 16753, 16964, 17265, 17022, -7]
739:59.92, 10:10 [7, 16950, 17080, 16865, 16926, -7]
740:158.08, 10:10 [7, 16972, 16983, 17791, 16578, 16991, 16807, 17340, 17527, -7]
741:67.57, 9:10 [7, 16735, 16941, 16632, -7]
742:122.37, 10:10 [7, 17212, 16959, 17229, 16475, 16383, -7]
745:126.48, 10:10 [7, 17061, 17626, 16379, 16697, 17174, 17261, 17707, 17511, -7]
746:89.17, 10:10 [7, 17528, 16572, 17844, 16691, 17101, -7]
750:65.83, 9:10 [7, 17300, 17223, 17598, -7]
751:62.00, 10:10 [7, 16739, 16680, 17003, 16575, -7]
752:59.32, 5:10 [7, 17332, 16651, 17487, -7]
801:77.74, 9:10 [8, 17167, 16631, 17736, 17484, 16821, 17349, 17491, 17584, -8]
802:67.76, 10:10 [8, 17698, 16409, 16448, 17218, 16763, -8]
803:81.16, 10:10 [8, 16854, 17166, 17752, 17677, 17481, 17741, 17077, 17579, -8]
804:78.66, 9:10 [8, 17121, 17610, 17682, 17824, 17622, -8]
805:78.78, 9:10 [8, 16591, 16688, 17740, 16531, -8]
806:45.65, 8:10 [8, 16769, 17327, 16595, -8]
807:144.92, 10:10 [8, 17780, 16441, 17125, 17700, 16541, 17288, 17206, 16493, 16538, 16622, 17427, -8]
808:73.82, 10:10 [8, 16833, 17529, 17524, 17745, 17294, 17024, -8]
809:61.60, 10:10 [8, 17191, 16715, 16906, -8]
810:85.50, 9:10 [8, 16412, 16907, 17548, 17259, 16855, 17270, -8]
811:43.91, 8:10 [8, 16676, 17379, 17001, -8]
812:88.08, 10:10 [8, 17032, 17120, 16564, 16866, 17838, 17646, 17059, 16852, -8]
813:20.69, 8:10 [8, 17693, 16974, 16918, -8]
814:34.63, 9:10 [8, 16567, 16997, 17118, 16809, -8]
815:105.30, 10:10 [8, 17222, 17129, 16553, 16417, 17604, 17789, -8]
818:95.13, 10:10 [8, 17092, 16542, 16727, 17008, 17063, 17541, -8]
819:77.96, 9:10 [8, 16693, 16823, 17089, 17503, 16604, 17704, 16846, -8]
820:89.21, 10:10 [8, 16678, 16581, 16497, 17671, 16767, -8]
821:54.27, 7:10 [8, 16850, 17802, 17263, -8]
822:77.19, 10:10 [8, 17087, 17504, 16736, 17034, 16744, -8]
826:56.15, 10:10 [8, 16400, 16989, 16814, 16766, 16663, -8]
fe: 14, se: 68

Day: 1, Time: 0
Total Cost: 7631.45
 11:94.59, 75:75 [3, 9, -9, -3]
 12:94.59, 66:75 [3, 9, -9, -3]
 13:94.59, 36:75 [3, 9, -9, -3]
 14:90.24, 71:75 [3, 10, -10, -3]
 15:94.59, 18:75 [3, 9, -9, -3]
 16:90.24, 70:75 [3, 10, -10, -3]
 17:90.24, 74:75 [3, 10, -10, -3]
 18:90.24, 20:75 [3, 10, -10, -3]
 19:90.24, 39:75 [3, 10, -10, -3]
 20:90.24, 10:75 [3, 10, -3]
 23:90.24, 20:75 [3, 10, -10, -3]
901:72.87, 8:10 [9, 16434, 17546, 16526, -9]
902:112.99, 10:10 [9, 16627, 17029, 17577, 16786, 16435, 17628, -9]
903:102.24, 10:10 [9, 16530, 17843, 16420, 17543, 16635, -9]
904:102.26, 10:10 [9, 16827, 17640, 17410, 16527, 16759, 17338, -9]
905:137.09, 10:10 [9, 17776, 17407, 17014, 17141, 17770, 16939, 17795, -9]
906:98.10, 9:10 [9, 16935, 17367, 17467, 16802, 17328, -9]
908:15.62, 4:10 [9, 16439, -9]
909:49.15, 6:10 [9, 16806, 17207, 17715, 17443, -9]
910:67.06, 8:10 [9, 16816, 16698, 17749, -9]
911:153.44, 10:10 [9, 16416, 16614, 17471, 17187, 16606, 17635, 16762, -9]
912:117.83, 10:10 [9, 16954, 17605, 17662, 16720, 16871, 17558, 17699, -9]
913:88.00, 10:10 [9, 17142, 16459, 17383, 17010, 17162, 17195, -9]
915:140.92, 10:10 [9, 16717, 17359, 16976, 17539, 16525, 17140, 17792, 17653, -9]
916:90.04, 10:10 [9, 16458, 17310, 17650, 17302, 17339, 16486, 17807, -9]
917:109.73, 10:10 [9, 17748, 16764, 17096, 16671, 17480, 17296, 17583, 17175, -9]
918:118.41, 10:10 [9, 17827, 16705, 16576, 16970, 16407, -9]
919:119.36, 10:10 [9, 17151, 16629, 17738, 17287, 17402, -9]
920:45.47, 10:10 [9, 17336, 16473, 16621, -9]
921:73.63, 10:10 [9, 17652, 17631, 16800, 17281, -9]
922:100.59, 10:10 [9, 16971, 17818, 17331, 16834, 17560, 17378, -9]
923:61.13, 7:10 [9, 16953, 16817, -9]
924:136.19, 10:10 [9, 17297, 17497, 16812, 17321, 17440, -9]
927:142.98, 10:10 [9, 17109, 17667, 16616, 17306, 17127, 17621, 17432, -9]
928:74.63, 10:10 [9, 17436, 16546, 17113, -9]
929:85.53, 10:10 [9, 17027, 17488, 16574, 16962, -9]
930:86.48, 9:10 [9, 17320, 17535, 17042, 17043, 17506, -9]
1001:125.16, 10:10 [10, 17760, 17370, 17152, -10]
1002:125.86, 10:10 [10, 17128, 16783, 17431, 17426, 16888, 17797, 16623, 16867, 17358, 17395, -10]
1004:129.10, 10:10 [10, 16949, 17834, 16778, 17615, 16505, 16620, 17706, -10]
1005:130.82, 10:10 [10, 17454, 17557, 17453, 17189, 17269, 17282, -10]
1006:146.67, 10:10 [10, 16818, 17683, 16508, 16524, 17228, 17685, 16381, 16490, 17365, -10]
1007:45.40, 10:10 [10, 17268, 17423, 16594, -10]
1008:88.27, 10:10 [10, 17292, 17695, 16790, 17450, 17761, -10]
1009:73.61, 9:10 [10, 16889, 16880, 17767, 16722, -10]
1010:85.33, 10:10 [10, 17552, 16577, 17275, 16696, -10]
1011:81.63, 10:10 [10, 17023, 16728, 17312, 17808, 17285, -10]
1012:143.43, 9:10 [10, 16849, 17318, 16396, 17149, 17723, -10]
1013:95.44, 9:10 [10, 16509, 17363, 17081, 17031, 16403, -10]
1014:122.31, 10:10 [10, 17500, 17568, 17097, 16679, -10]
1015:45.89, 9:10 [10, 16499, 17005, 16612, -10]
1016:73.43, 10:10 [10, 17317, 16726, 17216, 17585, 16500, 17262, -10]
1017:137.48, 10:10 [10, 16703, 17112, 17165, 16742, 16482, 17545, 17446, 17398, -10]
1018:152.43, 10:10 [10, 16922, 16415, 16398, 17800, 17412, 16711, 17561, -10]
1019:22.92, 6:10 [10, 16963, 16529, -10]
1020:116.02, 10:10 [10, 17253, 16472, 17056, 16877, -10]
1021:134.41, 10:10 [10, 16836, 17536, 17094, 16670, 17150, -10]
1022:106.46, 10:10 [10, 17470, 16985, 16732, 16738, 16741, 17252, -10]
1024:94.44, 10:10 [10, 16927, 17814, 16510, 17620, 17238, 16773, 17473, 17786, -10]
1026:144.61, 10:10 [10, 17660, 17224, 17138, 17353, 16863, 17051, -10]
1027:112.07, 8:10 [10, 16887, 16977, 17616, 16485, 16750, 17772, -10]
1028:60.47, 10:10 [10, 17826, 16928, 16451, -10]
1029:99.18, 10:10 [10, 17670, 17796, 17117, 16518, 17455, -10]
1030:158.90, 9:10 [10, 16772, 17784, 16993, 17647, 17720, 16513, 17572, -10]
1031:164.38, 10:10 [10, 16856, 17196, 17054, 16613, 16713, 17289, 17649, 16839, 17382, -10]
1033:104.07, 10:10 [10, 16699, 17603, 16781, 17401, 17366, 16857, 17555, -10]
1035:73.99, 10:10 [10, 17119, 16456, 17177, -10]
1036:113.92, 10:10 [10, 17335, 17274, 16515, 17530, -10]
1037:81.04, 10:10 [10, 16611, 17245, 17393, 16669, -10]
1039:99.11, 10:10 [10, 16754, 16395, 17307, 16840, 17593, 17396, 16921, 17571, -10]
1040:99.76, 10:10 [10, 16844, 16583, 17371, 17386, 16444, 17375, 16689, -10]
1041:99.09, 10:10 [10, 16599, 16496, 17482, 16785, 17522, 16891, 16725, 17384, 17534, 17831, -10]
1044:91.85, 9:10 [10, 16660, 16590, 17759, 16936, -10]
1046:136.47, 10:10 [10, 17668, 17451, 17221, 16861, 17283, 17659, -10]
1047:53.74, 9:10 [10, 17538, 17589, 17316, 17597, -10]
1048:150.47, 10:10 [10, 17787, 16491, 17783, 16562, 17753, -10]
fe: 11, se: 65

Day: 1, Time: 0
Total Cost: 8224.98
 11:64.00, 75:75 [4, 12, -12, -4]
 12:64.00, 29:75 [4, 12, -4]
 13:64.00, 64:75 [4, 12, -12, -4]
 14:64.00, 72:75 [4, 12, -12, -4]
 15:64.00, 75:75 [4, 12, -12, -4]
 16:125.25, 74:75 [4, 11, 12, -12, -4]
 17:64.00, 29:75 [4, 12, -12, -4]
 19:64.00, 10:75 [4, 12, -12, -4]
 20:64.00, 12:75 [4, 12, -12, -4]
 30:120.02, 75:75 [4, 11, -11, -4]
 32:120.02, 73:75 [4, 11, -11, -4]
 42:64.00, 10:75 [4, 12, -12, -4]
 43:64.00, 10:75 [4, 12, -12, -4]
1101:107.76, 10:10 [11, 16638, 16402, 17090, 16757, 17060, -11]
1102:20.73, 8:10 [11, 16547, 16931, -11]
1103:59.35, 10:10 [11, 17035, 16805, 16488, -11]
1104:49.55, 9:10 [11, 17788, 17696, 16894, -11]
1105:29.76, 7:10 [11, 16847, 16589, -11]
1106:46.29, 10:10 [11, 17058, 16701, 16514, -11]
1107:58.50, 9:10 [11, 16908, 17185, 16586, -11]
1108:57.38, 10:10 [11, 16690, 16454, 16625, -11]
1109:63.13, 7:10 [11, 17694, 17567, 16731, 17256, -11]
1110:92.04, 9:10 [11, 16990, 17299, 17244, 16723, 16966, 17430, -11]
1111:67.89, 10:10 [11, 16522, 16419, 16775, 16584, -11]
1112:114.82, 10:10 [11, 16708, 16913, 16932, 16729, -11]
1113:90.40, 10:10 [11, 17537, 17213, 17755, 17815, 16752, 17198, -11]
1114:57.18, 10:10 [11, 16484, 17531, 17754, 16455, 17768, -11]
1115:66.54, 8:10 [11, 16425, 16608, 17544, 17842, -11]
1116:70.34, 10:10 [11, 17246, 16655, 17782, 16539, 17201, 16570, -11]
1117:129.47, 10:10 [11, 17498, 17493, 17139, 17657, 17556, 16477, 17665, -11]
1118:103.80, 10:10 [11, 16498, 16938, 16423, -11]
1119:84.50, 10:10 [11, 16779, 17419, 17663, 17728, -11]
1120:86.05, 10:10 [11, 17190, 16592, 17070, -11]
1121:104.75, 10:10 [11, 17172, 16443, 16401, 16903, 16992, -11]
1122:64.95, 10:10 [11, 16747, 16937, 17143, 16784, 16394, -11]
1123:80.93, 10:10 [11, 17168, 16596, 16943, 16904, -11]
1124:63.20, 9:10 [11, 17116, 16636, 17164, -11]
1201:58.13, 9:10 [12, 17284, 17000, 16427, -12]
1202:121.51, 10:10 [12, 16947, 16657, 17326, 17636, 16397, 16946, 17408, -12]
1203:136.02, 10:10 [12, 17148, 17549, 17517, 16714, 16979, 16532, 17547, 17654, 17564, 17208, -12]
1204:138.23, 10:10 [12, 16563, 17612, 17114, 16382, 17490, 16898, 17724, -12]
1205:81.40, 10:10 [12, 16789, 17377, 16462, 17686, 16380, -12]
1206:148.14, 10:10 [12, 16876, 16659, 16551, 16919, 17197, -12]
1207:154.52, 10:10 [12, 17169, 17271, 17344, 17136, 17599, 17457, -12]
1208:125.78, 10:10 [12, 17134, 17388, 16843, 16808, 16737, 17777, 17554, 17045, -12]
1209:30.00, 3:10 [12, 16804, -12]
1210:112.72, 9:10 [12, 16780, 16656, 16492, 17629, 17364, 17227, 17041, 17721, -12]
1211:178.43, 10:10 [12, 16436, 16489, 16968, 17822, 17214, 16864, 17708, 17006, 16884, -12]
1212:46.91, 10:10 [12, 16571, 17046, 16942, -12]
1213:70.31, 10:10 [12, 17803, 17082, 16534, 17477, 17357, -12]
1214:95.00, 10:10 [12, 16452, 17111, 16393, 17075, -12]
1215:61.89, 10:10 [12, 16559, 17578, 16634, 16460, 16376, -12]
1216:134.83, 10:10 [12, 17279, 16602, 16558, 17799, 16431, 17225, 17513, 17093, -12]
1217:74.09, 9:10 [12, 17170, 16765, 16984, 17466, 16879, 17656, 17676, 17276, -12]
1218:136.48, 10:10 [12, 16901, 16643, 17828, 17474, 17071, 17712, -12]
1220:129.56, 10:10 [12, 17226, 16388, 17464, 17639, 16568, 17735, 17642, -12]
1221:176.53, 10:10 [12, 16811, 17241, 16537, 17769, 17301, 16658, 16841, 17763, -12]
1222:125.20, 9:10 [12, 16641, 17794, 17669, 17832, 16749, 17389, -12]
1224:63.98, 9:10 [12, 17644, 17247, 16770, -12]
1225:113.52, 10:10 [12, 16565, 17037, 17217, 17476, 16956, 16734, -12]
1226:87.46, 10:10 [12, 16391, 17057, 16646, 17625, 17209, 16995, -12]
1227:101.60, 9:10 [12, 16721, 17771, 17691, 17380, 17739, -12]
1228:147.46, 10:10 [12, 17194, 16437, 17722, 16640, 16405, -12]
1229:77.67, 10:10 [12, 16426, 17765, 17334, 16899, 17463, 17020, -12]
1230:127.01, 10:10 [12, 16869, 17360, 17084, 17106, 16598, -12]
1231:59.24, 8:10 [12, 17624, 17249, 17645, -12]
1232:90.83, 10:10 [12, 17406, 17372, 16872, 17160, 17726, -12]
1233:95.36, 10:10 [12, 17422, 16411, 16760, 17764, 17830, 16430, 17255, -12]
1234:55.61, 10:10 [12, 17434, 17273, 16535, -12]
1235:67.01, 10:10 [12, 17161, 17801, 16958, 16709, -12]
1236:111.64, 10:10 [12, 16450, 17813, 16686, 16895, -12]
1237:82.09, 10:10 [12, 17100, 16838, 17110, 17254, -12]
1238:167.68, 8:10 [12, 17479, 16661, 16694, 16461, 17231, 17421, 16504, -12]
1240:52.73, 9:10 [12, 17387, 17713, 17295, -12]
1242:149.14, 10:10 [12, 16552, 17356, 17732, 16544, 17108, 16893, -12]
1243:106.34, 10:10 [12, 16960, 17581, 16924, 16502, 17438, 17829, -12]
1244:86.98, 10:10 [12, 17414, 16848, 17098, 16684, -12]
1245:114.51, 10:10 [12, 16965, 17066, 17823, 16886, 17757, 16801, 17591, 17472, -12]
1246:182.46, 10:10 [12, 16607, 16948, 17135, 17609, 17592, 17483, 17429, 17441, -12]
1248:127.27, 10:10 [12, 16481, 17355, 16675, 17525, 17343, 17465, -12]
1250:115.52, 10:10 [12, 16902, 16468, 16925, 17361, -12]
1251:121.73, 10:10 [12, 16390, 17550, 17643, 16438, 17458, 16777, 17237, -12]
1252:125.43, 10:10 [12, 17078, 17460, 17329, 17400, 17409, 17158, 16647, 17614, 17607, -12]
1253:142.99, 10:10 [12, 16677, 16873, 16633, 17569, 17711, 17717, -12]
1255:91.59, 9:10 [12, 16914, 17751, 17710, 16601, 17373, 17394, -12]
1263:154.68, 10:10 [12, 17036, 16666, 17519, 17428, 17154, 17570, 17352, -12]
1269:95.16, 10:10 [12, 17204, 16830, 16859, -12]
fe: 13, se: 74

Day: 1, Time: 30
Total Cost: 935.10
 11:136.01, 9:75 [1, -5, -1]
 13:179.78, 24:75 [1, -6, -5, -1]
501:40.00, 1:10 [5, 32376, -5]
502:131.60, 9:10 [5, 23529, 26944, 25370, -5]
503:122.26, 4:10 [5, 22500, -5]
504:119.08, 4:10 [5, 19721, -5]
601:128.31, 9:10 [6, 32550, 18610, 28976, -6]
602:78.06, 6:10 [6, 21877, 31203, -6]
fe: 2, se: 6

Day: 1, Time: 35
Total Cost: 717.00
 11:90.24, 8:75 [3, -10, -3]
 12:94.59, 29:75 [3, -9, -3]
901:93.67, 10:10 [9, 21277, 26634, 18369, -9]
902:97.81, 8:10 [9, 29684, 31898, 32863, 27198, -9]
903:113.08, 7:10 [9, 25784, 24640, 22434, -9]
904:120.51, 4:10 [9, 19308, 19852, -9]
1001:107.09, 8:10 [10, 20276, 24192, 20812, 33050, -10]
fe: 2, se: 5

Day: 1, Time: 40
Total Cost: 468.94
 11:136.01, 5:75 [1, -5, -1]
 12:153.31, 4:75 [1, -6, -1]
501:115.12, 5:10 [5, 26891, 25912, -5]
601:64.50, 4:10 [6, 33279, -6]
fe: 2, se: 2

Day: 1, Time: 40
Total Cost: 699.59
 11:66.27, 20:75 [2, -7, -2]
 12:66.27, 13:75 [2, -7, -2]
701:107.53, 7:10 [7, 25389, 30073, 30108, -7]
702:161.29, 9:10 [7, 22005, 26073, 32894, -7]
703:92.05, 7:10 [7, 23551, 26976, 25280, -7]
705:100.16, 6:10 [7, 27048, 23918, -7]
706:106.01, 4:10 [7, 24057, 29375, -7]
fe: 2, se: 5

Day: 1, Time: 45
Total Cost: 538.82
 11:64.00, 15:75 [4, -12, -4]
 12:64.00, 5:75 [4, -12, -4]
1201:126.32, 5:10 [12, 29635, 32218, 32281, 30298, -12]
1202:206.70, 7:10 [12, 21418, 24267, 19888, 27509, -12]
1203:77.80, 8:10 [12, 21583, 20508, 27364, 21573, -12]
fe: 2, se: 3

Day: 1, Time: 50
Total Cost: 187.65
 11:66.27, 4:75 [2, -7, -2]
701:121.38, 4:10 [7, 18410, 18318, 22945, -7]
fe: 1, se: 1

Day: 1, Time: 55
Total Cost: 856.57
 11:136.01, 12:75 [1, -5, -1]
 12:179.78, 10:75 [1, -5, -6, -1]
501:141.03, 8:10 [5, 22778, 26563, -5]
502:72.14, 4:10 [5, 24587, -5]
503:58.31, 3:10 [5, 30632, -5]
602:106.60, 6:10 [6, 31561, 20600, -6]
603:162.69, 1:10 [6, 28879, -6]
fe: 2, se: 5

Day: 1, Time: 65
Total Cost: 465.56
 11:136.01, 6:75 [1, -5, -1]
 12:136.01, 1:75 [1, -5, -1]
501:61.59, 6:10 [5, 21026, 24760, -5]
502:131.94, 1:10 [5, 31455, -5]
fe: 2, se: 2

Day: 1, Time: 75
Total Cost: 721.13
 11:90.24, 9:75 [3, -10, -3]
 12:94.59, 7:75 [3, -9, -3]
902:94.85, 5:10 [9, 21111, 32432, -9]
903:131.89, 2:10 [9, 21812, -9]
1001:80.22, 1:10 [10, 23199, -10]
1002:229.32, 8:10 [10, 25356, 21295, 22035, 30273, 23546, -10]
fe: 2, se: 4

Day: 1, Time: 80
Total Cost: 457.35
 11:120.02, 1:75 [4, -11, -4]
 12:64.00, 17:75 [4, -12, -4]
1101:86.83, 1:10 [11, 21542, -11]
1201:84.94, 8:10 [12, 19936, 21562, -12]
1202:101.56, 9:10 [12, 18915, 22361, 30773, 24510, -12]
fe: 2, se: 3

Day: 1, Time: 90
Total Cost: 889.28
 11:136.01, 16:75 [1, -5, -1]
 12:136.01, 4:75 [1, -5, -1]
 13:153.31, 7:75 [1, -6, -1]
501:117.37, 7:10 [5, 26078, 29577, -5]
502:232.19, 9:10 [5, 30365, 21022, 23243, -5]
503:48.08, 4:10 [5, 28586, -5]
602:66.30, 7:10 [6, 25423, 31410, 30111, -6]
fe: 3, se: 4

Day: 1, Time: 110
Total Cost: 700.91
 11:136.01, 16:75 [1, -5, -1]
 12:136.01, 9:75 [1, -5, -1]
502:67.89, 6:10 [5, 33430, 26737, -5]
503:190.02, 10:10 [5, 30891, 20005, 23906, 29040, -5]
504:27.87, 6:10 [5, 33251, 29838, -5]
505:143.11, 3:10 [5, 18543, -5]
fe: 2, se: 4

Day: 1, Time: 115
Total Cost: 822.78
 11:66.27, 14:75 [2, -7, -2]
 12:66.27, 37:75 [2, -7, -2]
701:65.49, 6:10 [7, 21365, 19959, -7]
702:56.80, 8:10 [7, 31759, 32504, -7]
703:96.90, 9:10 [7, 22033, 21961, 21355, -7]
704:40.96, 8:10 [7, 31277, 25334, -7]
705:234.20, 10:10 [7, 25838, 28425, 33163, 26827, 31637, -7]
706:195.88, 10:10 [7, 26988, 29895, 25363, 19007, -7]
fe: 2, se: 6

Day: 1, Time: 120
Total Cost: 750.32
 12:94.59, 13:75 [3, -9, -3]
 13:90.24, 28:75 [3, -10, -3]
901:83.35, 4:10 [9, 23160, -9]
902:91.40, 9:10 [9, 28055, 25006, 29859, 27359, -9]
1001:103.33, 10:10 [10, 25113, 26800, 20562, -10]
1002:120.49, 8:10 [10, 32077, 26589, -10]
1003:166.90, 10:10 [10, 18149, 25767, 21847, 31911, -10]
fe: 2, se: 5

Day: 1, Time: 130
Total Cost: 514.50
 11:94.59, 15:75 [3, -9, -3]
 12:94.59, 4:75 [3, -9, -3]
901:69.22, 8:10 [9, 22128, 19671, 18994, -9]
902:184.40, 7:10 [9, 18538, 20775, 32388, -9]
903:71.69, 4:10 [9, 25429, -9]
fe: 2, se: 3

Day: 1, Time: 145
Total Cost: 343.24
 11:66.27, 19:75 [2, -7, -2]
702:155.53, 10:10 [7, 30278, 27833, 20332, -7]
703:121.44, 9:10 [7, 25279, 33170, 26502, -7]
fe: 1, se: 2

Day: 1, Time: 150
Total Cost: 870.54
 11:136.01, 6:75 [1, -5, -1]
 12:153.31, 6:75 [1, -6, -1]
 13:136.01, 7:75 [1, -5, -1]
501:170.98, 6:10 [5, 28321, 20746, 24378, -5]
502:193.51, 7:10 [5, 33217, 27251, 28954, -5]
601:80.70, 6:10 [6, 24070, 30742, -6]
fe: 3, se: 3

Day: 1, Time: 150
Total Cost: 423.19
 11:66.27, 1:75 [2, -7, -2]
 12:66.27, 3:75 [2, -7, -2]
701:86.02, 1:10 [7, 29183, -7]
702:204.62, 3:10 [7, 28150, 32531, 32404, -7]
fe: 2, se: 2

Day: 1, Time: 150
Total Cost: 435.78
 11:94.59, 13:75 [3, -9, -3]
901:147.38, 4:10 [9, 19723, 32016, -9]
902:135.66, 8:10 [9, 28219, 20106, 26825, -9]
903:58.14, 1:10 [9, 23727, -9]
fe: 1, se: 3

Day: 1, Time: 155
Total Cost: 234.30
 11:153.31, 1:75 [1, -6, -1]
601:80.99, 1:10 [6, 32359, -6]
fe: 1, se: 1

Day: 1, Time: 155
Total Cost: 543.50
 11:64.00, 22:75 [4, -12, -4]
1201:111.11, 5:10 [12, 32593, 23269, 27062, -12]
1202:89.77, 6:10 [12, 31278, 31104, 19497, -12]
1203:131.61, 2:10 [12, 20799, -12]
1204:147.01, 9:10 [12, 18917, 21700, 21409, 28980, -12]
fe: 1, se: 4

Day: 1, Time: 160
Total Cost: 274.39
 11:66.27, 5:75 [2, -7, -2]
 12:66.27, 4:75 [2, -7, -2]
701:105.62, 5:10 [7, 31738, 33114, -7]
702:36.22, 4:10 [7, 25499, -7]
fe: 2, se: 2

Day: 1, Time: 165
Total Cost: 368.19
 11:94.59, 2:75 [3, -9, -3]
 12:90.24, 12:75 [3, -10, -3]
901:73.00, 2:10 [9, 28191, 26860, -9]
1001:31.24, 4:10 [10, 19738, -10]
1002:79.11, 8:10 [10, 32867, 22857, 30411, -10]
fe: 2, se: 3

Day: 1, Time: 165
Total Cost: 155.76
 11:64.00, 8:75 [4, -12, -4]
1201:91.76, 8:10 [12, 20043, 29155, -12]
fe: 1, se: 1

Day: 1, Time: 180
Total Cost: 255.70
 11:64.00, 8:75 [4, -12, -4]
1201:87.20, 2:10 [12, 29848, -12]
1202:104.50, 6:10 [12, 23360, 23077, -12]
fe: 1, se: 2

Day: 1, Time: 260
Total Cost: 762.57
 11:64.00, 53:75 [4, -12, -4]
1201:98.46, 8:10 [12, 19551, 21804, 24716, -12]
1202:53.00, 9:10 [12, 18202, 30102, 32236, -12]
1203:90.16, 8:10 [12, 30818, 31590, 18102, 33145, -12]
1204:180.80, 9:10 [12, 33302, 27886, 29313, 19746, 32379, -12]
1205:157.01, 10:10 [12, 26858, 26818, 20843, 24990, 23642, -12]
1206:119.14, 9:10 [12, 24835, 29708, 26320, 29675, -12]
fe: 1, se: 6

Day: 1, Time: 265
Total Cost: 988.62
 11:66.27, 37:75 [2, -7, -2]
 12:145.23, 39:75 [2, -8, -2]
701:103.11, 10:10 [7, 18445, 23870, 32163, -7]
702:126.13, 9:10 [7, 24202, 25267, 20959, 28506, 24974, -7]
703:88.08, 9:10 [7, 26018, 23723, 29843, 31856, -7]
704:110.78, 9:10 [7, 19056, 31302, 18260, 30126, -7]
801:84.63, 10:10 [8, 27533, 27442, 22686, 28227, -8]
802:50.92, 9:10 [8, 21529, 22067, 25922, -8]
803:86.83, 10:10 [8, 30089, 31309, 24056, 30975, -8]
804:126.63, 10:10 [8, 33527, 32985, 31727, 32402, 26667, -8]
fe: 2, se: 8

Day: 1, Time: 275
Total Cost: 1002.90
 11:94.59, 55:75 [3, -9, -3]
 12:90.24, 25:75 [3, -10, -3]
901:123.95, 10:10 [9, 23976, 32328, 20120, 29235, -9]
902:131.28, 10:10 [9, 25126, 19167, 29853, 21286, -9]
903:92.28, 10:10 [9, 27900, 22758, 29501, 23568, -9]
904:97.10, 10:10 [9, 22776, 29186, 29158, -9]
905:97.90, 10:10 [9, 28516, 30506, 20365, 27547, 32037, -9]
906:40.84, 5:10 [9, 20623, 30819, -9]
1001:108.18, 9:10 [10, 31425, 27966, 20801, -10]
1002:94.21, 10:10 [10, 27334, 28217, 27767, 19172, 18853, -10]
1003:32.33, 6:10 [10, 25260, 25244, -10]
fe: 2, se: 9

Day: 1, Time: 280
Total Cost: 934.04
 11:136.01, 33:75 [1, -5, -1]
 12:153.31, 26:75 [1, -6, -1]
501:71.47, 7:10 [5, 19017, 27730, 24755, -5]
502:98.66, 10:10 [5, 30654, 30211, 19455, 21378, -5]
503:86.99, 7:10 [5, 32254, 24439, 21020, -5]
504:40.70, 9:10 [5, 29854, 30097, 25428, -5]
601:92.59, 7:10 [6, 31010, 29886, -6]
602:80.65, 9:10 [6, 31591, 23878, 27529, 21270, -6]
603:173.65, 10:10 [6, 21604, 19634, 21890, -6]
fe: 2, se: 7

Day: 1, Time: 280
Total Cost: 372.98
 11:64.00, 11:75 [4, -12, -4]
1201:160.40, 3:10 [12, 27925, 19693, -12]
1202:148.57, 8:10 [12, 31849, 25557, 18267, -12]
fe: 1, se: 2

Day: 1, Time: 290
Total Cost: 376.85
 11:94.59, 20:75 [3, -9, -3]
901:75.15, 4:10 [9, 27746, -9]
902:113.72, 9:10 [9, 22714, 26521, 20162, -9]
903:93.39, 7:10 [9, 20318, 23773, -9]
fe: 1, se: 3

Day: 1, Time: 295
Total Cost: 450.43
 11:66.27, 24:75 [2, -7, -2]
701:143.06, 10:10 [7, 26077, 31731, 24937, 30178, -7]
702:155.13, 9:10 [7, 29365, 31953, 22583, 18893, -7]
703:85.96, 5:10 [7, 21367, 22460, -7]
fe: 1, se: 3

Day: 1, Time: 300
Total Cost: 278.52
 11:90.24, 10:75 [3, -10, -3]
1001:188.28, 10:10 [10, 28762, 31325, 24899, 24565, -10]
fe: 1, se: 1

Day: 1, Time: 325
Total Cost: 598.39
 11:64.00, 34:75 [4, -12, -4]
1201:209.79, 8:10 [12, 25387, 28049, 19077, 24498, 32472, -12]
1202:41.86, 7:10 [12, 21138, 29503, -12]
1203:126.05, 10:10 [12, 28003, 28959, 29420, -12]
1204:156.69, 9:10 [12, 30934, 25233, 27990, 30872, -12]
fe: 1, se: 4

Day: 1, Time: 360
Total Cost: 1798.15
 11:136.01, 43:75 [1, 5, -5, -1]
 12:153.31, 20:75 [1, 6, -6, -1]
501:80.00, 10:10 [5, 26669, 29442, 20683, 9794, 24048, -5]
503:136.07, 7:10 [5, 340, 449, 338, -5]
504:149.68, 8:10 [5, 149, 276, 21374, -5]
506:179.63, 4:10 [5, 118, 18940, -5]
508:161.43, 10:10 [5, 19907, 32584, 4095, 26288, 300, 387, -5]
509:88.63, 9:10 [5, 161, 22771, 29554, 461, 26861, -5]
510:110.74, 8:10 [5, 19786, 352, 6736, 26953, 31401, -5]
511:129.78, 10:10 [5, 32434, 21206, 20050, 29899, -5]
601:108.07, 9:10 [6, 28147, 29839, 23570, 21178, 261, -6]
602:26.80, 4:10 [6, 274, 21655, -6]
603:176.04, 8:10 [6, 19108, 30879, 20024, -6]
604:161.95, 10:10 [6, 632, 417, 12502, 416, 225, -6]
fe: 2, se: 12

Day: 1, Time: 360
Total Cost: 838.44
 11:66.27, 41:75 [2, 7, -7, -2]
701:172.58, 10:10 [7, 15681, 20727, 15043, 27173, 18652, -7]
702:129.93, 10:10 [7, 19797, 438, 23095, 18843, 22949, 31517, -7]
703:182.71, 10:10 [7, 19640, 468, 24677, 33504, 25727, 49, 442, 649, -7]
704:147.61, 7:10 [7, 202, 27584, 20477, 27389, -7]
706:139.33, 8:10 [7, 29251, 343, 284, 20314, 33003, 120, -7]
fe: 1, se: 5

Day: 1, Time: 375
Total Cost: 861.07
 12:90.24, 52:75 [3, 10, -10, -3]
1001:126.62, 8:10 [10, 18588, 1228, 27915, 8098, 23849, 239, 30549, -10]
1002:120.39, 8:10 [10, 20573, 12633, 25981, 25712, -10]
1003:70.04, 8:10 [10, 26852, 173, 19383, 25340, 22709, -10]
1004:126.53, 10:10 [10, 8207, 18184, 33248, 28184, -10]
1005:45.73, 8:10 [10, 30519, 27992, -10]
1007:151.60, 8:10 [10, 283, 186, 12891, 29655, -10]
1008:129.91, 10:10 [10, 31324, 8317, 29497, 64, 19000, 25204, 368, -10]
fe: 1, se: 7

Day: 1, Time: 375
Total Cost: 894.89
 11:64.00, 51:75 [4, 12, -12, -4]
1201:136.06, 9:10 [12, 20952, 26081, 24598, 20462, -12]
1202:111.27, 8:10 [12, 32309, 31808, 196, 27461, 22644, 30718, -12]
1203:130.39, 10:10 [12, 33515, 21023, 27238, 381, 28077, -12]
1204:174.65, 9:10 [12, 31452, 7458, 128, 20591, 26385, 56, 57, -12]
1206:126.28, 10:10 [12, 651, 20306, 27943, 20452, 27004, -12]
1207:152.24, 7:10 [12, 142, 41, 24971, 29120, 27873, -12]
fe: 1, se: 6

Day: 1, Time: 395
Total Cost: 808.30
 11:136.01, 9:75 [1, -5, -1]
 12:153.31, 23:75 [1, -6, -1]
501:61.20, 3:10 [5, 27418, 22829, -5]
503:145.96, 5:10 [5, 33469, 22171, 20551, -5]
504:25.06, 1:10 [5, 26504, -5]
601:49.93, 10:10 [6, 32861, 18856, 23004, -6]
602:67.28, 5:10 [6, 24523, 26319, -6]
603:95.27, 1:10 [6, 19655, -6]
604:74.27, 7:10 [6, 31956, 24752, 21176, -6]
fe: 2, se: 7

Day: 1, Time: 395
Total Cost: 550.10
 11:120.02, 11:75 [4, -11, -4]
 12:64.00, 13:75 [4, -12, -4]
1101:93.33, 9:10 [11, 26173, 20006, 18939, -11]
1102:36.22, 2:10 [11, 28822, -11]
1201:127.97, 5:10 [12, 23692, 25209, -12]
1203:108.56, 8:10 [12, 21236, 18967, 26341, -12]
fe: 2, se: 4

Day: 1, Time: 400
Total Cost: 597.51
 11:66.27, 27:75 [2, -7, -2]
701:81.54, 9:10 [7, 18512, 27204, 25513, 25845, -7]
702:81.71, 1:10 [7, 26761, -7]
703:138.60, 3:10 [7, 31447, 29926, -7]
704:104.53, 10:10 [7, 29088, 21266, 31841, -7]
705:124.85, 4:10 [7, 24358, -7]
fe: 1, se: 5

Day: 1, Time: 400
Total Cost: 401.33
 11:113.51, 11:75 [3, -9, -10, -3]
901:131.35, 6:10 [9, 29543, 28579, 29039, -9]
902:45.34, 2:10 [9, 19488, -9]
1001:111.12, 3:10 [10, 19636, 28165, -10]
fe: 1, se: 3

Day: 1, Time: 400
Total Cost: 284.75
 11:64.00, 11:75 [4, -12, -4]
1201:78.41, 1:10 [12, 28566, -12]
1202:142.34, 10:10 [12, 25042, 33064, 25411, 24023, -12]
fe: 1, se: 2

Day: 1, Time: 405
Total Cost: 1447.37
 11:136.01, 65:75 [1, 5, -1]
 12:153.31, 54:75 [1, 6, -6, -1]
501:50.43, 9:10 [5, 546, 582, 374, -5]
502:57.95, 7:10 [5, 348, 141, 134, -5]
503:120.30, 10:10 [5, 237, 99, 475, 103, -5]
504:124.30, 10:10 [5, 29, 253, 198, -5]
505:62.21, 6:10 [5, 334, 559, 342, -5]
506:171.32, 8:10 [5, 355, 642, 8247, 7081, -5]
507:87.29, 7:10 [5, 396, 278, -5]
510:83.35, 8:10 [5, 155, 337, -5]
601:50.16, 9:10 [6, 568, 25344, 123, 620, -6]
603:63.07, 10:10 [6, 27015, 116, 316, 61, -6]
604:36.38, 7:10 [6, 624, 538, 648, -6]
605:95.34, 10:10 [6, 660, 570, 463, -6]
607:100.44, 10:10 [6, 488, 509, 109, 508, 557, 3929, -6]
609:55.50, 10:10 [6, 39, 293, 507, -6]
fe: 2, se: 14

Day: 1, Time: 405
Total Cost: 1106.56
 11:66.27, 58:75 [2, 7, -7, -2]
 12:145.23, 34:75 [2, 8, -2]
701:87.10, 8:10 [7, 529, 535, -7]
702:74.02, 9:10 [7, 626, 240, 356, -7]
703:152.76, 9:10 [7, 332, 312, 606, -7]
704:116.23, 10:10 [7, 512, 578, 588, -7]
705:98.16, 10:10 [7, 419, 573, 21301, 378, 15250, -7]
706:12.65, 4:10 [7, 105, -7]
708:66.49, 8:10 [7, 146, 22264, 8602, 101, -7]
801:16.97, 6:10 [8, 659, 153, -8]
802:70.00, 10:10 [8, 251, 5978, 605, -8]
803:105.58, 9:10 [8, 323, 9709, 336, 533, -8]
804:95.08, 9:10 [8, 163, 415, 5318, -8]
fe: 2, se: 11

Day: 1, Time: 405
Total Cost: 1492.01
 11:113.51, 67:75 [3, 9, -10, -3]
 12:90.24, 69:75 [3, 10, -3]
901:101.35, 10:10 [9, 167, 15322, 600, -9]
902:98.45, 10:10 [9, 78, 639, 572, -9]
903:107.85, 8:10 [9, 549, 4183, 162, -9]
904:60.30, 10:10 [9, 327, 311, 628, -9]
905:123.50, 9:10 [9, 67, 4360, 537, 77, 630, -9]
906:90.18, 9:10 [9, 428, 8653, 580, 558, -9]
907:34.41, 4:10 [9, 576, -9]
908:21.57, 7:10 [9, 511, 89, -9]
1001:116.83, 10:10 [10, 362, 11404, 76, 159, -10]
1002:105.22, 10:10 [10, 426, 51, 32461, 81, -10]
1003:34.83, 10:10 [10, 108, 466, 180, -10]
1004:118.89, 10:10 [10, 554, 2539, 15194, 286, -10]
1005:121.29, 10:10 [10, 474, 299, 563, 494, -10]
1006:74.66, 9:10 [10, 500, 633, 450, -10]
1008:78.95, 10:10 [10, 84, 44, 117, 621, -10]
fe: 2, se: 15

Day: 1, Time: 405
Total Cost: 1517.20
 12:64.00, 74:75 [4, 12, -12, -4]
 13:64.00, 27:75 [4, 12, -4]
1201:150.21, 10:10 [12, 194, 38, 92, 644, -12]
1202:111.92, 10:10 [12, 31376, 150, 217, 140, -12]
1203:113.37, 10:10 [12, 12677, 594, 104, 157, 562, -12]
1204:151.17, 10:10 [12, 435, 12001, 347, 635, -12]
1205:97.27, 10:10 [12, 497, 314, 25116, 58, 366, -12]
1206:144.50, 10:10 [12, 486, 473, 358, 351, -12]
1207:147.43, 9:10 [12, 602, 32582, 470, 429, -12]
1208:27.81, 5:10 [12, 95, 14716, -12]
1209:163.91, 10:10 [12, 269, 616, 304, 625, -12]
1210:124.04, 10:10 [12, 4630, 17, 505, 2126, -12]
1212:157.58, 8:10 [12, 185, 28, -12]
fe: 2, se: 11

Day: 1, Time: 410
Total Cost: 228.66
 11:113.51, 7:75 [3, -9, -10, -3]
901:34.53, 4:10 [9, 24658, -9]
1001:80.62, 3:10 [10, 26778, -10]
fe: 1, se: 2

Day: 1, Time: 410
Total Cost: 233.01
 11:64.00, 7:75 [4, -12, -4]
1201:169.01, 7:10 [12, 18633, 25620, -12]
fe: 1, se: 1

Day: 1, Time: 415
Total Cost: 494.32
 11:136.01, 3:75 [1, -5, -1]
 12:153.31, 7:75 [1, -6, -1]
501:114.49, 3:10 [5, 26121, -5]
601:90.51, 7:10 [6, 27361, 23078, -6]
fe: 2, se: 2

Day: 1, Time: 415
Total Cost: 270.23
 11:66.27, 12:75 [2, -7, -2]
701:127.43, 8:10 [7, 32154, 29884, 29222, -7]
702:76.53, 4:10 [7, 19942, 21537, -7]
fe: 1, se: 2

Day: 1, Time: 415
Total Cost: 202.02
 11:94.59, 2:75 [3, -9, -3]
901:107.42, 2:10 [9, 30854, -9]
fe: 1, se: 1

Day: 1, Time: 415
Total Cost: 294.95
 11:120.02, 8:75 [4, -11, -4]
1101:82.80, 4:10 [11, 32155, -11]
1102:92.13, 4:10 [11, 26785, -11]
fe: 1, se: 2

Day: 1, Time: 420
Total Cost: 169.36
 11:90.24, 1:75 [3, -10, -3]
1001:79.12, 1:10 [10, 26103, -10]
fe: 1, se: 1

Day: 1, Time: 420
Total Cost: 208.44
 11:64.00, 3:75 [4, -12, -4]
1201:144.44, 3:10 [12, 18850, 27760, -12]
fe: 1, se: 1

Day: 1, Time: 440
Total Cost: 82.27
 11:66.27, 3:75 [2, -7, -2]
701:16.00, 3:10 [7, 25369, -7]
fe: 1, se: 1

Day: 1, Time: 450
Total Cost: 161.47
 11:66.27, 6:75 [2, 7, -2]
701:95.19, 6:10 [7, 423, 12929, 13450, -7]
fe: 1, se: 1

Day: 1, Time: 450
Total Cost: 190.61
 11:90.24, 2:75 [3, 10, -3]
1001:100.37, 2:10 [10, 14273, 15177, -10]
fe: 1, se: 1

Day: 1, Time: 450
Total Cost: 295.94
 12:64.00, 11:75 [4, 12, -4]
1201:88.98, 5:10 [12, 376, 11697, -12]
1202:142.96, 6:10 [12, 14379, 289, -12]
fe: 1, se: 2

Day: 1, Time: 460
Total Cost: 587.52
 11:136.01, 10:75 [1, 5, -1]
 12:153.31, 8:75 [1, 6, -1]
501:62.80, 2:10 [5, 375, -5]
503:64.27, 8:10 [5, 6178, 629, -5]
601:89.11, 4:10 [6, 91, -6]
602:82.02, 4:10 [6, 169, -6]
fe: 2, se: 4

Day: 1, Time: 460
Total Cost: 332.81
 11:66.27, 11:75 [2, 7, -2]
701:136.07, 6:10 [7, 370, 86, -7]
702:58.86, 1:10 [7, 4401, -7]
704:71.61, 4:10 [7, 7085, 241, -7]
fe: 1, se: 3

Day: 1, Time: 460
Total Cost: 338.98
 12:90.24, 9:75 [3, 10, -3]
1001:121.98, 5:10 [10, 420, 520, -10]
1002:126.76, 4:10 [10, 319, 634, -10]
fe: 1, se: 2

Day: 1, Time: 460
Total Cost: 344.25
 11:64.00, 7:75 [4, 12, -4]
1201:162.90, 3:10 [12, 11009, 441, -12]
1202:64.40, 3:10 [12, 469, -12]
1204:52.95, 1:10 [12, 405, -12]
fe: 1, se: 3

Day: 1, Time: 495
Total Cost: 179.88
 11:136.01, 2:75 [1, 5, -1]
501:43.86, 2:10 [5, 539, -5]
fe: 1, se: 1

Day: 1, Time: 495
Total Cost: 210.88
 11:66.27, 10:75 [2, 7, -2]
701:82.37, 3:10 [7, 4236, -7]
702:62.24, 7:10 [7, 16069, 303, -7]
fe: 1, se: 2

Day: 1, Time: 495
Total Cost: 492.57
 11:94.59, 7:75 [3, 9, -3]
 12:90.24, 13:75 [3, 10, -3]
901:66.48, 4:10 [9, 499, -9]
902:61.08, 3:10 [9, 599, 206, -9]
1001:50.36, 3:10 [10, 1361, -10]
1003:46.55, 6:10 [10, 5895, 35, -10]
1004:83.26, 4:10 [10, 48, -10]
fe: 2, se: 5

Day: 1, Time: 495
Total Cost: 187.71
 11:120.02, 5:75 [4, 11, -4]
1101:18.87, 3:10 [11, 330, -11]
1102:48.83, 2:10 [11, 412, -11]
fe: 1, se: 2

Day: 1, Time: 525
Total Cost: 102.77
 11:66.27, 1:75 [2, 7, -2]
701:36.50, 1:10 [7, 14834, -7]
fe: 1, se: 1

Day: 1, Time: 525
Total Cost: 202.75
 11:64.00, 7:75 [4, 12, -4]
1201:41.04, 4:10 [12, 298, -12]
1202:53.85, 2:10 [12, 6888, -12]
1203:43.86, 1:10 [12, 11139, -12]
fe: 1, se: 3


Day	Area	ID	Time	Load	Utilization	NoOrders	AssignmentCost
1	1	27	315	 37	0.49	16	445.00
1	1	 8	315	 66	0.88	21	735.00
1	1	 9	360	 10	0.13	 6	175.00
1	1	242	400	 14	0.09	 6	430.00
1	1	10	405	 25	0.33	 8	325.00
1	1	11	450	  7	0.08	 3	116.00
1	1	13	540	 74	0.82	22	652.00
1	1	15	630	 74	0.99	24	815.00
1	1	34	630	 75	1.00	34	825.00
1	1	53	630	 75	1.00	19	825.00
1	1	56	765	 60	1.00	22	810.00
1	1	57	810	 60	1.00	34	810.00
1	1	38	810	 60	1.00	27	810.00
1	1	19	810	 60	1.00	34	810.00
1	2	102	270	 29	0.39	10	365.00
1	2	277	300	  7	0.05	 7	290.00
1	2	103	315	 70	0.93	26	775.00
1	2	65	315	 70	0.93	26	775.00
1	2	260	400	  9	0.06	 3	330.00
1	2	89	540	 48	0.53	13	444.00
1	2	110	630	 61	0.81	21	685.00
1	2	72	630	 58	0.77	17	655.00
1	2	113	765	 58	0.97	17	786.00
1	2	75	765	 60	1.00	17	810.00
1	2	94	765	 58	0.97	17	786.00
1	2	95	810	 60	1.00	34	810.00
1	2	114	810	 60	1.00	43	810.00
1	2	76	810	 60	1.00	34	810.00
1	3	121	270	 20	0.27	 9	275.00
1	3	286	300	 20	0.13	12	550.00
1	3	122	315	 74	0.99	27	815.00
1	3	141	315	 28	0.37	11	355.00
1	3	142	360	  9	0.12	 3	165.00
1	3	305	400	 11	0.07	 5	370.00
1	3	144	450	 15	0.17	 5	180.00
1	3	146	540	 85	0.94	25	740.00
1	3	148	630	 67	0.89	21	745.00
1	3	129	630	 73	0.97	25	805.00
1	3	151	765	 59	0.98	17	798.00
1	3	170	765	 57	0.95	15	774.00
1	3	132	765	 59	0.98	16	798.00
1	3	171	810	 60	1.00	40	810.00
1	3	152	810	 60	1.00	36	810.00
1	3	133	810	 60	1.00	37	810.00
1	4	178	270	 14	0.19	 5	215.00
1	4	313	300	 16	0.11	10	470.00
1	4	198	315	 74	0.99	27	815.00
1	4	217	315	 29	0.39	10	365.00
1	4	314	400	 11	0.07	 4	370.00
1	4	219	405	 12	0.16	 5	195.00
1	4	203	540	 51	0.57	14	468.00
1	4	205	630	 60	0.80	27	675.00
1	4	224	630	 68	0.91	17	755.00
1	4	227	765	 60	1.00	16	810.00
1	4	189	765	 59	0.98	18	798.00
1	4	208	765	 60	1.00	19	810.00
1	4	228	810	 60	1.00	39	810.00
1	4	209	810	 60	1.00	42	810.00
1	4	190	810	 60	1.00	38	810.00


Day	Area	Time	Pickup	Delivery	Direct	FEVehicles	SEVehicles	ALNSTime	ALNSBestTime	RoutingCostArea
1	1	0	156	217	0	9	73	681.62	488.13	8274.61
1	1	30	11	0	0	2	6	0.84	0.00	935.10
1	1	40	3	0	0	2	2	0.36	0.00	468.94
1	1	55	7	0	0	2	5	0.56	0.00	856.57
1	1	65	3	0	0	2	2	0.46	0.00	465.56
1	1	90	9	0	0	3	4	0.77	0.00	889.28
1	1	110	9	0	0	2	4	0.91	0.00	700.91
1	1	150	8	0	0	3	3	0.84	0.00	870.54
1	1	155	1	0	0	1	1	0.19	0.00	234.30
1	1	280	22	0	0	2	7	2.14	0.00	934.04
1	1	360	27	21	0	2	12	6.37	0.00	1798.15
1	1	395	15	0	0	2	7	1.86	0.00	808.30
1	1	405	2	45	0	2	14	4.68	0.01	1447.37
1	1	415	3	0	0	2	2	0.57	0.00	494.32
1	1	460	0	5	0	2	4	0.95	0.00	587.52
1	1	495	0	1	0	1	1	0.18	0.00	179.88
1	2	0	158	208	0	14	68	932.67	619.24	7247.34
1	2	40	13	0	0	2	5	1.09	0.00	699.59
1	2	50	3	0	0	1	1	0.38	0.00	187.65
1	2	115	18	0	0	2	6	1.63	0.44	822.78
1	2	145	6	0	1	1	2	0.61	0.00	843.24
1	2	150	4	0	0	2	2	0.52	0.00	423.19
1	2	160	3	0	0	2	2	0.34	0.00	274.39
1	2	265	32	0	0	2	8	3.60	0.24	988.62
1	2	295	10	0	0	1	3	1.02	0.00	450.43
1	2	360	18	11	0	1	5	4.88	2.06	838.44
1	2	400	11	0	0	1	5	1.12	0.00	597.51
1	2	405	2	31	0	2	11	3.56	1.09	1106.56
1	2	415	5	0	0	1	2	0.48	0.00	270.23
1	2	440	1	0	0	1	1	0.23	0.00	82.27
1	2	450	0	3	0	1	1	0.38	0.00	161.47
1	2	460	0	5	0	1	3	0.37	0.00	332.81
1	2	495	0	3	0	1	2	0.28	0.00	210.88
1	2	525	0	1	0	1	1	0.18	0.00	102.77
1	3	0	171	178	0	11	65	506.40	348.64	7631.45
1	3	35	16	0	0	2	5	1.29	0.00	717.00
1	3	75	9	0	0	2	4	0.86	0.00	721.13
1	3	120	14	0	0	2	5	1.83	0.46	750.32
1	3	130	7	0	0	2	3	0.64	0.00	514.50
1	3	150	6	0	0	1	3	0.52	0.00	435.78
1	3	165	6	0	1	2	3	0.49	0.00	868.19
1	3	275	32	0	0	2	9	3.65	2.31	1002.90
1	3	290	6	0	0	1	3	0.77	0.00	376.85
1	3	300	4	0	0	1	1	0.63	0.00	278.52
1	3	375	21	12	0	1	7	5.66	0.59	861.07
1	3	400	6	0	0	1	3	0.40	0.00	401.33
1	3	405	1	49	0	2	15	6.93	4.11	1492.01
1	3	410	2	0	0	1	2	0.33	0.00	228.66
1	3	415	1	0	0	1	1	0.25	0.00	202.02
1	3	420	1	0	0	1	1	0.24	0.00	169.36
1	3	450	0	2	0	1	1	0.33	0.00	190.61
1	3	460	0	4	0	1	2	0.60	0.00	338.98
1	3	495	0	7	0	2	5	0.72	0.00	492.57
1	4	0	165	217	0	13	74	1206.35	981.21	8224.98
1	4	45	12	0	0	2	3	1.20	0.00	538.82
1	4	80	7	0	0	2	3	0.61	0.00	457.35
1	4	155	11	0	1	1	4	0.85	0.00	1043.50
1	4	165	2	0	1	1	1	0.27	0.00	655.76
1	4	180	3	0	0	1	2	0.30	0.00	255.70
1	4	260	24	0	0	1	6	2.90	0.00	762.57
1	4	280	5	0	0	1	2	0.52	0.00	372.98
1	4	325	14	0	0	1	4	2.34	0.32	598.39
1	4	375	23	9	0	1	6	35.94	0.96	894.89
1	4	395	9	0	0	2	4	0.93	0.00	550.10
1	4	400	5	0	0	1	2	0.52	0.00	284.75
1	4	405	3	39	0	2	11	5.45	0.42	1517.20
1	4	410	2	0	0	1	1	0.35	0.00	233.01
1	4	415	2	0	0	1	2	0.36	0.00	294.95
1	4	420	2	0	0	1	1	0.37	0.00	208.44
1	4	450	0	4	0	1	2	0.61	0.00	295.94
1	4	460	0	4	0	1	3	0.44	0.00	344.25
1	4	495	0	2	0	1	2	0.23	0.00	187.71
1	4	525	0	3	0	1	3	0.30	0.00	202.75

Day	SL	Own	DispatchTimes	AssignmentCost	RoutingCost	TotalCost
1	52	7	34	36690.00	71182.87	107872.87

Total Cost: 107872.86966230819
Cost per Day: 107872.86966230819
Running time in Seconds: 5549.846
Running time in minutes: 92.49743333333333