INSTANCE: 4hubs_MND_A_23_x.csv
PARAMETER: tuning_standard.txt
POLICY: MIP
ALPHA: 0.387023956898126
BETA: 78
OMEGA: 586
EPSILON: 1.00597325044486

Day: 1, Time: 0
Total Cost: 9722.38
 11:136.01, 75:75 [1, 5, -5, -1]
 12:136.01, 69:75 [1, 5, -5, -1]
 13:136.01, 75:75 [1, 5, -5, -1]
 14:136.01, 42:75 [1, 5, -5, -1]
 15:136.01, 54:75 [1, 5, -5, -1]
 17:153.31, 74:75 [1, 6, -6, -1]
 18:153.31, 73:75 [1, 6, -6, -1]
 19:153.31, 52:75 [1, 6, -6, -1]
 20:153.31, 32:75 [1, 6, -6, -1]
 21:153.31, 13:75 [1, 6, -6, -1]
 28:153.31, 10:75 [1, 6, -6, -1]
 37:136.01, 9:75 [1, 5, -5, -1]
 38:136.01, 13:75 [1, 5, -5, -1]
 39:136.01, 10:75 [1, 5, -1]
 40:136.01, 10:75 [1, 5, -1]
501:72.66, 10:10 [5, 17791, 16946, 17250, 16820, -5]
502:62.52, 10:10 [5, 16541, 16432, 17108, -5]
503:105.35, 10:10 [5, 16610, 16738, 17111, 17245, 17556, 17538, 16874, 17617, -5]
504:60.61, 7:10 [5, 17173, 16504, 17623, 17161, 17629, -5]
505:155.64, 10:10 [5, 16708, 17674, 16689, 16471, 17065, 16594, -5]
506:113.60, 10:10 [5, 16698, 17545, 17801, 16903, 17574, 17276, -5]
507:144.40, 4:10 [5, 17784, -5]
508:131.39, 10:10 [5, 16935, 17778, 16473, 16831, 17094, 16641, 17253, 17747, -5]
509:92.48, 8:10 [5, 16984, 17787, 17054, 17477, 17428, -5]
510:45.06, 9:10 [5, 17581, 16654, 16882, -5]
511:112.73, 10:10 [5, 17548, 16453, 17331, 17265, 16557, 17557, -5]
512:199.05, 10:10 [5, 16995, 17350, 16522, 17524, 16799, 17606, -5]
513:87.49, 10:10 [5, 16988, 16856, 17289, 16631, 17186, -5]
514:60.93, 3:10 [5, 17584, -5]
515:135.65, 9:10 [5, 16932, 16680, 16570, 16931, -5]
516:154.90, 10:10 [5, 17020, 16827, 17779, 17115, 16853, -5]
517:156.24, 10:10 [5, 17120, 17090, 16550, 17241, 17453, 16650, 17114, 17537, -5]
518:77.74, 8:10 [5, 16547, 17485, 16915, 17180, -5]
519:153.91, 10:10 [5, 16744, 17238, 16409, 16543, 17772, 17481, 16619, 17407, -5]
520:43.75, 10:10 [5, 17836, 16870, 17628, 17235, -5]
521:81.74, 8:10 [5, 16410, 17785, 17006, 17474, -5]
522:83.03, 9:10 [5, 17104, 17462, 17295, 16863, 17512, 17562, -5]
523:72.71, 10:10 [5, 16873, 16812, 16671, -5]
524:137.23, 10:10 [5, 17190, 16375, 16583, 16772, 17421, -5]
525:128.23, 10:10 [5, 17021, 17798, 17093, 16877, 17117, 17337, -5]
526:95.27, 9:10 [5, 16478, 16736, 17061, -5]
527:73.66, 10:10 [5, 16544, 16576, 17156, 17022, 16685, 17500, 17444, 16798, 17317, 17409, -5]
528:93.93, 10:10 [5, 17571, 17593, 17053, 17796, 17681, -5]
529:138.24, 10:10 [5, 16643, 17138, 17746, 17600, 16977, 16606, -5]
530:31.18, 4:10 [5, 17296, 16875, -5]
531:86.47, 10:10 [5, 17097, 17620, 16403, 16411, 16825, 17322, 17237, -5]
533:72.05, 10:10 [5, 17457, 17601, 17326, -5]
534:98.41, 10:10 [5, 16427, 16431, 16887, -5]
535:95.62, 10:10 [5, 17324, 17049, 16482, 17174, -5]
536:85.72, 10:10 [5, 17661, 17811, 16695, 16841, 17388, 17597, -5]
537:68.34, 10:10 [5, 16521, 17362, 17105, 17036, 16823, -5]
538:180.75, 10:10 [5, 16936, 17431, 16413, 16649, 16459, 17573, 17277, 17735, -5]
539:88.71, 9:10 [5, 17116, 17311, 16507, 17029, 17286, 17745, -5]
540:45.67, 10:10 [5, 16493, 16707, 16818, -5]
542:108.75, 10:10 [5, 16567, 17794, 16704, 16644, 17503, 17464, -5]
543:127.29, 9:10 [5, 17731, 17359, 16898, 17427, -5]
555:77.47, 10:10 [5, 16885, 17230, 17748, 17085, 17340, -5]
557:182.74, 10:10 [5, 16662, 16690, 17297, 16595, 17141, 16975, 17721, -5]
601:69.51, 10:10 [6, 16844, 17435, 16640, 17596, 17272, -6]
602:165.09, 10:10 [6, 17145, 17564, 17048, 16582, 16961, 17057, 17602, 17379, 17727, -6]
603:53.96, 8:10 [6, 17084, 16782, 17702, 17565, 16947, -6]
604:55.38, 8:10 [6, 16910, 17299, 16850, -6]
605:111.04, 7:10 [6, 17383, 17446, 17771, 17227, -6]
606:29.40, 10:10 [6, 16636, 16909, 16652, -6]
607:119.00, 10:10 [6, 16718, 17434, 16566, 16892, -6]
608:187.17, 10:10 [6, 16581, 16573, 17510, 17095, 16670, 17708, -6]
609:105.70, 10:10 [6, 16971, 17243, 16945, 17758, 17737, 16484, -6]
611:54.61, 9:10 [6, 16545, 16899, 17393, 17251, 17469, -6]
612:167.30, 3:10 [6, 17724, -6]
613:71.24, 9:10 [6, 16628, 17558, 17686, 16542, 17743, -6]
614:43.52, 10:10 [6, 16559, 16963, 16443, 16577, -6]
615:179.61, 10:10 [6, 16851, 16731, 17774, 16752, 17151, 16672, -6]
616:99.07, 10:10 [6, 17042, 17639, 17490, 16791, 16740, 17039, -6]
617:100.81, 10:10 [6, 17659, 17142, 17222, 16878, 16668, 17835, -6]
618:160.43, 10:10 [6, 17707, 16496, 17416, 16579, 17403, 17081, 17343, 16506, -6]
619:90.79, 10:10 [6, 17528, 17451, 16383, 17587, -6]
620:23.02, 4:10 [6, 16633, 17408, -6]
621:120.08, 10:10 [6, 16706, 16390, 17160, 16833, 17654, -6]
622:63.27, 10:10 [6, 17673, 17378, 17436, 17704, -6]
623:49.17, 9:10 [6, 17258, 16477, 16516, -6]
624:95.88, 10:10 [6, 16416, 17387, 16448, 17513, 17198, 17014, -6]
625:52.85, 8:10 [6, 17497, 16394, -6]
626:77.64, 9:10 [6, 16709, 16819, 16974, 16386, -6]
627:154.27, 10:10 [6, 16727, 16723, 17005, 17831, 16775, 17338, 17472, 16615, 17692, -6]
628:119.59, 9:10 [6, 17348, 16676, 16996, 17713, 17323, -6]
632:93.25, 10:10 [6, 16422, 17664, 16663, 16950, 17318, 17570, -6]
634:169.69, 10:10 [6, 16776, 16765, 16588, 17531, 17521, 17157, 17577, 17652, -6]
635:71.13, 9:10 [6, 16415, 17646, 16923, 16991, 17414, -6]
637:77.42, 10:10 [6, 17179, 16700, 17203, 17781, 17539, 17834, 17738, -6]
647:128.23, 10:10 [6, 17146, 17476, 16494, 17533, 16968, 17220, -6]
fe: 15, se: 75

Day: 1, Time: 0
Total Cost: 6607.61
 11:66.27, 75:75 [2, 7, -7, -2]
 12:66.27, 75:75 [2, 7, -7, -2]
 13:66.27, 74:75 [2, 7, -7, -2]
 14:66.27, 75:75 [2, 7, -7, -2]
 15:145.23, 75:75 [2, 8, -8, -2]
 16:66.27, 35:75 [2, 7, -7, -2]
 21:66.27, 26:75 [2, 7, -7, -2]
 28:145.23, 51:75 [2, 8, -8, -2]
701:116.87, 10:10 [7, 16515, 16508, 17643, 16514, 17543, 17718, 17154, -7]
702:96.89, 10:10 [7, 16764, 16953, 17549, 16458, 17637, 17568, -7]
703:114.15, 10:10 [7, 16537, 16424, 16696, 16832, -7]
704:25.99, 10:10 [7, 17110, 16462, 16465, -7]
705:76.82, 10:10 [7, 17817, 17100, 17467, 16900, 17832, -7]
706:114.07, 10:10 [7, 17226, 16840, 16800, 16382, 17009, 17653, 17777, 16928, 16717, -7]
707:39.98, 7:10 [7, 17694, 16721, -7]
708:86.08, 9:10 [7, 17823, 16805, 17609, 16535, 17264, 16560, -7]
709:48.54, 8:10 [7, 17400, 16817, -7]
710:112.51, 10:10 [7, 16450, 17109, 16712, 17060, 17206, 17685, 16933, 17802, -7]
711:110.15, 10:10 [7, 17502, 17187, 16737, 16893, 17753, 16757, 17271, -7]
712:119.09, 8:10 [7, 16598, 17397, 16795, 16657, 17536, 17776, -7]
713:80.55, 9:10 [7, 17501, 17071, 16944, 17812, 17002, 17448, 16955, 17726, -7]
714:79.75, 10:10 [7, 16755, 16602, 16388, -7]
715:70.42, 9:10 [7, 17125, 16867, 16599, 17170, -7]
716:20.13, 7:10 [7, 17670, 16814, -7]
717:129.78, 9:10 [7, 17064, 17763, 16746, 16587, 17797, 16379, 17614, -7]
718:97.57, 10:10 [7, 17499, 16741, 16846, 17440, -7]
720:131.93, 9:10 [7, 16456, 17690, 16406, 17656, 16876, 17634, 17773, -7]
721:121.52, 10:10 [7, 17106, 16642, 17330, 17308, 17828, 17827, 16480, 17739, -7]
722:95.92, 9:10 [7, 16868, 16505, 17223, 16816, 17450, -7]
723:98.80, 9:10 [7, 17711, 17137, 17298, 16616, 16600, 17540, -7]
724:83.30, 9:10 [7, 16770, 17373, 17140, 16815, 17066, -7]
725:111.04, 10:10 [7, 16728, 16711, 17074, 16957, 17405, 17740, -7]
726:88.42, 10:10 [7, 17372, 17249, 16531, 16656, -7]
727:136.81, 10:10 [7, 17212, 16797, 16879, 16845, 16421, 17424, 17163, 17755, 17578, 17732, -7]
728:148.35, 10:10 [7, 17534, 17088, 17762, 17691, 16618, 16829, 16609, -7]
729:90.13, 10:10 [7, 16697, 16976, 16585, 17013, 17665, -7]
730:130.38, 10:10 [7, 17027, 17429, 16998, 16512, 17760, 17171, 16658, 17360, -7]
731:89.31, 10:10 [7, 17516, 17627, 16441, -7]
732:161.52, 10:10 [7, 16430, 16980, 17113, 17650, 17369, 17349, -7]
733:154.04, 10:10 [7, 16921, 16859, 17669, 17519, 16578, 16978, 17282, -7]
734:162.23, 9:10 [7, 17285, 17067, 16617, 16580, 16735, 17553, -7]
735:82.90, 9:10 [7, 17580, 17121, 16834, 17508, 16905, -7]
736:90.47, 9:10 [7, 16710, 17810, 16778, 16526, -7]
737:159.42, 10:10 [7, 17167, 17244, 16784, 17813, 17458, 16532, 17357, 16917, -7]
738:71.27, 9:10 [7, 17712, 17803, 16783, 17495, 17714, -7]
739:80.90, 9:10 [7, 17729, 17511, 16790, 17754, -7]
740:122.41, 10:10 [7, 16575, 17807, 16659, 17583, 16511, 17134, -7]
741:118.77, 10:10 [7, 16440, 17008, 16470, 17509, 16626, -7]
742:107.12, 9:10 [7, 16414, 16520, 16502, 17616, 17595, 17352, 17211, 17761, -7]
743:154.44, 10:10 [7, 17159, 17644, 17031, 16729, 17592, 17717, 17636, -7]
744:106.18, 10:10 [7, 16593, 17130, 16881, 16858, -7]
747:49.26, 10:10 [7, 17380, 17786, 16937, 16389, -7]
748:112.92, 10:10 [7, 17399, 16601, 16635, -7]
749:90.62, 10:10 [7, 17657, 17493, 16675, 17658, 17551, 17293, -7]
751:70.54, 9:10 [7, 16860, 16687, 16590, -7]
752:39.88, 10:10 [7, 17579, 17355, 17795, 16498, -7]
801:61.05, 9:10 [8, 16722, 17129, 17757, 17063, 16985, 16750, -8]
802:57.79, 10:10 [8, 17506, 16426, 16940, -8]
803:35.57, 9:10 [8, 17395, 17225, 17099, -8]
804:71.85, 8:10 [8, 17309, 16688, 16716, 16412, -8]
805:68.89, 9:10 [8, 16999, 17667, 16584, 17302, 16569, 16467, -8]
806:75.84, 9:10 [8, 17430, 16911, 17347, 17131, -8]
807:58.26, 10:10 [8, 17588, 17204, 17625, 17166, 17461, -8]
808:101.80, 10:10 [8, 16713, 17684, 16843, 16464, 17475, 16495, -8]
809:74.27, 10:10 [8, 17267, 16457, 17269, 17079, 17496, -8]
810:35.75, 8:10 [8, 17175, 16781, 16951, 17246, 16888, -8]
811:29.12, 4:10 [8, 16486, -8]
813:82.82, 10:10 [8, 16930, 17152, 17788, 17486, 16562, 17715, -8]
814:83.55, 10:10 [8, 16468, 17547, 16918, 16837, 17611, 17719, 17070, 17530, -8]
816:39.43, 10:10 [8, 16989, 17364, 16454, 17307, 17504, 17213, -8]
817:34.45, 4:10 [8, 16620, 17406, -8]
818:49.45, 9:10 [8, 17030, 17518, 17677, 17589, -8]
820:60.71, 10:10 [8, 17316, 16785, 16802, 17184, -8]
821:98.78, 10:10 [8, 17119, 17162, 17744, 17843, 17722, 16524, 16627, 17219, 17742, -8]
fe: 8, se: 66

Day: 1, Time: 0
Total Cost: 7423.77
 11:94.59, 70:75 [3, 9, -9, -3]
 12:113.51, 74:75 [3, 9, 10, -10, -3]
 13:94.59, 32:75 [3, 9, -9, -3]
 14:94.59, 33:75 [3, 9, -9, -3]
 15:94.59, 18:75 [3, 9, -9, -3]
 16:90.24, 58:75 [3, 10, -10, -3]
 17:90.24, 72:75 [3, 10, -10, -3]
 18:90.24, 74:75 [3, 10, -10, -3]
 19:90.24, 37:75 [3, 10, -10, -3]
 22:94.59, 74:75 [3, 9, -9, -3]
 23:90.24, 8:75 [3, 10, -3]
901:158.05, 10:10 [9, 16720, 17197, 17055, 16489, 16452, 16607, -9]
902:126.65, 10:10 [9, 17076, 17018, 16787, 17216, 16694, -9]
903:79.68, 9:10 [9, 16962, 17411, 16703, 17479, 17422, -9]
904:39.52, 7:10 [9, 17193, 16490, -9]
905:72.47, 9:10 [9, 17361, 16973, 16702, -9]
906:122.07, 10:10 [9, 16438, 17182, 17328, 16653, -9]
907:55.16, 10:10 [9, 17112, 17205, 17385, 17077, 16509, -9]
908:113.25, 9:10 [9, 16686, 17123, 17210, 17680, 17419, 16779, 17751, -9]
909:133.81, 10:10 [9, 16660, 16563, 17789, 16808, 17101, 17750, 17769, 17550, 16907, -9]
910:98.19, 10:10 [9, 16699, 16501, 17291, 17631, 17780, 16804, -9]
911:113.54, 9:10 [9, 17523, 16732, 16739, 17284, 16889, 17404, -9]
912:93.32, 10:10 [9, 16417, 16500, 16499, 16398, -9]
914:101.58, 10:10 [9, 17610, 16902, 16901, 17437, 17698, 17560, 17770, 17043, -9]
915:94.68, 10:10 [9, 17178, 17263, 17045, 17460, 17000, -9]
916:17.97, 7:10 [9, 16539, 17498, 16948, 16442, -9]
917:114.03, 10:10 [9, 17809, 16754, 17608, 16518, 17262, 17624, -9]
918:130.05, 9:10 [9, 17037, 17767, 17648, 17647, 16384, 16857, 17280, -9]
919:119.94, 10:10 [9, 17041, 17522, 17047, 16401, 16673, -9]
920:35.96, 7:10 [9, 16773, 17494, 16661, -9]
922:101.78, 10:10 [9, 16629, 17191, 17015, 17185, -9]
924:95.06, 9:10 [9, 16943, 16437, 17351, 17566, 17257, 17346, -9]
925:84.04, 9:10 [9, 16393, 16854, 16959, 17696, 17590, 17841, -9]
926:58.81, 4:10 [9, 17150, 17710, 17603, -9]
929:83.45, 9:10 [9, 16637, 17354, 17699, 17001, 16941, -9]
930:140.96, 9:10 [9, 16510, 17765, 17366, 16934, 16760, 17261, -9]
931:127.53, 9:10 [9, 16555, 17207, 16725, 16751, 17294, 17682, 17728, -9]
932:78.47, 10:10 [9, 17604, 16756, 17052, -9]
933:132.05, 10:10 [9, 17069, 16540, 17412, 17127, 17118, -9]
934:105.88, 10:10 [9, 16884, 17559, 16824, 17068, 17353, 17386, -9]
937:90.74, 10:10 [9, 16622, 16418, 16730, -9]
938:105.36, 10:10 [9, 17148, 17058, 17189, 16387, 17288, -9]
1001:17.20, 3:10 [10, 17164, -10]
1002:98.72, 10:10 [10, 16376, 17103, 17147, 17829, 17124, 17808, -10]
1003:99.84, 10:10 [10, 16623, 16446, 16926, 16719, 17701, -10]
1004:96.50, 8:10 [10, 17821, 16927, 16436, -10]
1005:102.71, 10:10 [10, 17172, 16385, 17546, 17805, 16395, 16528, -10]
1006:52.28, 8:10 [10, 16404, 17466, 17259, 16445, -10]
1007:99.11, 10:10 [10, 17256, 16423, 17830, 16774, 17792, 17209, 17089, -10]
1008:53.65, 10:10 [10, 17365, 16534, 16954, -10]
1009:124.49, 10:10 [10, 17132, 16565, 17671, 16425, 17818, 16762, 16964, -10]
1010:93.77, 10:10 [10, 16960, 16748, 16847, 17563, 17398, 16705, 17433, 17822, 17618, -10]
1011:79.76, 10:10 [10, 16866, 17376, 17126, 17394, 17756, 16683, -10]
1012:129.05, 10:10 [10, 16408, 17344, 16758, 17304, 16986, 16645, -10]
1015:47.04, 6:10 [10, 17200, 16455, 17420, -10]
1016:109.01, 10:10 [10, 17181, 16558, 17838, 17011, -10]
1017:119.31, 10:10 [10, 16894, 16855, 17033, -10]
1019:116.98, 10:10 [10, 17837, 16794, 17598, 16848, 17224, -10]
1020:137.31, 9:10 [10, 16679, 17319, 16589, 16513, 16880, -10]
1021:85.62, 8:10 [10, 17026, 17096, 17279, 17505, -10]
1022:147.71, 10:10 [10, 16574, 17003, 16852, 17336, 17621, 17139, 16745, 17816, 16611, -10]
1023:84.26, 10:10 [10, 16997, 17700, 17086, 16475, -10]
1024:72.92, 10:10 [10, 17274, 16777, 16828, -10]
1025:104.69, 10:10 [10, 16994, 17177, 17676, 17582, 16497, -10]
1027:5.66, 4:10 [10, 16949, -10]
1028:129.30, 9:10 [10, 16523, 17612, 16839, 16634, 16966, 17687, 17402, 17554, -10]
1029:113.28, 10:10 [10, 16938, 17638, 16402, 16883, 16439, 17442, 17697, 17196, 17768, -10]
1030:63.93, 9:10 [10, 17083, 17214, 17028, 17413, 17734, -10]
1031:49.50, 10:10 [10, 16864, 16869, 17098, 16669, -10]
1032:63.15, 9:10 [10, 16766, 16692, 17507, 17233, 16451, 17520, -10]
1033:145.31, 10:10 [10, 16487, 17050, 17488, 16399, 17716, 16503, 17301, 16693, -10]
1034:107.52, 10:10 [10, 16733, 17199, 16517, 17423, 16665, 17438, -10]
1035:146.85, 10:10 [10, 17044, 17231, 16488, 17194, 16924, 17426, 17515, -10]
1036:120.20, 10:10 [10, 17418, 17693, 17128, 17806, 16572, 17720, -10]
1037:34.14, 7:10 [10, 16916, 16463, 16763, -10]
1038:119.57, 10:10 [10, 16743, 17449, 17201, 17790, 17283, 16906, -10]
1041:101.68, 8:10 [10, 16536, 17799, 16527, 17169, 16684, 16810, -10]
1044:90.01, 10:10 [10, 16861, 16681, 17392, 17368, 17092, 16444, -10]
fe: 11, se: 67

Day: 1, Time: 0
Total Cost: 7611.74
 11:64.00, 75:75 [4, 12, -12, -4]
 12:120.02, 70:75 [4, 11, -11, -4]
 13:120.02, 57:75 [4, 11, -11, -4]
 14:64.00, 72:75 [4, 12, -12, -4]
 15:64.00, 70:75 [4, 12, -12, -4]
 16:64.00, 47:75 [4, 12, -12, -4]
 17:64.00, 46:75 [4, 12, -12, -4]
 18:120.02, 45:75 [4, 11, -11, -4]
 19:64.00, 10:75 [4, 12, -4]
 21:64.00, 39:75 [4, 12, -12, -4]
 23:64.00, 10:75 [4, 12, -4]
 27:120.02, 9:75 [4, 11, -11, -4]
 60:120.02, 10:75 [4, -11, -4]
 61:64.00, 24:75 [4, 12, -12, -4]
1101:83.28, 10:10 [11, 17599, 16469, 17144, 16474, -11]
1102:43.74, 8:10 [11, 17689, 16519, -11]
1103:77.45, 10:10 [11, 17542, 16400, 16862, 17371, -11]
1104:67.77, 9:10 [11, 17825, 17133, 16742, 17575, 17491, -11]
1105:30.41, 8:10 [11, 17135, 17391, 16449, 17666, 17051, -11]
1106:75.59, 9:10 [11, 16849, 17478, 17482, 17683, 16472, 17315, -11]
1107:53.77, 9:10 [11, 17561, 16821, 16551, 17736, 16597, -11]
1108:108.72, 10:10 [11, 17007, 17709, 17465, 16638, 17586, 16613, 17314, 17195, -11]
1110:118.76, 10:10 [11, 17555, 17229, 17004, 16734, 17695, 17273, 16592, 17254, -11]
1111:24.98, 10:10 [11, 17278, 17335, 16761, -11]
1112:111.90, 10:10 [11, 16780, 16807, 16987, 17613, 17487, 16428, 17459, -11]
1113:110.16, 10:10 [11, 16554, 16429, 16967, 17176, 16538, 17305, 17236, -11]
1114:75.04, 9:10 [11, 16549, 16979, 17641, 17078, -11]
1115:116.96, 10:10 [11, 17626, 17633, 17415, 16466, 17312, 16691, 16568, 17569, -11]
1116:111.25, 10:10 [11, 16897, 16753, 17432, 17107, 17679, 17675, 17059, -11]
1117:83.47, 10:10 [11, 16809, 17247, 16485, 16525, -11]
1118:106.70, 10:10 [11, 17607, 17010, 16749, 17255, 17544, 16896, 16646, 17630, -11]
1119:65.68, 9:10 [11, 17188, 17327, 17452, 17367, -11]
1120:77.54, 9:10 [11, 17688, 16826, 16768, 16922, -11]
1122:33.92, 10:10 [11, 17820, 17091, 16982, 16630, -11]
1123:55.92, 10:10 [11, 17840, 17248, 17800, 17287, -11]
1124:61.34, 10:10 [11, 16835, 17468, 16553, 16586, -11]
1136:111.70, 10:10 [11, 16771, 17535, 16648, 17591, 16724, 16981, 16677, 17622, 17396, -11]
1201:68.21, 9:10 [12, 16701, 17038, 16912, -12]
1202:95.99, 9:10 [12, 16830, 17375, 16759, 17705, 17759, 17567, -12]
1203:112.67, 10:10 [12, 16990, 16596, 16792, 17374, 17377, 17221, 17208, -12]
1204:111.96, 10:10 [12, 16396, 17793, 17706, 16956, 17034, 17833, -12]
1205:85.14, 10:10 [12, 17268, 16377, 17441, 17572, 16667, 17234, 17844, -12]
1206:33.89, 6:10 [12, 17168, 17439, 16552, -12]
1207:127.67, 10:10 [12, 16624, 16460, 16591, 17532, 17525, 16895, -12]
1208:141.12, 10:10 [12, 17073, 17260, 17228, 16969, 17384, 16993, 16842, 17270, -12]
1209:167.61, 10:10 [12, 16682, 17766, 16625, 16461, 16891, 17232, 17242, -12]
1210:162.99, 10:10 [12, 16419, 17192, 17239, 17826, 17155, 17345, 16533, 17329, 17339, -12]
1211:6.32, 4:10 [12, 17306, -12]
1212:41.91, 8:10 [12, 17303, 17662, -12]
1213:77.61, 10:10 [12, 17341, 17782, 17483, 16420, 17752, -12]
1214:100.30, 10:10 [12, 17660, 17723, 16788, 16871, 17046, -12]
1215:148.74, 10:10 [12, 16970, 17215, 17541, 16632, 17334, 16908, 16378, 17678, -12]
1216:61.59, 9:10 [12, 17527, 16715, 17463, 16483, -12]
1217:89.42, 10:10 [12, 17425, 17815, 16392, 16639, 17445, 16983, 17202, -12]
1219:90.43, 10:10 [12, 17332, 17143, 17455, 17382, 17663, -12]
1220:163.30, 10:10 [12, 17072, 17087, 16604, 17651, 16726, 17102, 16391, 17275, 17218, -12]
1221:37.97, 9:10 [12, 16942, 17032, 16608, -12]
1222:118.37, 10:10 [12, 17492, 17585, 17136, 17075, 17363, 17389, -12]
1223:64.03, 10:10 [12, 16872, 16655, 17019, 16913, -12]
1224:58.01, 7:10 [12, 17290, 17819, 17062, 16789, 17153, 17473, -12]
1225:97.84, 10:10 [12, 16811, 16571, 17320, 16925, 17514, -12]
1226:74.03, 10:10 [12, 17035, 17447, 17217, 16479, 16546, 17484, -12]
1227:102.71, 10:10 [12, 16767, 17401, 17517, 16838, 17640, 17240, 16747, -12]
1228:72.72, 10:10 [12, 16958, 17480, 17615, 16806, 17325, 17632, 16919, -12]
1229:74.49, 10:10 [12, 16397, 16529, 17012, 16786, -12]
1230:95.79, 10:10 [12, 17056, 16564, 17526, 17266, 16664, 16972, 16678, -12]
1231:118.75, 10:10 [12, 16952, 17017, 17080, 17749, 17783, 16491, 16674, 17842, 17417, -12]
1233:76.52, 10:10 [12, 16890, 17333, 16380, 16407, -12]
1234:173.86, 9:10 [12, 16492, 16914, 17725, 17292, 17165, 17471, 16381, 17649, -12]
1235:105.81, 10:10 [12, 17655, 17381, 17149, 17764, 17619, -12]
1236:84.23, 10:10 [12, 16929, 17358, 16530, 17024, -12]
1237:100.68, 10:10 [12, 16614, 16647, 16796, 17470, -12]
1238:62.60, 7:10 [12, 17605, 16651, 16603, 16801, -12]
1239:91.77, 9:10 [12, 16561, 17839, 16556, 16548, 17300, 17741, -12]
1240:86.04, 9:10 [12, 17804, 16822, 16992, -12]
1242:132.37, 10:10 [12, 16621, 17122, 17668, 16939, 17183, 17824, -12]
1244:51.78, 8:10 [12, 17576, 16714, 16612, -12]
1245:157.34, 10:10 [12, 16605, 16836, 16793, 16886, 17321, 17443, 17370, 16965, 17529, -12]
1246:58.42, 10:10 [12, 17040, 16920, 16433, -12]
1247:104.33, 9:10 [12, 16447, 17082, 17552, 17733, 16434, 17410, -12]
1249:180.95, 10:10 [12, 17313, 17016, 16666, 16481, 16803, 17454, 17489, 17281, 17594, -12]
1263:137.43, 10:10 [12, 16405, 17456, 16865, 17814, 16476, 17342, 17775, 17703, 16813, 17310, 17635, -12]
1264:98.83, 10:10 [12, 17730, 17642, 17356, 17390, 17158, 16435, -12]
1270:125.05, 10:10 [12, 17023, 16769, 16904, 17645, 17025, 17252, 17672, -12]
fe: 14, se: 70

Day: 1, Time: 25
Total Cost: 668.81
 11:90.24, 9:75 [3, -10, -3]
 12:94.59, 6:75 [3, -9, -3]
 13:90.24, 4:75 [3, -10, -3]
901:103.71, 4:10 [9, 22437, 20147, -9]
902:83.69, 2:10 [9, 26612, 30699, -9]
1001:66.72, 9:10 [10, 29697, 19721, 29764, -10]
1002:139.61, 4:10 [10, 27977, 31841, -10]
fe: 3, se: 4

Day: 1, Time: 40
Total Cost: 597.55
 11:66.27, 19:75 [2, -7, -2]
 12:66.27, 4:75 [2, -7, -2]
701:150.77, 10:10 [7, 25975, 26562, 18310, -7]
702:94.85, 3:10 [7, 19715, -7]
703:66.21, 1:10 [7, 27953, -7]
704:153.17, 9:10 [7, 30600, 24675, 26265, 29944, -7]
fe: 2, se: 4

Day: 1, Time: 45
Total Cost: 571.32
 11:94.59, 11:75 [3, -9, -3]
 12:90.24, 11:75 [3, -10, -3]
901:52.80, 2:10 [9, 21193, -9]
902:152.50, 9:10 [9, 32280, 33150, 27173, 29604, 22273, -9]
1001:4.47, 2:10 [10, 32123, -10]
1002:176.71, 9:10 [10, 30387, 28891, 19809, 22738, 31864, -10]
fe: 2, se: 4

Day: 1, Time: 50
Total Cost: 974.12
 11:136.01, 39:75 [1, -5, -1]
 12:136.01, 3:75 [1, -5, -1]
501:173.30, 10:10 [5, 27814, 29147, 28850, 29735, -5]
502:85.04, 1:10 [5, 24284, -5]
503:90.64, 8:10 [5, 23391, 29505, -5]
504:120.87, 8:10 [5, 29578, 26347, -5]
505:91.62, 5:10 [5, 27097, 22375, -5]
506:86.21, 8:10 [5, 27423, 24018, 30630, -5]
507:54.41, 2:10 [5, 31723, 29876, -5]
fe: 2, se: 7

Day: 1, Time: 50
Total Cost: 479.16
 11:66.27, 8:75 [2, -7, -2]
 12:66.27, 4:75 [2, -7, -2]
701:106.32, 3:10 [7, 29131, -7]
702:130.88, 5:10 [7, 30485, 21451, -7]
703:109.42, 4:10 [7, 28398, -7]
fe: 2, se: 3

Day: 1, Time: 50
Total Cost: 708.52
 11:64.00, 32:75 [4, -12, -4]
 13:64.00, 9:75 [4, -12, -4]
1201:67.59, 8:10 [12, 31365, 31080, 25673, -12]
1202:185.04, 8:10 [12, 23207, 25229, 24634, 22011, -12]
1203:108.30, 6:10 [12, 29974, 33114, -12]
1204:122.96, 10:10 [12, 23225, 28875, 28149, 30515, -12]
1205:96.63, 9:10 [12, 19070, 20724, 20993, -12]
fe: 2, se: 5

Day: 1, Time: 55
Total Cost: 286.60
 11:125.25, 7:75 [4, -11, -12, -4]
1101:78.00, 3:10 [11, 22837, -11]
1201:83.35, 4:10 [12, 22214, -12]
fe: 1, se: 2

Day: 1, Time: 60
Total Cost: 151.84
 11:64.00, 2:75 [4, -12, -4]
1201:87.84, 2:10 [12, 19919, 32184, -12]
fe: 1, se: 1

Day: 1, Time: 70
Total Cost: 453.11
 11:90.24, 10:75 [3, -10, -3]
 12:94.59, 6:75 [3, -9, -3]
902:44.38, 6:10 [9, 30134, 21016, -9]
1001:223.90, 10:10 [10, 32200, 25073, 29365, 19775, 21393, -10]
fe: 2, se: 2

Day: 1, Time: 85
Total Cost: 304.18
 11:179.78, 10:75 [1, -5, -6, -1]
501:70.91, 8:10 [5, 21449, 21364, -5]
602:53.49, 2:10 [6, 19536, 22661, -6]
fe: 1, se: 2

Day: 1, Time: 95
Total Cost: 812.94
 11:66.27, 36:75 [2, -7, -2]
 12:66.27, 11:75 [2, -7, -2]
701:142.65, 10:10 [7, 20451, 24043, 29421, -7]
702:71.39, 8:10 [7, 29520, 22049, -7]
704:146.93, 10:10 [7, 19305, 32292, 26760, 32255, -7]
705:200.75, 10:10 [7, 27236, 27226, 24571, 20425, -7]
706:67.17, 3:10 [7, 18130, 19417, -7]
707:51.51, 6:10 [7, 30047, 29454, -7]
fe: 2, se: 6

Day: 1, Time: 95
Total Cost: 590.15
 11:64.00, 11:75 [4, -12, -4]
 13:64.00, 7:75 [4, -12, -4]
1201:103.25, 2:10 [12, 33057, -12]
1202:184.84, 7:10 [12, 31584, 25380, 28369, -12]
1203:76.03, 2:10 [12, 18147, -12]
1204:98.04, 7:10 [12, 24165, 32174, -12]
fe: 2, se: 4

Day: 1, Time: 110
Total Cost: 457.53
 11:94.59, 4:75 [3, -9, -3]
 12:94.59, 11:75 [3, -9, -3]
901:30.07, 2:10 [9, 18830, -9]
902:80.50, 2:10 [9, 29959, -9]
903:52.84, 3:10 [9, 27329, -9]
904:104.93, 8:10 [9, 20574, 28963, 31141, 32305, -9]
fe: 2, se: 4

Day: 1, Time: 120
Total Cost: 960.68
 11:66.27, 23:75 [2, -7, -2]
 12:66.27, 5:75 [2, -7, -2]
 13:66.27, 5:75 [2, -7, -2]
 14:145.23, 6:75 [2, -8, -2]
701:115.69, 6:10 [7, 24405, 32851, -7]
702:63.11, 5:10 [7, 33464, 26843, -7]
703:138.75, 9:10 [7, 30331, 32288, 26477, -7]
704:81.64, 8:10 [7, 18246, 30762, -7]
705:107.10, 5:10 [7, 26053, 27751, -7]
801:30.00, 4:10 [8, 20127, -8]
802:54.04, 1:10 [8, 19274, -8]
803:26.31, 1:10 [8, 20668, -8]
fe: 4, se: 8

Day: 1, Time: 120
Total Cost: 506.23
 11:64.00, 15:75 [4, -12, -4]
 12:64.00, 3:75 [4, -12, -4]
1201:180.51, 9:10 [12, 27230, 28470, 21599, -12]
1202:122.65, 6:10 [12, 30260, 29773, 23153, -12]
1203:75.07, 3:10 [12, 25731, -12]
fe: 2, se: 3

Day: 1, Time: 125
Total Cost: 453.82
 11:113.51, 9:75 [3, -9, -10, -3]
 12:94.59, 6:75 [3, -9, -3]
901:123.35, 5:10 [9, 25918, 29791, -9]
902:60.35, 6:10 [9, 23750, 22227, -9]
1002:62.01, 4:10 [10, 29480, 30588, -10]
fe: 2, se: 3

Day: 1, Time: 130
Total Cost: 411.25
 11:113.51, 6:75 [3, -9, -10, -3]
 12:90.24, 7:75 [3, -10, -3]
901:54.92, 3:10 [9, 28082, -9]
1001:60.93, 3:10 [10, 31585, -10]
1002:91.65, 7:10 [10, 32422, 25589, -10]
fe: 2, se: 3

Day: 1, Time: 140
Total Cost: 702.29
 12:153.31, 2:75 [1, -6, -1]
 13:153.31, 21:75 [1, -6, -1]
601:98.11, 2:10 [6, 19315, 33423, -6]
602:26.00, 4:10 [6, 26047, -6]
603:172.39, 10:10 [6, 29233, 26395, 31477, 22866, -6]
604:99.16, 7:10 [6, 32158, 31625, 31071, -6]
fe: 2, se: 4

Day: 1, Time: 145
Total Cost: 411.73
 11:66.27, 19:75 [2, -7, -2]
702:185.90, 9:10 [7, 25848, 32586, 30639, 27768, -7]
703:159.56, 10:10 [7, 19774, 29253, 25542, -7]
fe: 1, se: 2

Day: 1, Time: 145
Total Cost: 591.76
 11:120.02, 18:75 [4, -11, -4]
 12:64.00, 5:75 [4, -12, -4]
1101:166.17, 10:10 [11, 21716, 20527, 33127, -11]
1102:85.94, 8:10 [11, 23705, 30711, -11]
1201:60.03, 4:10 [12, 25205, -12]
1203:95.60, 1:10 [12, 22309, -12]
fe: 2, se: 4

Day: 1, Time: 150
Total Cost: 408.78
 11:64.00, 4:75 [4, -12, -4]
 12:64.00, 3:75 [4, -12, -4]
1201:131.53, 4:10 [12, 33500, -12]
1202:149.25, 3:10 [12, 30034, -12]
fe: 2, se: 2

Day: 1, Time: 155
Total Cost: 466.50
 11:94.59, 3:75 [3, -9, -3]
 12:90.24, 9:75 [3, -10, -3]
901:62.48, 3:10 [9, 32074, -9]
1001:49.89, 3:10 [10, 21995, 18900, -10]
1002:169.29, 6:10 [10, 18505, 27998, 31958, -10]
fe: 2, se: 3

Day: 1, Time: 155
Total Cost: 314.74
 12:64.00, 5:75 [4, -12, -4]
1201:116.28, 2:10 [12, 24401, -12]
1202:134.46, 3:10 [12, 31871, -12]
fe: 1, se: 2

Day: 1, Time: 160
Total Cost: 409.19
 11:66.27, 10:75 [2, -7, -2]
 12:66.27, 6:75 [2, -7, -2]
702:77.60, 6:10 [7, 18575, 27169, -7]
703:199.05, 10:10 [7, 26750, 28224, 18657, 26828, -7]
fe: 2, se: 2

Day: 1, Time: 165
Total Cost: 587.78
 11:136.01, 9:75 [1, -5, -1]
 12:136.01, 5:75 [1, -5, -1]
501:200.85, 9:10 [5, 20479, 23877, 33539, -5]
502:114.90, 5:10 [5, 31838, 31705, -5]
fe: 2, se: 2

Day: 1, Time: 165
Total Cost: 391.74
 11:125.25, 11:75 [4, -12, -11, -4]
 12:64.00, 2:75 [4, -12, -4]
1101:68.51, 5:10 [11, 31673, 20330, -11]
1201:65.31, 2:10 [12, 31082, 19552, -12]
1202:68.66, 6:10 [12, 24995, 19097, -12]
fe: 2, se: 3

Day: 1, Time: 170
Total Cost: 577.18
 11:66.27, 14:75 [2, -7, -2]
 12:66.27, 5:75 [2, -7, -2]
701:220.87, 4:10 [7, 28135, 30985, -7]
702:104.38, 10:10 [7, 29098, 33115, 31735, -7]
703:43.91, 3:10 [7, 32450, -7]
705:75.47, 2:10 [7, 26219, -7]
fe: 2, se: 4

Day: 1, Time: 170
Total Cost: 219.09
 11:113.51, 5:75 [3, -9, -10, -3]
901:50.99, 3:10 [9, 21603, -9]
1001:54.59, 2:10 [10, 26834, -10]
fe: 1, se: 2

Day: 1, Time: 175
Total Cost: 174.53
 11:66.27, 1:75 [2, -7, -2]
701:108.26, 1:10 [7, 25906, -7]
fe: 1, se: 1

Day: 1, Time: 175
Total Cost: 374.51
 11:120.02, 14:75 [4, -11, -4]
 12:64.00, 1:75 [4, -12, -4]
1101:52.15, 4:10 [11, 21015, -11]
1102:83.71, 10:10 [11, 28036, 24518, 23640, -11]
1202:54.63, 1:10 [12, 20009, -12]
fe: 2, se: 3

Day: 1, Time: 180
Total Cost: 325.38
 11:94.59, 5:75 [3, -9, -3]
 12:90.24, 2:75 [3, -10, -3]
901:80.37, 5:10 [9, 25454, 27392, -9]
1001:60.17, 2:10 [10, 31401, -10]
fe: 2, se: 2

Day: 1, Time: 260
Total Cost: 1109.91
 11:136.01, 30:75 [1, -5, -1]
 12:153.31, 34:75 [1, -6, -1]
501:158.52, 10:10 [5, 28717, 20112, 33263, 28431, 22400, -5]
502:125.79, 10:10 [5, 18194, 33237, 26554, -5]
503:101.76, 10:10 [5, 18181, 25015, 29693, 21883, -5]
601:85.88, 9:10 [6, 30424, 26213, 31777, 32505, -6]
602:150.44, 10:10 [6, 25750, 21793, 32020, -6]
603:118.97, 8:10 [6, 29307, 27879, 23146, -6]
604:79.23, 7:10 [6, 25319, 20318, -6]
fe: 2, se: 7

Day: 1, Time: 260
Total Cost: 856.68
 11:66.27, 46:75 [2, -7, -2]
701:179.52, 10:10 [7, 20071, 29525, 18185, 30662, -7]
702:175.66, 9:10 [7, 31753, 29595, 30832, 31683, 23235, -7]
703:112.72, 7:10 [7, 32638, 23957, 22719, -7]
704:151.45, 10:10 [7, 24562, 30968, 20739, 28623, -7]
705:171.04, 10:10 [7, 22972, 28306, 33032, 23248, -7]
fe: 1, se: 5

Day: 1, Time: 270
Total Cost: 980.92
 12:64.00, 71:75 [4, -12, -4]
1201:103.72, 9:10 [12, 25770, 31800, 32594, -12]
1202:120.04, 10:10 [12, 23119, 23598, 21814, -12]
1203:31.24, 3:10 [12, 32362, -12]
1204:86.25, 10:10 [12, 18916, 32957, 27044, 27388, -12]
1205:97.71, 9:10 [12, 23223, 24052, 24802, -12]
1206:144.45, 10:10 [12, 26357, 21359, 18630, 27183, -12]
1207:152.91, 10:10 [12, 27020, 19278, 33040, 26672, -12]
1208:180.60, 10:10 [12, 23128, 29025, 32659, 19829, 25281, -12]
fe: 1, se: 8

Day: 1, Time: 285
Total Cost: 606.68
 11:136.01, 23:75 [1, -5, -1]
501:156.59, 9:10 [5, 29052, 32960, 20456, -5]
502:218.83, 7:10 [5, 33225, 25078, 23874, -5]
503:95.25, 7:10 [5, 28282, 32677, 28983, -5]
fe: 1, se: 3

Day: 1, Time: 285
Total Cost: 918.46
 11:94.59, 34:75 [3, -9, -3]
 12:90.24, 36:75 [3, -10, -3]
901:90.74, 10:10 [9, 30290, 31641, 23914, -9]
902:49.16, 10:10 [9, 18646, 25826, 31402, -9]
903:42.38, 6:10 [9, 22824, 22802, -9]
905:159.53, 8:10 [9, 18690, 22650, 23746, 23077, -9]
1001:102.24, 9:10 [10, 23677, 31389, 23231, -10]
1002:146.21, 9:10 [10, 32772, 24764, 30740, 18632, -10]
1003:56.43, 8:10 [10, 31341, 31302, -10]
1004:86.92, 10:10 [10, 20298, 22032, 18561, 31879, 24751, -10]
fe: 2, se: 8

Day: 1, Time: 290
Total Cost: 434.10
 11:64.00, 22:75 [4, -12, -4]
1201:156.38, 10:10 [12, 30926, 22656, 25650, 24534, -12]
1202:140.12, 8:10 [12, 31761, 27838, 27023, -12]
1203:73.59, 4:10 [12, 29180, -12]
fe: 1, se: 3

Day: 1, Time: 295
Total Cost: 572.58
 11:66.27, 30:75 [2, -7, -2]
701:117.58, 9:10 [7, 29879, 22353, 24645, -7]
702:70.46, 3:10 [7, 29443, -7]
703:179.49, 10:10 [7, 22731, 31118, 22349, 22314, -7]
704:138.77, 8:10 [7, 28690, 21532, 31427, 25532, -7]
fe: 1, se: 4

Day: 1, Time: 300
Total Cost: 303.58
 11:66.27, 9:75 [2, -7, -2]
701:237.31, 9:10 [7, 32440, 32303, 24096, -7]
fe: 1, se: 1

Day: 1, Time: 310
Total Cost: 484.46
 11:64.00, 22:75 [4, -12, -4]
1201:109.20, 10:10 [12, 20731, 18651, 24025, -12]
1202:159.66, 8:10 [12, 28474, 32341, 27348, -12]
1203:151.60, 4:10 [12, 33070, -12]
fe: 1, se: 3

Day: 1, Time: 355
Total Cost: 561.08
 11:66.27, 37:75 [2, 7, -7, -2]
701:97.99, 10:10 [7, 19393, 22361, 20233, -7]
702:160.06, 10:10 [7, 28231, 28280, 32187, 24944, 19984, -7]
703:62.59, 8:10 [7, 21622, 23424, -7]
704:174.17, 9:10 [7, 20382, 8636, 29249, 28502, 31547, -7]
fe: 1, se: 4

Day: 1, Time: 360
Total Cost: 1291.77
 11:136.01, 42:75 [1, 5, -5, -1]
 12:153.31, 30:75 [1, 6, -6, -1]
501:95.47, 9:10 [5, 9430, 2533, 296, 19855, 28947, 32705, -5]
502:36.50, 8:10 [5, 19949, 29721, -5]
503:63.31, 9:10 [5, 31384, 413, 26402, 25944, -5]
504:138.97, 10:10 [5, 18245, 341, 21757, 620, 20524, -5]
505:102.55, 7:10 [5, 428, 22015, 32566, 28944, -5]
601:150.82, 9:10 [6, 14609, 501, 21372, 3811, -6]
602:83.96, 9:10 [6, 30661, 18627, 16282, 23749, 44, -6]
604:135.05, 9:10 [6, 2235, 530, 25607, 2737, 3834, -6]
605:113.21, 8:10 [6, 13611, 18449, 23234, 10795, 18388, -6]
606:82.61, 6:10 [6, 398, 462, 28406, 516, 5655, -6]
fe: 2, se: 10

Day: 1, Time: 360
Total Cost: 239.56
 11:66.27, 5:75 [2, 7, -2]
701:173.29, 5:10 [7, 1888, 133, -7]
fe: 1, se: 1

Day: 1, Time: 360
Total Cost: 828.18
 11:94.59, 23:75 [3, 9, -9, -3]
 12:90.24, 20:75 [3, 10, -10, -3]
901:145.85, 10:10 [9, 948, 23570, 30613, 22835, 21565, -9]
902:109.84, 10:10 [9, 18995, 23236, 31692, 18801, 27830, -9]
903:35.57, 9:10 [9, 29205, 8549, 24, -9]
1001:72.78, 6:10 [10, 23892, 28689, -10]
1002:118.27, 5:10 [10, 3486, 24957, 24658, 175, -10]
1003:161.04, 10:10 [10, 22113, 434, 26312, 31378, 18229, 32080, -10]
fe: 2, se: 6

Day: 1, Time: 370
Total Cost: 784.49
 11:64.00, 43:75 [4, 12, -12, -4]
1201:155.34, 10:10 [12, 24792, 19198, 24008, 20785, -12]
1202:108.83, 10:10 [12, 25035, 25236, 27730, -12]
1203:135.12, 10:10 [12, 31366, 22077, 508, 22966, 11216, 24517, -12]
1204:25.61, 4:10 [12, 30412, -12]
1205:122.02, 9:10 [12, 30727, 10771, 31740, 21161, -12]
1206:173.57, 8:10 [12, 170, 532, 23279, 12952, 621, 15968, -12]
fe: 1, se: 6

Day: 1, Time: 385
Total Cost: 304.67
 11:64.00, 12:75 [4, -12, -4]
1201:104.54, 7:10 [12, 20459, 22683, 18879, -12]
1202:136.13, 5:10 [12, 29730, 30781, -12]
fe: 1, se: 2

Day: 1, Time: 390
Total Cost: 631.86
 11:136.01, 11:75 [1, -5, -1]
 12:153.31, 7:75 [1, -6, -1]
501:164.92, 7:10 [5, 18082, 30356, 19273, -5]
502:111.18, 4:10 [5, 23389, 32616, -5]
601:66.44, 7:10 [6, 29489, 24283, -6]
fe: 2, se: 3

Day: 1, Time: 395
Total Cost: 331.56
 11:136.01, 12:75 [1, -5, -1]
501:111.23, 8:10 [5, 27684, 23328, -5]
502:84.31, 4:10 [5, 24496, -5]
fe: 1, se: 2

Day: 1, Time: 395
Total Cost: 561.83
 11:66.27, 32:75 [2, -7, -2]
701:111.25, 9:10 [7, 33352, 27076, 21566, 23407, -7]
702:145.46, 9:10 [7, 24705, 20184, 24087, -7]
703:102.15, 7:10 [7, 18384, 23385, 25893, -7]
704:136.70, 7:10 [7, 18052, 24754, -7]
fe: 1, se: 4

Day: 1, Time: 395
Total Cost: 719.32
 11:94.59, 15:75 [3, -9, -3]
 12:90.24, 16:75 [3, -10, -3]
901:118.09, 4:10 [9, 32563, 18661, -9]
902:95.97, 7:10 [9, 26613, 32980, 29623, 30353, -9]
903:91.23, 4:10 [9, 30548, 20842, -9]
1001:107.35, 8:10 [10, 32539, 33203, 28566, -10]
1002:121.85, 8:10 [10, 30676, 27245, 31475, -10]
fe: 2, se: 5

Day: 1, Time: 400
Total Cost: 333.66
 11:136.01, 7:75 [1, -5, -1]
501:138.18, 5:10 [5, 18610, 22120, -5]
502:59.46, 2:10 [5, 25411, -5]
fe: 1, se: 2

Day: 1, Time: 400
Total Cost: 209.47
 11:90.24, 4:75 [3, -10, -3]
1001:119.23, 4:10 [10, 32824, -10]
fe: 1, se: 1

Day: 1, Time: 405
Total Cost: 1198.30
 11:136.01, 53:75 [1, 5, -5, -1]
 12:153.31, 45:75 [1, 6, -1]
501:153.23, 10:10 [5, 455, 624, 199, 62, -5]
502:117.65, 9:10 [5, 32, 354, 228, 2370, -5]
503:103.70, 9:10 [5, 965, 551, 523, 537, -5]
504:38.21, 8:10 [5, 301, 367, -5]
505:27.46, 10:10 [5, 261, 582, 338, 1648, -5]
506:63.77, 7:10 [5, 365, 222, 18499, -5]
601:63.18, 7:10 [6, 600, 19, 647, -6]
602:85.62, 7:10 [6, 4539, 86, 9037, -6]
603:56.92, 7:10 [6, 304, 153, -6]
604:63.99, 7:10 [6, 385, 2165, 5255, -6]
605:60.29, 9:10 [6, 475, 646, 615, -6]
607:74.98, 8:10 [6, 96, 237, 15875, 132, -6]
fe: 2, se: 12

Day: 1, Time: 405
Total Cost: 1306.05
 11:66.27, 63:75 [2, 7, -7, -2]
 15:145.23, 34:75 [2, 8, -8, -2]
701:75.35, 8:10 [7, 5127, 102, 164, 331, -7]
702:81.18, 9:10 [7, 30426, 15240, 20352, 563, -7]
703:122.26, 10:10 [7, 5045, 27870, 8023, 289, -7]
704:107.41, 10:10 [7, 236, 66, 273, 21, -7]
705:33.59, 7:10 [7, 362, 377, -7]
707:112.86, 10:10 [7, 618, 8407, 13900, 343, -7]
710:152.02, 10:10 [7, 527, 498, 577, 28, 48, -7]
801:39.81, 7:10 [8, 122, 350, -8]
802:114.87, 10:10 [8, 26104, 205, 6983, 12777, -8]
803:143.64, 10:10 [8, 45, 243, 201, 552, 193, -8]
804:111.54, 10:10 [8, 52, 403, 511, 245, 220, 505, -8]
fe: 2, se: 11

Day: 1, Time: 405
Total Cost: 1605.68
 11:94.59, 65:75 [3, 9, -3]
 12:90.24, 63:75 [3, 10, -10, -3]
901:93.03, 10:10 [9, 2945, 177, 432, -9]
902:126.24, 10:10 [9, 152, 542, 473, -9]
903:67.83, 8:10 [9, 602, 113, 254, -9]
904:112.10, 9:10 [9, 594, 629, 1393, -9]
905:82.05, 9:10 [9, 633, 662, 658, 16, -9]
907:144.86, 9:10 [9, 159, 476, 30, 406, -9]
908:76.53, 10:10 [9, 139, 14992, 10569, -9]
1001:63.43, 10:10 [10, 361, 21069, 200, 33119, 471, 7102, -10]
1002:133.57, 9:10 [10, 613, 566, 336, -10]
1004:55.21, 7:10 [10, 121, 15268, -10]
1005:120.65, 10:10 [10, 643, 359, 232, 536, -10]
1006:135.18, 10:10 [10, 196, 150, 12338, 104, -10]
1007:117.16, 10:10 [10, 270, 464, 599, 39, -10]
1008:93.00, 9:10 [10, 27406, 330, 425, 543, -10]
fe: 2, se: 14

Day: 1, Time: 405
Total Cost: 1334.31
 12:64.00, 70:75 [4, 12, -12, -4]
 14:120.02, 49:75 [4, 11, -4]
1101:80.10, 9:10 [11, 386, 173, 69, 51, -11]
1102:36.06, 1:10 [11, 12694, -11]
1103:88.81, 10:10 [11, 255, 14892, 169, -11]
1104:90.76, 9:10 [11, 182, 608, 612, -11]
1106:69.10, 10:10 [11, 282, 479, 125, 6568, -11]
1107:82.52, 10:10 [11, 275, 224, 419, -11]
1201:90.54, 10:10 [12, 22, 32299, 4011, 215, 311, 495, -12]
1202:109.48, 10:10 [12, 384, 144, 606, 366, -12]
1203:47.57, 10:10 [12, 589, 14659, 645, -12]
1204:111.77, 10:10 [12, 204, 321, 535, 75, -12]
1205:117.51, 10:10 [12, 397, 83, 171, -12]
1206:102.49, 10:10 [12, 652, 211, 325, 129, -12]
1208:123.58, 10:10 [12, 242, 631, 26439, 579, 14541, 149, -12]
fe: 2, se: 13

Day: 1, Time: 410
Total Cost: 183.41
 11:94.59, 4:75 [3, -9, -3]
901:88.81, 4:10 [9, 20455, -9]
fe: 1, se: 1

Day: 1, Time: 415
Total Cost: 182.27
 11:90.24, 4:75 [3, -10, -3]
1001:92.02, 4:10 [10, 33420, -10]
fe: 1, se: 1

Day: 1, Time: 415
Total Cost: 237.22
 11:64.00, 7:75 [4, -12, -4]
1201:79.92, 4:10 [12, 24622, -12]
1202:93.30, 3:10 [12, 24977, 23909, -12]
fe: 1, se: 2

Day: 1, Time: 420
Total Cost: 502.42
 11:136.01, 6:75 [1, -5, -1]
 12:153.31, 4:75 [1, -6, -1]
501:149.50, 6:10 [5, 29871, 22596, -5]
601:63.59, 4:10 [6, 21889, 20715, -6]
fe: 2, se: 2

Day: 1, Time: 420
Total Cost: 288.93
 11:66.27, 2:75 [2, -7, -2]
701:108.17, 1:10 [7, 28092, -7]
702:114.49, 1:10 [7, 33242, -7]
fe: 1, se: 2

Day: 1, Time: 420
Total Cost: 277.00
 11:113.51, 3:75 [3, -9, -10, -3]
901:109.64, 1:10 [9, 22417, -9]
1001:53.85, 2:10 [10, 22105, -10]
fe: 1, se: 2

Day: 1, Time: 420
Total Cost: 158.51
 11:64.00, 4:75 [4, -12, -4]
1201:94.51, 4:10 [12, 23290, 22259, -12]
fe: 1, se: 1

Day: 1, Time: 450
Total Cost: 243.54
 11:94.59, 7:75 [3, 9, -3]
901:60.93, 3:10 [9, 14689, -9]
902:88.02, 4:10 [9, 16318, -9]
fe: 1, se: 2

Day: 1, Time: 460
Total Cost: 625.19
 11:136.01, 9:75 [1, 5, -1]
 12:153.31, 7:75 [1, 6, -1]
502:86.12, 6:10 [5, 18, 251, -5]
503:86.01, 3:10 [5, 630, 274, -5]
601:39.09, 5:10 [6, 627, 2827, 422, -6]
602:95.52, 1:10 [6, 219, -6]
603:29.12, 1:10 [6, 194, -6]
fe: 2, se: 5

Day: 1, Time: 460
Total Cost: 357.54
 11:66.27, 16:75 [2, 7, -2]
701:119.85, 8:10 [7, 632, 335, 521, -7]
702:68.48, 5:10 [7, 356, 74, -7]
703:102.93, 3:10 [7, 500, 381, -7]
fe: 1, se: 3

Day: 1, Time: 460
Total Cost: 322.53
 12:90.24, 6:75 [3, 10, -3]
1001:101.41, 2:10 [10, 590, 8724, -10]
1002:130.87, 4:10 [10, 376, -10]
fe: 1, se: 2

Day: 1, Time: 460
Total Cost: 575.96
 11:120.02, 8:75 [4, 11, -4]
 12:64.00, 15:75 [4, 12, -4]
1101:71.83, 8:10 [11, 112, 14219, 416, -11]
1201:30.07, 3:10 [12, 25, 2133, -12]
1202:122.88, 8:10 [12, 363, 312, -12]
1203:167.17, 4:10 [12, 319, 619, -12]
fe: 2, se: 4

Day: 1, Time: 495
Total Cost: 239.44
 11:66.27, 15:75 [2, 7, -2]
702:87.51, 9:10 [7, 605, 477, 389, -7]
703:85.66, 6:10 [7, 649, 14523, -7]
fe: 1, se: 2

Day: 1, Time: 495
Total Cost: 262.66
 12:90.24, 19:75 [3, 10, -3]
1001:69.21, 5:10 [10, 561, 292, -10]
1002:50.35, 7:10 [10, 346, 351, -10]
1003:52.85, 7:10 [10, 168, 226, -10]
fe: 1, se: 3

Day: 1, Time: 495
Total Cost: 396.10
 11:64.00, 15:75 [4, 12, -4]
1201:38.39, 6:10 [12, 294, 504, -12]
1202:103.73, 2:10 [12, 63, -12]
1203:101.42, 5:10 [12, 40, 59, -12]
1205:88.57, 2:10 [12, 14656, -12]
fe: 1, se: 4

Day: 1, Time: 525
Total Cost: 113.98
 11:66.27, 4:75 [2, 7, -2]
701:47.71, 4:10 [7, 212, -7]
fe: 1, se: 1

Day: 1, Time: 525
Total Cost: 119.46
 11:64.00, 4:75 [4, 12, -4]
1201:55.46, 4:10 [12, 13303, -12]
fe: 1, se: 1


Day	Area	ID	Time	Load	Utilization	NoOrders	AssignmentCost
1	1	 8	315	 66	0.88	30	735.00
1	1	46	315	 32	0.43	10	395.00
1	1	233	400	 16	0.11	 6	470.00
1	1	10	405	 68	0.91	22	755.00
1	1	51	540	 62	0.69	18	556.00
1	1	53	630	 75	1.00	24	825.00
1	1	15	630	 74	0.99	27	815.00
1	1	34	630	 75	1.00	21	825.00
1	1	56	765	 44	0.73	16	618.00
1	1	18	765	 40	0.67	12	570.00
1	1	38	810	 60	1.00	26	810.00
1	1	57	810	 60	1.00	33	810.00
1	1	19	810	 60	1.00	31	810.00
1	2	102	270	 17	0.23	 6	245.00
1	2	268	300	 19	0.13	15	530.00
1	2	84	315	 70	0.93	29	775.00
1	2	103	315	 55	0.73	15	625.00
1	2	269	400	  5	0.03	 3	250.00
1	2	68	450	 29	0.32	 8	292.00
1	2	71	585	 62	0.83	18	695.00
1	2	72	630	 58	0.77	18	655.00
1	2	110	630	 65	0.87	22	725.00
1	2	113	765	 58	0.97	17	786.00
1	2	94	765	 60	1.00	16	810.00
1	2	75	765	 57	0.95	16	774.00
1	2	114	810	 60	1.00	36	810.00
1	2	95	810	 60	1.00	32	810.00
1	2	76	810	 60	1.00	38	810.00
1	3	139	225	  9	0.12	 3	165.00
1	3	286	300	  6	0.04	 6	270.00
1	3	122	315	 51	0.68	19	585.00
1	3	141	315	 46	0.61	18	535.00
1	3	287	400	 29	0.19	13	730.00
1	3	144	450	 18	0.20	 5	204.00
1	3	146	540	 45	0.50	13	420.00
1	3	148	630	 62	0.83	22	695.00
1	3	167	630	 74	0.99	22	815.00
1	3	132	765	 59	0.98	17	798.00
1	3	170	765	 59	0.98	17	798.00
1	3	133	810	 60	1.00	37	810.00
1	3	171	810	 60	1.00	28	810.00
1	3	152	810	 60	1.00	45	810.00
1	4	178	270	 23	0.31	 9	305.00
1	4	179	315	 72	0.96	35	795.00
1	4	198	315	 50	0.67	15	575.00
1	4	199	360	  7	0.09	 2	145.00
1	4	314	400	 11	0.07	 6	370.00
1	4	184	540	 68	0.76	20	604.00
1	4	186	630	 67	0.89	23	745.00
1	4	224	630	 59	0.79	18	665.00
1	4	205	630	 69	0.92	22	765.00
1	4	227	765	 60	1.00	17	810.00
1	4	189	765	 60	1.00	16	810.00
1	4	208	765	 60	1.00	17	810.00
1	4	190	810	 60	1.00	47	810.00
1	4	209	810	 60	1.00	31	810.00
1	4	228	810	 60	1.00	37	810.00


Day	Area	Time	Pickup	Delivery	Direct	FEVehicles	SEVehicles	ALNSTime	ALNSBestTime	RoutingCostArea
1	1	0	167	212	0	15	75	1437.33	1182.71	9722.38
1	1	50	16	0	0	2	7	1.85	1.17	974.12
1	1	85	4	0	0	1	2	0.56	0.00	304.18
1	1	140	10	0	0	2	4	1.01	0.00	702.29
1	1	165	5	0	0	2	2	0.63	0.00	587.78
1	1	260	24	0	0	2	7	3.09	1.16	1109.91
1	1	285	9	0	0	1	3	0.69	0.00	606.68
1	1	360	23	22	0	2	10	8.97	2.43	1291.77
1	1	390	7	0	0	2	3	0.57	0.00	631.86
1	1	395	3	0	0	1	2	0.39	0.00	331.56
1	1	400	3	0	0	1	2	0.65	0.00	333.66
1	1	405	1	38	0	2	12	6.49	4.77	1198.30
1	1	420	4	0	0	2	2	0.73	0.00	502.42
1	1	460	0	9	0	2	5	0.87	0.00	625.19
1	2	0	154	195	0	8	66	1167.64	799.91	6607.61
1	2	40	9	0	0	2	4	0.75	0.00	597.55
1	2	50	4	0	0	2	3	0.54	0.00	479.16
1	2	95	17	0	0	2	6	1.27	0.00	812.94
1	2	120	14	0	0	4	8	1.28	0.00	960.68
1	2	145	7	0	1	1	2	0.59	0.00	911.73
1	2	160	6	0	1	2	2	0.65	0.00	909.19
1	2	170	7	0	0	2	4	0.55	0.00	577.18
1	2	175	1	0	1	1	1	0.20	0.00	674.53
1	2	260	20	0	0	1	5	1.88	0.00	856.68
1	2	295	12	0	0	1	4	1.22	0.00	572.58
1	2	300	3	0	0	1	1	0.38	0.00	303.58
1	2	355	14	1	0	1	4	1.71	0.06	561.08
1	2	360	0	2	0	1	1	0.29	0.00	239.56
1	2	395	12	0	0	1	4	0.95	0.00	561.83
1	2	405	4	40	0	2	11	8.85	6.62	1306.05
1	2	420	2	0	0	1	2	0.29	0.00	288.93
1	2	460	0	7	0	1	3	0.43	0.00	357.54
1	2	495	0	5	0	1	2	0.58	0.00	239.44
1	2	525	0	1	0	1	1	0.21	0.00	113.98
1	3	0	141	207	0	11	67	568.64	0.00	7423.77
1	3	25	9	0	0	3	4	0.74	0.00	668.81
1	3	45	12	0	0	2	4	1.20	0.66	571.32
1	3	70	7	0	0	2	2	0.81	0.00	453.11
1	3	110	7	0	0	2	4	1.11	0.30	457.53
1	3	125	6	0	0	2	3	0.57	0.00	453.82
1	3	130	4	0	0	2	3	0.50	0.00	411.25
1	3	155	6	0	0	2	3	0.57	0.00	466.50
1	3	170	2	0	1	1	2	0.34	0.00	719.09
1	3	180	3	0	0	2	2	0.45	0.00	325.38
1	3	285	26	0	0	2	8	3.01	1.95	918.46
1	3	360	19	6	0	2	6	2.77	0.81	828.18
1	3	395	14	0	0	2	5	1.34	0.00	719.32
1	3	400	1	0	0	1	1	0.24	0.00	209.47
1	3	405	3	47	0	2	14	5.09	0.00	1605.68
1	3	410	1	0	0	1	1	0.20	0.00	183.41
1	3	415	1	0	0	1	1	0.19	0.00	182.27
1	3	420	2	0	0	1	2	0.30	0.00	277.00
1	3	450	0	2	0	1	2	0.28	0.00	243.54
1	3	460	0	3	0	1	2	0.42	0.00	322.53
1	3	495	0	6	0	1	3	0.67	0.01	262.66
1	4	0	188	206	0	14	70	1254.64	981.92	7611.74
1	4	50	16	0	0	2	5	1.53	0.00	708.52
1	4	55	2	0	0	1	2	0.30	0.00	286.60
1	4	60	2	0	0	1	1	0.28	0.00	151.84
1	4	95	7	0	0	2	4	0.77	0.01	590.15
1	4	120	7	0	0	2	3	0.67	0.00	506.23
1	4	145	7	0	0	2	4	0.58	0.00	591.76
1	4	150	2	0	0	2	2	0.31	0.00	408.78
1	4	155	2	0	0	1	2	0.31	0.00	314.74
1	4	165	6	0	0	2	3	0.52	0.00	391.74
1	4	175	5	0	0	2	3	0.61	0.00	374.51
1	4	180	0	0	1	0	0	0.00	0.00	500.00
1	4	270	27	0	0	1	8	5.62	4.09	980.92
1	4	290	8	0	0	1	3	0.95	0.00	434.10
1	4	310	7	0	0	1	3	0.82	0.10	484.46
1	4	370	16	8	0	1	6	6.34	0.94	784.49
1	4	385	5	0	0	1	2	0.58	0.00	304.67
1	4	405	2	46	0	2	13	16.52	10.81	1334.31
1	4	415	3	0	0	1	2	0.32	0.00	237.22
1	4	420	2	0	0	1	1	0.32	0.00	158.51
1	4	460	0	9	0	2	4	0.56	0.00	575.96
1	4	495	0	6	0	1	4	0.46	0.00	396.10
1	4	525	0	1	2	1	1	0.38	0.00	1119.46

Day	SL	Own	DispatchTimes	AssignmentCost	RoutingCost	TotalCost
1	51	6	34	36860.00	73803.88	110663.88

Total Cost: 110663.88058620198
Cost per Day: 110663.88058620198
Running time in Seconds: 6849.542
Running time in minutes: 114.15903333333333