INSTANCE: 2hubs_MND_A_15_x.csv
PARAMETER: tuning_standard.txt
POLICY: MIP
ALPHA: 0.387023956898126
BETA: 78
OMEGA: 586
EPSILON: 1.00597325044486

Day: 1, Time: 0
Total Cost: 3517.47
 11:136.01, 74:75 [1, 3, -3, -1]
 12:153.31, 45:75 [1, 4, -4, -1]
 13:136.01, 36:75 [1, 3, -3, -1]
 16:153.31, 55:75 [1, 4, -4, -1]
301:86.50, 10:10 [3, 3131, 3265, 3061, 3102, 3081, -3]
302:116.18, 9:10 [3, 3247, 3245, 3083, 3255, 3176, 3201, -3]
303:140.88, 9:10 [3, 3142, 3246, 3166, 3277, 3224, 3163, -3]
305:106.74, 9:10 [3, 3236, 3248, 3078, -3]
306:42.12, 10:10 [3, 3226, 3300, 3052, -3]
308:133.73, 8:10 [3, 3297, 3170, 3114, -3]
309:93.66, 10:10 [3, 3117, 3266, 3179, 3313, 3206, 3314, -3]
310:131.29, 10:10 [3, 3138, 3141, 3212, 3107, 3167, 3303, 3227, -3]
311:159.47, 10:10 [3, 3092, 3289, 3103, 3076, 3053, 3139, 3219, -3]
312:100.90, 10:10 [3, 3077, 3271, 3180, 3159, 3310, 3193, -3]
313:75.09, 7:10 [3, 3250, 3301, 3122, 3218, 3275, 3143, 3208, -3]
314:41.85, 8:10 [3, 3177, 3204, 3140, 3086, 3221, -3]
315:133.85, 10:10 [3, 3162, 3097, 3126, 3280, 3156, 3235, 3288, -3]
316:37.19, 6:10 [3, 3098, 3065, -3]
317:120.49, 10:10 [3, 3195, 3069, 3068, -3]
401:79.78, 10:10 [4, 3207, 3269, 3121, -4]
402:91.37, 10:10 [4, 3058, 3113, 3088, -4]
403:96.43, 10:10 [4, 3286, 3059, 3284, 3278, -4]
404:122.78, 10:10 [4, 3051, 3048, 3217, 3249, 3281, 3079, -4]
405:172.23, 10:10 [4, 3168, 3172, 3096, 3080, 3272, 3237, 3232, 3120, -4]
406:155.20, 10:10 [4, 3060, 3133, 3147, 3302, 3257, 3099, 3209, -4]
407:8.94, 1:10 [4, 3215, -4]
408:114.99, 10:10 [4, 3213, 3309, 3256, 3154, 3216, -4]
409:175.22, 10:10 [4, 3084, 3294, 3153, 3151, 3073, 3312, 3243, -4]
411:100.60, 9:10 [4, 3091, 3298, 3118, 3263, 3104, -4]
413:132.74, 9:10 [4, 3187, 3262, 3111, 3146, 3134, -4]
414:168.61, 10:10 [4, 3144, 3267, 3290, 3124, 3233, 3242, 3291, -4]
fe: 4, se: 27

Day: 1, Time: 0
Total Cost: 3028.51
 11:66.27, 73:75 [2, 5, -5, -2]
 12:66.27, 33:75 [2, 5, -5, -2]
 13:66.27, 37:75 [2, 5, -5, -2]
 19:145.23, 51:75 [2, 6, -6, -2]
501:160.08, 10:10 [5, 3157, 3181, 3222, 3239, 3231, 3178, 3100, -5]
502:184.83, 10:10 [5, 3082, 3225, 3105, 3276, 3158, 3202, 3184, 3274, -5]
503:80.72, 10:10 [5, 3198, 3085, 3196, -5]
504:31.62, 2:10 [5, 3049, -5]
505:93.71, 10:10 [5, 3220, 3128, 3190, 3066, 3087, -5]
506:117.25, 10:10 [5, 3230, 3063, 3149, 3315, 3268, 3145, -5]
507:118.29, 10:10 [5, 3090, 3188, 3056, 3296, 3183, 3094, -5]
508:42.34, 8:10 [5, 3252, 3191, -5]
510:106.52, 10:10 [5, 3223, 3160, 3228, 3095, 3125, -5]
511:72.70, 9:10 [5, 3155, 3074, 3135, 3130, -5]
512:183.42, 10:10 [5, 3174, 3234, 3152, 3109, 3307, 3251, 3057, -5]
513:149.33, 10:10 [5, 3070, 3062, 3186, 3101, 3229, 3299, 3165, 3093, 3199, -5]
514:178.64, 10:10 [5, 3116, 3311, 3132, 3211, 3127, 3072, 3173, 3295, -5]
515:115.12, 10:10 [5, 3254, 3064, 3273, 3110, 3305, 3189, -5]
516:101.84, 10:10 [5, 3279, 3067, 3112, 3175, 3261, 3241, 3197, -5]
517:127.74, 10:10 [5, 3050, 3270, 3258, 3283, -5]
518:94.71, 7:10 [5, 3106, 3203, 3240, -5]
519:86.33, 10:10 [5, 3200, 3119, 3136, -5]
522:124.36, 9:10 [5, 3047, 3292, 3259, 3129, 3238, 3161, -5]
601:56.70, 10:10 [6, 3210, 3205, 3253, 3137, -6]
602:36.08, 7:10 [6, 3089, 3071, -6]
603:99.68, 10:10 [6, 3194, 3192, 3148, 3075, -6]
604:62.68, 10:10 [6, 3171, 3055, 3150, -6]
605:46.41, 10:10 [6, 3169, 3185, 3123, -6]
606:91.84, 10:10 [6, 3108, 3054, 3164, 3182, -6]
607:49.78, 7:10 [6, 3306, 3304, -6]
608:4.00, 4:10 [6, 3214, -6]
609:25.90, 10:10 [6, 3244, 3282, 3287, 3308, -6]
611:41.83, 10:10 [6, 3260, 3115, 3285, 3293, 3264, -6]
fe: 4, se: 29

Day: 1, Time: 40
Total Cost: 594.19
 11:136.01, 10:75 [1, -3, -1]
 12:153.31, 2:75 [1, -4, -1]
301:215.04, 10:10 [3, 4509, 4984, 6000, -3]
401:89.82, 2:10 [4, 5372, -4]
fe: 2, se: 2

Day: 1, Time: 45
Total Cost: 316.05
 11:66.27, 4:75 [2, -5, -2]
 12:66.27, 4:75 [2, -5, -2]
501:90.66, 4:10 [5, 4929, 3955, -5]
502:92.84, 4:10 [5, 4536, 4861, -5]
fe: 2, se: 2

Day: 1, Time: 55
Total Cost: 204.04
 11:66.27, 3:75 [2, -5, -2]
501:137.77, 3:10 [5, 6042, -5]
fe: 1, se: 1

Day: 1, Time: 60
Total Cost: 146.50
 11:66.27, 4:75 [2, -5, -2]
501:80.22, 4:10 [5, 3922, -5]
fe: 1, se: 1

Day: 1, Time: 65
Total Cost: 459.38
 11:136.01, 2:75 [1, -3, -1]
 12:153.31, 3:75 [1, -4, -1]
301:117.71, 2:10 [3, 4899, -3]
401:52.35, 3:10 [4, 6070, -4]
fe: 2, se: 2

Day: 1, Time: 65
Total Cost: 162.81
 11:66.27, 2:75 [2, -5, -2]
501:96.54, 2:10 [5, 4304, -5]
fe: 1, se: 1

Day: 1, Time: 75
Total Cost: 672.03
 11:136.01, 4:75 [1, -3, -1]
 12:153.31, 2:75 [1, -4, -1]
 13:153.31, 3:75 [1, -4, -1]
301:55.61, 4:10 [3, 5398, -3]
401:45.65, 2:10 [4, 4103, -4]
402:128.14, 3:10 [4, 4751, -4]
fe: 3, se: 3

Day: 1, Time: 80
Total Cost: 206.15
 11:153.31, 3:75 [1, -4, -1]
401:52.84, 3:10 [4, 4247, -4]
fe: 1, se: 1

Day: 1, Time: 85
Total Cost: 429.67
 11:66.27, 5:75 [2, -5, -2]
 12:66.27, 4:75 [2, -5, -2]
501:200.60, 5:10 [5, 4218, 4681, -5]
502:96.52, 4:10 [5, 6044, -5]
fe: 2, se: 2

Day: 1, Time: 100
Total Cost: 460.90
 11:136.01, 4:75 [1, -3, -1]
 12:153.31, 2:75 [1, -4, -1]
301:136.19, 4:10 [3, 3928, -3]
401:35.38, 2:10 [4, 5383, -4]
fe: 2, se: 2

Day: 1, Time: 120
Total Cost: 568.31
 11:136.01, 2:75 [1, -3, -1]
 12:153.31, 8:75 [1, -4, -1]
301:130.00, 2:10 [3, 5583, -3]
401:148.99, 8:10 [4, 5469, 3430, -4]
fe: 2, se: 2

Day: 1, Time: 145
Total Cost: 284.17
 11:66.27, 2:75 [2, -5, -2]
 12:66.27, 6:75 [2, -5, -2]
501:24.08, 2:10 [5, 5632, -5]
502:127.54, 6:10 [5, 4760, 3965, 3989, -5]
fe: 2, se: 2

Day: 1, Time: 150
Total Cost: 593.54
 11:136.01, 4:75 [1, -3, -1]
 12:153.31, 6:75 [1, -4, -1]
301:130.62, 4:10 [3, 5525, 4437, -3]
401:92.15, 4:10 [4, 3860, 5738, -4]
402:81.44, 2:10 [4, 3598, -4]
fe: 2, se: 3

Day: 1, Time: 155
Total Cost: 287.62
 11:136.01, 4:75 [1, -3, -1]
301:151.60, 4:10 [3, 5903, -3]
fe: 1, se: 1

Day: 1, Time: 170
Total Cost: 301.08
 11:66.27, 1:75 [2, -5, -2]
 12:66.27, 4:75 [2, -5, -2]
501:62.80, 1:10 [5, 5195, -5]
502:105.74, 4:10 [5, 6048, 6140, -5]
fe: 2, se: 2

Day: 1, Time: 270
Total Cost: 683.78
 11:66.27, 37:75 [2, -5, -2]
501:154.64, 9:10 [5, 3646, 5509, 5825, -5]
502:201.82, 10:10 [5, 3956, 4502, 6126, 5287, -5]
504:136.33, 8:10 [5, 5731, 4774, -5]
505:124.72, 10:10 [5, 3919, 4574, 4153, -5]
fe: 1, se: 4

Day: 1, Time: 295
Total Cost: 845.24
 11:136.01, 14:75 [1, -3, -1]
 12:153.31, 25:75 [1, -4, -1]
302:150.03, 8:10 [3, 5748, 5466, 5342, -3]
303:69.17, 6:10 [3, 4941, 3705, -3]
401:64.59, 8:10 [4, 4844, 5404, -4]
402:157.05, 7:10 [4, 5460, 3410, 3976, -4]
403:115.07, 10:10 [4, 4413, 3606, 5226, 5859, -4]
fe: 2, se: 5

Day: 1, Time: 325
Total Cost: 442.99
 11:136.01, 8:75 [1, 3, -3, -1]
301:122.86, 3:10 [3, 1346, 3672, -3]
302:184.11, 7:10 [3, 1671, 5842, 732, -3]
fe: 1, se: 2

Day: 1, Time: 360
Total Cost: 625.18
 11:136.01, 12:75 [1, 3, -3, -1]
301:120.03, 3:10 [3, 41, 1114, 6189, -3]
302:156.59, 5:10 [3, 3464, 50, -3]
303:174.60, 5:10 [3, 69, 48, -3]
304:37.95, 3:10 [3, 4455, -3]
fe: 1, se: 4

Day: 1, Time: 375
Total Cost: 799.59
 11:66.27, 55:75 [2, -5, -2]
501:91.52, 10:10 [5, 4472, 5463, 3954, -5]
502:71.32, 8:10 [5, 5498, 3972, -5]
503:106.99, 10:10 [5, 5013, 3691, 6081, 5805, -5]
504:125.33, 8:10 [5, 3529, 3435, 3714, -5]
505:174.37, 9:10 [5, 6022, 4370, 5640, -5]
506:163.78, 10:10 [5, 4105, 3417, 5000, -5]
fe: 1, se: 6

Day: 1, Time: 395
Total Cost: 362.04
 11:136.01, 10:75 [1, -3, -1]
301:98.77, 5:10 [3, 4833, 3884, 5220, -3]
302:127.25, 5:10 [3, 3763, 4690, -3]
fe: 1, se: 2

Day: 1, Time: 395
Total Cost: 333.30
 11:66.27, 6:75 [2, -5, -2]
501:108.41, 4:10 [5, 4423, -5]
502:158.62, 2:10 [5, 5418, -5]
fe: 1, se: 2

Day: 1, Time: 405
Total Cost: 914.47
 12:179.78, 47:75 [1, 4, 3, -1]
302:68.47, 10:10 [3, 115, 95, 83, -3]
401:128.57, 10:10 [4, 2852, 92, 2854, -4]
402:165.69, 10:10 [4, 103, 54, 2442, 80, -4]
403:55.57, 3:10 [4, 13, -4]
404:102.40, 5:10 [4, 2005, 15, 93, -4]
405:45.65, 4:10 [4, 114, -4]
406:168.34, 5:10 [4, 64, 20, -4]
fe: 1, se: 7

Day: 1, Time: 405
Total Cost: 874.75
 11:151.76, 43:75 [2, 5, 6, -6, -2]
501:175.98, 5:10 [5, 85, 55, 107, -5]
502:88.97, 7:10 [5, 1057, 46, -5]
503:136.98, 7:10 [5, 65, 2208, 58, -5]
504:128.96, 8:10 [5, 913, 2193, 2880, 16, -5]
505:97.08, 7:10 [5, 2182, 124, 76, -5]
506:70.59, 5:10 [5, 111, 36, -5]
601:24.42, 8:10 [6, 5416, 123, -6]
fe: 1, se: 7

Day: 1, Time: 415
Total Cost: 212.59
 11:136.01, 2:75 [1, -3, -1]
301:76.58, 2:10 [3, 6058, -3]
fe: 1, se: 1

Day: 1, Time: 415
Total Cost: 150.65
 11:66.27, 4:75 [2, -5, -2]
501:84.38, 4:10 [5, 3396, -5]
fe: 1, se: 1

Day: 1, Time: 450
Total Cost: 228.86
 11:66.27, 8:75 [2, 5, -2]
501:58.24, 4:10 [5, 738, -5]
503:104.35, 4:10 [5, 2548, 670, -5]
fe: 1, se: 2

Day: 1, Time: 460
Total Cost: 358.61
 11:136.01, 15:75 [1, 3, -1]
301:81.03, 7:10 [3, 33, 21, -3]
302:91.08, 4:10 [3, 62, -3]
303:50.48, 4:10 [3, 71, 89, -3]
fe: 1, se: 3

Day: 1, Time: 460
Total Cost: 306.02
 11:151.76, 5:75 [2, 5, 6, -2]
502:142.60, 4:10 [5, 25, 27, -5]
601:11.66, 1:10 [6, 100, -6]
fe: 1, se: 2

Day: 1, Time: 495
Total Cost: 300.40
 11:66.27, 18:75 [2, 5, -2]
501:68.12, 7:10 [5, 17, 66, -5]
502:90.29, 8:10 [5, 94, 2279, -5]
503:75.71, 3:10 [5, 23, -5]
fe: 1, se: 3


Day	Area	ID	Time	Load	Utilization	NoOrders	AssignmentCost
1	1	 8	315	 43	0.57	18	505.00
1	1	 9	360	  8	0.11	 3	155.00
1	1	43	400	  5	0.03	 3	250.00
1	1	10	405	 33	0.44	10	405.00
1	1	15	630	 75	1.00	29	825.00
1	1	18	765	 47	0.78	15	654.00
1	1	19	810	 60	1.00	32	810.00
1	2	25	225	  8	0.11	 3	155.00
1	2	51	300	 12	0.08	 5	390.00
1	2	27	315	 47	0.63	17	545.00
1	2	52	400	 15	0.10	 5	450.00
1	2	32	540	 31	0.34	 9	308.00
1	2	34	630	 62	0.83	18	695.00
1	2	37	765	 60	1.00	17	810.00
1	2	38	810	 60	1.00	32	810.00


Day	Area	Time	Pickup	Delivery	Direct	FEVehicles	SEVehicles	ALNSTime	ALNSBestTime	RoutingCostArea
1	1	0	64	73	0	4	27	69.44	52.82	3517.47
1	1	40	4	0	0	2	2	0.63	0.00	594.19
1	1	65	2	0	0	2	2	0.33	0.00	459.38
1	1	75	3	0	0	3	3	0.53	0.00	672.03
1	1	80	1	0	0	1	1	0.23	0.00	206.15
1	1	100	2	0	0	2	2	0.34	0.00	460.90
1	1	120	3	0	0	2	2	0.30	0.00	568.31
1	1	150	5	0	0	2	3	0.48	0.00	593.54
1	1	155	1	0	0	1	1	0.20	0.00	287.62
1	1	295	14	0	0	2	5	0.99	0.00	845.24
1	1	325	2	3	0	1	2	0.53	0.00	442.99
1	1	360	3	5	0	1	4	0.78	0.01	625.18
1	1	395	5	0	0	1	2	0.50	0.00	362.04
1	1	405	0	17	0	1	7	1.12	0.00	914.47
1	1	415	1	0	0	1	1	0.20	0.00	212.59
1	1	460	0	5	0	1	3	0.40	0.00	358.61
1	2	0	55	77	0	4	29	60.75	28.85	3028.51
1	2	45	4	0	0	2	2	0.48	0.00	316.05
1	2	55	1	0	0	1	1	0.22	0.00	204.04
1	2	60	1	0	0	1	1	0.20	0.00	146.50
1	2	65	1	0	0	1	1	0.20	0.00	162.81
1	2	85	3	0	0	2	2	0.43	0.00	429.67
1	2	145	4	0	0	2	2	0.39	0.00	284.17
1	2	170	3	0	0	2	2	0.37	0.00	301.08
1	2	270	12	0	0	1	4	1.03	0.13	683.78
1	2	375	18	0	0	1	6	1.66	1.04	799.59
1	2	395	2	0	0	1	2	0.31	0.00	333.30
1	2	405	1	18	0	1	7	1.16	0.08	874.75
1	2	415	1	0	0	1	1	0.20	0.00	150.65
1	2	450	0	3	0	1	2	0.31	0.00	228.86
1	2	460	0	3	0	1	2	0.31	0.00	306.02
1	2	495	0	5	0	1	3	0.32	0.00	300.40

Day	SL	Own	DispatchTimes	AssignmentCost	RoutingCost	TotalCost
1	12	3	32	7767.00	19670.88	27437.88

Total Cost: 27437.878309267395
Cost per Day: 27437.878309267395
Running time in Seconds: 268.477
Running time in minutes: 4.474616666666667