INSTANCE: 2hubs_MND_A_20_x.csv
PARAMETER: tuning_standard.txt
POLICY: MIP
ALPHA: 0.387023956898126
BETA: 78
OMEGA: 586
EPSILON: 1.00597325044486

Day: 1, Time: 0
Total Cost: 3538.84
 11:136.01, 75:75 [1, 3, -3, -1]
 12:136.01, 24:75 [1, 3, -3, -1]
 13:153.31, 28:75 [1, 4, -4, -1]
 14:153.31, 45:75 [1, 4, -4, -1]
 15:153.31, 7:75 [1, 4, -4, -1]
 16:136.01, 8:75 [1, 3, -3, -1]
301:90.48, 9:10 [3, 3164, 3097, 3241, 3289, 3123, 3233, 3188, -3]
302:153.85, 10:10 [3, 3086, 3299, 3152, 3184, 3255, 3098, 3107, -3]
303:38.22, 8:10 [3, 3141, 3058, -3]
304:113.31, 8:10 [3, 3214, 3178, 3207, 3153, -3]
305:162.98, 10:10 [3, 3187, 3307, 3054, 3071, 3140, -3]
306:77.74, 9:10 [3, 3290, 3208, 3130, 3240, -3]
307:88.96, 10:10 [3, 3057, 3106, 3195, 3073, -3]
308:56.03, 9:10 [3, 3157, 3095, 3065, 3085, -3]
309:103.39, 9:10 [3, 3291, 3261, 3171, 3135, 3176, -3]
311:42.35, 6:10 [3, 3084, 3069, 3087, -3]
312:143.16, 10:10 [3, 3119, 3120, 3116, 3212, 3279, 3138, -3]
313:119.65, 10:10 [3, 3175, 3173, 3082, 3169, 3222, -3]
316:81.49, 4:10 [3, 3183, 3288, 3203, -3]
317:141.70, 10:10 [3, 3278, 3080, 3300, 3231, 3060, -3]
402:45.32, 10:10 [4, 3108, 3168, 3128, 3271, -4]
403:85.18, 10:10 [4, 3050, 3232, 3213, 3269, 3292, 3142, 3306, -4]
404:195.17, 10:10 [4, 3193, 3132, 3056, 3217, 3055, 3198, 3115, 3272, -4]
405:78.49, 10:10 [4, 3204, 3254, 3185, 3111, 3227, -4]
406:105.23, 8:10 [4, 3224, 3247, 3196, 3211, 3266, -4]
407:140.37, 9:10 [4, 3062, 3249, 3075, 3305, 3099, -4]
409:90.38, 10:10 [4, 3225, 3089, 3126, 3096, 3051, 3237, -4]
410:154.84, 10:10 [4, 3276, 3253, 3295, 3155, -4]
413:94.08, 10:10 [4, 3105, 3201, 3137, 3174, 3049, -4]
414:130.80, 10:10 [4, 3259, 3296, 3252, 3167, 3304, 3053, -4]
415:137.70, 8:10 [4, 3180, 3257, 3072, 3103, 3242, 3262, -4]
fe: 6, se: 25

Day: 1, Time: 0
Total Cost: 3105.53
 11:66.27, 71:75 [2, 5, -5, -2]
 12:66.27, 41:75 [2, 5, -5, -2]
 13:145.23, 75:75 [2, 6, -6, -2]
 14:145.23, 32:75 [2, 6, -6, -2]
501:9.52, 5:10 [5, 3309, 3312, -5]
502:136.10, 10:10 [5, 3081, 3220, 3267, 3165, 3293, 3112, -5]
503:80.53, 10:10 [5, 3228, 3161, 3186, 3179, 3113, -5]
504:117.94, 10:10 [5, 3236, 3206, 3234, 3133, 3166, 3235, 3251, -5]
505:6.00, 3:10 [5, 3091, -5]
506:105.68, 10:10 [5, 3230, 3189, 3125, 3282, 3310, 3221, 3100, -5]
507:57.45, 10:10 [5, 3302, 3158, 3147, -5]
508:108.23, 10:10 [5, 3192, 3294, 3159, 3101, 3313, 3248, -5]
509:55.21, 10:10 [5, 3067, 3078, 3092, 3245, -5]
510:130.14, 10:10 [5, 3139, 3226, 3131, 3286, 3162, 3136, 3311, 3127, -5]
511:94.09, 10:10 [5, 3244, 3283, 3052, 3163, 3297, 3156, 3205, -5]
512:46.85, 10:10 [5, 3148, 3070, 3190, -5]
513:152.79, 10:10 [5, 3177, 3308, 3088, 3277, 3145, 3122, 3223, -5]
515:133.02, 10:10 [5, 3121, 3118, 3274, 3256, 3301, 3061, -5]
516:78.22, 10:10 [5, 3298, 3260, 3210, 3154, -5]
518:157.97, 10:10 [5, 3063, 3181, 3083, 3160, 3219, 3114, 3246, -5]
601:91.83, 10:10 [6, 3090, 3280, 3064, 3149, 3275, 3239, -6]
602:112.89, 10:10 [6, 3093, 3172, 3104, 3243, 3129, -6]
603:86.73, 10:10 [6, 3268, 3273, 3284, 3258, 3150, -6]
604:34.08, 7:10 [6, 3263, 3229, -6]
605:153.32, 10:10 [6, 3059, 3191, 3182, -6]
606:156.66, 10:10 [6, 3117, 3170, 3216, 3194, 3076, 3215, 3200, -6]
607:102.22, 10:10 [6, 3209, 3094, 3124, 3287, 3077, 3202, -6]
608:62.12, 10:10 [6, 3303, 3109, 3238, 3270, -6]
609:80.24, 9:10 [6, 3264, 3314, 3265, 3134, 3143, -6]
610:74.97, 10:10 [6, 3151, 3144, 3146, 3068, -6]
611:131.11, 10:10 [6, 3110, 3218, 3102, 3281, 3047, 3315, -6]
613:77.89, 9:10 [6, 3048, 3199, 3285, 3066, -6]
615:48.74, 7:10 [6, 3250, 3074, 3079, -6]
fe: 4, se: 29

Day: 1, Time: 30
Total Cost: 693.19
 11:136.01, 4:75 [1, -3, -1]
 12:136.01, 4:75 [1, -3, -1]
 13:153.31, 1:75 [1, -4, -1]
301:137.15, 4:10 [3, 5208, 4192, -3]
302:54.15, 4:10 [3, 5458, -3]
401:76.55, 1:10 [4, 4510, -4]
fe: 3, se: 3

Day: 1, Time: 55
Total Cost: 565.79
 11:153.31, 7:75 [1, -4, -1]
 12:153.31, 3:75 [1, -4, -1]
401:164.30, 7:10 [4, 6169, 4929, 5466, -4]
402:94.87, 3:10 [4, 3699, -4]
fe: 2, se: 2

Day: 1, Time: 55
Total Cost: 544.46
 11:66.27, 10:75 [2, -5, -2]
 12:66.27, 3:75 [2, -5, -2]
501:53.14, 1:10 [5, 4471, -5]
503:238.64, 10:10 [5, 5924, 5702, 3973, -5]
504:120.14, 2:10 [5, 5904, 4037, -5]
fe: 2, se: 3

Day: 1, Time: 60
Total Cost: 156.11
 11:66.27, 3:75 [2, -5, -2]
501:89.84, 3:10 [5, 5844, 4966, -5]
fe: 1, se: 1

Day: 1, Time: 100
Total Cost: 292.47
 11:66.27, 4:75 [2, -5, -2]
 12:66.27, 5:75 [2, -5, -2]
501:33.11, 4:10 [5, 6125, -5]
502:68.00, 4:10 [5, 5647, -5]
503:58.82, 1:10 [5, 4140, -5]
fe: 2, se: 3

Day: 1, Time: 115
Total Cost: 615.90
 11:136.01, 8:75 [1, -3, -1]
 12:153.31, 2:75 [1, -4, -1]
301:235.26, 8:10 [3, 3993, 5469, 5241, -3]
401:91.31, 2:10 [4, 4473, 3999, -4]
fe: 2, se: 2

Day: 1, Time: 120
Total Cost: 175.45
 11:66.27, 4:75 [2, -5, -2]
501:109.18, 4:10 [5, 4492, -5]
fe: 1, se: 1

Day: 1, Time: 125
Total Cost: 189.11
 11:66.27, 6:75 [2, -5, -2]
501:94.76, 2:10 [5, 5965, -5]
502:28.07, 4:10 [5, 5686, -5]
fe: 1, se: 2

Day: 1, Time: 130
Total Cost: 134.21
 11:66.27, 2:75 [2, -5, -2]
501:67.94, 2:10 [5, 4015, -5]
fe: 1, se: 1

Day: 1, Time: 160
Total Cost: 447.14
 11:136.01, 12:75 [1, -3, -1]
301:20.59, 2:10 [3, 4255, -3]
302:290.53, 10:10 [3, 4379, 5105, 3924, 3886, 4500, -3]
fe: 1, se: 2

Day: 1, Time: 165
Total Cost: 411.01
 11:66.27, 10:75 [2, -5, -2]
 12:66.27, 1:75 [2, -5, -2]
501:214.43, 10:10 [5, 4326, 6121, 3690, 5166, -5]
502:64.03, 1:10 [5, 4177, -5]
fe: 2, se: 2

Day: 1, Time: 170
Total Cost: 201.81
 11:66.27, 4:75 [2, -5, -2]
 12:66.27, 4:75 [2, -5, -2]
501:32.06, 4:10 [5, 3867, -5]
502:37.20, 4:10 [5, 4526, -5]
fe: 2, se: 2

Day: 1, Time: 275
Total Cost: 549.44
 11:66.27, 24:75 [2, -5, -2]
501:110.15, 6:10 [5, 4089, 4844, -5]
502:199.40, 10:10 [5, 3656, 5660, 5036, 5791, -5]
503:173.62, 8:10 [5, 5375, 3603, 3421, 5398, -5]
fe: 1, se: 3

Day: 1, Time: 280
Total Cost: 533.84
 11:136.01, 24:75 [1, -3, -1]
301:177.94, 10:10 [3, 6136, 5155, 3913, 3900, -3]
302:183.39, 10:10 [3, 5143, 4258, 5422, 5317, -3]
303:36.50, 4:10 [3, 4961, -3]
fe: 1, se: 3

Day: 1, Time: 290
Total Cost: 263.47
 11:153.31, 8:75 [1, -4, -1]
401:110.16, 8:10 [4, 4279, 4498, -4]
fe: 1, se: 1

Day: 1, Time: 360
Total Cost: 1157.22
 11:136.01, 21:75 [1, 3, -3, -1]
 15:153.31, 20:75 [1, 4, -4, -1]
301:95.62, 7:10 [3, 3511, 1776, 4816, 4754, -3]
302:148.32, 8:10 [3, 6154, 75, 3779, 31, 987, 68, 5575, -3]
303:77.65, 9:10 [3, 3560, 94, 950, 4231, 74, -3]
401:150.74, 10:10 [4, 4634, 5614, 4309, 2457, -4]
402:151.49, 8:10 [4, 4047, 3671, 93, 847, 120, -4]
404:122.36, 10:10 [4, 825, 113, 2835, 87, 1281, -4]
405:121.72, 3:10 [4, 54, 6095, 2714, -4]
fe: 2, se: 7

Day: 1, Time: 380
Total Cost: 396.49
 11:66.27, 21:75 [2, -5, -2]
501:42.18, 6:10 [5, 4594, 3894, -5]
502:120.57, 10:10 [5, 4624, 4101, 3534, -5]
503:167.46, 5:10 [5, 5840, 4955, 4356, -5]
fe: 1, se: 3

Day: 1, Time: 395
Total Cost: 609.40
 11:136.01, 7:75 [1, -3, -1]
 12:153.31, 7:75 [1, -4, -1]
301:131.48, 3:10 [3, 3585, -3]
302:28.00, 4:10 [3, 4964, -3]
401:121.29, 6:10 [4, 3543, 5098, 3462, -4]
402:39.29, 1:10 [4, 4166, -4]
fe: 2, se: 4

Day: 1, Time: 405
Total Cost: 794.03
 11:136.01, 25:75 [1, 3, -1]
 12:153.31, 17:75 [1, 4, -1]
301:126.08, 8:10 [3, 677, 40, -3]
302:84.03, 10:10 [3, 48, 1302, 92, -3]
303:47.08, 7:10 [3, 83, 78, -3]
401:41.23, 3:10 [4, 103, -4]
402:108.15, 9:10 [4, 30, 118, 73, -4]
403:98.13, 5:10 [4, 122, 2775, -4]
fe: 2, se: 6

Day: 1, Time: 405
Total Cost: 823.36
 11:151.76, 18:75 [2, 5, -6, -2]
501:137.25, 9:10 [5, 1320, 2018, 57, 509, -5]
502:127.06, 6:10 [5, 34, 21, 17, -5]
503:148.96, 2:10 [5, 24, 684, -5]
506:158.64, 1:10 [5, 98, -5]
601:7.21, 1:10 [6, 4026, -6]
602:43.27, 3:10 [6, 3683, -6]
603:49.19, 2:10 [6, 5168, -6]
fe: 1, se: 7

Day: 1, Time: 410
Total Cost: 295.71
 11:136.01, 7:75 [1, -3, -1]
301:82.02, 3:10 [3, 4061, -3]
302:77.67, 4:10 [3, 3994, -3]
fe: 1, se: 2

Day: 1, Time: 450
Total Cost: 448.74
 11:66.27, 19:75 [2, 5, -2]
501:81.59, 4:10 [5, 86, 63, -5]
502:101.72, 4:10 [5, 79, 105, -5]
503:121.93, 6:10 [5, 59, 115, -5]
504:77.23, 5:10 [5, 23, 1283, 67, -5]
fe: 1, se: 4

Day: 1, Time: 495
Total Cost: 360.00
 11:66.27, 6:75 [2, 5, -2]
501:92.78, 2:10 [5, 88, -5]
502:112.59, 2:10 [5, 99, -5]
503:88.36, 2:10 [5, 41, -5]
fe: 1, se: 3


Day	Area	ID	Time	Load	Utilization	NoOrders	AssignmentCost
1	1	 8	315	 18	0.24	10	255.00
1	1	 9	360	 21	0.28	10	285.00
1	1	10	405	  6	0.08	 3	135.00
1	1	13	540	 24	0.27	 7	252.00
1	1	15	630	 56	0.75	21	635.00
1	1	18	765	 60	1.00	20	810.00
1	1	19	810	 60	1.00	34	810.00
1	2	26	270	 14	0.19	 8	215.00
1	2	51	300	 15	0.10	11	450.00
1	2	27	315	 42	0.56	13	495.00
1	2	34	630	 75	1.00	24	825.00
1	2	35	675	 21	0.35	 6	342.00
1	2	37	765	 60	1.00	17	810.00
1	2	38	810	 60	1.00	31	810.00


Day	Area	Time	Pickup	Delivery	Direct	FEVehicles	SEVehicles	ALNSTime	ALNSBestTime	RoutingCostArea
1	1	0	52	73	0	6	25	69.02	40.38	3538.84
1	1	30	4	0	0	3	3	0.64	0.00	693.19
1	1	55	4	0	0	2	2	0.64	0.00	565.79
1	1	115	5	0	0	2	2	0.49	0.00	615.90
1	1	160	6	0	1	1	2	0.50	0.00	947.14
1	1	280	9	0	0	1	3	0.69	0.00	533.84
1	1	290	2	0	0	1	1	0.29	0.00	263.47
1	1	360	14	19	0	2	7	5.07	1.56	1157.22
1	1	395	6	0	0	2	4	0.65	0.00	609.40
1	1	405	0	13	0	2	6	0.84	0.00	794.03
1	1	410	2	0	0	1	2	0.28	0.00	295.71
1	2	0	66	77	0	4	29	105.80	83.86	3105.53
1	2	55	6	0	0	2	3	0.52	0.00	544.46
1	2	60	2	0	0	1	1	0.26	0.00	156.11
1	2	100	3	0	0	2	3	0.40	0.00	292.47
1	2	120	1	0	0	1	1	0.24	0.00	175.45
1	2	125	2	0	0	1	2	0.31	0.00	189.11
1	2	130	1	0	0	1	1	0.25	0.00	134.21
1	2	165	5	0	0	2	2	0.53	0.00	411.01
1	2	170	2	0	1	2	2	0.33	0.00	701.81
1	2	275	10	0	0	1	3	0.79	0.00	549.44
1	2	380	8	0	0	1	3	0.65	0.00	396.49
1	2	405	3	10	0	1	7	0.95	0.00	823.36
1	2	450	0	9	0	1	4	0.60	0.00	448.74
1	2	495	0	3	0	1	3	0.33	0.00	360.00

Day	SL	Own	DispatchTimes	AssignmentCost	RoutingCost	TotalCost
1	13	1	25	7129.00	18302.71	25431.71

Total Cost: 25431.707642998696
Cost per Day: 25431.707642998696
Running time in Seconds: 270.426
Running time in minutes: 4.5071