INSTANCE: 3hubs_MSD_A_9_x.csv
PARAMETER: tuning_standard.txt
POLICY: MIP
ALPHA: 0.387023956898126
BETA: 78
OMEGA: 586
EPSILON: 1.00597325044486

Day: 1, Time: 0
Total Cost: 5369.75
 11:136.01, 75:75 [1, 4, -4, -1]
 12:136.01, 25:75 [1, 4, -4, -1]
 13:136.01, 14:75 [1, 4, -4, -1]
 14:136.01, 36:75 [1, -4, -1]
 15:153.31, 66:75 [1, 5, -5, -1]
 16:153.31, 33:75 [1, 5, -5, -1]
 17:153.31, 29:75 [1, -5, -1]
401:112.89, 9:10 [4, 8996, 8999, 8778, -4]
402:124.83, 8:10 [4, 8734, 8720, 8843, -4]
403:83.65, 10:10 [4, 8682, 8636, 8571, 8750, 8619, -4]
404:93.61, 10:10 [4, 8932, 8893, 8908, 8904, -4]
405:119.55, 8:10 [4, 8624, 8599, 8539, 8641, 8540, -4]
406:65.12, 10:10 [4, 8886, 8887, 8944, -4]
407:161.85, 10:10 [4, 8634, 8622, 8521, 8678, -4]
408:50.73, 10:10 [4, 8919, 8684, 8643, -4]
409:102.79, 10:10 [4, 8845, 8840, 8703, 8751, -4]
410:144.04, 9:10 [4, 8588, 8620, 8547, 8600, 8529, 8998, -4]
411:79.60, 10:10 [4, 8769, 8855, 8800, 8738, 8939, -4]
412:68.77, 8:10 [4, 8804, 8784, 8901, 8975, -4]
413:25.30, 4:10 [4, 8747, -4]
414:33.88, 9:10 [4, 8983, 8774, 8958, -4]
418:62.34, 10:10 [4, 8688, 8555, 8699, -4]
420:83.88, 9:10 [4, 8816, 8910, 8897, -4]
421:113.99, 9:10 [4, 8779, 8758, 9008, -4]
422:101.20, 9:10 [4, 9009, 8806, 8813, 8921, -4]
423:70.89, 9:10 [4, 8574, 8686, 8692, 8639, -4]
425:109.44, 10:10 [4, 8558, 8948, 8964, 8741, -4]
426:138.73, 10:10 [4, 9005, 8567, 8907, 8771, 8842, -4]
501:123.37, 2:10 [5, 8797, -5]
502:91.94, 10:10 [5, 8607, 8913, 8731, 8760, 8736, 8818, -5]
503:87.88, 7:10 [5, 8606, 8614, -5]
504:154.00, 8:10 [5, 8943, 8925, -5]
505:87.32, 10:10 [5, 8701, 8770, 8729, -5]
506:111.08, 9:10 [5, 8866, 8724, 8997, 8715, -5]
507:65.50, 9:10 [5, 8621, 8704, 8719, 8991, -5]
508:139.89, 8:10 [5, 8945, 8980, 9001, -5]
509:92.40, 10:10 [5, 8564, 8541, 8615, 8569, 8627, -5]
510:35.46, 10:10 [5, 8827, 8949, 8785, -5]
511:132.56, 9:10 [5, 8759, 8846, 8645, 8852, -5]
512:84.52, 10:10 [5, 8573, 8674, 8536, -5]
513:144.60, 9:10 [5, 8691, 8578, 8576, 8683, -5]
514:35.12, 10:10 [5, 8565, 8986, 8712, 8830, 8756, 8763, -5]
515:75.50, 10:10 [5, 9004, 8918, 8906, 8721, 8698, -5]
517:143.12, 3:10 [5, 8789, 8837, -5]
518:107.46, 10:10 [5, 8653, 8695, 8544, 8652, -5]
519:70.69, 10:10 [5, 8633, 8524, 8662, 8655, -5]
520:167.70, 10:10 [5, 8735, 8707, 8618, 8650, -5]
521:188.24, 10:10 [5, 8556, 8551, 8554, 8533, -5]
522:105.24, 10:10 [5, 8700, 8767, 8710, 8601, -5]
523:64.41, 8:10 [5, 8941, 8966, 8764, -5]
524:110.66, 10:10 [5, 8557, 8632, 8545, 8572, -5]
fe: 7, se: 44

Day: 1, Time: 0
Total Cost: 4148.87
 11:66.27, 75:75 [2, 6, -6, -2]
 12:66.27, 10:75 [2, 6, -6, -2]
 14:66.27, 69:75 [2, 6, -6, -2]
 15:66.27, 48:75 [2, 6, -6, -2]
 16:145.23, 75:75 [2, 7, -7, -2]
601:132.79, 10:10 [6, 8628, 8651, 8649, 8981, 8609, 8593, -6]
602:28.29, 6:10 [6, 8673, 8637, 8596, -6]
603:113.91, 9:10 [6, 8534, 8976, 8862, 8929, 13056, -6]
604:145.35, 9:10 [6, 8677, 8610, 8630, -6]
605:94.81, 10:10 [6, 8841, 8914, 8959, -6]
606:130.81, 9:10 [6, 8568, 8642, 8538, -6]
607:93.55, 10:10 [6, 8911, 8709, 8732, 8854, 8582, 8798, -6]
608:107.02, 10:10 [6, 8542, 8665, 8575, -6]
609:80.24, 10:10 [6, 8579, 8697, 8626, -6]
610:56.86, 10:10 [6, 8848, 8933, 8799, -6]
611:80.57, 10:10 [6, 8868, 8923, 8659, 9007, 8671, 9002, -6]
612:137.24, 10:10 [6, 8546, 8577, 8543, 8672, -6]
613:88.36, 9:10 [6, 8903, 8894, 8898, -6]
614:110.05, 9:10 [6, 8822, 8788, 8995, -6]
615:104.92, 10:10 [6, 8581, 8815, 8963, 8984, 8890, -6]
616:67.94, 6:10 [6, 8528, 8550, -6]
617:116.51, 10:10 [6, 8748, 8722, 8745, 9003, 8861, -6]
618:51.44, 9:10 [6, 8892, 8657, 8739, 8891, -6]
619:151.77, 10:10 [6, 8970, 8689, 8826, 8880, 8987, -6]
623:92.79, 10:10 [6, 8775, 8931, 8791, -6]
624:83.67, 8:10 [6, 8810, 8917, 8742, -6]
626:149.59, 10:10 [6, 8723, 8754, 8879, 8950, -6]
629:52.06, 10:10 [6, 8871, 8847, 8757, -6]
631:120.47, 10:10 [6, 8801, 8926, 8844, 8532, 8924, 8702, 8960, -6]
632:180.67, 10:10 [6, 8819, 8888, 8863, 8714, -6]
633:127.27, 10:10 [6, 8951, 8874, 8979, 8821, 8909, 8957, -6]
636:78.09, 9:10 [6, 8853, 8865, 8857, -6]
637:57.45, 9:10 [6, 8730, 8864, 8727, 8882, 8768, -6]
701:109.35, 10:10 [7, 8594, 8552, 8675, 8602, -7]
702:82.10, 10:10 [7, 8526, 8899, 8838, 8612, 8850, 8705, -7]
703:28.69, 10:10 [7, 8912, 8713, 8802, -7]
704:61.06, 10:10 [7, 8728, 8765, 8856, 8883, -7]
705:78.83, 9:10 [7, 8782, 8629, 9006, 8716, 8867, -7]
706:83.51, 9:10 [7, 8681, 8792, 8937, 8988, 8793, -7]
707:41.51, 10:10 [7, 8812, 8989, 8773, -7]
708:76.02, 8:10 [7, 8603, 8648, 8553, -7]
709:42.65, 7:10 [7, 8570, 8783, 8755, 8839, -7]
710:120.97, 10:10 [7, 8527, 8613, 8693, 8696, 8592, -7]
711:84.56, 10:10 [7, 8766, 8807, 8953, 8896, -7]
712:94.81, 10:10 [7, 8549, 8625, 8585, -7]
fe: 5, se: 40

Day: 1, Time: 0
Total Cost: 4168.02
 11:94.59, 75:75 [3, 8, -8, -3]
 12:94.59, 70:75 [3, 8, -8, -3]
 13:90.24, 39:75 [3, 9, -9, -3]
 14:90.24, 59:75 [3, 9, -9, -3]
 15:90.24, 59:75 [3, 9, -9, -3]
801:108.44, 10:10 [8, 8604, 8646, 8690, 8679, 8559, -8]
802:134.12, 10:10 [8, 8616, 8660, 8664, 8584, -8]
803:125.20, 10:10 [8, 8658, 8583, 8685, 8590, -8]
804:14.51, 7:10 [8, 8820, 8817, 8985, -8]
805:121.13, 10:10 [8, 8598, 8531, 8666, 8669, 8560, -8]
806:99.72, 9:10 [8, 8828, 8803, 8915, 8740, 8849, -8]
807:105.44, 10:10 [8, 8935, 8777, 8706, 8746, 8834, -8]
808:77.09, 10:10 [8, 8562, 8823, 8872, 8708, -8]
809:91.34, 10:10 [8, 8796, 8725, 8786, 8940, -8]
810:68.94, 9:10 [8, 8982, 8718, 8889, -8]
811:99.62, 9:10 [8, 8525, 8563, 8605, 8635, -8]
813:118.80, 10:10 [8, 8946, 8717, 8972, -8]
814:73.25, 10:10 [8, 8934, 8895, 8942, 8916, -8]
815:127.47, 10:10 [8, 8794, 8824, 8993, 8726, -8]
816:131.72, 10:10 [8, 8835, 8952, 8920, 8753, 8772, -8]
817:92.25, 10:10 [8, 8831, 8814, 8978, 8790, -8]
818:139.40, 10:10 [8, 8520, 8522, 8667, 8623, 8566, 8680, -8]
819:117.34, 10:10 [8, 8992, 8829, 8811, -8]
820:103.18, 10:10 [8, 8711, 8851, 8752, 8869, -8]
821:64.67, 10:10 [8, 8808, 8644, 8905, 8876, 8761, -8]
822:67.46, 8:10 [8, 8587, 8617, 8654, -8]
823:51.00, 8:10 [8, 8663, 8530, -8]
824:102.83, 10:10 [8, 8762, 8936, 8974, -8]
902:67.09, 10:10 [9, 8832, 8809, 8902, 8927, -9]
903:71.96, 7:10 [9, 8781, 8743, -9]
905:120.84, 10:10 [9, 8561, 8591, 8595, 8597, 8647, -9]
906:103.57, 9:10 [9, 8589, 8537, 8638, 8631, 8586, -9]
907:64.86, 10:10 [9, 8611, 8676, 8661, -9]
908:98.46, 10:10 [9, 8969, 8977, 8873, -9]
910:19.70, 4:10 [9, 8744, -9]
911:38.08, 8:10 [9, 8994, 8881, -9]
912:114.97, 10:10 [9, 8859, 8870, 8523, 8990, 8836, 8922, 8954, -9]
913:136.03, 10:10 [9, 8535, 8608, 8580, 8795, 8967, 8687, 8656, -9]
914:88.98, 10:10 [9, 8833, 8930, 8938, -9]
918:85.73, 10:10 [9, 9000, 8787, 8548, -9]
919:97.12, 10:10 [9, 8878, 8825, 8928, 8900, 8668, 8973, 8805, -9]
920:42.28, 10:10 [9, 8877, 8965, 8885, -9]
921:62.79, 10:10 [9, 8858, 8749, 8694, 8956, 8670, -9]
922:96.81, 10:10 [9, 8875, 8780, 8776, 8860, 8733, 8884, -9]
923:147.49, 10:10 [9, 8640, 8955, 8737, 8962, 8971, 8968, -9]
925:16.41, 6:10 [9, 8947, 8961, -9]
fe: 5, se: 41

Day: 1, Time: 5
Total Cost: 245.34
 12:90.24, 9:75 [3, -9, -3]
901:93.51, 4:10 [9, 9197, -9]
902:61.59, 5:10 [9, 16969, 15353, -9]
fe: 1, se: 2

Day: 1, Time: 15
Total Cost: 655.07
 11:136.01, 13:75 [1, -4, -1]
 12:153.31, 7:75 [1, -5, -1]
401:130.66, 7:10 [4, 15973, 11393, -4]
402:77.44, 6:10 [4, 14604, 14918, 12447, -4]
501:157.65, 7:10 [5, 15562, 10046, -5]
fe: 2, se: 3

Day: 1, Time: 20
Total Cost: 430.30
 11:66.27, 15:75 [2, -6, -2]
601:114.05, 9:10 [6, 14689, 10195, 15423, -6]
602:102.96, 2:10 [6, 15132, -6]
603:147.02, 4:10 [6, 14920, 14380, 17196, 11062, -6]
fe: 1, se: 3

Day: 1, Time: 20
Total Cost: 222.60
 11:94.59, 9:75 [3, -8, -3]
801:105.64, 5:10 [8, 13229, 10953, -8]
802:22.36, 4:10 [8, 16871, -8]
fe: 1, se: 2

Day: 1, Time: 35
Total Cost: 590.66
 11:94.59, 4:75 [3, -8, -3]
 12:90.24, 2:75 [3, -9, -3]
 13:90.24, 5:75 [3, -9, -3]
801:98.67, 2:10 [8, 10788, -8]
802:101.07, 2:10 [8, 10978, -8]
901:8.25, 2:10 [9, 10859, -9]
902:107.59, 5:10 [9, 16156, 12985, -9]
fe: 3, se: 4

Day: 1, Time: 40
Total Cost: 469.64
 11:136.01, 5:75 [1, -4, -1]
 12:153.31, 7:75 [1, -5, -1]
401:70.93, 5:10 [4, 15436, 13987, -4]
501:109.38, 7:10 [5, 9705, 10414, -5]
fe: 2, se: 2

Day: 1, Time: 40
Total Cost: 370.13
 11:94.59, 3:75 [3, -8, -3]
 12:94.59, 3:75 [3, -8, -3]
801:104.79, 3:10 [8, 11483, -8]
802:76.16, 3:10 [8, 14985, -8]
fe: 2, se: 2

Day: 1, Time: 45
Total Cost: 263.63
 11:66.27, 5:75 [2, -6, -2]
601:76.94, 3:10 [6, 13993, -6]
602:120.42, 2:10 [6, 11376, -6]
fe: 1, se: 2

Day: 1, Time: 45
Total Cost: 188.93
 11:94.59, 3:75 [3, -8, -3]
801:94.34, 3:10 [8, 14315, -8]
fe: 1, se: 1

Day: 1, Time: 55
Total Cost: 152.37
 11:66.27, 1:75 [2, -6, -2]
601:86.09, 1:10 [6, 14266, -6]
fe: 1, se: 1

Day: 1, Time: 55
Total Cost: 234.63
 11:94.59, 4:75 [3, -8, -3]
801:53.67, 3:10 [8, 9387, -8]
802:86.37, 1:10 [8, 12156, -8]
fe: 1, se: 2

Day: 1, Time: 60
Total Cost: 266.71
 11:136.01, 5:75 [1, -4, -1]
401:130.70, 5:10 [4, 11305, 16252, -4]
fe: 1, se: 1

Day: 1, Time: 60
Total Cost: 136.64
 11:90.24, 7:75 [3, -9, -3]
901:46.39, 7:10 [9, 15092, 12413, -9]
fe: 1, se: 1

Day: 1, Time: 70
Total Cost: 349.80
 11:66.27, 13:75 [2, -6, -2]
601:74.11, 2:10 [6, 11651, -6]
602:86.83, 4:10 [6, 14370, -6]
603:122.59, 7:10 [6, 15961, 11118, -6]
fe: 1, se: 3

Day: 1, Time: 75
Total Cost: 184.10
 11:136.01, 3:75 [1, -4, -1]
401:48.08, 3:10 [4, 13491, -4]
fe: 1, se: 1

Day: 1, Time: 85
Total Cost: 851.14
 11:94.59, 10:75 [3, -8, -3]
 12:90.24, 10:75 [3, -9, -3]
 13:90.24, 2:75 [3, -9, -3]
 14:90.24, 1:75 [3, -9, -3]
801:72.93, 7:10 [8, 9656, 10308, -8]
802:109.01, 3:10 [8, 10698, 9605, -8]
901:119.40, 8:10 [9, 13435, 16824, -9]
902:81.63, 2:10 [9, 16836, -9]
903:45.65, 2:10 [9, 15740, -9]
904:57.20, 1:10 [9, 14633, -9]
fe: 4, se: 6

Day: 1, Time: 90
Total Cost: 279.96
 11:153.31, 4:75 [1, -5, -1]
501:126.65, 4:10 [5, 14138, -5]
fe: 1, se: 1

Day: 1, Time: 90
Total Cost: 452.03
 11:66.27, 13:75 [2, -6, -2]
601:82.46, 2:10 [6, 12671, -6]
602:117.66, 2:10 [6, 9764, -6]
603:99.86, 2:10 [6, 10504, -6]
604:85.77, 7:10 [6, 16802, 11626, -6]
fe: 1, se: 4

Day: 1, Time: 95
Total Cost: 649.37
 11:136.01, 3:75 [1, -4, -1]
 12:136.01, 4:75 [1, -4, -1]
 13:153.31, 3:75 [1, -5, -1]
401:120.88, 3:10 [4, 13016, -4]
402:28.43, 4:10 [4, 13689, -4]
501:74.73, 3:10 [5, 9272, -5]
fe: 3, se: 3

Day: 1, Time: 95
Total Cost: 130.77
 11:66.27, 4:75 [2, -6, -2]
601:64.50, 4:10 [6, 16775, -6]
fe: 1, se: 1

Day: 1, Time: 100
Total Cost: 593.08
 11:136.01, 2:75 [1, -4, -1]
 12:136.01, 4:75 [1, -4, -1]
401:80.22, 2:10 [4, 16255, -4]
402:120.83, 2:10 [4, 14554, -4]
403:120.00, 2:10 [4, 12193, -4]
fe: 2, se: 3

Day: 1, Time: 100
Total Cost: 122.41
 11:66.27, 2:75 [2, -6, -2]
601:56.14, 2:10 [6, 13446, -6]
fe: 1, se: 1

Day: 1, Time: 105
Total Cost: 165.43
 11:66.27, 3:75 [2, -6, -2]
601:99.16, 3:10 [6, 16092, -6]
fe: 1, se: 1

Day: 1, Time: 105
Total Cost: 182.32
 11:94.59, 5:75 [3, -8, -3]
801:43.86, 3:10 [8, 14130, -8]
802:43.86, 2:10 [8, 11628, -8]
fe: 1, se: 2

Day: 1, Time: 110
Total Cost: 206.56
 11:153.31, 2:75 [1, -5, -1]
501:53.25, 2:10 [5, 15692, -5]
fe: 1, se: 1

Day: 1, Time: 115
Total Cost: 277.75
 11:66.27, 7:75 [2, -6, -2]
 12:66.27, 2:75 [2, -6, -2]
601:72.96, 7:10 [6, 11465, 9194, -6]
602:72.25, 2:10 [6, 15950, -6]
fe: 2, se: 2

Day: 1, Time: 115
Total Cost: 216.37
 11:90.24, 6:75 [3, -9, -3]
901:126.13, 6:10 [9, 9697, 13140, -9]
fe: 1, se: 1

Day: 1, Time: 120
Total Cost: 161.68
 11:94.59, 1:75 [3, -8, -3]
801:67.08, 1:10 [8, 16568, -8]
fe: 1, se: 1

Day: 1, Time: 125
Total Cost: 212.71
 11:153.31, 2:75 [1, -5, -1]
501:59.40, 2:10 [5, 14548, -5]
fe: 1, se: 1

Day: 1, Time: 125
Total Cost: 163.64
 11:94.59, 2:75 [3, -8, -3]
801:69.05, 2:10 [8, 10874, -8]
fe: 1, se: 1

Day: 1, Time: 130
Total Cost: 160.75
 11:136.01, 4:75 [1, -4, -1]
401:24.74, 4:10 [4, 16229, -4]
fe: 1, se: 1

Day: 1, Time: 130
Total Cost: 145.16
 11:90.24, 3:75 [3, -9, -3]
901:54.92, 3:10 [9, 16561, -9]
fe: 1, se: 1

Day: 1, Time: 135
Total Cost: 124.31
 11:66.27, 1:75 [2, -6, -2]
601:58.03, 1:10 [6, 16054, -6]
fe: 1, se: 1

Day: 1, Time: 135
Total Cost: 158.51
 11:90.24, 3:75 [3, -9, -3]
901:68.26, 3:10 [9, 15028, -9]
fe: 1, se: 1

Day: 1, Time: 140
Total Cost: 217.54
 11:66.27, 5:75 [2, -6, -2]
601:38.47, 2:10 [6, 16598, -6]
602:112.80, 3:10 [6, 15105, -6]
fe: 1, se: 2

Day: 1, Time: 140
Total Cost: 171.46
 11:90.24, 4:75 [3, -9, -3]
901:81.22, 4:10 [9, 13371, -9]
fe: 1, se: 1

Day: 1, Time: 145
Total Cost: 164.58
 11:66.27, 7:75 [2, -6, -2]
601:98.31, 7:10 [6, 12680, 13892, -6]
fe: 1, se: 1

Day: 1, Time: 145
Total Cost: 434.99
 11:94.59, 7:75 [3, -8, -3]
 12:90.24, 13:75 [3, -9, -3]
801:66.27, 3:10 [8, 10596, -8]
802:29.53, 4:10 [8, 15006, -8]
901:49.79, 8:10 [9, 14000, 9769, -9]
902:32.31, 1:10 [9, 11037, -9]
903:72.25, 4:10 [9, 12863, -9]
fe: 2, se: 5

Day: 1, Time: 150
Total Cost: 405.41
 11:136.01, 5:75 [1, -4, -1]
 12:153.31, 1:75 [1, -5, -1]
401:82.56, 5:10 [4, 12397, 13072, -4]
501:33.53, 1:10 [5, 16605, -5]
fe: 2, se: 2

Day: 1, Time: 155
Total Cost: 142.30
 11:66.27, 3:75 [2, -6, -2]
601:76.03, 3:10 [6, 13131, -6]
fe: 1, se: 1

Day: 1, Time: 160
Total Cost: 467.72
 11:136.01, 3:75 [1, -4, -1]
 12:153.31, 2:75 [1, -5, -1]
401:116.10, 3:10 [4, 16762, -4]
501:62.29, 2:10 [5, 14916, -5]
fe: 2, se: 2

Day: 1, Time: 160
Total Cost: 100.27
 11:66.27, 2:75 [2, -6, -2]
601:34.00, 2:10 [6, 12528, -6]
fe: 1, se: 1

Day: 1, Time: 160
Total Cost: 313.04
 11:90.24, 7:75 [3, -9, -3]
901:118.27, 4:10 [9, 13834, -9]
902:104.52, 3:10 [9, 14713, 15396, -9]
fe: 1, se: 2

Day: 1, Time: 165
Total Cost: 303.13
 11:136.01, 3:75 [1, -4, -1]
401:113.30, 2:10 [4, 13181, -4]
402:53.81, 1:10 [4, 11856, -4]
fe: 1, se: 2

Day: 1, Time: 165
Total Cost: 202.12
 11:145.23, 4:75 [2, -7, -2]
701:56.89, 4:10 [7, 15035, -7]
fe: 1, se: 1

Day: 1, Time: 165
Total Cost: 168.35
 11:94.59, 7:75 [3, -8, -3]
801:62.10, 3:10 [8, 14743, -8]
802:11.66, 4:10 [8, 14026, -8]
fe: 1, se: 2

Day: 1, Time: 170
Total Cost: 728.95
 11:153.31, 4:75 [1, -5, -1]
 12:153.31, 4:75 [1, -5, -1]
 13:136.01, 3:75 [1, -4, -1]
401:122.41, 3:10 [4, 14649, -4]
501:48.17, 4:10 [5, 9159, -5]
502:115.74, 4:10 [5, 11974, -5]
fe: 3, se: 3

Day: 1, Time: 175
Total Cost: 159.79
 11:145.23, 1:75 [2, -7, -2]
701:14.56, 1:10 [7, 12583, -7]
fe: 1, se: 1

Day: 1, Time: 180
Total Cost: 173.34
 11:66.27, 2:75 [2, -6, -2]
601:107.07, 2:10 [6, 13859, -6]
fe: 1, se: 1

Day: 1, Time: 185
Total Cost: 509.35
 11:153.31, 5:75 [1, -5, -1]
 12:153.31, 2:75 [1, -5, -1]
501:151.74, 5:10 [5, 13003, 14726, -5]
502:50.99, 2:10 [5, 15655, -5]
fe: 2, se: 2

Day: 1, Time: 270
Total Cost: 735.53
 12:94.59, 40:75 [3, -8, -3]
801:108.68, 6:10 [8, 14319, 15670, -8]
802:146.38, 9:10 [8, 12869, 16397, 15616, 13339, 9179, -8]
803:134.35, 10:10 [8, 17061, 13942, 13619, 14509, -8]
804:155.71, 10:10 [8, 13501, 15047, 9166, 16468, 13250, -8]
805:95.83, 5:10 [8, 11130, 11405, -8]
fe: 1, se: 5

Day: 1, Time: 275
Total Cost: 819.39
 11:136.01, 14:75 [1, -4, -1]
 12:153.31, 12:75 [1, -5, -1]
401:192.84, 10:10 [4, 11577, 13204, 10304, 13463, 16416, 11978, -4]
402:140.52, 4:10 [4, 13139, 10505, -4]
501:115.24, 5:10 [5, 14924, 13548, 11442, -5]
502:81.47, 7:10 [5, 12827, 14359, 10354, -5]
fe: 2, se: 4

Day: 1, Time: 285
Total Cost: 629.98
 11:66.27, 51:75 [2, -6, -2]
601:108.63, 8:10 [6, 11246, 13065, 16544, -6]
602:79.54, 6:10 [6, 12989, 9457, -6]
603:37.19, 8:10 [6, 10350, 11242, -6]
604:120.81, 9:10 [6, 13815, 11714, 10214, 12473, -6]
605:154.18, 10:10 [6, 15447, 9413, 12423, -6]
606:63.35, 10:10 [6, 17047, 15524, 10799, -6]
fe: 1, se: 6

Day: 1, Time: 290
Total Cost: 348.92
 11:179.78, 7:75 [1, -4, -5, -1]
401:76.42, 1:10 [4, 10401, -4]
501:92.72, 6:10 [5, 14719, 13437, -5]
fe: 1, se: 2

Day: 1, Time: 315
Total Cost: 984.65
 11:179.78, 66:75 [1, 4, 5, -5, -1]
401:69.89, 9:10 [4, 507, 5625, 295, -4]
402:118.88, 10:10 [4, 50, 292, 28, 144, 205, -4]
403:63.78, 4:10 [4, 96, -4]
404:80.43, 9:10 [4, 71, 127, 8181, -4]
501:134.99, 10:10 [5, 3466, 3723, 11133, 6663, 6402, -5]
502:98.88, 8:10 [5, 87, 13657, 72, 225, -5]
503:127.71, 9:10 [5, 199, 2288, 226, 9185, -5]
504:110.32, 9:10 [5, 244, 35, 14456, 4539, -5]
fe: 1, se: 8

Day: 1, Time: 355
Total Cost: 873.61
 11:66.27, 48:75 [2, 6, -6, -2]
601:96.07, 10:10 [6, 8279, 130, 16546, 11020, 11036, 2263, -6]
602:113.73, 10:10 [6, 159, 10464, 186, 56, 245, 15724, -6]
603:161.10, 10:10 [6, 215, 113, 6295, 10416, 16725, 11817, -6]
604:152.77, 9:10 [6, 246, 252, 697, 16481, -6]
607:154.70, 9:10 [6, 14869, 250, 106, 14040, 16681, -6]
608:128.97, 10:10 [6, 2098, 138, 118, 12356, 16, 284, 16959, -6]
fe: 1, se: 6

Day: 1, Time: 360
Total Cost: 1835.43
 11:136.01, 74:75 [1, 4, -4, -1]
 12:153.31, 70:75 [1, 5, -5, -1]
401:89.64, 10:10 [4, 286, 7878, 194, 257, 7260, 230, 10219, 184, -4]
402:84.90, 10:10 [4, 19, 132, 227, 37, 193, 98, -4]
403:142.48, 10:10 [4, 317, 1906, 271, 135, -4]
404:147.19, 10:10 [4, 9456, 7466, 273, 191, 58, -4]
405:36.64, 7:10 [4, 234, 1505, 213, -4]
407:113.60, 10:10 [4, 265, 62, 313, 47, -4]
408:83.51, 9:10 [4, 188, 240, 64, 157, 10296, 93, 7364, -4]
409:115.70, 10:10 [4, 300, 219, 16781, 32, 2686, 59, 243, -4]
501:136.74, 10:10 [5, 7050, 6733, 24, 15142, 260, 261, -5]
502:155.72, 10:10 [5, 297, 164, 134, 90, -5]
503:75.95, 9:10 [5, 49, 86, 26, 241, -5]
504:69.14, 10:10 [5, 6442, 3838, 17161, 55, 16958, 283, 120, 145, -5]
505:35.13, 7:10 [5, 233, 204, -5]
506:103.13, 9:10 [5, 6230, 272, 247, 33, 36, 179, -5]
508:136.78, 9:10 [5, 280, 11034, 190, 187, -5]
509:19.85, 7:10 [5, 85, 267, -5]
fe: 2, se: 16

Day: 1, Time: 360
Total Cost: 1221.32
 11:66.27, 60:75 [2, 6, -2]
 12:145.23, 42:75 [2, 7, -2]
601:172.76, 10:10 [6, 203, 141, 142, 169, 6746, -6]
602:115.58, 10:10 [6, 2184, 218, 279, 168, 249, 2347, -6]
603:109.66, 10:10 [6, 210, 258, 150, 170, 266, -6]
604:63.72, 5:10 [6, 214, 274, -6]
605:65.13, 9:10 [6, 161, 1356, 196, 2938, -6]
606:105.11, 10:10 [6, 2793, 7997, 7283, -6]
607:29.91, 6:10 [6, 133, 278, -6]
701:44.79, 5:10 [7, 237, 7896, -7]
702:89.17, 8:10 [7, 238, 293, 306, 232, 281, -7]
703:45.60, 9:10 [7, 43, 63, 107, 3252, -7]
704:72.65, 10:10 [7, 231, 61, 288, 180, 121, 268, -7]
705:95.74, 10:10 [7, 262, 5440, 282, 176, 6228, -7]
fe: 2, se: 12

Day: 1, Time: 360
Total Cost: 2004.35
 11:94.59, 62:75 [3, 8, -8, -3]
 12:113.51, 75:75 [3, 9, 8, -3]
 13:90.24, 29:75 [3, 9, -9, -3]
801:80.91, 10:10 [8, 8506, 14842, 12, 92, 15066, 80, 14355, -8]
802:89.96, 9:10 [8, 171, 131, 5999, -8]
803:76.94, 10:10 [8, 209, 17168, 2592, 312, 10593, 200, -8]
804:39.55, 7:10 [8, 319, 30, 4756, -8]
805:73.34, 10:10 [8, 239, 5576, 2703, 2961, -8]
807:140.51, 10:10 [8, 307, 208, 79, 15544, 136, 207, 9519, 123, -8]
808:52.08, 9:10 [8, 110, 198, 305, 270, -8]
809:92.05, 10:10 [8, 109, 83, 101, 5605, 5690, -8]
810:121.24, 10:10 [8, 294, 1724, 224, -8]
901:117.72, 10:10 [9, 192, 68, 178, 89, 5914, 16685, -9]
902:106.62, 10:10 [9, 285, 154, 276, 289, 94, 42, -9]
903:95.71, 10:10 [9, 4801, 8085, 172, -9]
904:91.30, 10:10 [9, 201, 116, 158, 16708, 15491, -9]
905:106.77, 10:10 [9, 4366, 125, 111, 211, -9]
906:133.65, 9:10 [9, 3757, 153, 13516, 221, 5303, -9]
907:33.31, 5:10 [9, 1015, 5297, -9]
908:170.98, 10:10 [9, 114, 13269, 40, 318, 16843, 269, 12664, 2372, -9]
910:83.35, 10:10 [9, 76, 126, 16154, 220, 84, 11728, -9]
fe: 3, se: 18

Day: 1, Time: 390
Total Cost: 522.05
 11:179.78, 22:75 [1, -4, -5, -1]
401:131.39, 5:10 [4, 11486, 16380, -4]
402:108.82, 6:10 [4, 9302, 12555, -4]
501:73.22, 9:10 [5, 13663, 13030, 10964, -5]
502:28.84, 2:10 [5, 16463, -5]
fe: 1, se: 4

Day: 1, Time: 390
Total Cost: 293.94
 11:66.27, 12:75 [2, -6, -2]
601:73.79, 7:10 [6, 15335, 13322, 14988, -6]
602:153.87, 5:10 [6, 16360, 14314, 10413, -6]
fe: 1, se: 2

Day: 1, Time: 395
Total Cost: 254.62
 11:136.01, 3:75 [1, -4, -1]
401:118.61, 3:10 [4, 13785, -4]
fe: 1, se: 1

Day: 1, Time: 405
Total Cost: 1594.30
 11:136.01, 68:75 [1, 4, -1]
 12:153.31, 75:75 [1, 5, -5, -1]
401:92.82, 9:10 [4, 8134, 195, 3981, -4]
402:112.37, 10:10 [4, 119, 298, 4681, -4]
403:102.63, 10:10 [4, 100, 263, 143, -4]
404:165.39, 10:10 [4, 146, 299, 78, -4]
405:43.80, 10:10 [4, 23, 915, 7271, -4]
406:62.86, 9:10 [4, 15, 1618, 275, -4]
407:93.88, 7:10 [4, 108, 310, -4]
408:10.00, 3:10 [4, 82, -4]
501:43.87, 7:10 [5, 6338, 304, -5]
502:59.50, 4:10 [5, 182, 13374, 11691, -5]
503:74.15, 10:10 [5, 1079, 173, 27, -5]
504:125.50, 10:10 [5, 1160, 6053, 504, -5]
505:65.39, 8:10 [5, 202, 2775, -5]
506:34.14, 8:10 [5, 54, 248, -5]
507:52.87, 10:10 [5, 5680, 1814, 52, -5]
508:53.44, 8:10 [5, 67, 21, -5]
511:112.37, 10:10 [5, 151, 117, 1074, 18, -5]
fe: 2, se: 17

Day: 1, Time: 405
Total Cost: 1631.48
 11:66.27, 75:75 [2, 6, -6, -2]
 12:151.76, 69:75 [2, 6, 7, -2]
601:116.47, 10:10 [6, 53, 8146, 4173, 10243, -6]
602:168.50, 8:10 [6, 95, 128, 7002, 41, -6]
603:35.15, 9:10 [6, 22, 20, 216, 147, -6]
604:125.75, 10:10 [6, 4999, 259, 155, -6]
605:74.92, 10:10 [6, 212, 183, 70, -6]
606:134.91, 7:10 [6, 91, 6316, -6]
607:110.89, 10:10 [6, 5310, 140, 228, 582, 2008, -6]
608:100.34, 10:10 [6, 7562, 99, 14174, 115, -6]
609:81.01, 10:10 [6, 88, 5858, 256, -6]
610:77.33, 8:10 [6, 14, 303, -6]
611:134.45, 10:10 [6, 4745, 97, 25, -6]
701:42.96, 8:10 [7, 223, 34, -7]
702:64.30, 10:10 [7, 46, 139, 287, -7]
703:29.97, 8:10 [7, 5336, 302, -7]
704:49.77, 9:10 [7, 185, 6872, 10, -7]
705:66.72, 7:10 [7, 13, 7871, -7]
fe: 2, se: 16

Day: 1, Time: 405
Total Cost: 1952.53
 11:94.59, 75:75 [3, 8, -8, -3]
 12:90.24, 68:75 [3, 9, -3]
 13:90.24, 20:75 [3, 9, -3]
801:127.41, 10:10 [8, 163, 73, 13628, 66, 197, -8]
802:102.29, 10:10 [8, 51, 137, 7565, -8]
803:104.27, 9:10 [8, 44, 74, 11, -8]
804:67.08, 10:10 [8, 38, 167, 77, 16107, 75, -8]
805:75.26, 8:10 [8, 166, 314, 48, 12640, -8]
806:109.93, 10:10 [8, 181, 102, 148, -8]
807:89.96, 10:10 [8, 177, 242, 175, 14889, -8]
810:97.10, 8:10 [8, 31, 206, 2615, -8]
901:7.21, 4:10 [9, 254, -9]
902:106.06, 10:10 [9, 7402, 309, 160, -9]
903:109.71, 10:10 [9, 112, 189, 316, -9]
904:84.66, 8:10 [9, 7539, 39, -9]
905:99.00, 10:10 [9, 222, 103, 2936, -9]
906:26.05, 7:10 [9, 29, 129, -9]
907:136.42, 9:10 [9, 235, 122, 301, -9]
909:111.57, 10:10 [9, 253, 65, 296, -9]
910:112.02, 10:10 [9, 8112, 251, 236, -9]
911:111.45, 10:10 [9, 4441, 174, 2428, -9]
fe: 3, se: 18

Day: 1, Time: 410
Total Cost: 286.57
 11:66.27, 8:75 [2, -6, -2]
601:103.25, 4:10 [6, 16916, -6]
602:117.05, 4:10 [6, 10017, -6]
fe: 1, se: 2

Day: 1, Time: 410
Total Cost: 237.96
 11:113.51, 4:75 [3, -8, -9, -3]
801:22.00, 2:10 [8, 13110, -8]
901:102.45, 2:10 [9, 13234, -9]
fe: 1, se: 2

Day: 1, Time: 420
Total Cost: 243.20
 11:66.27, 7:75 [2, -6, -2]
601:164.93, 6:10 [6, 11590, 11326, -6]
602:12.00, 1:10 [6, 12856, -6]
fe: 1, se: 2

Day: 1, Time: 420
Total Cost: 226.48
 11:90.24, 5:75 [3, -9, -3]
901:100.44, 1:10 [9, 13560, -9]
902:35.80, 4:10 [9, 12242, 11115, -9]
fe: 1, se: 2

Day: 1, Time: 445
Total Cost: 166.73
 11:153.31, 2:75 [1, -5, -1]
501:13.42, 2:10 [5, 14844, -5]
fe: 1, se: 1

Day: 1, Time: 450
Total Cost: 452.68
 11:136.01, 12:75 [1, 4, -1]
401:124.48, 3:10 [4, 5202, -4]
402:80.29, 6:10 [4, 4450, 5169, -4]
403:111.89, 3:10 [4, 6415, -4]
fe: 1, se: 3

Day: 1, Time: 450
Total Cost: 642.89
 11:66.27, 29:75 [2, 6, -2]
601:128.29, 7:10 [6, 966, 4326, -6]
602:59.24, 8:10 [6, 6965, 1007, 81, -6]
603:122.11, 4:10 [6, 6023, 4382, -6]
606:102.47, 7:10 [6, 315, 152, 6706, -6]
607:164.49, 3:10 [6, 3503, 217, -6]
fe: 1, se: 5

Day: 1, Time: 450
Total Cost: 499.70
 12:113.51, 28:75 [3, 9, 8, -3]
801:78.75, 6:10 [8, 5864, 5448, -8]
901:42.11, 3:10 [9, 7915, 7908, -9]
902:93.56, 5:10 [9, 57, 3893, -9]
903:40.20, 4:10 [9, 469, -9]
904:131.56, 10:10 [9, 3707, 3990, 6345, -9]
fe: 1, se: 5

Day: 1, Time: 460
Total Cost: 260.50
 11:66.27, 5:75 [2, 6, -2]
601:62.29, 1:10 [6, 17, -6]
602:131.94, 4:10 [6, 290, -6]
fe: 1, se: 2

Day: 1, Time: 460
Total Cost: 396.38
 12:90.24, 7:75 [3, 9, -3]
901:108.98, 3:10 [9, 45, -9]
902:90.87, 2:10 [9, 69, 162, -9]
903:106.29, 2:10 [9, 3166, 311, -9]
fe: 1, se: 3

Day: 1, Time: 495
Total Cost: 170.21
 11:66.27, 3:75 [2, 6, -2]
601:103.94, 3:10 [6, 5959, -6]
fe: 1, se: 1

Day: 1, Time: 495
Total Cost: 286.39
 11:90.24, 12:75 [3, 9, -3]
901:45.61, 3:10 [9, 255, -9]
902:27.86, 2:10 [9, 4491, -9]
903:44.27, 3:10 [9, 8072, -9]
904:78.41, 4:10 [9, 3284, -9]
fe: 1, se: 4


Day	Area	ID	Time	Load	Utilization	NoOrders	AssignmentCost
1	1	 7	270	 73	0.97	26	805.00
1	1	127	300	 49	0.33	25	1130.00
1	1	 8	315	 75	1.00	27	825.00
1	1	27	315	 75	1.00	25	825.00
1	1	 9	360	 37	0.49	14	445.00
1	1	128	400	 12	0.08	 7	390.00
1	1	29	405	 15	0.20	 5	225.00
1	1	38	810	 58	0.97	25	786.00
1	1	19	810	 55	0.92	24	750.00
1	2	64	270	 75	1.00	41	825.00
1	2	45	270	 75	1.00	24	825.00
1	2	136	300	 39	0.26	23	930.00
1	2	65	315	 75	1.00	27	825.00
1	2	46	315	 75	1.00	21	825.00
1	2	47	360	 19	0.25	 7	265.00
1	2	72	630	  7	0.09	 2	145.00
1	2	57	810	 60	1.00	23	810.00
1	2	76	810	 60	1.00	21	810.00
1	3	82	225	 75	1.00	35	825.00
1	3	101	225	 39	0.52	10	465.00
1	3	102	270	 15	0.20	 6	225.00
1	3	163	300	 86	0.57	48	1870.00
1	3	84	315	 75	1.00	21	825.00
1	3	103	315	 75	1.00	21	825.00
1	3	85	360	 13	0.17	 5	205.00
1	3	108	540	 14	0.16	 4	172.00
1	3	95	810	 60	1.00	25	810.00
1	3	114	810	 60	1.00	23	810.00


Day	Area	Time	Pickup	Delivery	Direct	FEVehicles	SEVehicles	ALNSTime	ALNSBestTime	RoutingCostArea
1	1	0	96	67	0	7	44	106.06	0.00	5369.75
1	1	15	7	0	0	2	3	0.60	0.00	655.07
1	1	40	4	0	0	2	2	0.57	0.00	469.64
1	1	60	2	0	0	1	1	0.29	0.00	266.71
1	1	75	1	0	1	1	1	0.18	0.00	684.10
1	1	90	1	0	0	1	1	0.19	0.00	279.96
1	1	95	3	0	0	3	3	0.45	0.00	649.37
1	1	100	3	0	0	2	3	0.38	0.00	593.08
1	1	110	1	0	1	1	1	0.19	0.00	706.56
1	1	125	1	0	0	1	1	0.19	0.00	212.71
1	1	130	1	0	0	1	1	0.18	0.00	160.75
1	1	135	0	0	1	0	0	0.00	0.00	500.00
1	1	150	3	0	0	2	2	0.38	0.00	405.41
1	1	160	2	0	0	2	2	0.31	0.00	467.72
1	1	165	2	0	0	1	2	0.28	0.00	303.13
1	1	170	3	0	1	3	3	0.48	0.00	1228.95
1	1	185	3	0	0	2	2	0.35	0.00	509.35
1	1	275	14	0	0	2	4	1.05	0.00	819.39
1	1	290	3	0	0	1	2	0.35	0.00	348.92
1	1	315	4	25	0	1	8	4.56	3.44	984.65
1	1	360	8	72	0	2	16	28.83	17.48	1835.43
1	1	390	8	0	0	1	4	0.93	0.00	522.05
1	1	395	1	0	0	1	1	0.18	0.00	254.62
1	1	405	2	43	0	2	17	3.95	0.00	1594.30
1	1	445	1	0	0	1	1	0.19	0.00	166.73
1	1	450	0	4	0	1	3	0.44	0.00	452.68
1	2	0	108	54	0	5	40	86.39	58.11	4148.87
1	2	20	8	0	0	1	3	0.81	0.15	430.30
1	2	45	2	0	0	1	2	0.27	0.00	263.63
1	2	55	1	0	0	1	1	0.18	0.00	152.37
1	2	70	4	0	0	1	3	0.38	0.00	349.80
1	2	90	5	0	0	1	4	0.35	0.00	452.03
1	2	95	1	0	0	1	1	0.18	0.00	130.77
1	2	100	1	0	0	1	1	0.18	0.00	122.41
1	2	105	1	0	0	1	1	0.18	0.00	165.43
1	2	115	3	0	0	2	2	0.37	0.00	277.75
1	2	135	1	0	1	1	1	0.19	0.00	624.31
1	2	140	2	0	0	1	2	0.29	0.00	217.54
1	2	145	2	0	0	1	1	0.28	0.00	164.58
1	2	155	1	0	0	1	1	0.18	0.00	142.30
1	2	160	1	0	0	1	1	0.18	0.00	100.27
1	2	165	1	0	0	1	1	0.18	0.00	202.12
1	2	175	1	0	0	1	1	0.19	0.00	159.79
1	2	180	1	0	0	1	1	0.18	0.00	173.34
1	2	285	17	0	0	1	6	1.32	0.00	629.98
1	2	355	14	20	0	1	6	4.52	1.13	873.61
1	2	360	0	49	0	2	12	7.39	3.40	1221.32
1	2	390	6	0	0	1	2	0.40	0.00	293.94
1	2	405	2	47	0	2	16	5.07	2.96	1631.48
1	2	410	2	0	0	1	2	0.25	0.00	286.57
1	2	420	3	0	0	1	2	0.28	0.00	243.20
1	2	450	0	12	0	1	5	0.77	0.00	642.89
1	2	460	0	2	0	1	2	0.23	0.00	260.50
1	2	495	0	1	0	1	1	0.18	0.00	170.21
1	3	0	107	59	0	5	41	164.67	86.82	4168.02
1	3	5	3	0	0	1	2	0.37	0.00	245.34
1	3	20	3	0	0	1	2	0.34	0.00	222.60
1	3	35	5	0	0	3	4	0.51	0.00	590.66
1	3	40	2	0	0	2	2	0.29	0.00	370.13
1	3	45	1	0	0	1	1	0.19	0.00	188.93
1	3	55	2	0	0	1	2	0.29	0.00	234.63
1	3	60	2	0	0	1	1	0.31	0.00	136.64
1	3	85	9	0	0	4	6	0.84	0.00	851.14
1	3	105	2	0	0	1	2	0.26	0.00	182.32
1	3	115	2	0	0	1	1	0.27	0.00	216.37
1	3	120	1	0	0	1	1	0.18	0.00	161.68
1	3	125	1	0	0	1	1	0.21	0.00	163.64
1	3	130	1	0	0	1	1	0.18	0.00	145.16
1	3	135	1	0	0	1	1	0.19	0.00	158.51
1	3	140	1	0	0	1	1	0.19	0.00	171.46
1	3	145	6	0	0	2	5	0.61	0.00	434.99
1	3	160	3	0	0	1	2	0.43	0.00	313.04
1	3	165	2	0	0	1	2	0.26	0.00	168.35
1	3	170	0	0	1	0	0	0.00	0.00	500.00
1	3	270	18	0	0	1	5	1.60	0.19	735.53
1	3	360	16	72	0	3	18	47.55	31.18	2004.35
1	3	405	4	52	0	3	18	9.39	6.50	1952.53
1	3	410	2	0	0	1	2	0.27	0.00	237.96
1	3	420	3	0	0	1	2	0.35	0.00	226.48
1	3	450	0	10	0	1	5	0.76	0.00	499.70
1	3	460	0	5	0	1	3	0.51	0.00	396.38
1	3	495	0	4	0	1	4	0.51	0.00	286.39

Day	SL	Own	DispatchTimes	AssignmentCost	RoutingCost	TotalCost
1	24	4	54	19473.00	50935.30	70408.30

Total Cost: 70408.29988758173
Cost per Day: 70408.29988758173
Running time in Seconds: 742.647
Running time in minutes: 12.37745