INSTANCE: 3hubs_MSD_A_19_x.csv
PARAMETER: tuning_standard.txt
POLICY: MIP
ALPHA: 0.387023956898126
BETA: 78
OMEGA: 586
EPSILON: 1.00597325044486

Day: 1, Time: 0
Total Cost: 6211.17
 11:136.01, 64:75 [1, 4, -4, -1]
 12:136.01, 23:75 [1, -4, -1]
 13:136.01, 10:75 [1, 4, -4, -1]
 16:153.31, 46:75 [1, 5, -5, -1]
 17:153.31, 66:75 [1, 5, -5, -1]
 18:153.31, 54:75 [1, 5, -5, -1]
 19:136.01, 12:75 [1, -4, -1]
 21:136.01, 14:75 [1, -4, -1]
401:138.96, 7:10 [4, 8821, 8662, -4]
402:73.34, 9:10 [4, 8633, 8605, 8698, -4]
403:145.12, 1:10 [4, 8817, -4]
404:121.64, 9:10 [4, 8634, 8546, 8586, -4]
405:60.98, 8:10 [4, 8556, 8538, -4]
406:43.38, 9:10 [4, 8690, 8539, 8537, -4]
407:86.77, 9:10 [4, 8630, 8638, 8579, 8594, -4]
408:148.66, 2:10 [4, 8853, -4]
409:91.82, 10:10 [4, 8994, 8771, 8936, -4]
410:131.68, 7:10 [4, 8758, 8856, 8947, -4]
411:133.39, 9:10 [4, 8566, 8665, 8526, -4]
412:93.68, 8:10 [4, 8739, 8887, 8559, 8736, 8762, -4]
414:100.06, 10:10 [4, 8964, 8766, 8908, 8808, -4]
415:106.56, 10:10 [4, 8789, 8852, 8741, 8933, 8738, -4]
417:175.93, 4:10 [4, 8714, -4]
418:55.79, 9:10 [4, 8900, 8983, 8624, -4]
419:117.76, 10:10 [4, 8716, 8895, 8940, 8757, -4]
420:106.49, 10:10 [4, 8768, 8987, 8760, 8613, 8751, 8558, -4]
422:128.35, 10:10 [4, 8982, 8882, 8975, 8946, -4]
423:71.87, 7:10 [4, 8872, 8899, 8886, -4]
424:57.62, 10:10 [4, 8893, 8843, 8909, 8839, -4]
425:135.79, 4:10 [4, 8774, 8977, -4]
426:137.49, 4:10 [4, 8860, 8796, -4]
430:124.61, 9:10 [4, 8890, 8873, 8755, 8837, -4]
501:77.70, 10:10 [5, 8952, 8958, 8823, 8998, -5]
502:45.16, 7:10 [5, 8884, 8745, -5]
503:116.24, 6:10 [5, 8955, 8855, 8960, -5]
504:103.26, 10:10 [5, 8544, 8619, 8691, 8692, -5]
505:161.19, 10:10 [5, 8611, 8643, 8688, -5]
506:36.99, 7:10 [5, 8828, 8734, -5]
507:33.89, 10:10 [5, 8725, 8927, 8773, 8776, -5]
508:134.79, 10:10 [5, 8599, 8597, 8639, 8641, -5]
509:145.37, 10:10 [5, 8798, 8812, 8858, 8935, 8522, -5]
510:121.92, 3:10 [5, 8880, -5]
511:89.36, 9:10 [5, 8620, 8528, 8609, 8972, -5]
512:107.44, 10:10 [5, 8541, 8995, 8934, 8524, -5]
513:49.98, 8:10 [5, 8596, 8653, -5]
514:77.18, 10:10 [5, 8937, 8962, 8961, -5]
515:105.19, 9:10 [5, 8547, 8601, 8679, 8607, 8696, -5]
516:157.77, 6:10 [5, 8555, 8561, 8728, -5]
517:134.19, 10:10 [5, 8615, 8534, 8529, 8677, 8664, -5]
518:162.19, 8:10 [5, 8731, 8530, -5]
519:63.37, 9:10 [5, 9007, 8898, 8876, 8866, 8881, -5]
520:101.05, 10:10 [5, 8600, 8645, 8699, 8525, -5]
521:50.57, 9:10 [5, 8836, 8874, 8981, -5]
523:70.23, 10:10 [5, 8542, 8642, 8532, 8649, 8590, -5]
524:139.77, 10:10 [5, 8791, 8891, 8756, 8711, -5]
525:125.78, 9:10 [5, 8877, 8864, 8701, 8784, -5]
526:72.85, 10:10 [5, 8871, 8833, 8894, -5]
fe: 8, se: 49

Day: 1, Time: 0
Total Cost: 3975.23
 11:66.27, 66:75 [2, 6, -6, -2]
 12:66.27, 75:75 [2, 6, -6, -2]
 13:66.27, 19:75 [2, 6, -6, -2]
 14:145.23, 75:75 [2, 7, -7, -2]
 17:66.27, 20:75 [2, 6, -6, -2]
 18:66.27, 8:75 [2, -6, -2]
 19:66.27, 10:75 [2, -6, -2]
601:105.32, 10:10 [6, 8627, 8622, 8669, 8583, -6]
602:36.46, 10:10 [6, 8831, 8980, 8928, -6]
603:128.78, 10:10 [6, 8629, 8842, 8819, 8748, -6]
604:44.26, 10:10 [6, 8857, 8921, 8849, 8818, 8889, -6]
605:166.06, 10:10 [6, 8907, 8807, 8885, 8901, 9004, -6]
606:24.64, 8:10 [6, 8712, 8786, -6]
607:106.03, 9:10 [6, 8792, 8859, 8707, 8917, 8913, -6]
608:92.87, 10:10 [6, 8835, 8847, 8761, 8948, -6]
609:94.87, 9:10 [6, 8593, 8564, 8531, -6]
610:45.79, 8:10 [6, 8700, 8747, 8932, -6]
611:73.97, 9:10 [6, 8963, 8854, 8868, -6]
612:84.58, 10:10 [6, 8610, 8687, 8540, 8584, -6]
613:109.55, 10:10 [6, 8815, 8783, 8850, 9003, -6]
614:82.18, 9:10 [6, 8985, 8746, 8718, -6]
615:96.73, 10:10 [6, 8793, 8968, 8799, 8713, -6]
616:64.51, 9:10 [6, 8683, 8535, 8554, 8635, -6]
617:148.03, 10:10 [6, 8959, 8790, 8966, 8801, -6]
618:94.83, 9:10 [6, 8552, 8680, 8667, 8652, -6]
619:29.45, 8:10 [6, 8896, 8735, -6]
620:111.08, 10:10 [6, 8697, 8588, 8647, 8557, 8956, -6]
622:131.93, 9:10 [6, 8650, 8660, 8533, 8570, -6]
623:86.90, 8:10 [6, 8752, 8632, 8919, -6]
624:131.68, 10:10 [6, 8709, 9002, 8829, 8971, 8992, 8782, -6]
625:115.51, 10:10 [6, 8832, 8888, 8993, 8861, -6]
626:112.15, 9:10 [6, 8644, 8592, 8651, -6]
628:130.92, 10:10 [6, 8733, 8834, 8841, 8814, -6]
630:40.88, 10:10 [6, 8997, 8723, 9006, -6]
631:153.56, 10:10 [6, 8571, 8684, 8686, 8562, -6]
701:50.59, 10:10 [7, 8816, 8759, 8646, 8845, 8803, -7]
702:91.01, 10:10 [7, 8543, 8671, 8678, 8636, -7]
703:84.08, 10:10 [7, 8769, 8865, 8767, 8797, -7]
704:81.68, 8:10 [7, 8903, 8582, 9000, 8765, 8727, -7]
705:59.01, 7:10 [7, 8606, 8576, 8693, 8628, -7]
706:49.73, 10:10 [7, 8988, 8878, 8708, 8763, 8883, -7]
707:63.27, 9:10 [7, 8813, 8976, 8753, 8996, -7]
708:46.22, 9:10 [7, 8781, 8906, 8905, -7]
709:82.16, 10:10 [7, 8785, 8924, 8892, 8999, 12227, -7]
710:83.62, 10:10 [7, 8658, 8626, 8666, 8614, -7]
711:62.19, 9:10 [7, 8603, 8685, 8585, -7]
712:35.27, 10:10 [7, 8939, 8730, 8715, -7]
fe: 7, se: 40

Day: 1, Time: 0
Total Cost: 4384.82
 11:94.59, 68:75 [3, 8, -8, -3]
 12:90.24, 26:75 [3, 9, -9, -3]
 13:94.59, 44:75 [3, 8, -8, -3]
 14:90.24, 75:75 [3, 9, -9, -3]
 15:90.24, 44:75 [3, 9, -9, -3]
 16:90.24, 30:75 [3, 9, -9, -3]
 17:90.24, 10:75 [3, 9, -9, -3]
801:39.33, 8:10 [8, 8631, 8560, 8578, -8]
802:85.91, 10:10 [8, 8918, 8840, 8938, -8]
803:106.28, 9:10 [8, 8648, 8681, 8549, 8657, 8545, -8]
804:93.35, 10:10 [8, 8954, 8945, 8637, -8]
805:133.89, 10:10 [8, 8591, 8572, 8617, 8689, 8673, -8]
806:89.71, 10:10 [8, 8550, 8655, 8587, -8]
807:108.67, 10:10 [8, 8598, 8944, 8810, 8969, 8770, 8724, -8]
808:86.85, 9:10 [8, 8897, 8764, 8722, 8706, -8]
809:8.00, 3:10 [8, 8863, -8]
810:129.67, 10:10 [8, 8806, 8804, 8704, 8822, -8]
811:111.19, 10:10 [8, 8910, 8788, 8726, 8802, -8]
812:100.64, 10:10 [8, 8867, 8825, 8744, 8875, 8717, -8]
813:111.81, 10:10 [8, 8827, 8979, 8923, 8729, 8984, -8]
814:127.55, 10:10 [8, 8674, 8912, 8575, 8720, 9001, 8754, -8]
815:66.96, 8:10 [8, 8965, 8778, 8675, -8]
816:109.27, 10:10 [8, 8978, 8957, 8787, 8916, -8]
817:89.47, 10:10 [8, 9008, 8904, 8943, 8931, -8]
819:114.77, 10:10 [8, 8527, 8682, 8695, 8621, -8]
821:118.11, 9:10 [8, 8520, 8580, 8553, 8616, 8548, -8]
901:102.81, 10:10 [9, 8604, 8577, 8523, 8694, 8702, -9]
902:87.39, 9:10 [9, 9009, 8950, 8973, 8915, -9]
903:85.82, 10:10 [9, 8795, 8838, 8925, 8990, 8732, -9]
904:85.74, 10:10 [9, 8568, 8670, 8608, 8656, 8521, -9]
905:55.57, 10:10 [9, 8668, 8569, 8623, -9]
906:67.10, 9:10 [9, 8870, 8922, 8749, -9]
907:82.77, 10:10 [9, 8942, 8824, 8846, 8661, -9]
908:124.50, 10:10 [9, 8663, 8595, 8565, -9]
909:140.36, 10:10 [9, 8951, 8820, 8800, 8737, 8772, 8848, -9]
910:91.13, 10:10 [9, 8705, 8879, 8914, 8551, -9]
911:58.45, 9:10 [9, 8721, 8941, 8953, 8676, -9]
912:5.66, 3:10 [9, 8710, -9]
913:68.37, 9:10 [9, 8780, 8794, 8775, -9]
914:39.72, 10:10 [9, 8949, 8743, 8719, -9]
916:91.94, 10:10 [9, 8777, 8929, 8811, 8659, 8625, -9]
918:94.48, 10:10 [9, 8672, 8862, 8618, 8612, 8574, 8581, -9]
920:57.17, 10:10 [9, 8654, 8989, 8742, 8926, -9]
921:98.95, 9:10 [9, 8602, 8805, 8930, 8986, 8750, 8703, -9]
922:80.78, 10:10 [9, 8869, 8779, 8830, -9]
923:50.96, 6:10 [9, 9005, 8844, 8902, -9]
924:130.85, 10:10 [9, 8536, 8809, 8920, 8974, -9]
926:99.19, 10:10 [9, 8567, 8573, 8970, 8589, 8640, -9]
928:113.28, 10:10 [9, 8563, 8911, 8826, 8967, 8851, 8991, 8740, -9]
fe: 7, se: 42

Day: 1, Time: 10
Total Cost: 275.39
 12:145.23, 4:75 [2, -7, -2]
701:56.92, 1:10 [7, 16622, -7]
702:73.24, 3:10 [7, 10670, -7]
fe: 1, se: 2

Day: 1, Time: 15
Total Cost: 237.53
 11:66.27, 6:75 [2, -6, -2]
601:46.39, 2:10 [6, 12646, -6]
602:124.87, 4:10 [6, 14643, -6]
fe: 1, se: 2

Day: 1, Time: 20
Total Cost: 344.86
 11:153.31, 9:75 [1, -5, -1]
501:130.49, 7:10 [5, 14589, 15301, -5]
502:61.06, 2:10 [5, 15549, -5]
fe: 1, se: 2

Day: 1, Time: 30
Total Cost: 147.86
 11:66.27, 2:75 [2, -6, -2]
601:81.58, 2:10 [6, 11825, -6]
fe: 1, se: 1

Day: 1, Time: 35
Total Cost: 173.70
 11:66.27, 1:75 [2, -6, -2]
601:107.42, 1:10 [6, 10579, -6]
fe: 1, se: 1

Day: 1, Time: 40
Total Cost: 437.94
 11:94.59, 9:75 [3, -8, -3]
 12:90.24, 10:75 [3, -9, -3]
801:163.03, 9:10 [8, 13083, 10821, 14320, -8]
901:90.07, 10:10 [9, 16665, 14190, 14546, 16671, -9]
fe: 2, se: 2

Day: 1, Time: 45
Total Cost: 342.45
 11:66.27, 9:75 [2, -6, -2]
601:92.35, 3:10 [6, 9269, 14407, -6]
602:57.72, 2:10 [6, 12875, -6]
603:73.76, 1:10 [6, 9769, -6]
604:52.35, 3:10 [6, 13564, -6]
fe: 1, se: 4

Day: 1, Time: 45
Total Cost: 316.47
 11:113.51, 6:75 [3, -8, -9, -3]
801:103.48, 1:10 [8, 15565, -8]
901:99.48, 5:10 [9, 11608, 13355, -9]
fe: 1, se: 2

Day: 1, Time: 50
Total Cost: 636.61
 11:179.78, 13:75 [1, -4, -5, -1]
 12:153.31, 4:75 [1, -5, -1]
401:54.33, 2:10 [4, 12117, -4]
501:107.13, 9:10 [5, 11218, 16703, 10695, -5]
502:93.24, 4:10 [5, 17028, 14309, -5]
503:48.83, 2:10 [5, 16942, -5]
fe: 2, se: 4

Day: 1, Time: 50
Total Cost: 214.91
 11:66.27, 4:75 [2, -6, -2]
601:86.02, 1:10 [6, 13218, -6]
602:62.61, 3:10 [6, 16839, -6]
fe: 1, se: 2

Day: 1, Time: 50
Total Cost: 328.51
 12:90.24, 7:75 [3, -9, -3]
901:100.50, 3:10 [9, 15638, -9]
902:137.77, 4:10 [9, 15078, -9]
fe: 1, se: 2

Day: 1, Time: 55
Total Cost: 148.88
 11:66.27, 4:75 [2, -6, -2]
601:82.61, 4:10 [6, 14293, -6]
fe: 1, se: 1

Day: 1, Time: 55
Total Cost: 230.46
 11:113.51, 4:75 [3, -8, -9, -3]
801:44.94, 2:10 [8, 10542, -8]
901:72.00, 2:10 [9, 11935, -9]
fe: 1, se: 2

Day: 1, Time: 60
Total Cost: 258.39
 11:136.01, 4:75 [1, -4, -1]
401:122.38, 4:10 [4, 11442, -4]
fe: 1, se: 1

Day: 1, Time: 60
Total Cost: 142.27
 11:66.27, 3:75 [2, -6, -2]
601:76.00, 3:10 [6, 13853, -6]
fe: 1, se: 1

Day: 1, Time: 60
Total Cost: 287.74
 11:94.59, 2:75 [3, -8, -3]
801:101.39, 1:10 [8, 11694, -8]
802:91.76, 1:10 [8, 16914, -8]
fe: 1, se: 2

Day: 1, Time: 65
Total Cost: 315.46
 11:136.01, 7:75 [1, -4, -1]
401:35.61, 1:10 [4, 13175, -4]
402:143.84, 6:10 [4, 10928, 12970, -4]
fe: 1, se: 2

Day: 1, Time: 65
Total Cost: 286.27
 11:94.59, 5:75 [3, -8, -3]
801:102.84, 4:10 [8, 9528, -8]
802:88.84, 1:10 [8, 11672, -8]
fe: 1, se: 2

Day: 1, Time: 70
Total Cost: 207.20
 11:136.01, 4:75 [1, -4, -1]
401:71.19, 4:10 [4, 17168, 16057, -4]
fe: 1, se: 1

Day: 1, Time: 70
Total Cost: 423.65
 11:66.27, 5:75 [2, -6, -2]
 12:145.23, 2:75 [2, -7, -2]
601:50.04, 2:10 [6, 14308, -6]
602:100.50, 3:10 [6, 11474, -6]
701:61.61, 2:10 [7, 17152, -7]
fe: 2, se: 3

Day: 1, Time: 75
Total Cost: 386.92
 11:153.31, 4:75 [1, -5, -1]
 12:136.01, 2:75 [1, -4, -1]
401:31.62, 2:10 [4, 10090, -4]
501:65.97, 4:10 [5, 12694, -5]
fe: 2, se: 2

Day: 1, Time: 75
Total Cost: 331.64
 11:90.24, 14:75 [3, -9, -3]
901:80.42, 9:10 [9, 16273, 15908, 12391, -9]
902:105.26, 3:10 [9, 11714, -9]
903:55.71, 2:10 [9, 16780, -9]
fe: 1, se: 3

Day: 1, Time: 80
Total Cost: 246.34
 11:66.27, 5:75 [2, -6, -2]
601:83.55, 4:10 [6, 16144, -6]
602:96.52, 1:10 [6, 12424, -6]
fe: 1, se: 2

Day: 1, Time: 85
Total Cost: 274.88
 12:90.24, 10:75 [3, -9, -3]
901:85.52, 7:10 [9, 15640, 11507, -9]
902:61.06, 2:10 [9, 12686, -9]
903:38.05, 1:10 [9, 17135, -9]
fe: 1, se: 3

Day: 1, Time: 90
Total Cost: 474.20
 11:136.01, 5:75 [1, -4, -1]
 12:153.31, 2:75 [1, -5, -1]
401:36.00, 3:10 [4, 12218, -4]
402:82.39, 2:10 [4, 12118, -4]
501:66.48, 2:10 [5, 9699, -5]
fe: 2, se: 3

Day: 1, Time: 90
Total Cost: 193.54
 11:66.27, 4:75 [2, -6, -2]
601:70.00, 3:10 [6, 11636, -6]
602:57.27, 1:10 [6, 16603, -6]
fe: 1, se: 2

Day: 1, Time: 95
Total Cost: 213.68
 11:136.01, 2:75 [1, -4, -1]
401:77.67, 2:10 [4, 13668, -4]
fe: 1, se: 1

Day: 1, Time: 95
Total Cost: 230.94
 11:66.27, 2:75 [2, -6, -2]
 12:66.27, 2:75 [2, -6, -2]
601:75.07, 2:10 [6, 10714, -6]
602:23.32, 2:10 [6, 16588, -6]
fe: 2, se: 2

Day: 1, Time: 105
Total Cost: 404.75
 11:136.01, 4:75 [1, -4, -1]
 12:136.01, 4:75 [1, -4, -1]
401:100.66, 4:10 [4, 14852, -4]
402:32.06, 4:10 [4, 16369, -4]
fe: 2, se: 2

Day: 1, Time: 105
Total Cost: 286.04
 11:66.27, 5:75 [2, -6, -2]
 12:66.27, 3:75 [2, -6, -2]
601:35.07, 5:10 [6, 13072, 16852, 16581, -6]
602:118.42, 3:10 [6, 15094, -6]
fe: 2, se: 2

Day: 1, Time: 110
Total Cost: 245.28
 12:94.59, 6:75 [3, -8, -3]
801:87.13, 1:10 [8, 11732, -8]
802:63.56, 5:10 [8, 13936, 12886, 9725, -8]
fe: 1, se: 2

Day: 1, Time: 115
Total Cost: 422.65
 11:136.01, 4:75 [1, -4, -1]
 12:153.31, 3:75 [1, -5, -1]
401:55.32, 4:10 [4, 13858, -4]
501:78.00, 3:10 [5, 17184, 15363, -5]
fe: 2, se: 2

Day: 1, Time: 115
Total Cost: 252.28
 11:66.27, 2:75 [2, -6, -2]
 12:66.27, 1:75 [2, -6, -2]
601:13.42, 2:10 [6, 15962, -6]
602:106.32, 1:10 [6, 12102, -6]
fe: 2, se: 2

Day: 1, Time: 120
Total Cost: 217.68
 11:94.59, 11:75 [3, -8, -3]
801:110.44, 10:10 [8, 16391, 16811, 12328, -8]
802:12.65, 1:10 [8, 9404, -8]
fe: 1, se: 2

Day: 1, Time: 125
Total Cost: 180.51
 11:153.31, 4:75 [1, -5, -1]
501:27.20, 4:10 [5, 10108, -5]
fe: 1, se: 1

Day: 1, Time: 125
Total Cost: 133.32
 11:66.27, 1:75 [2, -6, -2]
601:67.05, 1:10 [6, 12386, -6]
fe: 1, se: 1

Day: 1, Time: 130
Total Cost: 263.66
 11:153.31, 3:75 [1, -5, -1]
501:110.34, 3:10 [5, 11273, -5]
fe: 1, se: 1

Day: 1, Time: 130
Total Cost: 142.76
 11:94.59, 1:75 [3, -8, -3]
801:48.17, 1:10 [8, 15899, -8]
fe: 1, se: 1

Day: 1, Time: 135
Total Cost: 233.24
 11:153.31, 1:75 [1, -5, -1]
501:79.92, 1:10 [5, 16361, -5]
fe: 1, se: 1

Day: 1, Time: 135
Total Cost: 146.99
 11:66.27, 4:75 [2, -6, -2]
601:80.72, 4:10 [6, 10895, -6]
fe: 1, se: 1

Day: 1, Time: 135
Total Cost: 189.54
 11:90.24, 4:75 [3, -9, -3]
901:99.30, 4:10 [9, 13414, -9]
fe: 1, se: 1

Day: 1, Time: 140
Total Cost: 134.39
 11:66.27, 3:75 [2, -6, -2]
601:68.12, 3:10 [6, 16321, -6]
fe: 1, se: 1

Day: 1, Time: 140
Total Cost: 282.38
 12:90.24, 4:75 [3, -9, -3]
901:64.50, 1:10 [9, 9318, -9]
902:127.64, 3:10 [9, 10146, -9]
fe: 1, se: 2

Day: 1, Time: 145
Total Cost: 171.53
 11:66.27, 4:75 [2, -6, -2]
601:105.26, 4:10 [6, 9551, -6]
fe: 1, se: 1

Day: 1, Time: 155
Total Cost: 400.69
 11:136.01, 3:75 [1, -4, -1]
 12:153.31, 4:75 [1, -5, -1]
401:32.25, 3:10 [4, 13627, -4]
501:79.12, 4:10 [5, 14584, -5]
fe: 2, se: 2

Day: 1, Time: 160
Total Cost: 241.62
 11:136.01, 4:75 [1, -4, -1]
401:105.60, 4:10 [4, 16239, -4]
fe: 1, se: 1

Day: 1, Time: 160
Total Cost: 137.21
 11:66.27, 4:75 [2, -6, -2]
601:70.94, 4:10 [6, 10716, -6]
fe: 1, se: 1

Day: 1, Time: 165
Total Cost: 262.91
 11:136.01, 3:75 [1, -4, -1]
401:126.89, 3:10 [4, 9324, 9162, -4]
fe: 1, se: 1

Day: 1, Time: 165
Total Cost: 190.85
 11:66.27, 3:75 [2, -6, -2]
601:124.58, 3:10 [6, 11462, -6]
fe: 1, se: 1

Day: 1, Time: 170
Total Cost: 104.32
 11:66.27, 2:75 [2, -6, -2]
601:38.05, 2:10 [6, 10500, -6]
fe: 1, se: 1

Day: 1, Time: 175
Total Cost: 425.67
 11:153.31, 4:75 [1, -5, -1]
 12:153.31, 4:75 [1, -5, -1]
501:92.97, 4:10 [5, 11726, -5]
502:26.08, 4:10 [5, 16836, -5]
fe: 2, se: 2

Day: 1, Time: 175
Total Cost: 180.84
 11:145.23, 2:75 [2, -7, -2]
701:35.61, 2:10 [7, 11056, -7]
fe: 1, se: 1

Day: 1, Time: 175
Total Cost: 338.52
 11:94.59, 2:75 [3, -8, -3]
 12:90.24, 2:75 [3, -9, -3]
801:100.02, 2:10 [8, 11073, -8]
901:53.67, 2:10 [9, 11565, -9]
fe: 2, se: 2

Day: 1, Time: 180
Total Cost: 194.87
 11:136.01, 4:75 [1, -4, -1]
401:58.86, 4:10 [4, 13426, -4]
fe: 1, se: 1

Day: 1, Time: 180
Total Cost: 136.13
 11:66.27, 4:75 [2, -6, -2]
601:69.86, 4:10 [6, 12339, -6]
fe: 1, se: 1

Day: 1, Time: 250
Total Cost: 672.47
 11:66.27, 49:75 [2, -6, -2]
601:92.10, 9:10 [6, 17173, 11774, 15729, -6]
602:170.12, 10:10 [6, 12583, 9830, 10048, 13313, -6]
603:160.65, 10:10 [6, 14435, 15316, 11000, 13604, 15051, -6]
604:94.31, 8:10 [6, 11188, 16412, 16812, -6]
605:10.20, 3:10 [6, 10116, -6]
606:78.82, 9:10 [6, 12946, 12950, 10935, -6]
fe: 1, se: 6

Day: 1, Time: 270
Total Cost: 592.79
 11:90.24, 37:75 [3, -9, -3]
901:99.45, 8:10 [9, 14987, 13008, 14804, -9]
902:98.56, 9:10 [9, 16238, 11876, 14362, -9]
903:148.66, 10:10 [9, 13633, 10312, 16487, 12620, -9]
904:155.87, 10:10 [9, 16737, 9990, 14414, 13039, 17002, -9]
fe: 1, se: 4

Day: 1, Time: 280
Total Cost: 321.45
 11:66.27, 15:75 [2, -6, -2]
601:78.61, 5:10 [6, 13860, 9469, -6]
602:176.57, 10:10 [6, 12612, 12535, 12689, -6]
fe: 1, se: 2

Day: 1, Time: 285
Total Cost: 765.98
 11:136.01, 17:75 [1, -4, -1]
 12:153.31, 16:75 [1, -5, -1]
401:59.05, 7:10 [4, 12225, 15496, 9801, 9147, -4]
402:86.72, 5:10 [4, 13664, 9452, 12787, 12489, -4]
403:59.25, 5:10 [4, 13344, 11176, -4]
501:99.29, 7:10 [5, 10599, 15645, 15447, -5]
502:172.35, 9:10 [5, 11868, 14638, 16481, -5]
fe: 2, se: 5

Day: 1, Time: 295
Total Cost: 319.19
 11:113.51, 11:75 [3, -9, -8, -3]
801:76.94, 1:10 [8, 13647, -8]
902:128.74, 10:10 [9, 14881, 15825, 9149, -9]
fe: 1, se: 2

Day: 1, Time: 325
Total Cost: 932.94
 11:136.01, 21:75 [1, 4, -4, -1]
 12:153.31, 35:75 [1, 5, -5, -1]
401:163.52, 10:10 [4, 1889, 295, 4528, 15262, 167, 145, -4]
402:37.95, 3:10 [4, 141, -4]
403:91.73, 8:10 [4, 71, 17, 238, -4]
501:63.68, 10:10 [5, 8149, 5603, 28, -5]
502:42.24, 8:10 [5, 313, 178, 4874, -5]
503:152.06, 10:10 [5, 1079, 258, 5953, 159, -5]
504:92.43, 7:10 [5, 7932, 56, 9378, 4185, -5]
fe: 2, se: 7

Day: 1, Time: 350
Total Cost: 862.26
 12:90.24, 57:75 [3, 9, -9, -3]
901:163.90, 9:10 [9, 102, 3135, 1980, 157, 14016, 9747, 579, -9]
902:93.15, 9:10 [9, 62, 199, 93, 164, 15863, 10955, 13063, -9]
903:120.35, 10:10 [9, 45, 5163, 223, 15284, 169, -9]
904:132.09, 10:10 [9, 227, 231, 5717, 273, -9]
906:119.65, 9:10 [9, 290, 9464, 206, 3956, 11335, -9]
907:142.87, 10:10 [9, 229, 125, 12834, 13700, 14227, 160, -9]
fe: 1, se: 6

Day: 1, Time: 360
Total Cost: 2258.55
 11:136.01, 70:75 [1, 4, -4, -1]
 12:153.31, 73:75 [1, 5, -5, -1]
 13:153.31, 8:75 [1, 5, -1]
401:160.86, 9:10 [4, 14746, 188, 306, 3696, 7975, -4]
402:133.71, 10:10 [4, 1852, 97, 267, 110, 142, -4]
403:41.25, 4:10 [4, 286, 2946, -4]
405:110.83, 10:10 [4, 180, 113, 13939, 132, 248, 10429, 225, 130, -4]
406:103.45, 10:10 [4, 1035, 5630, 117, 7209, 667, 39, 1419, 126, 217, -4]
408:105.27, 9:10 [4, 3996, 310, 312, 16664, 8162, 10415, 16568, 95, -4]
409:85.58, 10:10 [4, 302, 8090, 154, 185, 12401, 8423, -4]
411:147.93, 10:10 [4, 221, 264, 80, 50, 216, 92, -4]
501:139.41, 10:10 [5, 116, 260, 294, 82, 288, 7891, -5]
502:71.18, 10:10 [5, 300, 5856, 13, 3058, 226, 10196, 105, -5]
503:123.46, 10:10 [5, 19, 58, 123, 189, -5]
504:119.43, 9:10 [5, 7218, 73, 119, 140, 7913, -5]
505:101.78, 10:10 [5, 177, 2205, 155, -5]
506:129.13, 10:10 [5, 3042, 315, 13222, 279, 7272, 309, 4196, 4382, -5]
507:33.09, 6:10 [5, 114, 236, -5]
509:48.92, 10:10 [5, 253, 5500, 75, 14683, 278, 3734, -5]
511:160.65, 8:10 [5, 7898, 173, 261, 318, -5]
fe: 3, se: 17

Day: 1, Time: 360
Total Cost: 1440.57
 11:66.27, 71:75 [2, 6, -6, -2]
 12:145.23, 36:75 [2, 7, -7, -2]
601:128.30, 10:10 [6, 183, 243, 224, 16589, 296, 3004, -6]
602:126.62, 10:10 [6, 240, 3245, 8445, 89, 6948, 15531, -6]
603:18.44, 3:10 [6, 214, -6]
605:162.37, 10:10 [6, 277, 6859, 3435, 134, 42, 12310, 74, -6]
606:111.54, 10:10 [6, 158, 301, 10307, 118, 218, 10740, 15741, 16983, -6]
608:94.04, 9:10 [6, 8338, 200, 88, 274, 12488, 2982, 10972, -6]
609:127.39, 9:10 [6, 115, 47, 222, 147, 11659, -6]
612:100.53, 10:10 [6, 76, 311, 16, 27, 16215, 1811, 9515, 4665, 11049, -6]
701:81.77, 8:10 [7, 8224, 254, 6875, 241, 10837, -7]
702:57.77, 8:10 [7, 2918, 6611, -7]
703:99.10, 10:10 [7, 4484, 220, 90, 289, 34, 275, -7]
704:121.19, 10:10 [7, 7981, 112, 235, 13339, 135, 60, 161, -7]
fe: 2, se: 12

Day: 1, Time: 360
Total Cost: 734.90
 12:113.51, 30:75 [3, 9, 8, -8, -3]
803:116.43, 4:10 [8, 139, 287, 10208, 234, -8]
901:203.89, 7:10 [9, 84, 163, 99, 3412, 5619, -9]
903:141.33, 9:10 [9, 48, 2725, 5899, 37, 109, -9]
904:159.73, 10:10 [9, 18, 162, 281, 65, 51, 5618, -9]
fe: 1, se: 4

Day: 1, Time: 395
Total Cost: 559.52
 11:113.51, 26:75 [3, -8, -9, -3]
801:99.53, 8:10 [8, 12450, 16132, -8]
802:107.56, 4:10 [8, 17012, 16426, -8]
901:104.61, 8:10 [9, 13311, 14345, 16884, -9]
902:134.31, 6:10 [9, 14206, 11083, -9]
fe: 1, se: 4

Day: 1, Time: 400
Total Cost: 445.77
 11:179.78, 15:75 [1, -4, -5, -1]
401:92.20, 1:10 [4, 11995, -4]
501:129.38, 8:10 [5, 17119, 16162, 11082, 13661, -5]
502:44.41, 6:10 [5, 15007, 11053, -5]
fe: 1, se: 3

Day: 1, Time: 400
Total Cost: 327.87
 11:66.27, 13:75 [2, -6, -2]
601:126.83, 10:10 [6, 9929, 10587, 9788, -6]
602:134.77, 3:10 [6, 9858, 15739, -6]
fe: 1, se: 2

Day: 1, Time: 405
Total Cost: 1861.50
 11:179.78, 71:75 [1, 4, -5, -1]
 13:153.31, 75:75 [1, 5, -1]
401:178.27, 10:10 [4, 156, 29, 269, -4]
402:56.60, 4:10 [4, 7583, -4]
403:40.35, 8:10 [4, 230, 2026, -4]
404:73.91, 10:10 [4, 193, 63, 228, -4]
405:96.18, 9:10 [4, 100, 198, 23, 3537, -4]
406:115.36, 10:10 [4, 838, 233, 316, -4]
407:37.56, 10:10 [4, 120, 53, 259, -4]
410:92.55, 10:10 [4, 103, 137, 212, -4]
501:78.72, 10:10 [5, 104, 215, 107, 129, -5]
502:90.13, 7:10 [5, 98, 175, -5]
503:67.55, 9:10 [5, 59, 77, 202, -5]
504:94.95, 10:10 [5, 232, 276, 32, -5]
505:38.47, 4:10 [5, 22, -5]
506:139.44, 9:10 [5, 85, 57, 64, -5]
507:103.44, 10:10 [5, 14204, 52, 4724, -5]
508:46.96, 10:10 [5, 30, 91, 5246, -5]
509:177.99, 8:10 [5, 3701, 7454, -5]
fe: 2, se: 17

Day: 1, Time: 405
Total Cost: 1733.16
 11:66.27, 73:75 [2, 6, -6, -2]
 12:66.27, 55:75 [2, 6, -2]
601:62.98, 8:10 [6, 255, 2131, -6]
602:95.21, 10:10 [6, 179, 149, 36, -6]
604:169.54, 8:10 [6, 192, 4978, 284, -6]
605:175.95, 10:10 [6, 262, 250, 862, 78, 204, -6]
606:103.72, 10:10 [6, 150, 2817, 182, -6]
607:115.12, 10:10 [6, 317, 246, 1418, 293, -6]
608:145.25, 7:10 [6, 297, 6950, 14530, 1009, -6]
609:72.19, 10:10 [6, 54, 15, 207, -6]
610:102.05, 8:10 [6, 257, 299, 319, -6]
611:121.14, 10:10 [6, 186, 4393, 265, 181, -6]
612:63.11, 9:10 [6, 291, 3024, 283, -6]
613:122.45, 9:10 [6, 304, 49, 148, -6]
615:138.84, 10:10 [6, 2528, 106, 165, 7367, -6]
617:113.07, 9:10 [6, 14, 285, 9401, 270, 210, -6]
fe: 2, se: 14

Day: 1, Time: 405
Total Cost: 2107.73
 11:94.59, 75:75 [3, 8, -8, -3]
 12:113.51, 28:75 [3, 8, 9, -3]
 13:90.24, 73:75 [3, 9, -9, -3]
801:122.89, 10:10 [8, 196, 3528, 144, 152, -8]
802:89.73, 8:10 [8, 153, 190, 305, 67, -8]
803:103.05, 10:10 [8, 292, 205, 256, 17046, 133, -8]
804:107.68, 10:10 [8, 4937, 131, 7679, -8]
805:97.56, 10:10 [8, 171, 6404, 46, -8]
806:92.57, 8:10 [8, 1810, 166, 244, -8]
807:125.62, 9:10 [8, 127, 8013, 8252, 1400, -8]
808:84.42, 10:10 [8, 213, 3428, 33, -8]
809:108.47, 10:10 [8, 211, 111, 307, 8478, -8]
812:113.92, 10:10 [8, 268, 79, 176, 69, -8]
901:77.27, 7:10 [9, 195, 303, -9]
902:53.09, 10:10 [9, 170, 308, 40, -9]
903:90.71, 8:10 [9, 5367, 8462, 191, -9]
904:45.28, 8:10 [9, 26, 151, -9]
905:119.63, 9:10 [9, 43, 24, 3427, -9]
906:111.15, 10:10 [9, 10, 68, 7631, -9]
907:113.33, 10:10 [9, 70, 2024, 15106, 249, 197, 2005, -9]
908:110.60, 9:10 [9, 146, 25, 298, -9]
909:42.40, 10:10 [9, 242, 2784, 11602, 96, -9]
fe: 3, se: 19

Day: 1, Time: 410
Total Cost: 254.57
 11:90.24, 6:75 [3, -9, -3]
901:74.11, 2:10 [9, 11228, -9]
902:90.22, 4:10 [9, 15631, 10361, -9]
fe: 1, se: 2

Day: 1, Time: 415
Total Cost: 658.98
 11:136.01, 9:75 [1, -4, -1]
 12:153.31, 1:75 [1, -5, -1]
401:132.60, 6:10 [4, 12110, 14222, -4]
402:79.62, 3:10 [4, 13525, -4]
501:157.43, 1:10 [5, 10947, -5]
fe: 2, se: 3

Day: 1, Time: 415
Total Cost: 199.21
 11:66.27, 3:75 [2, -6, -2]
601:132.93, 3:10 [6, 11645, 15297, -6]
fe: 1, se: 1

Day: 1, Time: 415
Total Cost: 221.36
 11:94.59, 6:75 [3, -8, -3]
801:109.56, 3:10 [8, 14444, -8]
802:17.20, 3:10 [8, 15187, -8]
fe: 1, se: 2

Day: 1, Time: 450
Total Cost: 372.97
 11:136.01, 13:75 [1, 4, -1]
401:87.05, 6:10 [4, 2366, 3649, -4]
402:117.34, 6:10 [4, 7701, 861, -4]
403:32.56, 1:10 [4, 714, -4]
fe: 1, se: 3

Day: 1, Time: 450
Total Cost: 1180.42
 11:66.27, 75:75 [2, 6, -2]
 12:145.23, 21:75 [2, 7, -2]
601:126.78, 10:10 [6, 1456, 4736, 44, -6]
602:42.30, 7:10 [6, 86, 628, 5894, -6]
603:68.03, 3:10 [6, 72, -6]
604:83.97, 8:10 [6, 138, 3638, -6]
605:65.15, 3:10 [6, 8494, 66, -6]
606:90.04, 10:10 [6, 187, 94, 168, 8121, -6]
607:104.31, 10:10 [6, 81, 55, 83, -6]
608:110.55, 8:10 [6, 203, 2752, -6]
609:47.05, 7:10 [6, 272, 209, -6]
610:123.49, 9:10 [6, 252, 208, 4485, -6]
701:31.74, 7:10 [7, 2238, 61, -7]
702:4.00, 4:10 [7, 194, -7]
703:71.50, 10:10 [7, 2383, 143, 6162, -7]
fe: 2, se: 13

Day: 1, Time: 450
Total Cost: 899.42
 12:113.51, 66:75 [3, 9, 8, -3]
801:70.58, 5:10 [8, 245, 247, -8]
901:143.23, 7:10 [9, 5168, 108, -9]
902:126.34, 9:10 [9, 6673, 219, 11, 4280, -9]
903:85.27, 10:10 [9, 21, 174, 271, -9]
904:88.24, 10:10 [9, 8146, 122, 201, -9]
905:66.71, 9:10 [9, 2772, 4004, 101, -9]
906:109.49, 10:10 [9, 2583, 237, 184, -9]
907:96.05, 6:10 [9, 41, 7671, 35, -9]
fe: 1, se: 8

Day: 1, Time: 460
Total Cost: 205.32
 11:153.31, 2:75 [1, 5, -1]
501:52.01, 2:10 [5, 263, 87, -5]
fe: 1, se: 1

Day: 1, Time: 460
Total Cost: 371.65
 11:66.27, 18:75 [2, 6, -2]
601:88.37, 7:10 [6, 239, 31, -6]
602:116.79, 7:10 [6, 251, 7549, -6]
603:100.21, 4:10 [6, 121, 20, -6]
fe: 1, se: 3

Day: 1, Time: 460
Total Cost: 192.88
 11:113.51, 7:75 [3, 9, 8, -3]
801:58.31, 2:10 [8, 634, -8]
901:21.06, 5:10 [9, 3036, 472, -9]
fe: 1, se: 2


Day	Area	ID	Time	Load	Utilization	NoOrders	AssignmentCost
1	1	 7	270	 53	0.71	24	605.00
1	1	27	315	 75	1.00	29	825.00
1	1	 8	315	 75	1.00	35	825.00
1	1	 9	360	 67	0.89	23	745.00
1	1	28	360	 74	0.99	24	815.00
1	1	119	400	 11	0.07	 4	370.00
1	1	38	810	 36	0.60	17	522.00
1	1	19	810	 57	0.95	25	774.00
1	2	44	225	 72	0.96	33	795.00
1	2	63	225	 41	0.55	12	485.00
1	2	64	270	 27	0.36	15	345.00
1	2	136	300	 44	0.29	26	1030.00
1	2	46	315	 75	1.00	25	825.00
1	2	65	315	 75	1.00	24	825.00
1	2	66	360	 13	0.17	 4	205.00
1	2	72	630	 15	0.20	 5	225.00
1	2	57	810	 60	1.00	23	810.00
1	2	76	810	 60	1.00	24	810.00
1	3	102	270	 34	0.45	17	415.00
1	3	163	300	130	0.87	75	2750.00
1	3	84	315	 75	1.00	20	825.00
1	3	103	315	 75	1.00	22	825.00
1	3	104	360	 21	0.28	 8	285.00
1	3	164	400	 16	0.11	 7	470.00
1	3	110	630	 20	0.27	 6	275.00
1	3	114	810	 60	1.00	24	810.00
1	3	95	810	 60	1.00	24	810.00


Day	Area	Time	Pickup	Delivery	Direct	FEVehicles	SEVehicles	ALNSTime	ALNSBestTime	RoutingCostArea
1	1	0	99	64	0	8	49	136.83	95.66	6211.17
1	1	20	3	0	0	1	2	0.33	0.00	344.86
1	1	50	7	0	0	2	4	0.58	0.00	636.61
1	1	60	1	0	0	1	1	0.20	0.00	258.39
1	1	65	3	0	0	1	2	0.35	0.00	315.46
1	1	70	2	0	0	1	1	0.28	0.00	207.20
1	1	75	2	0	0	2	2	0.32	0.00	386.92
1	1	90	3	0	0	2	3	0.41	0.00	474.20
1	1	95	1	0	0	1	1	0.20	0.00	213.68
1	1	100	0	0	1	0	0	0.00	0.00	500.00
1	1	105	2	0	0	2	2	0.32	0.00	404.75
1	1	115	3	0	0	2	2	0.43	0.00	422.65
1	1	125	1	0	0	1	1	0.20	0.00	180.51
1	1	130	1	0	0	1	1	0.20	0.00	263.66
1	1	135	1	0	0	1	1	0.20	0.00	233.24
1	1	155	2	0	1	2	2	0.33	0.00	900.69
1	1	160	1	0	1	1	1	0.24	0.00	741.62
1	1	165	2	0	1	1	1	0.30	0.00	762.91
1	1	175	2	0	0	2	2	0.34	0.00	425.67
1	1	180	1	0	0	1	1	0.20	0.00	194.87
1	1	285	16	0	0	2	5	1.31	0.00	765.98
1	1	325	2	22	0	2	7	2.06	1.23	932.94
1	1	360	10	84	0	3	17	51.04	34.81	2258.55
1	1	400	7	0	0	1	3	0.71	0.00	445.77
1	1	405	1	45	0	2	17	4.21	0.00	1861.50
1	1	415	4	0	0	2	3	0.42	0.00	658.98
1	1	450	0	5	0	1	3	0.47	0.00	372.97
1	1	460	0	2	0	1	1	0.28	0.00	205.32
1	2	0	102	53	0	7	40	139.26	112.82	3975.23
1	2	10	2	0	0	1	2	0.33	0.00	275.39
1	2	15	2	0	0	1	2	0.32	0.00	237.53
1	2	30	1	0	0	1	1	0.20	0.00	147.86
1	2	35	1	0	0	1	1	0.20	0.00	173.70
1	2	45	5	0	0	1	4	0.62	0.00	342.45
1	2	50	2	0	0	1	2	0.30	0.00	214.91
1	2	55	1	0	0	1	1	0.20	0.00	148.88
1	2	60	1	0	0	1	1	0.20	0.00	142.27
1	2	70	3	0	0	2	3	0.40	0.00	423.65
1	2	80	2	0	0	1	2	0.27	0.00	246.34
1	2	90	2	0	0	1	2	0.26	0.00	193.54
1	2	95	2	0	0	2	2	0.31	0.00	230.94
1	2	105	4	0	0	2	2	0.43	0.00	286.04
1	2	115	2	0	0	2	2	0.31	0.00	252.28
1	2	125	1	0	0	1	1	0.23	0.00	133.32
1	2	135	1	0	0	1	1	0.20	0.00	146.99
1	2	140	1	0	0	1	1	0.22	0.00	134.39
1	2	145	1	0	0	1	1	0.20	0.00	171.53
1	2	160	1	0	0	1	1	0.20	0.00	137.21
1	2	165	1	0	0	1	1	0.20	0.00	190.85
1	2	170	1	0	0	1	1	0.20	0.00	104.32
1	2	175	1	0	1	1	1	0.20	0.00	680.84
1	2	180	1	0	1	1	1	0.20	0.00	636.13
1	2	250	19	0	0	1	6	2.56	1.14	672.47
1	2	280	5	0	0	1	2	0.41	0.00	321.45
1	2	360	15	54	0	2	12	21.32	12.29	1440.57
1	2	400	5	0	0	1	2	0.39	0.00	327.87
1	2	405	2	47	0	2	14	6.13	3.97	1733.16
1	2	415	2	0	0	1	1	0.27	0.00	199.21
1	2	450	0	31	0	2	13	2.63	1.65	1180.42
1	2	460	0	6	0	1	3	0.41	0.00	371.65
1	3	0	110	63	0	7	42	176.69	137.58	4384.82
1	3	40	7	0	0	2	2	0.53	0.00	437.94
1	3	45	3	0	0	1	2	0.40	0.00	316.47
1	3	50	2	0	0	1	2	0.31	0.00	328.51
1	3	55	2	0	0	1	2	0.31	0.00	230.46
1	3	60	2	0	0	1	2	0.26	0.00	287.74
1	3	65	2	0	0	1	2	0.26	0.00	286.27
1	3	75	5	0	0	1	3	0.56	0.04	331.64
1	3	85	4	0	0	1	3	0.57	0.00	274.88
1	3	110	4	0	0	1	2	0.66	0.04	245.28
1	3	120	4	0	0	1	2	0.39	0.00	217.68
1	3	130	1	0	0	1	1	0.20	0.00	142.76
1	3	135	1	0	1	1	1	0.21	0.00	689.54
1	3	140	2	0	1	1	2	0.31	0.00	782.38
1	3	175	2	0	1	2	2	0.33	0.00	838.52
1	3	180	0	0	1	0	0	0.00	0.00	500.00
1	3	270	15	0	0	1	4	1.47	0.00	592.79
1	3	295	4	0	0	1	2	0.47	0.00	319.19
1	3	350	11	23	0	1	6	4.53	0.18	862.26
1	3	360	1	19	0	1	4	2.30	1.50	734.90
1	3	395	9	0	0	1	4	1.02	0.00	559.52
1	3	405	3	63	0	3	19	19.52	15.64	2107.73
1	3	410	3	0	0	1	2	0.34	0.00	254.57
1	3	415	2	0	0	1	2	0.27	0.00	221.36
1	3	450	0	23	0	1	8	1.73	0.19	899.42
1	3	460	0	3	0	1	2	0.39	0.00	192.88

Day	SL	Own	DispatchTimes	AssignmentCost	RoutingCost	TotalCost
1	23	4	60	19301.00	54493.98	73794.98

Total Cost: 73794.97774496017
Cost per Day: 73794.97774496017
Running time in Seconds: 887.854
Running time in minutes: 14.797566666666667