INSTANCE: 2hubs_MSD_A_6_x.csv
PARAMETER: tuning_standard.txt
POLICY: MIP
ALPHA: 0.387023956898126
BETA: 78
OMEGA: 586
EPSILON: 1.00597325044486

Day: 1, Time: 0
Total Cost: 2522.77
 11:66.27, 73:75 [2, 5, -5, -2]
 12:66.27, 19:75 [2, 5, -5, -2]
 13:145.23, 46:75 [2, 6, -6, -2]
501:64.26, 10:10 [5, 3265, 3310, 3206, -5]
502:118.15, 8:10 [5, 3171, 3178, 3133, -5]
503:18.56, 7:10 [5, 3213, 3289, -5]
504:140.45, 10:10 [5, 3145, 3266, 3281, 3306, 3275, -5]
505:92.50, 10:10 [5, 3188, 3174, 3139, 3184, -5]
506:139.39, 9:10 [5, 3288, 3160, 3212, 3225, 3271, 3280, -5]
507:43.41, 9:10 [5, 3243, 3245, 3267, -5]
508:37.10, 6:10 [5, 3137, 3164, -5]
509:70.98, 9:10 [5, 3236, 3256, 3238, 3291, -5]
510:93.82, 8:10 [5, 3156, 3127, 3192, -5]
511:116.37, 9:10 [5, 3218, 3259, 3207, 3299, -5]
512:118.89, 10:10 [5, 3293, 3214, 3269, 3205, 3228, 3305, -5]
513:128.74, 10:10 [5, 3193, 3149, 3165, 3196, -5]
514:111.93, 10:10 [5, 3263, 3223, 3204, 3314, 3260, -5]
515:94.00, 10:10 [5, 3169, 3141, 3190, -5]
516:162.88, 10:10 [5, 3268, 3308, 3230, 3258, 3261, 3312, 3143, -5]
601:56.52, 10:10 [6, 3313, 3227, 3240, 3229, 3202, -6]
602:90.81, 9:10 [6, 3194, 3179, 3142, 3147, 3191, -6]
603:87.10, 8:10 [6, 3222, 3295, 3270, 3241, 3274, -6]
604:49.94, 8:10 [6, 3292, 3296, 3200, -6]
605:97.27, 9:10 [6, 3181, 3150, 3148, -6]
606:148.43, 10:10 [6, 3157, 3158, 3170, 3155, 3130, -6]
607:81.26, 10:10 [6, 3276, 3278, 3282, 3210, -6]
609:82.22, 10:10 [6, 3247, 3226, 3254, -6]
fe: 3, se: 24

Day: 1, Time: 5
Total Cost: 5195.22
 11:136.01, 50:75 [1, 3, -3, -1]
 12:136.01, 18:75 [1, -3, -1]
 13:153.31, 36:75 [1, 4, -4, -1]
 14:153.31, 46:75 [1, -4, -1]
 15:153.31, 10:75 [1, -4, -1]
 16:153.31, 29:75 [1, -4, -1]
301:246.16, 10:10 [3, 3154, 3135, 3151, 3138, -3]
302:129.75, 8:10 [3, 3277, 3237, 3309, 3186, -3]
303:175.40, 10:10 [3, 3209, 3257, 3251, 3285, -3]
304:184.42, 10:10 [3, 3159, 3132, 3152, 3175, -3]
305:116.28, 1:10 [3, 3273, -3]
306:135.95, 10:10 [3, 3189, 3173, 3168, 3136, -3]
307:114.44, 4:10 [3, 3203, -3]
308:210.90, 6:10 [3, 3219, 3290, 3234, -3]
309:42.94, 3:10 [3, 3128, -3]
310:89.25, 5:10 [3, 3244, 3294, 6313, -3]
311:70.71, 3:10 [3, 3242, -3]
312:69.56, 6:10 [3, 3284, 3221, 3262, -3]
313:91.21, 10:10 [3, 3140, 3176, 3166, -3]
314:140.52, 9:10 [3, 3302, 3252, 3304, 3195, 3163, -3]
315:109.37, 4:10 [3, 3235, 3286, -3]
316:134.53, 7:10 [3, 3216, 3298, -3]
401:76.40, 4:10 [4, 3201, 3239, -4]
402:295.20, 10:10 [4, 3134, 3167, 3146, 3187, 3183, 3283, -4]
403:101.27, 8:10 [4, 3248, 3297, -4]
404:140.29, 10:10 [4, 3246, 3162, 3131, 3144, -4]
405:102.96, 4:10 [4, 3272, -4]
406:171.07, 8:10 [4, 3129, 3185, 3180, -4]
407:164.90, 10:10 [4, 3279, 3233, 3220, -4]
408:91.51, 8:10 [4, 3231, 3198, -4]
409:92.34, 4:10 [4, 3249, 3208, 3255, -4]
410:143.86, 10:10 [4, 3177, 3182, 3161, 3172, 3153, -4]
411:200.16, 9:10 [4, 3264, 3303, 3199, 3287, -4]
412:104.00, 4:10 [4, 3307, -4]
413:90.01, 5:10 [4, 3211, 3215, -4]
414:101.07, 2:10 [4, 3224, -4]
415:190.30, 10:10 [4, 3315, 3311, 3300, -4]
416:79.46, 5:10 [4, 3232, 3217, -4]
417:48.33, 2:10 [4, 3301, -4]
418:55.44, 8:10 [4, 3253, 3250, -4]
fe: 6, se: 34

Day: 1, Time: 25
Total Cost: 287.24
 11:66.27, 6:75 [2, -5, -2]
501:89.38, 2:10 [5, 3953, -5]
502:131.59, 4:10 [5, 5852, 4581, -5]
fe: 1, se: 2

Day: 1, Time: 45
Total Cost: 300.85
 11:136.01, 6:75 [1, -3, -1]
301:88.84, 2:10 [3, 5857, -3]
302:76.00, 4:10 [3, 4876, -3]
fe: 1, se: 2

Day: 1, Time: 50
Total Cost: 253.06
 11:136.01, 1:75 [1, -3, -1]
301:117.05, 1:10 [3, 4387, -3]
fe: 1, se: 1

Day: 1, Time: 50
Total Cost: 189.23
 11:145.23, 1:75 [2, -6, -2]
601:44.00, 1:10 [6, 4991, -6]
fe: 1, se: 1

Day: 1, Time: 55
Total Cost: 138.38
 11:66.27, 2:75 [2, -5, -2]
501:72.11, 2:10 [5, 4037, -5]
fe: 1, se: 1

Day: 1, Time: 80
Total Cost: 266.00
 11:66.27, 3:75 [2, -5, -2]
501:87.66, 2:10 [5, 5627, -5]
502:112.07, 1:10 [5, 4109, -5]
fe: 1, se: 2

Day: 1, Time: 95
Total Cost: 178.43
 11:66.27, 4:75 [2, -5, -2]
501:112.16, 4:10 [5, 4434, -5]
fe: 1, se: 1

Day: 1, Time: 115
Total Cost: 518.96
 12:153.31, 5:75 [1, -4, -1]
 13:136.01, 5:75 [1, -3, -1]
301:130.23, 4:10 [3, 4694, -3]
302:26.31, 1:10 [3, 6150, -3]
401:73.10, 5:10 [4, 3911, 3834, -4]
fe: 2, se: 3

Day: 1, Time: 115
Total Cost: 248.73
 11:66.27, 8:75 [2, -5, -2]
501:98.34, 4:10 [5, 5808, 5379, -5]
502:84.12, 4:10 [5, 5106, -5]
fe: 1, se: 2

Day: 1, Time: 130
Total Cost: 191.92
 11:145.23, 2:75 [2, -6, -2]
601:46.69, 2:10 [6, 5951, -6]
fe: 1, se: 1

Day: 1, Time: 140
Total Cost: 197.22
 11:153.31, 4:75 [1, -4, -1]
401:43.91, 4:10 [4, 4189, -4]
fe: 1, se: 1

Day: 1, Time: 145
Total Cost: 231.27
 11:66.27, 4:75 [2, -5, -2]
501:59.40, 3:10 [5, 4469, -5]
502:105.60, 1:10 [5, 5169, -5]
fe: 1, se: 2

Day: 1, Time: 150
Total Cost: 225.43
 11:145.23, 5:75 [2, -6, -2]
601:80.20, 5:10 [6, 6179, 5030, -6]
fe: 1, se: 1

Day: 1, Time: 165
Total Cost: 415.86
 11:136.01, 5:75 [1, -3, -1]
 12:153.31, 1:75 [1, -4, -1]
301:68.23, 5:10 [3, 3351, 4913, -3]
401:58.31, 1:10 [4, 4447, -4]
fe: 2, se: 2

Day: 1, Time: 170
Total Cost: 181.95
 11:153.31, 3:75 [1, -4, -1]
401:28.64, 3:10 [4, 4930, -4]
fe: 1, se: 1

Day: 1, Time: 180
Total Cost: 193.60
 11:145.23, 1:75 [2, -6, -2]
601:48.37, 1:10 [6, 3475, -6]
fe: 1, se: 1

Day: 1, Time: 295
Total Cost: 551.55
 11:66.27, 31:75 [2, -5, -2]
501:104.99, 6:10 [5, 6036, 6122, -5]
502:122.57, 10:10 [5, 5270, 5583, 3507, 4773, 3798, -5]
503:86.62, 6:10 [5, 5053, 4351, -5]
504:171.10, 9:10 [5, 5289, 5907, 5006, 4237, -5]
fe: 1, se: 4

Day: 1, Time: 315
Total Cost: 665.47
 11:136.01, 21:75 [1, -3, -1]
301:153.75, 4:10 [3, 4395, 5547, -3]
303:179.02, 9:10 [3, 3371, 6205, 5477, 6207, 4023, -3]
304:196.69, 8:10 [3, 4947, 5083, 5155, 4050, -3]
fe: 1, se: 3

Day: 1, Time: 345
Total Cost: 936.15
 11:66.27, 31:75 [2, 5, -5, -2]
 12:145.23, 33:75 [2, 6, -6, -2]
501:160.35, 10:10 [5, 59, 5367, 21, 3428, 45, 11, -5]
502:128.70, 9:10 [5, 65, 25, 31, 83, 96, -5]
503:142.22, 10:10 [5, 42, 27, 117, 49, -5]
504:26.08, 4:10 [5, 107, -5]
601:108.82, 10:10 [6, 41, 5288, 34, 58, -6]
602:49.27, 10:10 [6, 82, 8, 94, 4961, -6]
603:66.14, 8:10 [6, 18, 72, 13, -6]
604:43.08, 5:10 [6, 52, 111, -6]
fe: 2, se: 8

Day: 1, Time: 360
Total Cost: 1315.26
 11:136.01, 49:75 [1, 3, -3, -1]
 12:153.31, 26:75 [1, 4, -1]
301:37.20, 5:10 [3, 10, 81, -3]
302:152.62, 9:10 [3, 105, 85, 106, 5343, 22, 86, -3]
303:183.89, 10:10 [3, 88, 84, 50, 24, -3]
304:114.38, 10:10 [3, 101, 115, 39, 847, 17, 37, 763, -3]
306:60.80, 7:10 [3, 1801, 109, 120, 5660, 51, -3]
310:165.19, 8:10 [3, 20, 1391, 103, 53, 15, 98, -3]
401:67.08, 7:10 [4, 38, 46, 32, -4]
402:161.92, 10:10 [4, 57, 92, 80, 48, 66, -4]
403:82.85, 9:10 [4, 2662, 69, 35, 12, 91, -4]
fe: 2, se: 9

Day: 1, Time: 390
Total Cost: 464.32
 11:66.27, 18:75 [2, 5, -5, -2]
502:128.97, 7:10 [5, 1686, 5000, 5653, 4530, -5]
503:136.03, 5:10 [5, 2901, 2667, 5721, 3662, -5]
504:133.04, 6:10 [5, 5433, 4079, -5]
fe: 1, se: 3

Day: 1, Time: 400
Total Cost: 448.58
 11:179.78, 15:75 [1, -3, -4, -1]
301:59.78, 8:10 [3, 4678, 4842, -3]
302:130.61, 4:10 [3, 4323, -3]
401:78.41, 3:10 [4, 5573, -4]
fe: 1, se: 3

Day: 1, Time: 405
Total Cost: 1085.88
 11:136.01, 27:75 [1, 3, -1]
 12:153.31, 48:75 [1, 4, -1]
301:97.04, 4:10 [3, 90, 40, -3]
302:142.33, 9:10 [3, 75, 55, 2437, 124, -3]
303:35.51, 8:10 [3, 68, 36, 78, -3]
304:57.51, 6:10 [3, 76, 2189, 73, -3]
401:160.01, 10:10 [4, 28, 1916, 16, -4]
402:42.82, 7:10 [4, 71, 77, 2761, -4]
403:15.23, 4:10 [4, 102, -4]
404:82.82, 4:10 [4, 23, 118, -4]
405:55.20, 8:10 [4, 70, 919, 116, -4]
406:40.88, 10:10 [4, 79, 122, 64, -4]
409:67.20, 5:10 [4, 123, 14, -4]
fe: 2, se: 11

Day: 1, Time: 420
Total Cost: 291.83
 11:179.78, 4:75 [1, -3, -4, -1]
301:75.29, 1:10 [3, 3997, -3]
401:36.77, 3:10 [4, 5535, -4]
fe: 1, se: 2

Day: 1, Time: 450
Total Cost: 637.84
 11:136.01, 19:75 [1, 3, -1]
 12:153.31, 5:75 [1, 4, -1]
301:92.68, 4:10 [3, 33, 1840, -3]
302:94.08, 5:10 [3, 1979, 1244, -3]
305:73.76, 10:10 [3, 2989, 2618, 1279, -3]
401:88.01, 5:10 [4, 99, 285, -4]
fe: 2, se: 4

Day: 1, Time: 450
Total Cost: 974.22
 11:66.27, 75:75 [2, 5, -2]
501:81.78, 10:10 [5, 63, 26, 3123, -5]
502:87.44, 5:10 [5, 1197, 114, 104, 74, -5]
504:75.58, 9:10 [5, 100, 721, 644, 161, 1257, 112, -5]
505:56.79, 9:10 [5, 1723, 54, 67, -5]
506:136.65, 8:10 [5, 30, 97, 1740, -5]
507:153.04, 6:10 [5, 60, 19, -5]
508:98.90, 8:10 [5, 61, 110, 119, -5]
509:62.27, 10:10 [5, 62, 95, 87, 56, 47, 113, -5]
510:155.52, 10:10 [5, 125, 2960, 1504, 29, -5]
fe: 1, se: 9

Day: 1, Time: 495
Total Cost: 411.33
 11:66.27, 23:75 [2, 5, -2]
501:73.13, 8:10 [5, 121, 9, -5]
502:96.10, 8:10 [5, 108, 89, -5]
503:107.42, 3:10 [5, 43, -5]
504:68.41, 4:10 [5, 999, -5]
fe: 1, se: 4


Day	Area	ID	Time	Load	Utilization	NoOrders	AssignmentCost
1	1	 6	225	 64	0.85	25	715.00
1	1	 7	270	  9	0.12	 3	165.00
1	1	 9	360	 75	1.00	34	825.00
1	1	10	405	 23	0.31	 6	305.00
1	1	19	810	 51	0.85	21	702.00
1	2	26	270	 75	1.00	41	825.00
1	2	27	315	 75	1.00	29	825.00
1	2	28	360	 24	0.32	 9	315.00
1	2	38	810	 58	0.97	24	786.00


Day	Area	Time	Pickup	Delivery	Direct	FEVehicles	SEVehicles	ALNSTime	ALNSBestTime	RoutingCostArea
1	1	5	57	35	0	6	34	42.11	0.00	5195.22
1	1	45	2	0	0	1	2	0.28	0.00	300.85
1	1	50	1	0	0	1	1	0.19	0.00	253.06
1	1	115	4	0	0	2	3	0.55	0.32	518.96
1	1	140	1	0	0	1	1	0.19	0.00	197.22
1	1	165	3	0	0	2	2	0.32	0.00	415.86
1	1	170	1	0	1	1	1	0.19	0.00	681.95
1	1	315	11	0	0	1	3	1.07	0.17	665.47
1	1	360	2	41	0	2	9	4.47	2.80	1315.26
1	1	400	4	0	0	1	3	0.49	0.00	448.58
1	1	405	0	29	0	2	11	1.87	0.00	1085.88
1	1	420	2	0	0	1	2	0.29	0.00	291.83
1	1	450	0	9	0	2	4	0.52	0.00	637.84
1	2	0	62	35	0	3	24	98.09	79.09	2522.77
1	2	25	3	0	0	1	2	0.38	0.00	287.24
1	2	50	1	0	0	1	1	0.19	0.00	189.23
1	2	55	1	0	0	1	1	0.18	0.00	138.38
1	2	80	2	0	0	1	2	0.27	0.00	266.00
1	2	95	1	0	0	1	1	0.19	0.00	178.43
1	2	115	3	0	0	1	2	0.31	0.00	248.73
1	2	130	1	0	0	1	1	0.20	0.00	191.92
1	2	145	2	0	0	1	2	0.23	0.00	231.27
1	2	150	2	0	0	1	1	0.29	0.00	225.43
1	2	180	1	0	0	1	1	0.19	0.00	193.60
1	2	295	13	0	0	1	4	0.94	0.00	551.55
1	2	345	4	25	0	2	8	1.95	0.00	936.15
1	2	390	7	3	0	1	3	0.73	0.00	464.32
1	2	450	0	34	0	1	9	4.12	1.13	974.22
1	2	495	0	6	0	1	4	0.29	0.00	411.33

Day	SL	Own	DispatchTimes	AssignmentCost	RoutingCost	TotalCost
1	9	0	29	5463.00	20018.60	25481.60

Total Cost: 25481.600225729697
Cost per Day: 25481.600225729697
Running time in Seconds: 192.212
Running time in minutes: 3.203533333333333