INSTANCE: 2hubs_MSD_A_11_x.csv
PARAMETER: tuning_standard.txt
POLICY: MIP
ALPHA: 0.387023956898126
BETA: 78
OMEGA: 586
EPSILON: 1.00597325044486

Day: 1, Time: 0
Total Cost: 4038.81
 11:136.01, 75:75 [1, 3, -3, -1]
 12:136.01, 19:75 [1, 3, -3, -1]
 13:136.01, 24:75 [1, -3, -1]
 14:153.31, 54:75 [1, 4, -4, -1]
 16:153.31, 44:75 [1, 4, -4, -1]
301:34.27, 7:10 [3, 3308, 3167, -3]
302:215.43, 10:10 [3, 3173, 3133, 3152, 3174, 3157, -3]
303:150.94, 10:10 [3, 3154, 3144, 3191, 3266, -3]
304:69.63, 10:10 [3, 3204, 3216, 3292, 3243, -3]
305:115.83, 10:10 [3, 3264, 3237, 5606, 3210, 3285, -3]
306:91.84, 10:10 [3, 3187, 3142, 3161, 3189, -3]
307:75.14, 10:10 [3, 3287, 3306, 3299, 3233, 3303, -3]
308:67.93, 9:10 [3, 3289, 3268, 3220, 3269, -3]
309:50.01, 8:10 [3, 3248, 3231, -3]
310:105.90, 10:10 [3, 3164, 3130, 3171, -3]
311:137.14, 7:10 [3, 3245, 3221, -3]
312:98.82, 8:10 [3, 3280, 3309, 3222, 3297, -3]
313:132.38, 9:10 [3, 3272, 3260, 3240, -3]
314:132.51, 8:10 [3, 3229, 3253, 3300, -3]
315:98.63, 10:10 [3, 3311, 3304, 3238, 3256, -3]
316:18.15, 6:10 [3, 3225, 3217, -3]
319:89.75, 9:10 [3, 3137, 3169, 3151, 3188, -3]
401:96.98, 10:10 [4, 3214, 3296, 3270, -4]
402:153.71, 10:10 [4, 3242, 3313, 3281, -4]
403:163.22, 10:10 [4, 3185, 3166, 3140, -4]
404:155.10, 7:10 [4, 3226, 3284, -4]
405:70.87, 9:10 [4, 3213, 3249, 3310, -4]
407:88.40, 7:10 [4, 3183, 3139, 3177, 3175, -4]
408:147.92, 6:10 [4, 3209, 3315, 3263, 3147, -4]
409:51.63, 10:10 [4, 3293, 3201, 3298, 3211, -4]
410:68.42, 8:10 [4, 3290, 3291, 3218, -4]
411:47.51, 5:10 [4, 3288, 3279, -4]
412:160.41, 2:10 [4, 3278, 3286, -4]
413:112.81, 8:10 [4, 3181, 3244, 3247, -4]
415:144.74, 9:10 [4, 3202, 3294, 3232, -4]
416:46.65, 9:10 [4, 3258, 3276, 3128, 3312, -4]
418:131.51, 8:10 [4, 3271, 3138, 3224, -4]
fe: 5, se: 32

Day: 1, Time: 0
Total Cost: 2433.21
 11:66.27, 75:75 [2, 5, -5, -2]
 13:66.27, 8:75 [2, 5, -5, -2]
 15:145.23, 35:75 [2, 6, -6, -2]
501:96.49, 9:10 [5, 3219, 3236, 3198, 3241, 3273, -5]
502:117.13, 9:10 [5, 3200, 3307, 3163, 3252, 3314, -5]
503:78.14, 10:10 [5, 3275, 3261, 3205, -5]
504:128.80, 10:10 [5, 3194, 3182, 3193, 3196, 3160, -5]
505:116.72, 9:10 [5, 3259, 3295, 3250, -5]
506:62.48, 10:10 [5, 3246, 3235, 3212, 3251, -5]
507:69.37, 10:10 [5, 3158, 3149, 3184, -5]
508:133.81, 10:10 [5, 3274, 3254, 3228, 3227, -5]
509:159.50, 10:10 [5, 3305, 3134, 3206, 3302, 3208, 3301, -5]
510:131.67, 9:10 [5, 3197, 3135, 3255, 3265, 3146, -5]
511:82.39, 10:10 [5, 3155, 3190, 3186, -5]
512:97.38, 10:10 [5, 3168, 3159, 3165, 3162, -5]
513:173.95, 9:10 [5, 3179, 3207, 3132, 3148, 3262, 3141, -5]
515:64.83, 10:10 [5, 3192, 3131, 3129, -5]
517:151.47, 9:10 [5, 3172, 3180, 3156, 3195, -5]
601:80.89, 10:10 [6, 3283, 3223, 3282, 3203, -6]
602:36.19, 7:10 [6, 3267, 3257, -6]
603:55.20, 9:10 [6, 3136, 3153, 3145, 3150, -6]
604:49.15, 7:10 [6, 3176, 3127, -6]
605:39.81, 9:10 [6, 3239, 3199, 3230, -6]
606:93.04, 9:10 [6, 3277, 3234, 3215, -6]
609:137.01, 9:10 [6, 3143, 3170, 3178, -6]
fe: 3, se: 22

Day: 1, Time: 25
Total Cost: 487.04
 11:136.01, 12:75 [1, -3, -1]
301:35.78, 2:10 [3, 4459, -3]
302:127.39, 5:10 [3, 4062, 3788, -3]
303:92.09, 1:10 [3, 6040, -3]
304:95.77, 4:10 [3, 4406, -3]
fe: 1, se: 4

Day: 1, Time: 35
Total Cost: 335.63
 11:66.27, 11:75 [2, -5, -2]
501:96.10, 3:10 [5, 4970, -5]
502:59.53, 6:10 [5, 4279, 3860, -5]
503:113.72, 2:10 [5, 3413, -5]
fe: 1, se: 3

Day: 1, Time: 40
Total Cost: 184.30
 11:66.27, 4:75 [2, -5, -2]
501:118.03, 4:10 [5, 6273, 5374, -5]
fe: 1, se: 1

Day: 1, Time: 50
Total Cost: 723.27
 11:153.31, 1:75 [1, -4, -1]
 12:136.01, 4:75 [1, -3, -1]
 13:153.31, 6:75 [1, -4, -1]
302:161.25, 4:10 [3, 5052, -3]
401:90.27, 6:10 [4, 5445, 5120, 5162, -4]
402:29.12, 1:10 [4, 3792, -4]
fe: 3, se: 3

Day: 1, Time: 50
Total Cost: 186.14
 11:66.27, 4:75 [2, -5, -2]
501:119.87, 4:10 [5, 3979, -5]
fe: 1, se: 1

Day: 1, Time: 60
Total Cost: 132.51
 11:66.27, 3:75 [2, -5, -2]
501:66.24, 3:10 [5, 6258, -5]
fe: 1, se: 1

Day: 1, Time: 70
Total Cost: 130.68
 11:66.27, 3:75 [2, -5, -2]
501:64.40, 3:10 [5, 4231, -5]
fe: 1, se: 1

Day: 1, Time: 75
Total Cost: 162.70
 11:136.01, 3:75 [1, -3, -1]
301:26.68, 3:10 [3, 3442, -3]
fe: 1, se: 1

Day: 1, Time: 75
Total Cost: 283.30
 11:66.27, 2:75 [2, -5, -2]
 12:66.27, 5:75 [2, -5, -2]
501:74.32, 2:10 [5, 4828, -5]
502:56.04, 2:10 [5, 4414, -5]
503:20.40, 3:10 [5, 4916, -5]
fe: 2, se: 3

Day: 1, Time: 80
Total Cost: 175.67
 11:153.31, 3:75 [1, -4, -1]
401:22.36, 3:10 [4, 5570, -4]
fe: 1, se: 1

Day: 1, Time: 100
Total Cost: 514.58
 11:153.31, 4:75 [1, -4, -1]
 12:136.01, 3:75 [1, -3, -1]
301:97.10, 3:10 [3, 5112, -3]
401:128.16, 4:10 [4, 5106, -4]
fe: 2, se: 2

Day: 1, Time: 100
Total Cost: 97.32
 11:66.27, 2:75 [2, -5, -2]
501:31.05, 2:10 [5, 6017, -5]
fe: 1, se: 1

Day: 1, Time: 105
Total Cost: 207.35
 11:153.31, 4:75 [1, -4, -1]
401:54.04, 4:10 [4, 3544, -4]
fe: 1, se: 1

Day: 1, Time: 105
Total Cost: 365.04
 11:66.27, 3:75 [2, -5, -2]
 12:66.27, 1:75 [2, -5, -2]
501:151.60, 3:10 [5, 6037, -5]
502:80.89, 1:10 [5, 5787, -5]
fe: 2, se: 2

Day: 1, Time: 125
Total Cost: 408.23
 11:136.01, 8:75 [1, -3, -1]
 12:136.01, 5:75 [1, -3, -1]
301:66.91, 8:10 [3, 3720, 4510, -3]
302:69.29, 5:10 [3, 5637, 4084, -3]
fe: 2, se: 2

Day: 1, Time: 140
Total Cost: 353.20
 11:66.27, 1:75 [2, -5, -2]
 12:145.23, 2:75 [2, -6, -2]
501:86.09, 1:10 [5, 6187, -5]
601:55.61, 2:10 [6, 4805, -6]
fe: 2, se: 2

Day: 1, Time: 145
Total Cost: 145.19
 11:66.27, 4:75 [2, -5, -2]
501:78.92, 4:10 [5, 5672, -5]
fe: 1, se: 1

Day: 1, Time: 155
Total Cost: 152.18
 11:66.27, 3:75 [2, -5, -2]
501:85.91, 3:10 [5, 3887, -5]
fe: 1, se: 1

Day: 1, Time: 170
Total Cost: 217.51
 11:66.27, 3:75 [2, -5, -2]
501:76.84, 2:10 [5, 3448, -5]
502:74.40, 1:10 [5, 4664, -5]
fe: 1, se: 2

Day: 1, Time: 295
Total Cost: 620.84
 11:136.01, 37:75 [1, -3, -1]
301:60.44, 6:10 [3, 5354, 5456, -3]
302:91.29, 9:10 [3, 3983, 5085, 3857, -3]
303:124.96, 8:10 [3, 5044, 5312, 3589, -3]
304:172.36, 10:10 [3, 4945, 5670, 6204, 5339, -3]
305:35.78, 4:10 [3, 3938, 3985, -3]
fe: 1, se: 5

Day: 1, Time: 315
Total Cost: 448.29
 11:136.01, 14:75 [1, 3, -3, -1]
302:171.72, 8:10 [3, 670, 4395, 223, 1089, -3]
303:140.56, 6:10 [3, 3068, 1780, 5273, -3]
fe: 1, se: 2

Day: 1, Time: 360
Total Cost: 1243.34
 11:136.01, 54:75 [1, 3, -3, -1]
 12:153.31, 24:75 [1, 4, -4, -1]
301:125.48, 10:10 [3, 49, 38, 33, -3]
302:70.28, 9:10 [3, 789, 46, 6081, 25, -3]
303:57.67, 6:10 [3, 69, 1041, 93, -3]
304:164.17, 9:10 [3, 9, 5558, 45, 87, -3]
305:144.34, 10:10 [3, 83, 85, 2184, 92, -3]
306:87.25, 10:10 [3, 40, 13, 77, 8, 4479, -3]
401:124.03, 10:10 [4, 37, 44, 67, 5249, 117, 1224, 2827, -4]
402:112.74, 8:10 [4, 2997, 18, 1726, 3083, -4]
404:68.05, 6:10 [4, 2681, 2597, 115, -4]
fe: 2, se: 9

Day: 1, Time: 360
Total Cost: 1357.62
 11:66.27, 66:75 [2, 5, -5, -2]
 12:145.23, 34:75 [2, 6, -6, -2]
501:177.85, 10:10 [5, 116, 31, 5060, 121, 3790, 3753, 82, -5]
502:126.93, 10:10 [5, 14, 252, 48, 3885, -5]
503:91.66, 8:10 [5, 113, 119, 35, 63, 74, -5]
504:56.10, 8:10 [5, 32, 598, 79, -5]
505:120.17, 10:10 [5, 95, 102, 27, 66, 6177, -5]
507:70.48, 10:10 [5, 50, 70, 110, 5553, -5]
509:139.74, 10:10 [5, 1930, 2850, 39, 26, 3709, 5253, 5099, 1972, -5]
601:112.44, 10:10 [6, 107, 619, 3824, 872, -6]
602:73.24, 10:10 [6, 1216, 2416, 90, 4350, 1269, 3912, -6]
604:97.80, 7:10 [6, 2255, 114, 109, 4452, 47, 53, -6]
606:79.70, 7:10 [6, 43, 962, 602, 2380, 78, -6]
fe: 2, se: 11

Day: 1, Time: 385
Total Cost: 436.96
 11:179.78, 6:75 [1, -3, -4, -1]
301:124.06, 1:10 [3, 5241, -3]
401:133.12, 5:10 [4, 4109, 4824, -4]
fe: 1, se: 2

Day: 1, Time: 385
Total Cost: 191.01
 11:66.27, 2:75 [2, -5, -2]
501:124.74, 2:10 [5, 5506, -5]
fe: 1, se: 1

Day: 1, Time: 405
Total Cost: 1341.90
 11:179.78, 37:75 [1, 3, -4, -1]
 12:153.31, 27:75 [1, 4, -1]
301:137.54, 7:10 [3, 84, 1474, 111, -3]
303:126.01, 10:10 [3, 61, 64, 71, 22, -3]
304:149.34, 10:10 [3, 105, 10, 75, -3]
305:108.26, 10:10 [3, 62, 124, 258, 15, -3]
401:43.58, 6:10 [4, 60, 112, -4]
402:108.29, 7:10 [4, 51, 7, -4]
403:142.04, 2:10 [4, 4213, -4]
404:128.79, 9:10 [4, 56, 65, 29, 16, -4]
406:64.95, 5:10 [4, 1638, 697, -4]
fe: 2, se: 9

Day: 1, Time: 405
Total Cost: 1098.02
 11:66.27, 40:75 [2, 5, -5, -2]
 12:145.23, 35:75 [2, 6, -2]
501:89.37, 8:10 [5, 57, 28, -5]
502:88.52, 6:10 [5, 108, 3692, 11, 5749, -5]
503:142.43, 8:10 [5, 100, 4655, 354, 2447, -5]
504:121.06, 10:10 [5, 120, 1320, 122, -5]
505:141.97, 10:10 [5, 101, 68, 894, -5]
601:69.34, 10:10 [6, 30, 86, 23, -6]
602:39.56, 8:10 [6, 106, 103, -6]
603:82.75, 6:10 [6, 59, 55, -6]
604:76.52, 9:10 [6, 21, 41, 118, -6]
605:34.99, 2:10 [6, 24, -6]
fe: 2, se: 10

Day: 1, Time: 410
Total Cost: 214.42
 11:136.01, 3:75 [1, -3, -1]
301:78.41, 3:10 [3, 4179, -3]
fe: 1, se: 1

Day: 1, Time: 415
Total Cost: 242.15
 11:153.31, 3:75 [1, -4, -1]
401:88.84, 3:10 [4, 3542, -4]
fe: 1, se: 1

Day: 1, Time: 415
Total Cost: 260.67
 11:66.27, 7:75 [2, -5, -2]
501:100.72, 3:10 [5, 5995, -5]
502:93.68, 4:10 [5, 4031, -5]
fe: 1, se: 2

Day: 1, Time: 420
Total Cost: 235.53
 11:153.31, 3:75 [1, -4, -1]
401:82.22, 3:10 [4, 4689, -4]
fe: 1, se: 1

Day: 1, Time: 450
Total Cost: 154.99
 11:136.01, 3:75 [1, 3, -1]
301:18.97, 3:10 [3, 2847, -3]
fe: 1, se: 1

Day: 1, Time: 450
Total Cost: 991.15
 11:66.27, 49:75 [2, 5, -2]
 12:145.23, 26:75 [2, 6, -2]
501:80.55, 10:10 [5, 20, 1922, 98, -5]
502:48.33, 3:10 [5, 91, -5]
503:83.65, 5:10 [5, 125, 89, 19, -5]
504:72.47, 3:10 [5, 123, -5]
505:50.99, 3:10 [5, 36, -5]
506:65.87, 7:10 [5, 96, 530, 42, -5]
507:92.13, 8:10 [5, 80, 94, -5]
509:149.13, 10:10 [5, 1916, 81, 34, -5]
601:78.97, 9:10 [6, 88, 58, 97, -6]
602:32.73, 10:10 [6, 12, 54, 73, -6]
603:24.82, 7:10 [6, 104, 52, -6]
fe: 2, se: 11


Day	Area	ID	Time	Load	Utilization	NoOrders	AssignmentCost
1	1	 7	270	 51	0.68	22	585.00
1	1	42	300	 49	0.33	22	1130.00
1	1	 8	315	 75	1.00	24	825.00
1	1	 9	360	 75	1.00	25	825.00
1	1	15	630	 19	0.25	 6	265.00
1	1	19	810	 59	0.98	24	798.00
1	2	25	225	 14	0.19	 5	215.00
1	2	26	270	 57	0.76	20	645.00
1	2	51	300	 21	0.14	13	570.00
1	2	27	315	 64	0.85	24	715.00
1	2	28	360	  3	0.04	 1	105.00
1	2	38	810	 60	1.00	23	810.00


Day	Area	Time	Pickup	Delivery	Direct	FEVehicles	SEVehicles	ALNSTime	ALNSBestTime	RoutingCostArea
1	1	0	75	31	0	5	32	78.78	64.41	4038.81
1	1	25	5	0	0	1	4	0.52	0.06	487.04
1	1	50	5	0	0	3	3	0.80	0.00	723.27
1	1	75	1	0	0	1	1	0.18	0.00	162.70
1	1	80	1	0	0	1	1	0.19	0.00	175.67
1	1	100	2	0	0	2	2	0.33	0.00	514.58
1	1	105	1	0	0	1	1	0.19	0.00	207.35
1	1	125	4	0	1	2	2	0.54	0.00	908.23
1	1	175	0	0	1	0	0	0.00	0.00	500.00
1	1	295	14	0	0	1	5	1.14	0.00	620.84
1	1	315	2	5	0	1	2	0.58	0.00	448.29
1	1	360	4	33	0	2	9	3.64	2.15	1243.34
1	1	385	3	0	0	1	2	0.31	0.00	436.96
1	1	405	1	24	0	2	9	1.80	0.00	1341.90
1	1	410	1	0	0	1	1	0.19	0.00	214.42
1	1	415	1	0	0	1	1	0.19	0.00	242.15
1	1	420	1	0	0	1	1	0.19	0.00	235.53
1	1	450	0	1	0	1	1	0.19	0.00	154.99
1	2	0	45	39	0	3	22	34.52	27.17	2433.21
1	2	35	4	0	0	1	3	0.50	0.00	335.63
1	2	40	2	0	0	1	1	0.37	0.00	184.30
1	2	50	1	0	0	1	1	0.19	0.00	186.14
1	2	60	1	0	0	1	1	0.19	0.00	132.51
1	2	70	1	0	0	1	1	0.18	0.00	130.68
1	2	75	3	0	0	2	3	0.38	0.00	283.30
1	2	100	1	0	0	1	1	0.19	0.00	97.32
1	2	105	2	0	0	2	2	0.31	0.00	365.04
1	2	140	2	0	0	2	2	0.32	0.00	353.20
1	2	145	1	0	1	1	1	0.17	0.00	645.19
1	2	155	1	0	0	1	1	0.19	0.00	152.18
1	2	170	2	0	0	1	2	0.27	0.00	217.51
1	2	360	13	44	0	2	11	14.90	10.91	1357.62
1	2	385	1	0	0	1	1	0.19	0.00	191.01
1	2	405	3	24	0	2	10	2.26	0.35	1098.02
1	2	415	2	0	0	1	2	0.24	0.00	260.67
1	2	450	0	25	0	2	11	1.58	0.00	991.15

Day	SL	Own	DispatchTimes	AssignmentCost	RoutingCost	TotalCost
1	10	2	36	7488.00	22070.75	29558.75

Total Cost: 29558.751128446835
Cost per Day: 29558.751128446835
Running time in Seconds: 181.868
Running time in minutes: 3.0311333333333335