INSTANCE: 2hubs_A_50_x.csv
PARAMETER: tuning_tight.txt
POLICY: MIP
ALPHA: 0.0235265653271104
BETA: 53
OMEGA: 586
EPSILON: 1.53063798568438

Day: 1, Time: 0
Total Cost: 4011.86
 11:136.01, 60:75 [1, 3, -3, -1]
 13:136.01, 53:75 [1, 3, -3, -1]
 16:153.31, 37:75 [1, 4, -4, -1]
 17:153.31, 30:75 [1, 4, -4, -1]
 19:153.31, 7:75 [1, 4, -4, -1]
 24:153.31, 36:75 [1, 4, -4, -1]
301:138.21, 7:10 [3, 3289, 3212, -3]
302:104.94, 9:10 [3, 3125, 3129, 3220, 3256, 3236, 3250, -3]
303:80.06, 10:10 [3, 3227, 3141, 3119, 3176, 3252, -3]
304:126.98, 9:10 [3, 3261, 3310, 3218, -3]
305:122.38, 10:10 [3, 3195, 3130, 3177, 3093, -3]
306:152.60, 9:10 [3, 3168, 3096, 3165, 3251, -3]
307:106.94, 10:10 [3, 3208, 3311, 3223, 3245, 3290, -3]
308:131.25, 5:10 [3, 3307, 3159, 3230, -3]
309:67.77, 6:10 [3, 3150, 3138, 3234, -3]
310:13.71, 5:10 [3, 3305, 3190, -3]
311:122.69, 9:10 [3, 3262, 3231, 3314, 3184, -3]
312:71.14, 9:10 [3, 3235, 3300, 3229, 3221, -3]
313:54.77, 8:10 [3, 3194, 3189, 3191, 3160, -3]
314:124.80, 10:10 [3, 3233, 3297, 3122, 3178, 3173, -3]
319:136.15, 9:10 [3, 3169, 3237, 3197, 3099, 3088, 3123, -3]
401:164.65, 2:10 [4, 3215, 3292, -4]
402:128.58, 10:10 [4, 3108, 3155, 3124, 3144, -4]
403:109.39, 8:10 [4, 3094, 3225, 3162, 3137, -4]
404:69.32, 10:10 [4, 3186, 3182, 3174, 3312, -4]
405:110.43, 10:10 [4, 3276, 3188, 3158, 3266, 3217, -4]
406:152.00, 10:10 [4, 3268, 3204, 3210, 3103, -4]
407:65.43, 9:10 [4, 3226, 3284, 3147, -4]
408:68.79, 8:10 [4, 3206, 3269, 3214, -4]
409:65.85, 10:10 [4, 3219, 3097, 3200, 3258, 3181, -4]
410:137.53, 10:10 [4, 3273, 3299, 3183, 3209, 3185, 3202, -4]
411:46.87, 10:10 [4, 3232, 3306, 3315, -4]
413:134.87, 9:10 [4, 3149, 3283, 3286, 3205, 3175, 3294, -4]
414:87.21, 9:10 [4, 3136, 3257, 3098, 3260, 3154, -4]
415:28.19, 10:10 [4, 3303, 3246, 3100, -4]
416:63.38, 8:10 [4, 3104, 3127, 3117, -4]
417:139.74, 1:10 [4, 3203, -4]
fe: 6, se: 31

Day: 1, Time: 5
Total Cost: 3216.53
 11:66.27, 14:75 [2, 5, -5, -2]
 12:66.27, 17:75 [2, 5, -5, -2]
 13:66.27, 63:75 [2, 5, -5, -2]
 14:66.27, 4:75 [2, -5, -2]
 15:145.23, 70:75 [2, 6, -6, -2]
 16:66.27, 27:75 [2, 5, -5, -2]
 17:145.23, 3:75 [2, -6, -2]
501:124.28, 10:10 [5, 3308, 3207, 3216, 3313, 3224, -5]
502:44.80, 6:10 [5, 3198, 3254, -5]
503:89.57, 10:10 [5, 3288, 3156, 3239, 3259, 3298, -5]
504:134.94, 4:10 [5, 3211, -5]
505:116.50, 2:10 [5, 3228, -5]
506:145.34, 4:10 [5, 3272, -5]
507:42.22, 8:10 [5, 3302, 3120, 3192, -5]
508:135.91, 10:10 [5, 3126, 3180, 3249, 3293, 3102, -5]
509:192.23, 10:10 [5, 3101, 3142, 3112, 3277, 3240, 3291, -5]
510:98.61, 9:10 [5, 3253, 3128, 3166, 3248, 3267, -5]
511:95.06, 8:10 [5, 3152, 3087, 3270, -5]
512:94.39, 10:10 [5, 3151, 3285, 3265, 3222, 3241, -5]
514:158.86, 10:10 [5, 3134, 3090, 3295, 3115, 3091, -5]
517:66.04, 10:10 [5, 3133, 3153, 3113, 3092, 3114, -5]
520:150.79, 9:10 [5, 3095, 3281, 3304, 3145, 3199, 3118, -5]
523:128.01, 10:10 [5, 3278, 3089, 3244, 3161, 3170, 3140, -5]
601:56.64, 3:10 [6, 3264, -6]
602:20.09, 6:10 [6, 3296, 3196, -6]
603:93.14, 8:10 [6, 3172, 6146, 3275, 3279, 3163, -6]
604:60.01, 9:10 [6, 3111, 3193, 3106, 3139, -6]
605:59.83, 10:10 [6, 3135, 3157, 3187, 3242, 3255, 3271, -6]
607:53.43, 10:10 [6, 3167, 3301, 3243, 3263, 3110, -6]
609:85.30, 9:10 [6, 3107, 3132, 3164, -6]
610:82.31, 10:10 [6, 3148, 3309, 3201, 3131, 3143, -6]
611:93.54, 9:10 [6, 3121, 3116, 3179, 3109, -6]
612:62.09, 10:10 [6, 3280, 3247, 3146, 3282, 3287, -6]
613:42.50, 8:10 [6, 3213, 3105, 3171, -6]
614:68.27, 10:10 [6, 4920, 3238, 3274, -6]
fe: 7, se: 28

Day: 1, Time: 30
Total Cost: 634.48
 11:66.27, 9:75 [2, -5, -2]
 12:145.23, 5:75 [2, -6, -2]
 13:145.23, 4:75 [2, -6, -2]
501:158.16, 6:10 [5, 5538, 5318, 4581, -5]
502:61.22, 3:10 [5, 4721, -5]
601:28.36, 5:10 [6, 3941, 4543, -6]
602:30.00, 4:10 [6, 3648, -6]
fe: 3, se: 4

Day: 1, Time: 45
Total Cost: 335.47
 11:153.31, 6:75 [1, -4, -1]
401:149.91, 3:10 [4, 4348, 5222, -4]
402:32.25, 3:10 [4, 5127, -4]
fe: 1, se: 2

Day: 1, Time: 55
Total Cost: 154.14
 11:66.27, 4:75 [2, -5, -2]
501:87.86, 4:10 [5, 5744, -5]
fe: 1, se: 1

Day: 1, Time: 60
Total Cost: 250.49
 11:66.27, 5:75 [2, -5, -2]
501:106.32, 4:10 [5, 4668, -5]
502:77.90, 1:10 [5, 5854, -5]
fe: 1, se: 2

Day: 1, Time: 65
Total Cost: 277.97
 11:66.27, 4:75 [2, -5, -2]
 12:66.27, 2:75 [2, -5, -2]
501:8.94, 4:10 [5, 4072, -5]
502:136.48, 2:10 [5, 6213, -5]
fe: 2, se: 2

Day: 1, Time: 80
Total Cost: 560.32
 11:136.01, 12:75 [1, -3, -1]
 12:136.01, 5:75 [1, -3, -1]
301:54.59, 4:10 [3, 6030, -3]
302:94.97, 5:10 [3, 5329, 4413, 3506, -3]
303:138.73, 8:10 [3, 4381, 4625, 3934, -3]
fe: 2, se: 3

Day: 1, Time: 90
Total Cost: 220.42
 11:136.01, 2:75 [1, -3, -1]
301:84.40, 2:10 [3, 4049, -3]
fe: 1, se: 1

Day: 1, Time: 90
Total Cost: 327.10
 11:66.27, 5:75 [2, -5, -2]
 12:66.27, 7:75 [2, -5, -2]
501:101.57, 5:10 [5, 5923, 5293, -5]
502:31.24, 3:10 [5, 3766, -5]
503:61.74, 4:10 [5, 5925, -5]
fe: 2, se: 3

Day: 1, Time: 105
Total Cost: 191.58
 11:136.01, 1:75 [1, -3, -1]
301:55.57, 1:10 [3, 4673, -3]
fe: 1, se: 1

Day: 1, Time: 110
Total Cost: 488.12
 11:66.27, 7:75 [2, -5, -2]
 12:66.27, 6:75 [2, -5, -2]
501:51.96, 5:10 [5, 5497, 5751, -5]
502:99.64, 2:10 [5, 4509, -5]
503:203.98, 6:10 [5, 3629, 4323, -5]
fe: 2, se: 3

Day: 1, Time: 115
Total Cost: 169.30
 11:136.01, 2:75 [1, -3, -1]
301:33.29, 2:10 [3, 6134, -3]
fe: 1, se: 1

Day: 1, Time: 150
Total Cost: 388.47
 11:153.31, 2:75 [1, -4, -1]
 12:153.31, 3:75 [1, -4, -1]
401:34.99, 2:10 [4, 5528, -4]
402:46.86, 3:10 [4, 4299, -4]
fe: 2, se: 2

Day: 1, Time: 155
Total Cost: 178.37
 11:153.31, 4:75 [1, -4, -1]
401:25.06, 4:10 [4, 4755, -4]
fe: 1, se: 1

Day: 1, Time: 170
Total Cost: 254.47
 11:136.01, 2:75 [1, -3, -1]
301:118.46, 2:10 [3, 3882, -3]
fe: 1, se: 1

Day: 1, Time: 180
Total Cost: 192.96
 11:66.27, 5:75 [2, -5, -2]
501:126.69, 5:10 [5, 3543, 3600, -5]
fe: 1, se: 1

Day: 1, Time: 290
Total Cost: 575.11
 11:179.78, 26:75 [1, -3, -4, -1]
301:137.54, 8:10 [3, 5210, 5674, -3]
302:143.23, 9:10 [3, 4874, 5938, 5087, -3]
303:30.00, 2:10 [3, 5732, -3]
402:84.56, 7:10 [4, 3820, 4611, 4412, -4]
fe: 1, se: 4

Day: 1, Time: 325
Total Cost: 832.72
 11:179.78, 55:75 [1, 3, 4, -4, -1]
301:53.29, 7:10 [3, 74, 8, -3]
302:170.26, 10:10 [3, 58, 458, 38, -3]
303:142.53, 10:10 [3, 63, 98, 77, 64, -3]
401:86.36, 10:10 [4, 95, 69, 2554, -4]
402:36.61, 10:10 [4, 4957, 21, 51, 82, -4]
404:163.90, 9:10 [4, 49, 5897, 75, 108, -4]
fe: 1, se: 6

Day: 1, Time: 325
Total Cost: 694.16
 11:66.27, 44:75 [2, -5, -2]
501:94.99, 5:10 [5, 5096, 3670, 3668, -5]
502:164.02, 10:10 [5, 3395, 6026, 4796, 3438, -5]
503:141.20, 10:10 [5, 5879, 4980, 3653, 3465, -5]
504:120.22, 10:10 [5, 3928, 5578, 6100, 3688, -5]
505:107.46, 9:10 [5, 5796, 4786, 6124, 5969, -5]
fe: 1, se: 5

Day: 1, Time: 360
Total Cost: 912.90
 11:136.01, 15:75 [1, 3, -3, -1]
 12:153.31, 12:75 [1, 4, -4, -1]
301:115.18, 4:10 [3, 118, 4454, -3]
303:144.58, 7:10 [3, 1478, 1319, 3563, 2307, -3]
305:100.12, 7:10 [3, 1531, 5696, 2735, 5760, -3]
401:154.95, 8:10 [4, 2561, 2128, 1936, 123, -4]
403:108.74, 6:10 [4, 2664, 6021, 576, -4]
fe: 2, se: 5

Day: 1, Time: 375
Total Cost: 357.09
 11:66.27, 9:75 [2, 5, -5, -2]
501:115.23, 5:10 [5, 6199, 6238, 671, 6114, -5]
503:175.59, 8:10 [5, 4768, 1189, 2699, -5]
fe: 1, se: 2

Day: 1, Time: 405
Total Cost: 1088.33
 11:136.01, 30:75 [1, 3, -3, -1]
 12:153.31, 16:75 [1, 4, -1]
302:173.90, 9:10 [3, 53, 97, 48, 9, -3]
304:153.70, 9:10 [3, 2956, 65, 91, 11, 34, -3]
305:68.86, 4:10 [3, 4719, 3641, -3]
306:75.46, 10:10 [3, 17, 119, 52, -3]
307:79.47, 2:10 [3, 92, 5327, -3]
401:91.63, 6:10 [4, 3023, 23, 114, -4]
402:156.00, 10:10 [4, 1730, 57, 73, 90, -4]
fe: 2, se: 7

Day: 1, Time: 405
Total Cost: 1090.24
 11:66.27, 31:75 [2, 5, -5, -2]
 12:145.23, 29:75 [2, 6, -2]
501:39.44, 6:10 [5, 2032, 68, 39, -5]
502:128.26, 8:10 [5, 40, 117, 3592, 110, 72, -5]
503:117.61, 9:10 [5, 1223, 31, 2139, 29, -5]
504:115.24, 9:10 [5, 60, 4339, 71, 16, 859, -5]
505:147.08, 3:10 [5, 46, 5270, -5]
601:72.30, 6:10 [6, 1752, 2944, -6]
602:20.80, 3:10 [6, 66, 10, -6]
603:72.80, 5:10 [6, 113, 18, -6]
604:74.61, 5:10 [6, 22, 13, 1483, -6]
606:90.60, 10:10 [6, 120, 94, 116, 121, 41, -6]
fe: 2, se: 10

Day: 1, Time: 435
Total Cost: 460.35
 11:136.01, 7:75 [1, -3, -1]
 12:153.31, 6:75 [1, -4, -1]
301:86.46, 7:10 [3, 4759, 5312, -3]
401:84.56, 6:10 [4, 5320, 3364, -4]
fe: 2, se: 2

Day: 1, Time: 450
Total Cost: 960.08
 11:66.27, 59:75 [2, 5, -2]
501:79.65, 4:10 [5, 42, -5]
502:101.10, 7:10 [5, 36, 24, -5]
503:74.22, 5:10 [5, 96, 19, -5]
504:96.80, 4:10 [5, 102, 30, -5]
505:79.35, 7:10 [5, 86, 2338, 93, -5]
506:68.31, 7:10 [5, 83, 79, -5]
507:148.27, 9:10 [5, 78, 45, 99, 25, -5]
508:74.00, 2:10 [5, 15, -5]
509:90.59, 9:10 [5, 109, 33, 1565, -5]
510:81.52, 5:10 [5, 14, 20, -5]
fe: 1, se: 10

Day: 1, Time: 525
Total Cost: 90.69
 11:66.27, 4:75 [2, 5, -2]
501:24.41, 4:10 [5, 125, -5]
fe: 1, se: 1


Day	Area	ID	Time	Load	Utilization	NoOrders	AssignmentCost
1	1	 7	270	  6	0.10	 3	135.00
1	1	 8	315	 60	1.00	30	675.00
1	1	 9	360	 59	0.98	22	665.00
1	1	11	450	  7	0.10	 2	116.00
1	1	13	540	 35	0.49	11	340.00
1	1	17	720	 47	0.98	16	654.00
1	1	19	810	 48	1.00	26	666.00
1	2	25	225	 55	0.92	18	625.00
1	2	26	270	 18	0.30	 7	255.00
1	2	51	300	  9	0.08	 5	330.00
1	2	27	315	 46	0.77	20	535.00
1	2	32	540	 38	0.53	12	364.00
1	2	34	630	 47	0.78	18	545.00
1	2	38	810	 48	1.00	25	666.00


Day	Area	Time	Pickup	Delivery	Direct	FEVehicles	SEVehicles	ALNSTime	ALNSBestTime	RoutingCostArea
1	1	0	66	55	0	6	31	64.28	46.50	4011.86
1	1	45	3	0	0	1	2	0.38	0.00	335.47
1	1	80	7	0	0	2	3	0.61	0.00	560.32
1	1	90	1	0	0	1	1	0.20	0.00	220.42
1	1	105	1	0	0	1	1	0.18	0.00	191.58
1	1	115	1	0	0	1	1	0.19	0.00	169.30
1	1	150	2	0	0	2	2	0.32	0.00	388.47
1	1	155	1	0	1	1	1	0.19	0.00	678.37
1	1	160	0	0	1	0	0	0.00	0.00	500.00
1	1	170	1	0	1	1	1	0.20	0.00	754.47
1	1	175	0	0	1	0	0	0.00	0.00	500.00
1	1	290	9	0	0	1	4	0.73	0.00	575.11
1	1	325	2	18	0	1	6	2.18	0.73	832.72
1	1	360	5	12	0	2	5	1.24	0.00	912.90
1	1	405	3	20	0	2	7	1.65	0.00	1088.33
1	1	435	4	0	0	2	2	0.62	0.00	460.35
1	2	5	55	55	0	7	28	64.40	35.99	3216.53
1	2	30	7	0	0	3	4	0.80	0.00	634.48
1	2	55	1	0	0	1	1	0.19	0.00	154.14
1	2	60	2	0	0	1	2	0.25	0.00	250.49
1	2	65	2	0	0	2	2	0.29	0.00	277.97
1	2	90	4	0	0	2	3	0.41	0.00	327.10
1	2	110	5	0	0	2	3	0.51	0.00	488.12
1	2	180	2	0	1	1	1	0.28	0.00	692.96
1	2	325	19	0	0	1	5	1.91	0.57	694.16
1	2	375	4	3	0	1	2	0.62	0.00	357.09
1	2	405	3	30	0	2	10	2.75	0.23	1090.24
1	2	450	0	22	0	1	10	2.09	1.24	960.08
1	2	525	0	1	0	1	1	0.19	0.00	90.69

Day	SL	Own	DispatchTimes	AssignmentCost	RoutingCost	TotalCost
1	13	1	29	6571.00	21413.71	27984.71

Total Cost: 27984.71446374293
Cost per Day: 27984.71446374293
Running time in Seconds: 209.373
Running time in minutes: 3.48955