INSTANCE: 2hubs_A_41_x.csv
PARAMETER: tuning_tight.txt
POLICY: MIP
ALPHA: 0.0235265653271104
BETA: 53
OMEGA: 586
EPSILON: 1.53063798568438

Day: 1, Time: 0
Total Cost: 3526.80
 11:136.01, 72:75 [1, 3, -3, -1]
 12:136.01, 73:75 [1, 3, -3, -1]
 13:153.31, 50:75 [1, 4, -4, -1]
 15:153.31, 26:75 [1, 4, -4, -1]
301:156.94, 10:10 [3, 3211, 3126, 3191, 3121, 3188, 3229, 3216, -3]
302:47.76, 10:10 [3, 3304, 3213, 3256, 3307, 3224, -3]
303:78.52, 9:10 [3, 3311, 3274, 3205, -3]
304:122.21, 10:10 [3, 3140, 3271, 3221, 3118, -3]
305:132.72, 9:10 [3, 3105, 3124, 3179, 3104, -3]
306:138.43, 7:10 [3, 3261, 3292, -3]
307:127.68, 10:10 [3, 3305, 3217, 3228, 3189, -3]
308:103.14, 9:10 [3, 3253, 3195, 3111, 3160, 3148, 3152, -3]
309:186.56, 10:10 [3, 3132, 3170, 3204, 3088, 3172, 3258, -3]
310:123.69, 9:10 [3, 3308, 3112, 3293, 3299, -3]
311:72.58, 10:10 [3, 3231, 3282, 3227, 3199, 3220, -3]
312:232.21, 10:10 [3, 3295, 3153, 3137, 3278, 3276, 3107, 3145, -3]
313:87.01, 10:10 [3, 3222, 3198, 4614, 3159, 3266, 3154, -3]
314:47.44, 8:10 [3, 3180, 3300, 3174, -3]
315:117.93, 9:10 [3, 3131, 3114, 3123, -3]
316:57.29, 10:10 [3, 3165, 3169, 3147, 3183, -3]
317:108.55, 10:10 [3, 3255, 3095, 3110, 3262, 3206, 3185, -3]
318:65.84, 9:10 [3, 3092, 3109, 3176, -3]
401:85.16, 10:10 [4, 3244, 3310, 3286, -4]
402:26.72, 5:10 [4, 3090, 3167, 3218, -4]
403:151.03, 9:10 [4, 3122, 3234, 3290, 3101, -4]
404:136.73, 10:10 [4, 3202, 3315, 3246, 3207, -4]
405:120.05, 10:10 [4, 3119, 3108, 3288, 3287, 3129, 3236, 3150, -4]
406:86.07, 9:10 [4, 3099, 3201, 3265, 3208, -4]
407:93.18, 10:10 [4, 3125, 3214, 3277, 3215, -4]
408:76.07, 9:10 [4, 3115, 3181, 3275, 3237, 3102, -4]
409:51.61, 5:10 [4, 3273, 3259, 3097, -4]
410:115.04, 10:10 [4, 3301, 3177, 3235, 3297, 3156, 3263, 3116, 3267, -4]
fe: 4, se: 28

Day: 1, Time: 20
Total Cost: 3534.96
 11:66.27, 65:75 [2, 5, -5, -2]
 12:66.27, 39:75 [2, 5, -5, -2]
 13:66.27, 19:75 [2, 5, -5, -2]
 14:145.23, 44:75 [2, 6, -6, -2]
 15:145.23, 6:75 [2, -6, -2]
 16:66.27, 13:75 [2, 5, -5, -2]
 17:145.23, 3:75 [2, -6, -2]
 18:66.27, 4:75 [2, -5, -2]
501:116.16, 10:10 [5, 3141, 3226, 3203, 3135, 3164, -5]
502:86.07, 9:10 [5, 3289, 3242, 3243, 6048, -5]
503:131.94, 8:10 [5, 3193, 3200, 3280, 3212, -5]
504:104.80, 4:10 [5, 3269, -5]
505:79.07, 6:10 [5, 3264, 3249, 3219, 3143, -5]
506:87.06, 9:10 [5, 3098, 3184, 3209, 3138, -5]
507:102.22, 1:10 [5, 3270, -5]
508:110.80, 10:10 [5, 3281, 3296, 3225, -5]
509:132.26, 10:10 [5, 3128, 3158, 3130, 3157, 3313, 3171, -5]
510:50.80, 8:10 [5, 3247, 3241, 3178, -5]
511:167.52, 10:10 [5, 3113, 3194, 3091, 3272, 3151, 3182, -5]
513:127.66, 3:10 [5, 3238, 3314, -5]
514:134.94, 8:10 [5, 3087, 3240, 3117, 3232, 3302, 3168, -5]
515:100.76, 10:10 [5, 3974, 3094, 3127, 3163, 3252, 3283, -5]
517:111.42, 10:10 [5, 3239, 3133, 3291, 3210, 3294, 3223, 3166, -5]
521:91.45, 9:10 [5, 3309, 3284, 3254, -5]
523:89.96, 5:10 [5, 3149, 3120, 3233, -5]
524:131.11, 8:10 [5, 3285, 3250, -5]
525:155.39, 10:10 [5, 3175, 3134, 3139, 3146, 3306, -5]
526:91.18, 10:10 [5, 3251, 3303, 3096, -5]
601:97.07, 9:10 [6, 3161, 3190, 3257, 3173, 3192, 3248, -6]
602:22.31, 8:10 [6, 3106, 3144, 3100, -6]
603:54.21, 6:10 [6, 3298, 3312, -6]
604:115.16, 10:10 [6, 3196, 3260, 3142, 3230, 3136, 3268, -6]
605:94.47, 10:10 [6, 3103, 3155, 3093, -6]
606:95.83, 10:10 [6, 3186, 3279, 3162, 3089, 3187, -6]
607:86.28, 3:10 [6, 3245, -6]
fe: 8, se: 27

Day: 1, Time: 50
Total Cost: 916.98
 11:136.01, 14:75 [1, -3, -1]
 12:136.01, 10:75 [1, -3, -1]
 14:153.31, 4:75 [1, -4, -1]
301:65.89, 4:10 [3, 5338, 6025, 3672, -3]
302:173.14, 10:10 [3, 4148, 4244, 4231, 3814, -3]
303:123.05, 10:10 [3, 3461, 5073, 5345, -3]
401:129.56, 4:10 [4, 4180, 6141, -4]
fe: 3, se: 4

Day: 1, Time: 50
Total Cost: 385.98
 11:66.27, 5:75 [2, -5, -2]
 13:66.27, 5:75 [2, -5, -2]
501:126.69, 5:10 [5, 5892, 5972, -5]
502:59.67, 2:10 [5, 5590, -5]
503:67.08, 3:10 [5, 5924, 3597, -5]
fe: 2, se: 3

Day: 1, Time: 85
Total Cost: 584.53
 11:66.27, 9:75 [2, -5, -2]
 12:66.27, 6:75 [2, -5, -2]
501:104.31, 3:10 [5, 4878, -5]
502:114.54, 2:10 [5, 5901, -5]
503:173.10, 6:10 [5, 3403, 5041, -5]
504:60.03, 4:10 [5, 3665, -5]
fe: 2, se: 4

Day: 1, Time: 95
Total Cost: 550.63
 11:136.01, 5:75 [1, -3, -1]
 12:153.31, 7:75 [1, -4, -1]
301:130.25, 5:10 [3, 4253, 4040, -3]
401:54.41, 4:10 [4, 4471, -4]
402:76.66, 3:10 [4, 5869, -4]
fe: 2, se: 3

Day: 1, Time: 100
Total Cost: 162.81
 11:66.27, 4:75 [2, -5, -2]
501:96.54, 4:10 [5, 4973, -5]
fe: 1, se: 1

Day: 1, Time: 125
Total Cost: 354.66
 12:153.31, 7:75 [1, -4, -1]
401:84.10, 1:10 [4, 3919, -4]
402:59.67, 3:10 [4, 6125, -4]
403:57.58, 3:10 [4, 4321, -4]
fe: 1, se: 3

Day: 1, Time: 135
Total Cost: 208.48
 11:153.31, 1:75 [1, -4, -1]
401:55.17, 1:10 [4, 5206, -4]
fe: 1, se: 1

Day: 1, Time: 135
Total Cost: 351.25
 11:66.27, 10:75 [2, -5, -2]
 12:66.27, 1:75 [2, -5, -2]
501:100.28, 10:10 [5, 4213, 3487, 5382, -5]
502:118.42, 1:10 [5, 4346, -5]
fe: 2, se: 2

Day: 1, Time: 155
Total Cost: 176.11
 11:153.31, 1:75 [1, -4, -1]
401:22.80, 1:10 [4, 4948, -4]
fe: 1, se: 1

Day: 1, Time: 155
Total Cost: 116.63
 11:66.27, 1:75 [2, -5, -2]
501:50.36, 1:10 [5, 5891, -5]
fe: 1, se: 1

Day: 1, Time: 165
Total Cost: 180.96
 11:136.01, 3:75 [1, -3, -1]
301:44.94, 3:10 [3, 5047, -3]
fe: 1, se: 1

Day: 1, Time: 180
Total Cost: 476.24
 11:136.01, 7:75 [1, -3, -1]
 12:153.31, 1:75 [1, -4, -1]
301:124.15, 7:10 [3, 5800, 4811, -3]
401:62.77, 1:10 [4, 3641, -4]
fe: 2, se: 2

Day: 1, Time: 195
Total Cost: 146.12
 11:66.27, 4:75 [2, -5, -2]
501:79.85, 4:10 [5, 3533, -5]
fe: 1, se: 1

Day: 1, Time: 320
Total Cost: 1257.08
 11:136.01, 60:75 [1, 3, -3, -1]
301:143.17, 10:10 [3, 79, 35, 3572, 3578, 3758, 55, -3]
302:118.11, 8:10 [3, 2858, 3563, 119, 51, 122, 3799, -3]
303:71.02, 2:10 [3, 5439, -3]
304:186.21, 10:10 [3, 91, 80, 43, 74, 3370, 48, -3]
305:34.00, 3:10 [3, 3894, -3]
306:140.33, 10:10 [3, 53, 407, 59, 52, 94, 5833, -3]
307:138.25, 10:10 [3, 2400, 124, 4450, 60, 3927, 57, -3]
308:166.14, 10:10 [3, 5222, 64, 106, 3846, -3]
309:123.83, 7:10 [3, 108, 3627, 29, 6089, 5826, -3]
fe: 1, se: 9

Day: 1, Time: 330
Total Cost: 661.57
 11:66.27, 26:75 [2, -5, -2]
 12:145.23, 14:75 [2, -6, -2]
501:133.34, 10:10 [5, 5983, 4683, 4625, 6195, -5]
502:68.01, 8:10 [5, 5046, 5690, -5]
503:148.33, 8:10 [5, 5029, 5024, 5829, 6115, -5]
601:46.53, 7:10 [6, 5654, 6183, -6]
602:53.86, 7:10 [6, 3775, 4183, -6]
fe: 2, se: 5

Day: 1, Time: 370
Total Cost: 339.55
 11:66.27, 10:75 [2, 5, -5, -2]
501:112.34, 6:10 [5, 5773, 5478, -5]
502:160.94, 8:10 [5, 5807, 1319, -5]
fe: 1, se: 2

Day: 1, Time: 405
Total Cost: 876.98
 11:136.01, 19:75 [1, 3, -3, -1]
 12:153.31, 13:75 [1, 4, -4, -1]
301:135.33, 8:10 [3, 4221, 5530, -3]
302:109.24, 10:10 [3, 1688, 1783, 1023, -3]
305:63.70, 9:10 [3, 95, 2711, 2192, -3]
401:66.07, 6:10 [4, 2701, 5913, 297, -4]
402:50.74, 8:10 [4, 475, 1251, -4]
403:162.57, 7:10 [4, 5799, 5533, -4]
fe: 2, se: 6

Day: 1, Time: 405
Total Cost: 1021.67
 11:66.27, 35:75 [2, 5, -5, -2]
 12:145.23, 25:75 [2, 6, -2]
501:146.29, 10:10 [5, 103, 114, 271, 65, -5]
502:83.89, 4:10 [5, 115, 1424, 4158, -5]
503:115.19, 9:10 [5, 2148, 5351, 38, 76, 2016, -5]
506:112.33, 5:10 [5, 37, 66, 30, 16, 9, -5]
509:146.94, 8:10 [5, 84, 34, 990, 32, 8, -5]
601:85.38, 9:10 [6, 31, 121, 2835, 2951, -6]
602:50.90, 9:10 [6, 27, 118, 117, 2679, -6]
603:69.26, 7:10 [6, 71, 102, -6]
fe: 2, se: 8

Day: 1, Time: 445
Total Cost: 396.72
 11:136.01, 3:75 [1, -3, -1]
 12:153.31, 4:75 [1, -4, -1]
301:59.06, 3:10 [3, 4869, -3]
401:48.33, 4:10 [4, 4525, -4]
fe: 2, se: 2

Day: 1, Time: 450
Total Cost: 597.67
 11:136.01, 13:75 [1, 3, -1]
301:89.01, 5:10 [3, 61, 49, -3]
302:66.60, 1:10 [3, 104, -3]
303:104.38, 4:10 [3, 113, 33, -3]
304:127.26, 1:10 [3, 112, -3]
305:74.40, 2:10 [3, 50, -3]
fe: 1, se: 5

Day: 1, Time: 450
Total Cost: 843.72
 11:151.76, 60:75 [2, 5, 6, -2]
501:62.23, 4:10 [5, 72, -5]
502:40.45, 3:10 [5, 120, -5]
503:139.03, 10:10 [5, 69, 1281, 83, 125, -5]
504:90.73, 7:10 [5, 96, 25, -5]
505:44.80, 5:10 [5, 45, 92, -5]
506:45.65, 1:10 [5, 111, -5]
507:45.69, 3:10 [5, 1857, -5]
601:51.35, 5:10 [6, 729, 15, -6]
602:55.58, 6:10 [6, 54, 12, -6]
603:47.41, 9:10 [6, 24, 100, 107, -6]
604:69.03, 7:10 [6, 56, 81, -6]
fe: 1, se: 11

Day: 1, Time: 525
Total Cost: 177.52
 11:66.27, 11:75 [2, 5, -2]
501:36.12, 3:10 [5, 451, 17, -5]
502:36.72, 4:10 [5, 1063, -5]
503:38.42, 4:10 [5, 41, -5]
fe: 1, se: 3


Day	Area	ID	Time	Load	Utilization	NoOrders	AssignmentCost
1	1	 7	270	  4	0.07	 1	115.00
1	1	 8	315	 60	1.00	30	675.00
1	1	 9	360	 60	1.00	21	675.00
1	1	11	450	 22	0.31	 7	236.00
1	1	15	630	 55	0.92	18	625.00
1	1	18	765	 41	0.85	16	582.00
1	1	19	810	 48	1.00	24	666.00
1	2	25	225	 60	1.00	25	675.00
1	2	27	315	 32	0.53	10	395.00
1	2	28	360	 13	0.22	 7	205.00
1	2	32	540	 34	0.47	10	332.00
1	2	34	630	 48	0.80	17	555.00
1	2	38	810	 48	1.00	21	666.00


Day	Area	Time	Pickup	Delivery	Direct	FEVehicles	SEVehicles	ALNSTime	ALNSBestTime	RoutingCostArea
1	1	0	68	59	0	4	28	102.16	85.66	3526.80
1	1	50	12	0	0	3	4	1.04	0.00	916.98
1	1	95	4	0	0	2	3	0.65	0.00	550.63
1	1	125	3	0	0	1	3	0.29	0.16	354.66
1	1	135	1	0	0	1	1	0.20	0.00	208.48
1	1	155	1	0	1	1	1	0.21	0.00	676.11
1	1	165	1	0	0	1	1	0.20	0.00	180.96
1	1	180	3	0	0	2	2	0.39	0.00	476.24
1	1	320	16	25	0	1	9	4.96	0.54	1257.08
1	1	405	5	10	0	2	6	1.75	0.00	876.98
1	1	445	2	0	0	2	2	0.33	0.00	396.72
1	1	450	0	7	0	1	5	0.60	0.00	597.67
1	2	20	53	51	0	8	27	36.63	0.00	3534.96
1	2	50	5	0	0	2	3	0.57	0.00	385.98
1	2	85	5	0	0	2	4	0.43	0.00	584.53
1	2	100	1	0	0	1	1	0.23	0.00	162.81
1	2	135	4	0	0	2	2	0.55	0.00	351.25
1	2	145	0	0	1	0	0	0.00	0.00	500.00
1	2	155	1	0	0	1	1	0.20	0.00	116.63
1	2	195	1	0	0	1	1	0.22	0.00	146.12
1	2	330	14	0	0	2	5	1.12	0.00	661.57
1	2	370	3	1	0	1	2	0.44	0.00	339.55
1	2	405	2	30	0	2	8	2.40	0.00	1021.67
1	2	450	0	21	0	1	11	1.50	0.00	843.72
1	2	525	0	4	1	1	3	0.35	0.00	677.52

Day	SL	Own	DispatchTimes	AssignmentCost	RoutingCost	TotalCost
1	13	0	25	6402.00	19345.64	25747.64

Total Cost: 25747.64088875566
Cost per Day: 25747.64088875566
Running time in Seconds: 208.897
Running time in minutes: 3.4816166666666666