INSTANCE: 2hubs_A_50_x.csv
PARAMETER: ldp_tight.txt
POLICY: LATEST DEPARTURE
ALPHA: 0.0
BETA: 53
OMEGA: 586
EPSILON: 1.0

Day: 1, Time: 0
Total Cost: 3878.64
 11:136.01, 46:75 [1, 3, -3, -1]
 12:136.01, 16:75 [1, 3, -3, -1]
 13:153.31, 55:75 [1, 4, -4, -1]
 14:136.01, 59:75 [1, 3, -3, -1]
 15:153.31, 19:75 [1, 4, -4, -1]
 16:136.01, 1:75 [1, -3, -1]
301:138.21, 7:10 [3, 3212, 3289, -3]
302:54.99, 10:10 [3, 3235, 3223, 3262, 3300, -3]
303:79.90, 9:10 [3, 3311, 3227, 3208, 3258, 3200, -3]
304:119.85, 9:10 [3, 3245, 3184, 3314, 3195, 3123, -3]
305:131.66, 10:10 [3, 3225, 3094, 3137, 3312, 3186, -3]
306:54.77, 8:10 [3, 3194, 3189, 3191, 3160, -3]
307:144.01, 1:10 [3, 3203, -3]
308:21.71, 7:10 [3, 3150, 3190, -3]
309:113.35, 10:10 [3, 3229, 3221, 3250, 3220, 3305, -3]
310:184.02, 10:10 [3, 3154, 3257, 3260, 3155, 3168, 3096, 3251, -3]
311:127.14, 10:10 [3, 3234, 3169, 3237, 3197, 3099, 3088, -3]
313:69.06, 8:10 [3, 3138, 3165, 3173, -3]
314:145.79, 10:10 [3, 3125, 3129, 3256, 3205, 3286, 3122, 3297, -3]
317:109.45, 9:10 [3, 3130, 3177, 3093, 3178, -3]
318:140.00, 7:10 [3, 3307, 3159, 3230, 3231, 3290, -3]
319:97.99, 10:10 [3, 3162, 3119, 3176, 3141, 3252, -3]
320:126.27, 10:10 [3, 3233, 3236, 3310, 3261, -3]
401:105.35, 10:10 [4, 3098, 3124, 3136, -4]
402:164.65, 2:10 [4, 3215, 3292, -4]
403:150.71, 10:10 [4, 3268, 3204, 3210, 3149, 3294, -4]
404:76.06, 9:10 [4, 3182, 3174, 3144, -4]
405:146.63, 10:10 [4, 3108, 3283, 3218, 3175, 3103, -4]
406:68.12, 8:10 [4, 3181, 3097, 3219, 3214, 3276, -4]
407:46.87, 10:10 [4, 3315, 3306, 3232, -4]
408:145.39, 10:10 [4, 3183, 3209, 3299, 3185, 3202, 3217, -4]
409:54.76, 7:10 [4, 3269, 3273, -4]
410:67.52, 9:10 [4, 3226, 3284, 3147, 3246, -4]
411:63.08, 9:10 [4, 3100, 3303, 3158, 3266, 3206, -4]
412:80.66, 10:10 [4, 3188, 3117, 3127, 3104, -4]
fe: 6, se: 29

Day: 1, Time: 20
Total Cost: 2597.03
 11:66.27, 68:75 [2, 5, -5, -2]
 12:145.23, 39:75 [2, 6, -6, -2]
 13:145.23, 43:75 [2, 6, -6, -2]
 21:66.27, 33:75 [2, 5, -5, -2]
501:77.37, 10:10 [5, 3278, 3152, 3133, 3153, 3113, -5]
502:112.69, 10:10 [5, 3253, 3128, 3224, 3166, 3248, 3089, 3302, -5]
503:99.19, 10:10 [5, 3087, 3270, 3192, 3120, -5]
504:4.00, 3:10 [5, 3114, -5]
505:106.50, 9:10 [5, 3092, 3090, 3140, 3293, 3102, -5]
506:130.52, 10:10 [5, 3304, 3145, 3228, 3095, 3281, -5]
507:126.49, 10:10 [5, 5538, 3244, 3216, 3161, 3249, 3170, -5]
508:93.92, 10:10 [5, 3156, 3239, 3199, 3259, 3298, -5]
509:104.86, 10:10 [5, 3309, 3131, 3134, -5]
510:44.87, 9:10 [5, 3254, 3198, 3126, -5]
512:109.43, 10:10 [5, 3313, 3207, 3265, 3222, -5]
513:144.76, 10:10 [5, 3247, 3146, 3238, 3201, 3112, 3211, -5]
514:159.98, 10:10 [5, 3101, 3142, 3272, 3180, -5]
515:84.26, 10:10 [5, 3151, 3285, 3308, 3241, 3267, -5]
601:108.95, 9:10 [6, 3107, 3275, 3116, 3179, 3109, -6]
602:127.21, 10:10 [6, 3118, 3091, 3115, 3106, 3295, -6]
603:29.33, 8:10 [6, 3941, 3110, 4543, 3164, -6]
604:98.09, 10:10 [6, 3279, 3163, 3132, 3277, 3240, 3291, -6]
605:57.54, 10:10 [6, 3271, 3111, 3193, 3139, -6]
606:51.50, 10:10 [6, 3171, 3255, 3187, 3242, 3105, -6]
607:51.31, 10:10 [6, 3213, 3135, 3157, 3301, 3648, -6]
608:51.32, 9:10 [6, 4920, 3282, 3196, -6]
609:66.36, 7:10 [6, 3167, 3243, 3264, 3121, 3263, -6]
610:57.39, 9:10 [6, 3288, 3280, 3296, -6]
612:76.18, 9:10 [6, 3148, 3287, 3172, 6146, 3274, 3143, -6]
fe: 4, se: 25

Day: 1, Time: 40
Total Cost: 271.43
 11:66.27, 7:75 [2, -5, -2]
501:61.22, 3:10 [5, 4721, -5]
502:143.94, 4:10 [5, 4581, 5318, -5]
fe: 1, se: 2

Day: 1, Time: 55
Total Cost: 509.92
 11:136.01, 2:75 [1, -3, -1]
 12:153.31, 6:75 [1, -4, -1]
301:67.23, 2:10 [3, 5329, -3]
401:153.36, 6:10 [4, 4348, 5222, 5127, -4]
fe: 2, se: 2

Day: 1, Time: 60
Total Cost: 281.72
 11:66.27, 9:75 [2, -5, -2]
501:109.13, 5:10 [5, 5854, 5744, -5]
502:106.32, 4:10 [5, 4668, -5]
fe: 1, se: 2

Day: 1, Time: 65
Total Cost: 277.97
 11:66.27, 4:75 [2, -5, -2]
 12:66.27, 2:75 [2, -5, -2]
501:8.94, 4:10 [5, 4072, -5]
502:136.48, 2:10 [5, 6213, -5]
fe: 2, se: 2

Day: 1, Time: 90
Total Cost: 615.80
 11:136.01, 12:75 [1, -3, -1]
 12:136.01, 5:75 [1, -3, -1]
301:54.59, 4:10 [3, 6030, -3]
302:66.05, 3:10 [3, 4413, 3506, -3]
303:84.40, 2:10 [3, 4049, -3]
304:138.73, 8:10 [3, 4381, 4625, 3934, -3]
fe: 2, se: 4

Day: 1, Time: 110
Total Cost: 609.87
 11:66.27, 16:75 [2, -5, -2]
 12:66.27, 9:75 [2, -5, -2]
501:51.96, 5:10 [5, 5751, 5497, -5]
502:61.74, 4:10 [5, 5925, -5]
503:56.92, 5:10 [5, 5923, 3766, -5]
504:207.07, 9:10 [5, 3629, 4323, 5293, -5]
505:99.64, 2:10 [5, 4509, -5]
fe: 2, se: 5

Day: 1, Time: 115
Total Cost: 224.87
 11:136.01, 3:75 [1, -3, -1]
301:33.29, 2:10 [3, 6134, -3]
302:55.57, 1:10 [3, 4673, -3]
fe: 1, se: 2

Day: 1, Time: 155
Total Cost: 388.50
 11:153.31, 6:75 [1, -4, -1]
 12:153.31, 3:75 [1, -4, -1]
401:35.02, 6:10 [4, 4755, 5528, -4]
402:46.86, 3:10 [4, 4299, -4]
fe: 2, se: 2

Day: 1, Time: 170
Total Cost: 254.47
 11:136.01, 2:75 [1, -3, -1]
301:118.46, 2:10 [3, 3882, -3]
fe: 1, se: 1

Day: 1, Time: 180
Total Cost: 192.96
 11:66.27, 5:75 [2, -5, -2]
501:126.69, 5:10 [5, 3600, 3543, -5]
fe: 1, se: 1

Day: 1, Time: 290
Total Cost: 539.28
 11:179.78, 26:75 [1, -3, -4, -1]
301:137.27, 9:10 [3, 5087, 4874, 5938, -3]
302:137.68, 10:10 [3, 5732, 5210, 5674, -3]
402:84.56, 7:10 [4, 3820, 4611, 4412, -4]
fe: 1, se: 3

Day: 1, Time: 325
Total Cost: 694.16
 11:66.27, 44:75 [2, -5, -2]
501:107.46, 9:10 [5, 5796, 4786, 6124, 5969, -5]
502:141.20, 10:10 [5, 5879, 4980, 3653, 3465, -5]
503:94.99, 5:10 [5, 3668, 3670, 5096, -5]
504:164.02, 10:10 [5, 3395, 6026, 4796, 3438, -5]
505:120.22, 10:10 [5, 3928, 5578, 6100, 3688, -5]
fe: 1, se: 5

Day: 1, Time: 360
Total Cost: 885.33
 11:136.01, 17:75 [1, 3, -3, -1]
301:116.33, 6:10 [3, 77, 1319, 5897, -3]
302:173.28, 3:10 [3, 38, 2128, -3]
303:92.49, 4:10 [3, 5696, 5760, -3]
304:97.75, 4:10 [3, 4454, -3]
305:136.00, 6:10 [3, 2561, 3563, 64, -3]
306:133.47, 4:10 [3, 4957, 6021, -3]
fe: 1, se: 6

Day: 1, Time: 405
Total Cost: 1331.05
 11:136.01, 39:75 [1, 3, -3, -1]
 12:153.31, 21:75 [1, 4, -1]
301:60.48, 5:10 [3, 3641, 1531, -3]
302:172.56, 10:10 [3, 58, 458, 48, -3]
303:55.34, 6:10 [3, 4719, 8, -3]
304:91.13, 5:10 [3, 75, 2956, -3]
305:142.51, 5:10 [3, 98, 11, -3]
306:75.46, 10:10 [3, 17, 119, 52, -3]
307:79.47, 4:10 [3, 5327, 92, -3]
401:49.40, 1:10 [4, 2664, -4]
402:168.31, 8:10 [4, 1936, 90, 9, -4]
403:69.27, 5:10 [4, 23, 576, -4]
404:41.23, 2:10 [4, 3023, -4]
405:36.57, 5:10 [4, 51, 21, -4]
fe: 2, se: 12

Day: 1, Time: 405
Total Cost: 1024.51
 11:66.27, 20:75 [2, 5, -5, -2]
 12:145.23, 19:75 [2, 6, -6, -2]
501:129.30, 5:10 [5, 671, 16, 859, -5]
503:112.76, 7:10 [5, 113, 18, 2139, -5]
504:147.08, 3:10 [5, 46, 5270, -5]
505:53.67, 9:10 [5, 6114, 6199, 6238, 4339, -5]
508:108.89, 9:10 [5, 3592, 1223, 31, -5]
601:72.30, 6:10 [6, 1752, 2944, -6]
602:75.26, 4:10 [6, 1189, 116, -6]
603:71.66, 4:10 [6, 22, 13, -6]
604:42.10, 5:10 [6, 10, 120, 4768, -6]
fe: 2, se: 9

Day: 1, Time: 435
Total Cost: 350.80
 11:179.78, 13:75 [1, -3, -4, -1]
301:86.46, 7:10 [3, 5312, 4759, -3]
401:84.56, 6:10 [4, 3364, 5320, -4]
fe: 1, se: 2

Day: 1, Time: 450
Total Cost: 379.45
 11:136.01, 3:75 [1, 3, -1]
301:128.95, 2:10 [3, 34, -3]
302:114.49, 1:10 [3, 118, -3]
fe: 1, se: 2

Day: 1, Time: 450
Total Cost: 689.43
 11:66.27, 25:75 [2, 5, -2]
501:81.22, 4:10 [5, 14, -5]
502:79.65, 4:10 [5, 42, -5]
503:74.00, 2:10 [5, 15, -5]
504:83.35, 1:10 [5, 102, -5]
505:79.92, 2:10 [5, 66, -5]
506:68.00, 4:10 [5, 79, -5]
507:74.22, 4:10 [5, 96, -5]
508:82.80, 4:10 [5, 36, -5]
fe: 1, se: 8

Day: 1, Time: 460
Total Cost: 1261.80
 11:136.01, 19:75 [1, 3, -1]
 12:153.31, 18:75 [1, 4, -1]
301:99.13, 4:10 [3, 53, 97, -3]
302:92.38, 6:10 [3, 1478, 65, -3]
303:91.41, 1:10 [3, 63, -3]
304:76.37, 4:10 [3, 2735, -3]
305:101.39, 2:10 [3, 91, -3]
307:72.80, 2:10 [3, 108, -3]
401:39.70, 4:10 [4, 2554, -4]
402:62.10, 2:10 [4, 114, -4]
403:85.69, 6:10 [4, 69, 95, -4]
404:96.17, 1:10 [4, 123, -4]
405:95.08, 1:10 [4, 73, -4]
406:60.26, 4:10 [4, 49, 2307, -4]
fe: 2, se: 12

Day: 1, Time: 460
Total Cost: 524.20
 11:66.27, 22:75 [2, 5, -2]
501:59.67, 3:10 [5, 33, -5]
502:142.65, 5:10 [5, 45, 25, 1483, -5]
503:127.65, 5:10 [5, 83, 39, 121, -5]
504:54.04, 1:10 [5, 40, -5]
505:41.56, 3:10 [5, 60, 2338, -5]
507:32.37, 5:10 [5, 2032, 86, -5]
fe: 1, se: 6

Day: 1, Time: 495
Total Cost: 405.22
 11:153.31, 4:75 [1, 4, -1]
 12:136.01, 9:75 [1, 3, -1]
301:27.20, 3:10 [3, 74, -3]
302:43.08, 2:10 [3, 57, -3]
303:37.36, 4:10 [3, 1730, -3]
401:8.25, 4:10 [4, 82, -4]
fe: 2, se: 4

Day: 1, Time: 495
Total Cost: 860.88
 11:66.27, 27:75 [2, 5, -2]
501:105.55, 2:10 [5, 2699, -5]
502:74.97, 4:10 [5, 99, -5]
503:93.77, 4:10 [5, 72, 110, -5]
504:108.26, 2:10 [5, 94, -5]
505:98.99, 3:10 [5, 24, -5]
506:89.63, 6:10 [5, 109, 1565, -5]
507:68.96, 1:10 [5, 41, -5]
508:64.03, 2:10 [5, 117, -5]
509:90.44, 3:10 [5, 30, -5]
fe: 1, se: 9

Day: 1, Time: 525
Total Cost: 154.57
 11:66.27, 10:75 [2, 5, -2]
501:30.00, 1:10 [5, 78, -5]
502:25.99, 6:10 [5, 125, 29, -5]
503:32.31, 3:10 [5, 68, -5]
fe: 1, se: 3


Day	Area	ID	Time	Load	Utilization	NoOrders	AssignmentCost
1	1	 8	315	 39	0.65	17	465.00
1	1	 9	360	 25	0.42	 8	325.00
1	1	43	400	 22	0.18	12	590.00
1	1	10	405	 27	0.45	11	345.00
1	1	11	450	 16	0.22	 8	188.00
1	1	47	800	 85	0.89	32	2220.00
1	1	19	810	 48	1.00	22	666.00
1	2	51	300	 15	0.13	 6	450.00
1	2	27	315	 60	1.00	22	675.00
1	2	28	360	  3	0.05	 2	105.00
1	2	52	400	 37	0.31	16	890.00
1	2	29	405	 13	0.22	 4	205.00
1	2	56	800	 85	0.89	34	2220.00
1	2	38	810	 48	1.00	21	666.00


Day	Area	Time	Pickup	Delivery	Direct	FEVehicles	SEVehicles	ALNSTime	ALNSBestTime	RoutingCostArea
1	1	0	66	55	0	6	29	89.11	51.09	3878.64
1	1	55	4	0	0	2	2	0.49	0.00	509.92
1	1	90	7	0	0	2	4	0.62	0.00	615.80
1	1	115	2	0	0	1	2	0.27	0.00	224.87
1	1	155	3	0	1	2	2	0.35	0.00	888.50
1	1	160	0	0	1	0	0	0.00	0.00	500.00
1	1	170	1	0	1	1	1	0.19	0.00	754.47
1	1	175	0	0	1	0	0	0.00	0.00	500.00
1	1	290	9	0	0	1	3	0.72	0.00	539.28
1	1	360	7	6	0	1	6	1.09	0.01	885.33
1	1	405	3	22	0	2	12	2.52	1.66	1331.05
1	1	435	4	0	0	1	2	0.47	0.00	350.80
1	1	450	0	2	0	1	2	0.21	0.00	379.45
1	1	460	0	16	0	2	12	1.13	0.00	1261.80
1	1	495	0	4	0	2	4	0.46	0.01	405.22
1	2	20	59	55	0	4	25	105.32	61.66	2597.03
1	2	40	3	0	0	1	2	0.32	0.00	271.43
1	2	60	3	0	0	1	2	0.30	0.00	281.72
1	2	65	2	0	0	2	2	0.32	0.00	277.97
1	2	110	9	0	0	2	5	1.61	0.67	609.87
1	2	180	2	0	1	1	1	0.25	0.00	692.96
1	2	325	19	0	0	1	5	1.57	0.86	694.16
1	2	405	7	17	0	2	9	1.92	0.00	1024.51
1	2	450	0	8	0	1	8	0.55	0.00	689.43
1	2	460	0	12	0	1	6	0.79	0.00	524.20
1	2	495	0	11	0	1	9	0.67	0.00	860.88
1	2	525	0	4	4	1	3	0.31	0.00	2154.57

Day	SL	Own	DispatchTimes	AssignmentCost	RoutingCost	TotalCost
1	9	5	27	10010.00	23703.88	33713.88

Total Cost: 33713.87813546635
Cost per Day: 33713.87813546635
Running time in Seconds: 226.954
Running time in minutes: 3.782566666666667