INSTANCE: 2hubs_A_4_x.csv
PARAMETER: ldp_tight.txt
POLICY: LATEST DEPARTURE
ALPHA: 0.0
BETA: 53
OMEGA: 586
EPSILON: 1.0

Day: 1, Time: 0
Total Cost: 3042.85
 11:136.01, 64:75 [1, 3, -3, -1]
 12:136.01, 69:75 [1, 3, -3, -1]
 13:153.31, 48:75 [1, 4, -4, -1]
 15:153.31, 15:75 [1, 4, -4, -1]
301:133.74, 10:10 [3, 3093, 3218, 3183, 3180, 3237, 3178, 3232, -3]
302:65.37, 10:10 [3, 3305, 3296, 3227, 3246, -3]
303:159.92, 10:10 [3, 3124, 3184, 3177, 3138, 3207, 3253, 3268, 3088, -3]
304:59.86, 10:10 [3, 3154, 3112, 3166, 3100, -3]
305:73.35, 10:10 [3, 3287, 3282, 3245, -3]
306:74.74, 10:10 [3, 3225, 3295, 3226, 3280, -3]
308:70.42, 6:10 [3, 3261, 3264, 3193, -3]
309:77.97, 10:10 [3, 3222, 3236, 3288, 3274, -3]
310:127.68, 9:10 [3, 3195, 3200, 3179, 3285, 3176, -3]
311:83.46, 10:10 [3, 3276, 3294, 3293, -3]
312:42.22, 8:10 [3, 3291, 3142, -3]
313:177.30, 10:10 [3, 3194, 3126, 3098, 3108, 3279, 3286, 3114, -3]
314:106.38, 10:10 [3, 3168, 3203, 3212, 3199, 3204, 3133, -3]
315:82.37, 9:10 [3, 3172, 3143, 3292, 3146, 3310, -3]
316:97.93, 10:10 [3, 3311, 3223, 3214, 3221, 3103, 3135, -3]
401:89.53, 10:10 [4, 3123, 3090, 3101, -4]
402:63.10, 10:10 [4, 3147, 3189, 3196, 3117, -4]
403:41.06, 10:10 [4, 3250, 3099, 3120, -4]
405:95.24, 10:10 [4, 3165, 3152, 3167, -4]
406:158.46, 10:10 [4, 3243, 3238, 3224, 3169, 3192, 3231, -4]
407:57.11, 10:10 [4, 3299, 3182, 3201, 3273, 3110, -4]
408:118.27, 10:10 [4, 3211, 3306, 3265, 3181, -4]
410:168.97, 10:10 [4, 3278, 3116, 3256, 3241, 3198, -4]
411:95.01, 10:10 [4, 3171, 3161, 3170, 3144, 3092, -4]
413:55.39, 6:10 [4, 3202, 3249, -4]
415:89.36, 10:10 [4, 3260, 3290, 3315, 3302, -4]
fe: 4, se: 26

Day: 1, Time: 20
Total Cost: 2710.72
 11:66.27, 38:75 [2, 5, -5, -2]
 12:66.27, 72:75 [2, 5, -5, -2]
 13:66.27, 55:75 [2, 5, -5, -2]
 14:145.23, 18:75 [2, 6, -6, -2]
501:129.02, 9:10 [5, 3277, 3160, 3163, 3251, 3284, 3206, -5]
502:146.57, 10:10 [5, 3118, 3266, 3141, 3155, 3197, 3128, 3244, 3095, -5]
503:115.79, 10:10 [5, 3235, 3213, 3303, 3272, -5]
504:168.79, 10:10 [5, 3145, 3134, 3190, 3109, 3258, -5]
505:120.78, 9:10 [5, 3127, 3283, 3254, 3121, 3242, 3262, -5]
506:148.73, 10:10 [5, 3220, 3089, 3308, 3137, 3096, -5]
507:75.25, 10:10 [5, 3185, 3157, 3087, 3151, 3219, -5]
508:97.56, 9:10 [5, 3153, 3174, 3175, 3239, 3307, 3252, -5]
509:71.27, 8:10 [5, 3186, 3149, 3150, 3122, -5]
510:47.65, 6:10 [5, 3297, 3255, -5]
511:97.16, 10:10 [5, 3188, 3229, 3187, 3209, 3102, -5]
512:108.97, 9:10 [5, 3289, 3281, 3125, 3259, 3257, -5]
513:100.73, 10:10 [5, 3113, 3156, 3312, 3111, 3132, -5]
514:21.57, 5:10 [5, 3217, 3159, -5]
515:105.84, 10:10 [5, 3131, 3263, 3271, 3314, 3230, 3298, -5]
518:152.69, 10:10 [5, 3158, 3313, 3094, 3136, -5]
521:124.58, 10:10 [5, 3106, 3210, 3105, 3119, 3234, -5]
522:159.92, 10:10 [5, 3097, 3275, 3091, 3173, 3248, 3164, -5]
524:114.53, 9:10 [5, 3240, 3104, 3300, 3130, 3301, 3107, -5]
525:77.91, 10:10 [5, 3129, 3140, 3148, 3304, 3247, 3270, 3215, -5]
601:81.07, 9:10 [6, 3309, 3267, 3228, 3208, -6]
602:53.61, 9:10 [6, 3115, 3139, 3162, -6]
603:46.69, 9:10 [6, 3216, 3191, 3269, 3205, 3233, -6]
fe: 4, se: 23

Day: 1, Time: 65
Total Cost: 284.04
 11:66.27, 9:75 [2, -5, -2]
501:113.21, 4:10 [5, 4930, -5]
502:104.56, 5:10 [5, 3751, 3472, -5]
fe: 1, se: 2

Day: 1, Time: 75
Total Cost: 732.63
 11:136.01, 1:75 [1, -3, -1]
 12:136.01, 5:75 [1, -3, -1]
 13:153.31, 9:75 [1, -4, -1]
301:76.16, 1:10 [3, 4107, -3]
303:83.39, 5:10 [3, 4233, 3716, -3]
401:147.75, 9:10 [4, 3976, 6091, 3626, 5378, -4]
fe: 3, se: 3

Day: 1, Time: 80
Total Cost: 202.26
 11:136.01, 3:75 [1, -3, -1]
301:66.24, 3:10 [3, 4014, -3]
fe: 1, se: 1

Day: 1, Time: 110
Total Cost: 182.07
 11:153.31, 5:75 [1, -4, -1]
401:28.76, 5:10 [4, 3452, 3808, -4]
fe: 1, se: 1

Day: 1, Time: 135
Total Cost: 399.70
 11:66.27, 8:75 [2, -5, -2]
 12:145.23, 1:75 [2, -6, -2]
501:128.27, 3:10 [5, 5632, 5320, -5]
502:31.86, 5:10 [5, 5414, 3515, -5]
601:28.07, 1:10 [6, 3393, -6]
fe: 2, se: 3

Day: 1, Time: 150
Total Cost: 204.75
 11:136.01, 4:75 [1, -3, -1]
301:68.73, 4:10 [3, 4217, -3]
fe: 1, se: 1

Day: 1, Time: 165
Total Cost: 195.25
 11:66.27, 3:75 [2, -5, -2]
501:128.98, 3:10 [5, 3731, 3630, -5]
fe: 1, se: 1

Day: 1, Time: 175
Total Cost: 420.32
 11:136.01, 5:75 [1, -3, -1]
 12:136.01, 1:75 [1, -3, -1]
301:44.44, 5:10 [3, 5201, 3854, -3]
302:103.85, 1:10 [3, 3957, -3]
fe: 2, se: 2

Day: 1, Time: 175
Total Cost: 227.69
 11:145.23, 4:75 [2, -6, -2]
601:82.46, 4:10 [6, 6064, -6]
fe: 1, se: 1

Day: 1, Time: 295
Total Cost: 593.12
 11:179.78, 20:75 [1, -3, -4, -1]
301:32.31, 1:10 [3, 5613, -3]
302:30.00, 4:10 [3, 5698, -3]
303:81.61, 2:10 [3, 5094, -3]
401:63.66, 3:10 [4, 4166, -4]
402:205.77, 10:10 [4, 6052, 4587, 4992, 5122, 4767, -4]
fe: 1, se: 5

Day: 1, Time: 300
Total Cost: 384.07
 11:66.27, 18:75 [2, -5, -2]
502:140.55, 9:10 [5, 5459, 4531, 4517, -5]
503:177.25, 9:10 [5, 5363, 4634, 5006, 3595, -5]
fe: 1, se: 2

Day: 1, Time: 360
Total Cost: 626.27
 11:136.01, 19:75 [1, 3, -3, -1]
301:24.33, 1:10 [3, 4147, -3]
302:176.41, 2:10 [3, 119, 80, -3]
303:135.50, 8:10 [3, 5812, 62, 5848, 6057, -3]
304:154.02, 10:10 [3, 4333, 5425, 4562, 5855, -3]
fe: 1, se: 4

Day: 1, Time: 405
Total Cost: 883.30
 11:136.01, 21:75 [1, 3, -3, -1]
 12:153.31, 11:75 [1, 4, -1]
301:60.98, 4:10 [3, 99, 108, -3]
302:118.83, 4:10 [3, 3821, -3]
303:76.24, 5:10 [3, 15, 76, -3]
305:39.75, 9:10 [3, 64, 52, 124, 77, -3]
307:173.61, 5:10 [3, 4917, 49, 23, -3]
401:84.76, 4:10 [4, 2145, -4]
403:39.81, 7:10 [4, 113, 45, 282, -4]
fe: 2, se: 7

Day: 1, Time: 405
Total Cost: 1122.60
 11:66.27, 26:75 [2, 5, -5, -2]
 12:145.23, 28:75 [2, 6, -6, -2]
501:142.87, 9:10 [5, 4676, 104, 74, -5]
502:90.09, 2:10 [5, 4845, -5]
503:98.20, 8:10 [5, 4849, 5278, -5]
509:111.82, 6:10 [5, 5718, 3762, -5]
510:112.76, 9:10 [5, 4605, 35, 5183, 1292, -5]
601:68.14, 3:10 [6, 5307, 59, -6]
602:67.05, 8:10 [6, 13, 55, 6143, -6]
603:45.82, 2:10 [6, 105, 2640, -6]
604:63.82, 5:10 [6, 33, 1819, -6]
605:41.15, 5:10 [6, 262, 618, -6]
606:69.37, 6:10 [6, 84, 1599, 83, -6]
fe: 2, se: 11

Day: 1, Time: 420
Total Cost: 258.27
 11:153.31, 3:75 [1, -4, -1]
401:104.96, 3:10 [4, 5191, -4]
fe: 1, se: 1

Day: 1, Time: 430
Total Cost: 157.01
 11:66.27, 7:75 [2, -5, -2]
501:90.74, 7:10 [5, 4426, 3582, 3376, -5]
fe: 1, se: 1

Day: 1, Time: 450
Total Cost: 788.19
 11:153.31, 1:75 [1, 4, -1]
 12:136.01, 7:75 [1, 3, -1]
301:128.41, 3:10 [3, 117, -3]
302:127.91, 3:10 [3, 67, -3]
303:127.78, 1:10 [3, 2442, -3]
401:114.77, 1:10 [4, 43, -4]
fe: 2, se: 4

Day: 1, Time: 450
Total Cost: 457.25
 11:66.27, 16:75 [2, 5, -2]
501:76.84, 2:10 [5, 60, -5]
502:78.64, 4:10 [5, 786, -5]
503:79.25, 4:10 [5, 32, -5]
504:78.43, 2:10 [5, 436, -5]
505:77.82, 4:10 [5, 36, -5]
fe: 1, se: 5

Day: 1, Time: 460
Total Cost: 1176.50
 11:136.01, 24:75 [1, 3, -1]
 12:153.31, 18:75 [1, 4, -1]
301:88.57, 3:10 [3, 85, -3]
302:68.50, 3:10 [3, 30, 325, -3]
303:95.21, 3:10 [3, 93, 72, -3]
304:103.25, 6:10 [3, 2130, 2874, -3]
305:111.80, 4:10 [3, 114, -3]
306:90.20, 1:10 [3, 91, -3]
308:100.58, 4:10 [3, 57, -3]
401:84.95, 5:10 [4, 38, 7, -4]
402:56.74, 4:10 [4, 79, 40, -4]
403:46.17, 3:10 [4, 107, -4]
404:41.19, 6:10 [4, 561, 81, -4]
fe: 2, se: 11

Day: 1, Time: 460
Total Cost: 833.96
 11:66.27, 36:75 [2, 5, -2]
501:137.41, 7:10 [5, 1027, 103, -5]
502:35.61, 2:10 [5, 88, -5]
503:46.91, 3:10 [5, 66, 70, -5]
504:122.22, 5:10 [5, 22, 48, -5]
505:151.45, 5:10 [5, 92, 56, -5]
506:41.04, 4:10 [5, 86, -5]
507:158.47, 6:10 [5, 116, 21, 2901, -5]
509:32.25, 1:10 [5, 767, -5]
510:42.34, 3:10 [5, 125, 24, -5]
fe: 1, se: 9

Day: 1, Time: 495
Total Cost: 182.00
 11:136.01, 6:75 [1, 3, -1]
301:11.98, 5:10 [3, 2224, 26, -3]
302:34.00, 1:10 [3, 25, -3]
fe: 1, se: 2

Day: 1, Time: 495
Total Cost: 644.83
 11:66.27, 15:75 [2, 5, -2]
501:76.00, 2:10 [5, 34, -5]
502:102.84, 1:10 [5, 115, -5]
503:81.58, 4:10 [5, 12, -5]
504:98.79, 3:10 [5, 14, -5]
505:110.22, 1:10 [5, 1043, -5]
506:109.12, 4:10 [5, 100, -5]
fe: 1, se: 6

Day: 1, Time: 525
Total Cost: 301.79
 11:66.27, 16:75 [2, 5, -2]
501:52.04, 4:10 [5, 526, -5]
502:37.20, 3:10 [5, 98, -5]
503:53.25, 3:10 [5, 121, -5]
504:47.20, 4:10 [5, 11, -5]
505:30.59, 1:10 [5, 46, -5]
506:15.23, 1:10 [5, 53, -5]
fe: 1, se: 6


Day	Area	ID	Time	Load	Utilization	NoOrders	AssignmentCost
1	1	 8	315	 38	0.63	16	455.00
1	1	 9	360	 16	0.27	 5	235.00
1	1	43	400	 36	0.30	16	870.00
1	1	10	405	 15	0.25	 6	225.00
1	1	11	450	 16	0.22	 6	188.00
1	1	44	500	  2	0.01	 1	152.00
1	1	47	800	 84	0.88	34	2196.00
1	1	19	810	 48	1.00	16	666.00
1	2	51	300	  5	0.04	 3	250.00
1	2	27	315	 32	0.53	14	395.00
1	2	28	360	  8	0.13	 4	155.00
1	2	52	400	 42	0.35	17	990.00
1	2	29	405	  6	0.10	 3	135.00
1	2	56	800	 81	0.84	30	2124.00
1	2	38	810	 48	1.00	18	666.00


Day	Area	Time	Pickup	Delivery	Direct	FEVehicles	SEVehicles	ALNSTime	ALNSBestTime	RoutingCostArea
1	1	0	62	53	0	4	26	68.57	40.66	3042.85
1	1	75	7	0	0	3	3	0.84	0.00	732.63
1	1	80	1	0	1	1	1	0.22	0.00	702.26
1	1	110	2	0	1	1	1	0.34	0.00	682.07
1	1	150	1	0	1	1	1	0.21	0.00	704.75
1	1	175	3	0	0	2	2	0.44	0.00	420.32
1	1	180	0	0	1	0	0	0.00	0.00	500.00
1	1	295	9	0	0	1	5	0.74	0.00	593.12
1	1	360	8	3	0	1	4	0.82	0.00	626.27
1	1	405	2	14	0	2	7	1.53	0.00	883.30
1	1	420	1	0	0	1	1	0.21	0.00	258.27
1	1	450	0	4	0	2	4	0.53	0.00	788.19
1	1	460	0	17	0	2	11	1.21	0.00	1176.50
1	1	495	0	3	0	1	2	0.30	0.00	182.00
1	2	20	57	57	0	4	23	48.27	36.05	2710.72
1	2	65	3	0	0	1	2	0.41	0.00	284.04
1	2	135	5	0	0	2	3	0.42	0.00	399.70
1	2	165	2	0	1	1	1	0.27	0.00	695.25
1	2	175	1	0	0	1	1	0.24	0.00	227.69
1	2	300	7	0	0	1	2	0.69	0.00	384.07
1	2	405	10	16	0	2	11	3.09	0.00	1122.60
1	2	430	3	0	0	1	1	0.40	0.00	157.01
1	2	450	0	5	0	1	5	0.51	0.00	457.25
1	2	460	0	16	0	1	9	1.22	0.00	833.96
1	2	495	0	6	0	1	6	0.37	0.00	644.83
1	2	525	0	6	0	1	6	0.42	0.00	301.79
1	2	550	0	0	1	0	0	0.00	0.00	500.00

Day	SL	Own	DispatchTimes	AssignmentCost	RoutingCost	TotalCost
1	9	6	27	9702.00	20011.43	29713.43

Total Cost: 29713.428787250756
Cost per Day: 29713.428787250756
Running time in Seconds: 158.747
Running time in minutes: 2.645783333333333