INSTANCE: 2hubs_A_48_x.csv
PARAMETER: tuning_loose.txt
POLICY: MIP
ALPHA: 0.387023956898126
BETA: 78
OMEGA: 586
EPSILON: 1.00597325044486

Day: 1, Time: 0
Total Cost: 3323.25
 11:136.01, 49:75 [1, 3, -3, -1]
 12:136.01, 49:75 [1, 3, -3, -1]
 13:136.01, 9:75 [1, 3, -3, -1]
 14:153.31, 39:75 [1, 4, -4, -1]
 21:153.31, 24:75 [1, 4, -4, -1]
301:129.70, 9:10 [3, 3286, 3255, 3095, -3]
302:74.38, 10:10 [3, 3269, 3307, 3261, 3234, 3179, -3]
303:146.45, 10:10 [3, 3253, 3107, 3315, 3190, 3145, 3164, 3252, -3]
305:67.91, 10:10 [3, 3091, 3156, 3186, 3212, -3]
307:246.70, 10:10 [3, 3149, 3168, 3228, 3147, 3176, 3267, -3]
308:164.01, 10:10 [3, 3100, 3126, 3303, 3200, 3246, 3148, 3113, -3]
309:81.04, 10:10 [3, 3094, 3287, 3122, 3314, 3302, 3115, 3277, 3160, -3]
310:135.89, 10:10 [3, 3103, 3304, 3216, 3193, 3104, 3239, -3]
311:129.47, 8:10 [3, 3266, 3263, 3278, -3]
312:51.45, 10:10 [3, 3306, 3259, 3289, 3211, -3]
313:108.27, 9:10 [3, 3178, 3291, 3236, 3297, 3283, 3240, -3]
316:48.25, 10:10 [3, 3139, 3109, 3142, 3167, -3]
401:160.39, 8:10 [4, 3308, 3204, -4]
402:54.25, 8:10 [4, 3127, 3223, 3227, 3279, -4]
403:114.56, 10:10 [4, 3195, 3189, 3143, 3093, -4]
404:152.89, 10:10 [4, 3101, 3096, 3102, 3116, 3158, -4]
405:108.48, 9:10 [4, 3280, 3264, 3284, 3244, -4]
406:29.13, 6:10 [4, 3118, 3141, -4]
408:152.31, 9:10 [4, 3098, 3119, 3152, -4]
409:133.31, 9:10 [4, 3194, 3171, 3136, 3187, -4]
410:81.85, 9:10 [4, 3121, 3123, 3222, 3250, 3217, -4]
411:73.66, 9:10 [4, 3125, 3138, 3301, 3282, 3183, -4]
412:118.23, 9:10 [4, 3230, 3220, 3265, -4]
413:46.00, 3:10 [4, 3134, 3245, -4]
fe: 5, se: 24

Day: 1, Time: 0
Total Cost: 3000.99
 11:66.27, 67:75 [2, 5, -5, -2]
 12:66.27, 58:75 [2, 5, -5, -2]
 13:66.27, 10:75 [2, 5, -5, -2]
 14:151.76, 48:75 [2, 5, 6, -6, -2]
 15:66.27, 9:75 [2, 5, -5, -2]
 17:66.27, 10:75 [2, 5, -5, -2]
501:2.83, 4:10 [5, 3300, -5]
502:95.60, 8:10 [5, 3191, 3106, 3181, 3140, -5]
503:83.95, 10:10 [5, 3175, 3221, 3198, 3294, -5]
504:97.63, 8:10 [5, 3184, 3254, 3092, -5]
506:184.17, 10:10 [5, 3153, 3274, 3129, 3180, 3241, 3247, -5]
507:114.79, 10:10 [5, 3206, 3154, 3285, 3169, 3165, 3090, -5]
508:123.19, 10:10 [5, 3309, 3185, 3260, 3313, 3231, 3275, -5]
509:69.88, 10:10 [5, 3258, 3111, 3224, 3268, 3295, -5]
510:41.37, 7:10 [5, 3290, 3146, -5]
512:114.27, 10:10 [5, 3161, 3112, 3130, 3201, 3196, -5]
513:115.90, 10:10 [5, 3166, 3155, 3188, 3105, 3210, -5]
514:49.39, 10:10 [5, 3137, 3097, 3089, 3182, -5]
516:123.44, 10:10 [5, 3099, 3272, 3249, 3124, 3215, 3218, 3172, -5]
517:104.55, 10:10 [5, 3197, 3208, 3237, 3226, -5]
519:175.69, 10:10 [5, 3238, 3162, 3288, 3128, 3229, 3256, 3131, 3296, -5]
520:105.95, 10:10 [5, 3174, 3281, 3177, 3312, 3271, -5]
522:70.18, 9:10 [5, 3292, 3207, 3163, 3235, -5]
524:137.12, 10:10 [5, 3205, 3310, 3120, 3214, 3213, 3311, -5]
525:154.48, 10:10 [5, 3110, 3248, 3262, 3135, 3305, 3243, 3270, 3192, -5]
601:34.47, 7:10 [6, 3242, 3219, 3251, -6]
602:81.13, 9:10 [6, 3159, 3170, 3117, -6]
603:55.53, 10:10 [6, 3298, 3225, 3233, -6]
604:68.22, 10:10 [6, 3299, 3276, 3203, 3257, -6]
605:30.61, 9:10 [6, 3114, 3108, 3151, -6]
607:57.66, 10:10 [6, 3157, 3133, 3088, -6]
608:92.04, 9:10 [6, 3144, 3087, 3150, 3132, -6]
609:67.62, 9:10 [6, 3232, 3202, 3209, -6]
610:66.20, 10:10 [6, 3173, 3293, 3273, 3199, -6]
fe: 6, se: 28

Day: 1, Time: 40
Total Cost: 386.71
 11:66.27, 10:75 [2, -5, -2]
 12:66.27, 1:75 [2, -5, -2]
501:161.19, 10:10 [5, 4458, 4716, 4706, -5]
502:92.97, 1:10 [5, 5929, -5]
fe: 2, se: 2

Day: 1, Time: 50
Total Cost: 787.13
 11:153.31, 4:75 [1, -4, -1]
 12:136.01, 2:75 [1, -3, -1]
 13:153.31, 4:75 [1, -4, -1]
302:63.66, 2:10 [3, 4340, -3]
401:158.19, 4:10 [4, 4438, 5666, -4]
402:122.65, 4:10 [4, 3901, -4]
fe: 3, se: 3

Day: 1, Time: 55
Total Cost: 142.25
 11:66.27, 6:75 [2, -5, -2]
501:75.98, 6:10 [5, 5706, 5013, -5]
fe: 1, se: 1

Day: 1, Time: 60
Total Cost: 214.52
 11:179.78, 2:75 [1, -3, -4, -1]
301:22.09, 1:10 [3, 5142, -3]
401:12.65, 1:10 [4, 5915, -4]
fe: 1, se: 2

Day: 1, Time: 65
Total Cost: 279.54
 11:136.01, 3:75 [1, -3, -1]
301:143.53, 3:10 [3, 4643, 4001, -3]
fe: 1, se: 1

Day: 1, Time: 75
Total Cost: 491.29
 11:153.31, 4:75 [1, -4, -1]
 12:136.01, 4:75 [1, -3, -1]
301:36.50, 4:10 [3, 4764, -3]
401:165.47, 4:10 [4, 4715, -4]
fe: 2, se: 2

Day: 1, Time: 90
Total Cost: 232.94
 12:153.31, 7:75 [1, -4, -1]
401:22.36, 3:10 [4, 3873, -4]
402:57.27, 4:10 [4, 5256, -4]
fe: 1, se: 2

Day: 1, Time: 100
Total Cost: 362.35
 11:66.27, 5:75 [2, -5, -2]
 12:66.27, 4:75 [2, -5, -2]
501:65.60, 1:10 [5, 4248, -5]
502:104.04, 4:10 [5, 4386, 5488, -5]
503:60.17, 4:10 [5, 5041, -5]
fe: 2, se: 3

Day: 1, Time: 105
Total Cost: 353.96
 11:66.27, 1:75 [2, -5, -2]
 12:66.27, 1:75 [2, -5, -2]
501:138.81, 1:10 [5, 5845, -5]
502:82.61, 1:10 [5, 4088, -5]
fe: 2, se: 2

Day: 1, Time: 115
Total Cost: 526.59
 11:153.31, 3:75 [1, -4, -1]
 12:136.01, 3:75 [1, -3, -1]
301:103.25, 3:10 [3, 5300, -3]
401:72.28, 1:10 [4, 5748, -4]
402:61.74, 2:10 [4, 4704, -4]
fe: 2, se: 3

Day: 1, Time: 120
Total Cost: 188.36
 11:136.01, 2:75 [1, -3, -1]
301:52.35, 2:10 [3, 3524, -3]
fe: 1, se: 1

Day: 1, Time: 130
Total Cost: 108.79
 11:66.27, 1:75 [2, -5, -2]
501:42.52, 1:10 [5, 4991, -5]
fe: 1, se: 1

Day: 1, Time: 150
Total Cost: 434.80
 11:66.27, 6:75 [2, -5, -2]
 12:66.27, 4:75 [2, -5, -2]
501:165.36, 6:10 [5, 3766, 3775, -5]
503:136.89, 4:10 [5, 3986, -5]
fe: 2, se: 2

Day: 1, Time: 155
Total Cost: 490.03
 11:136.01, 7:75 [1, -3, -1]
 12:153.31, 3:75 [1, -4, -1]
301:146.06, 7:10 [3, 3718, 3676, -3]
401:54.64, 3:10 [4, 4754, 5731, -4]
fe: 2, se: 2

Day: 1, Time: 170
Total Cost: 164.65
 11:136.01, 2:75 [1, -3, -1]
301:28.64, 2:10 [3, 5369, -3]
fe: 1, se: 1

Day: 1, Time: 270
Total Cost: 617.81
 11:179.78, 23:75 [1, -3, -4, -1]
301:193.71, 10:10 [3, 3402, 5574, 4404, 3581, -3]
401:42.38, 3:10 [4, 5334, -4]
402:201.95, 10:10 [4, 3704, 5895, 3500, 4659, -4]
fe: 1, se: 3

Day: 1, Time: 270
Total Cost: 485.25
 11:66.27, 25:75 [2, -5, -2]
501:148.14, 8:10 [5, 3442, 4871, 5110, -5]
502:117.23, 10:10 [5, 5883, 4351, 5336, 5726, -5]
503:153.61, 7:10 [5, 3889, 4633, 5355, -5]
fe: 1, se: 3

Day: 1, Time: 300
Total Cost: 142.17
 11:66.27, 4:75 [2, -5, -2]
501:75.89, 4:10 [5, 3847, -5]
fe: 1, se: 1

Day: 1, Time: 335
Total Cost: 546.12
 11:136.01, 16:75 [1, 3, -3, -1]
301:126.13, 2:10 [3, 105, -3]
302:183.10, 10:10 [3, 4362, 68, 3519, 34, -3]
303:100.88, 10:10 [3, 78, 2516, 1823, -3]
fe: 1, se: 3

Day: 1, Time: 360
Total Cost: 1037.27
 11:136.01, 23:75 [1, 3, -3, -1]
 12:153.31, 17:75 [1, 4, -1]
301:201.61, 7:10 [3, 3618, 119, 53, 47, -3]
302:112.13, 10:10 [3, 115, 121, 1851, 1801, 5049, 15, -3]
303:102.06, 10:10 [3, 41, 67, 23, 120, 24, 29, -3]
304:47.03, 6:10 [3, 3569, 5164, -3]
401:120.18, 9:10 [4, 1058, 19, 72, 31, 59, -4]
402:76.02, 3:10 [4, 28, 898, 45, -4]
403:88.91, 5:10 [4, 58, 80, -4]
fe: 2, se: 7

Day: 1, Time: 365
Total Cost: 599.19
 11:66.27, 24:75 [2, 5, -5, -2]
501:160.29, 6:10 [5, 599, 4755, 4998, -5]
502:158.92, 10:10 [5, 5624, 5685, 4486, -5]
503:116.35, 3:10 [5, 1150, 295, 3927, -5]
505:97.35, 7:10 [5, 3589, 2718, 3409, -5]
fe: 1, se: 4

Day: 1, Time: 375
Total Cost: 530.31
 11:136.01, 20:75 [1, -3, -1]
301:109.85, 9:10 [3, 5697, 4260, 5405, -3]
302:144.94, 4:10 [3, 4408, -3]
303:139.50, 7:10 [3, 4360, 6170, -3]
fe: 1, se: 3

Day: 1, Time: 405
Total Cost: 1243.99
 11:136.01, 38:75 [1, 3, -3, -1]
 12:153.31, 51:75 [1, 4, -4, -1]
301:116.92, 9:10 [3, 104, 70, 103, -3]
302:51.80, 7:10 [3, 85, 81, -3]
303:71.50, 8:10 [3, 91, 4446, 4288, -3]
304:59.75, 9:10 [3, 83, 25, 13, -3]
308:98.68, 10:10 [3, 108, 123, 109, -3]
401:111.57, 10:10 [4, 18, 42, 1196, -4]
402:110.80, 9:10 [4, 3501, 1516, 35, -4]
403:42.28, 4:10 [4, 82, 43, -4]
404:70.11, 10:10 [4, 9, 17, 36, -4]
405:66.49, 9:10 [4, 1526, 102, 1268, -4]
407:154.76, 10:10 [4, 110, 12, 8, -4]
fe: 2, se: 11

Day: 1, Time: 405
Total Cost: 1331.81
 11:66.27, 72:75 [2, 5, -5, -2]
 13:145.23, 17:75 [2, 6, -2]
501:112.88, 10:10 [5, 107, 14, 683, -5]
502:128.18, 10:10 [5, 76, 96, 32, -5]
504:170.23, 10:10 [5, 117, 5249, 87, 97, 2066, -5]
506:58.95, 10:10 [5, 94, 71, 88, -5]
507:145.36, 10:10 [5, 4544, 124, 112, 73, 55, -5]
509:141.79, 8:10 [5, 60, 79, 5762, 40, -5]
511:110.87, 10:10 [5, 334, 1514, 27, 1574, -5]
512:53.65, 10:10 [5, 5548, 116, 75, -5]
601:49.12, 4:10 [6, 69, 101, -6]
602:82.34, 4:10 [6, 54, 33, -6]
603:66.95, 9:10 [6, 92, 30, 90, -6]
fe: 2, se: 11

Day: 1, Time: 415
Total Cost: 250.49
 11:66.27, 4:75 [2, -5, -2]
501:67.94, 3:10 [5, 5426, -5]
502:116.28, 1:10 [5, 5232, -5]
fe: 1, se: 2

Day: 1, Time: 430
Total Cost: 191.31
 11:153.31, 4:75 [1, -4, -1]
401:38.00, 4:10 [4, 4119, -4]
fe: 1, se: 1

Day: 1, Time: 440
Total Cost: 85.25
 11:66.27, 2:75 [2, -5, -2]
501:18.97, 2:10 [5, 4910, -5]
fe: 1, se: 1

Day: 1, Time: 450
Total Cost: 156.90
 11:136.01, 4:75 [1, 3, -1]
301:20.88, 4:10 [3, 796, -3]
fe: 1, se: 1

Day: 1, Time: 450
Total Cost: 477.68
 11:66.27, 25:75 [2, 5, -2]
501:78.49, 4:10 [5, 1564, 1453, 2541, -5]
504:102.54, 8:10 [5, 811, 125, 2179, -5]
505:161.41, 9:10 [5, 1525, 711, 63, -5]
506:68.96, 4:10 [5, 118, -5]
fe: 1, se: 4


Day	Area	ID	Time	Load	Utilization	NoOrders	AssignmentCost
1	1	 6	225	  9	0.10	 4	165.00
1	1	 8	315	 89	0.99	33	965.00
1	1	 9	360	 25	0.28	10	325.00
1	1	18	765	 69	0.96	24	918.00
1	1	19	810	 72	1.00	30	954.00
1	2	25	225	 16	0.18	 6	235.00
1	2	26	270	 15	0.17	 7	225.00
1	2	51	300	 25	0.14	17	650.00
1	2	27	315	 89	0.99	28	965.00
1	2	28	360	  4	0.04	 1	115.00
1	2	34	630	 50	0.56	16	575.00
1	2	38	810	 72	1.00	34	954.00


Day	Area	Time	Pickup	Delivery	Direct	FEVehicles	SEVehicles	ALNSTime	ALNSBestTime	RoutingCostArea
1	1	0	52	54	0	5	24	51.95	39.87	3323.25
1	1	50	4	0	0	3	3	0.60	0.00	787.13
1	1	60	2	0	1	1	2	0.28	0.00	714.52
1	1	65	2	0	0	1	1	0.27	0.00	279.54
1	1	75	2	0	0	2	2	0.30	0.00	491.29
1	1	90	2	0	1	1	2	0.31	0.00	732.94
1	1	115	3	0	0	2	3	0.28	0.00	526.59
1	1	120	1	0	0	1	1	0.20	0.00	188.36
1	1	155	4	0	0	2	2	0.52	0.00	490.03
1	1	170	1	0	1	1	1	0.19	0.00	664.65
1	1	270	9	0	0	1	3	0.71	0.00	617.81
1	1	335	2	6	0	1	3	0.69	0.00	546.12
1	1	360	4	24	0	2	7	2.05	0.00	1037.27
1	1	375	6	0	0	1	3	0.48	0.00	530.31
1	1	405	3	28	0	2	11	2.95	1.82	1243.99
1	1	430	1	0	0	1	1	0.19	0.00	191.31
1	1	450	0	1	0	1	1	0.19	0.00	156.90
1	2	0	67	56	0	6	28	114.11	98.94	3000.99
1	2	40	4	0	0	2	2	0.53	0.00	386.71
1	2	55	2	0	0	1	1	0.25	0.00	142.25
1	2	100	4	0	0	2	3	0.49	0.00	362.35
1	2	105	2	0	0	2	2	0.32	0.00	353.96
1	2	130	1	0	0	1	1	0.19	0.00	108.79
1	2	150	3	0	0	2	2	0.35	0.00	434.80
1	2	270	10	0	0	1	3	0.72	0.00	485.25
1	2	300	1	0	0	1	1	0.17	0.00	142.17
1	2	365	8	4	0	1	4	0.91	0.00	599.19
1	2	405	4	33	0	2	11	3.57	0.72	1331.81
1	2	415	2	0	0	1	2	0.25	0.00	250.49
1	2	440	1	0	0	1	1	0.18	0.00	85.25
1	2	450	0	10	0	1	4	0.50	0.00	477.68

Day	SL	Own	DispatchTimes	AssignmentCost	RoutingCost	TotalCost
1	11	1	31	7046.00	20683.69	27729.69

Total Cost: 27729.691467298275
Cost per Day: 27729.691467298275
Running time in Seconds: 222.74
Running time in minutes: 3.7123333333333335