INSTANCE: 3hubs_MND_A_18_x.csv
PARAMETER: tuning_loose.txt
POLICY: MIP
ALPHA: 0.0
BETA: 7
OMEGA: 586
EPSILON: 1.0

Day: 1, Time: 5
Total Cost: 6461.19
 11:136.01, 40:75 [1, 4, -1]
 12:136.01, 65:75 [1, 4, -4, -1]
 13:136.01, 34:75 [1, 4, -4, -1]
 14:136.01, 59:75 [1, 4, -4, -1]
 15:153.31, 73:75 [1, 5, -5, -1]
 16:153.31, 67:75 [1, 5, -5, -1]
 17:153.31, 52:75 [1, 5, -5, -1]
 18:153.31, 1:75 [1, -5, -1]
 20:153.31, 17:75 [1, 5, -5, -1]
 35:136.01, 5:75 [1, 4, -1]
401:132.90, 10:10 [4, 8578, 8656, 8396, -4]
402:146.90, 10:10 [4, 8353, 8925, 8548, 8594, 8835, 8733, -4]
403:115.63, 9:10 [4, 8974, 8990, 9015, 8867, -4]
404:68.48, 8:10 [4, 8641, 8888, 8491, 8960, -4]
405:57.41, 10:10 [4, 8539, 8541, 8484, -4]
406:88.90, 10:10 [4, 8293, 8754, 8471, 8315, 8866, 8667, 8886, 9020, -4]
407:134.71, 1:10 [4, 8982, -4]
408:92.59, 9:10 [4, 8686, 8720, 8323, 8595, 8707, -4]
409:51.75, 4:10 [4, 8645, 8552, 8851, 8666, -4]
410:116.47, 10:10 [4, 8803, 8877, 8856, 8957, 8896, -4]
411:154.22, 10:10 [4, 8730, 8518, 8691, 8855, 8918, 8672, -4]
412:72.73, 10:10 [4, 8354, 8332, 8505, 8561, 8366, -4]
413:119.56, 10:10 [4, 8450, 8314, 8453, -4]
414:38.07, 9:10 [4, 8728, 8704, 8356, -4]
415:96.93, 9:10 [4, 8966, 8843, 9026, 8446, 8703, 8655, -4]
417:88.56, 10:10 [4, 8598, 9002, 8649, 8697, -4]
418:117.25, 10:10 [4, 8884, 8461, 8362, 8915, 8897, -4]
419:98.91, 10:10 [4, 8852, 8626, 8913, 8403, 8804, -4]
420:56.22, 4:10 [4, 8301, 8701, -4]
425:128.29, 9:10 [4, 8420, 8537, 8814, 8689, 8723, 8811, -4]
426:41.78, 7:10 [4, 8969, 8799, -4]
427:104.46, 9:10 [4, 8618, 8540, 8984, 8395, 8878, 8846, 8963, 8997, -4]
428:46.12, 8:10 [4, 8800, 8508, 8532, 8830, -4]
430:37.45, 8:10 [4, 8881, 8827, 8597, 8909, 8813, -4]
432:86.28, 7:10 [4, 8871, 8557, 9009, 8687, 8549, -4]
439:97.56, 10:10 [4, 8485, 8643, 8464, -4]
501:29.61, 10:10 [5, 8759, 8320, 8983, 8437, -5]
502:181.31, 10:10 [5, 8303, 8763, 8502, 8412, 8563, -5]
503:151.96, 10:10 [5, 8295, 8633, 8879, 8600, 8839, 8771, 8497, 8639, 9029, -5]
504:122.93, 1:10 [5, 9016, -5]
505:29.97, 10:10 [5, 8945, 8906, 8882, 9012, -5]
506:162.43, 10:10 [5, 8430, 8369, 8650, 8893, 8930, 8935, 8604, 9001, -5]
507:120.77, 10:10 [5, 8696, 8486, 8937, 8939, 8466, 8998, 8736, 8575, 8872, -5]
508:110.35, 6:10 [5, 8582, 8873, 8889, -5]
509:84.43, 9:10 [5, 8822, 8761, 8463, 8826, 8718, -5]
510:119.83, 6:10 [5, 8409, 8948, 8487, -5]
511:87.81, 9:10 [5, 8869, 8989, 8923, 8756, 8976, 8394, 8784, -5]
512:28.79, 6:10 [5, 8344, 8370, -5]
513:170.09, 10:10 [5, 8622, 8401, 8858, 9000, 8380, 8605, 8443, 8421, 8853, 8794, 8345, -5]
514:51.12, 8:10 [5, 8628, 9022, 9011, 8950, 9006, -5]
515:100.11, 10:10 [5, 8612, 8684, 8671, 8431, -5]
516:112.33, 10:10 [5, 8336, 8580, 8805, 8613, 8660, -5]
517:67.04, 10:10 [5, 8863, 8516, 8944, 8924, 8739, 8749, -5]
518:117.25, 10:10 [5, 8373, 8664, 8809, 8291, 8768, 8482, 9010, -5]
519:77.00, 10:10 [5, 9030, 8883, 8492, -5]
521:130.81, 10:10 [5, 8326, 8569, 8483, 8947, 8914, 8445, 8392, 8740, -5]
522:159.95, 10:10 [5, 8694, 8381, 8306, 8764, 8423, -5]
523:80.05, 7:10 [5, 8590, 8757, 8602, -5]
524:69.62, 10:10 [5, 8529, 8509, 8393, 8798, 8305, 8462, -5]
525:223.29, 10:10 [5, 8481, 8357, 8544, 8551, 9019, 8663, 8806, -5]
526:35.59, 8:10 [5, 8530, 8586, -5]
fe: 10, se: 51

Day: 1, Time: 10
Total Cost: 7683.93
 11:94.59, 63:75 [3, 8, -8, -3]
 12:94.59, 74:75 [3, 8, -8, -3]
 13:94.59, 23:75 [3, 8, -8, -3]
 14:94.59, 26:75 [3, 8, -8, -3]
 15:90.24, 75:75 [3, 9, -9, -3]
 16:90.24, 71:75 [3, 9, -9, -3]
 17:90.24, 16:75 [3, 9, -9, -3]
 18:94.59, 10:75 [3, 8, -3]
 19:90.24, 3:75 [3, -9, -3]
 20:90.24, 31:75 [3, 9, -9, -3]
 21:94.59, 6:75 [3, 8, -8, -3]
 22:90.24, 2:75 [3, -9, -3]
 23:94.59, 2:75 [3, -8, -3]
 24:94.59, 2:75 [3, -8, -3]
 26:94.59, 10:75 [3, 8, -8, -3]
801:73.87, 10:10 [8, 8695, 8596, 8842, 8585, -8]
802:60.69, 8:10 [8, 8829, 8725, 8828, 8741, -8]
803:94.02, 2:10 [8, 8919, -8]
804:97.58, 10:10 [8, 8607, 8374, 8350, 8476, -8]
805:82.10, 3:10 [8, 8980, -8]
806:118.68, 8:10 [8, 8550, 8321, 8874, -8]
807:148.64, 10:10 [8, 8591, 8435, 8499, 8857, 8812, 8553, 9021, 8566, -8]
808:107.84, 10:10 [8, 8583, 8391, 8903, 9027, 8986, 8375, 8504, 8929, -8]
809:160.25, 10:10 [8, 8825, 8478, 8359, 8318, 8951, 8747, 8781, 8479, -8]
810:73.52, 7:10 [8, 8503, 8766, 8507, -8]
811:82.37, 2:10 [8, 8790, -8]
812:124.06, 8:10 [8, 8469, 8417, 8810, 8837, 8841, -8]
813:67.11, 6:10 [8, 8926, 8712, 8342, 8845, -8]
814:104.88, 10:10 [8, 8525, 8458, 8317, 8644, -8]
815:67.30, 10:10 [8, 8468, 8885, 8328, 8418, -8]
816:128.70, 4:10 [8, 8732, -8]
817:91.08, 2:10 [8, 8750, -8]
818:134.21, 10:10 [8, 8669, 8419, 8528, 8627, 8779, -8]
819:64.75, 6:10 [8, 9028, 8993, 8299, 8862, 8708, -8]
820:95.05, 9:10 [8, 8439, 8500, 8680, 8416, 8610, -8]
821:99.81, 10:10 [8, 8556, 8711, 8623, 8565, 8383, 8668, 8719, -8]
822:137.19, 10:10 [8, 8782, 8748, 8625, 8970, 8587, 8864, -8]
823:111.47, 10:10 [8, 11038, 8892, 8538, 12533, 8890, 8907, -8]
824:117.13, 9:10 [8, 8560, 8589, 8399, 8329, -8]
825:33.45, 10:10 [8, 8452, 8411, 8714, 8292, -8]
826:60.03, 10:10 [8, 8797, 8388, 8953, 8832, -8]
827:154.94, 10:10 [8, 8456, 8524, 8333, 8377, 8474, -8]
829:116.96, 10:10 [8, 8564, 8489, 8654, 8519, -8]
830:115.79, 6:10 [8, 12110, 8477, 8943, 9025, 8840, 8820, -8]
831:104.02, 10:10 [8, 8801, 8480, 8382, -8]
835:165.70, 10:10 [8, 8522, 8341, 8755, 8398, 8379, -8]
837:67.10, 8:10 [8, 8847, 8735, 8614, 8876, -8]
901:4.47, 4:10 [9, 8493, -9]
902:72.98, 10:10 [9, 8543, 8573, 8397, 8498, -9]
903:83.24, 4:10 [9, 8546, 8705, -9]
905:79.26, 6:10 [9, 8848, 8807, 9007, -9]
906:74.27, 5:10 [9, 8386, 8770, 8922, -9]
907:125.89, 10:10 [9, 8579, 8459, 8387, 8304, 8494, 8746, 8887, -9]
908:86.56, 2:10 [9, 8821, -9]
909:123.42, 4:10 [9, 8860, 8850, 8931, -9]
910:41.58, 7:10 [9, 8567, 8683, -9]
911:70.91, 9:10 [9, 8624, 8554, 8545, 8952, -9]
912:128.05, 10:10 [9, 8385, 8640, 8788, 8942, 8442, 8844, -9]
913:118.79, 6:10 [9, 8340, 8634, 8681, 8916, 9033, -9]
914:51.61, 8:10 [9, 8475, 8460, 8775, 8454, -9]
915:99.74, 9:10 [9, 8422, 8313, 8338, -9]
916:102.28, 10:10 [9, 8988, 8593, 8745, 8895, -9]
917:209.26, 10:10 [9, 8429, 8346, 8920, 9024, 8912, 8302, 8776, 8738, 8949, 8521, -9]
918:132.48, 10:10 [9, 8783, 8426, 8831, 8511, 8772, -9]
919:69.59, 8:10 [9, 8658, 8726, 8651, 8996, 8300, -9]
920:145.88, 10:10 [9, 8473, 8785, 8577, 8875, 8330, 9018, -9]
921:176.34, 8:10 [9, 8372, 12661, 8297, 8427, 9032, 8365, 8793, 8894, -9]
922:96.17, 3:10 [9, 8795, -9]
923:89.44, 1:10 [9, 9017, -9]
924:100.74, 9:10 [9, 8675, 8496, 8670, 8448, -9]
925:118.20, 10:10 [9, 8908, 8932, 8648, 8968, 8836, -9]
926:92.54, 2:10 [9, 8802, -9]
927:76.00, 10:10 [9, 8384, 8659, 8676, 9014, -9]
928:79.08, 3:10 [9, 8608, 8865, 8859, -9]
929:54.55, 9:10 [9, 8682, 8620, 8637, 8325, -9]
930:93.28, 10:10 [9, 8584, 8363, 8510, 8709, 8352, 8934, 8351, 8985, -9]
932:96.66, 10:10 [9, 8636, 8339, 8424, 8621, -9]
938:82.28, 6:10 [9, 8752, 8765, -9]
939:55.29, 5:10 [9, 8940, 8956, 8467, -9]
fe: 15, se: 64

Day: 1, Time: 40
Total Cost: 7666.23
 11:66.27, 75:75 [2, 6, -6, -2]
 12:66.27, 74:75 [2, 6, -6, -2]
 13:66.27, 66:75 [2, 6, -6, -2]
 14:66.27, 27:75 [2, 6, -6, -2]
 15:145.23, 2:75 [2, -7, -2]
 16:66.27, 26:75 [2, 6, -2]
 17:66.27, 4:75 [2, -6, -2]
 18:145.23, 15:75 [2, -7, -2]
 19:145.23, 4:75 [2, -7, -2]
 20:66.27, 38:75 [2, 6, -6, -2]
 21:145.23, 40:75 [2, 7, -7, -2]
 22:145.23, 4:75 [2, -7, -2]
 24:66.27, 2:75 [2, -6, -2]
 33:66.27, 10:75 [2, 6, -6, -2]
 36:66.27, 10:75 [2, 6, -6, -2]
 38:66.27, 9:75 [2, -6, -2]
 45:66.27, 5:75 [2, 6, -6, -2]
601:109.58, 9:10 [6, 8444, 8349, 8780, 8434, -6]
602:75.37, 4:10 [6, 8361, 8861, -6]
603:94.01, 8:10 [6, 8414, 8609, 8727, 8796, -6]
604:162.05, 5:10 [6, 8972, 8833, 8817, -6]
605:114.81, 7:10 [6, 8954, 8946, 8917, -6]
606:137.65, 10:10 [6, 8716, 8447, 8721, 8294, 8335, 8941, -6]
607:64.10, 10:10 [6, 8572, 8378, 8615, -6]
608:80.05, 9:10 [6, 12734, 8743, 8791, -6]
609:61.17, 8:10 [6, 8400, 8729, 8769, -6]
610:101.98, 2:10 [6, 8767, -6]
611:128.54, 10:10 [6, 8515, 8710, 8994, 8692, 8995, 8290, 8819, -6]
612:166.40, 10:10 [6, 8405, 8611, 8520, 8322, 8558, 8808, 8981, -6]
613:112.02, 4:10 [6, 8834, -6]
614:155.32, 10:10 [6, 8690, 8347, 8348, 8406, 8630, -6]
615:104.79, 2:10 [6, 11338, -6]
616:110.24, 10:10 [6, 8531, 8517, 8642, 9013, 8751, -6]
617:100.90, 9:10 [6, 8688, 8490, 8433, 16265, 8955, -6]
618:132.13, 10:10 [6, 8407, 8319, 8440, 8678, 8967, 8870, 8731, -6]
619:94.62, 6:10 [6, 8699, 8737, 8635, -6]
620:244.38, 10:10 [6, 8408, 8371, 9031, 8334, 8824, 8700, 8685, 8905, -6]
621:105.75, 10:10 [6, 8312, 8646, 8911, 8715, 10483, 8662, -6]
623:142.91, 10:10 [6, 8455, 8309, 8661, 8425, 8436, -6]
624:60.85, 10:10 [6, 8367, 8559, 8629, -6]
625:147.02, 10:10 [6, 8964, 8360, 8296, 8900, 9034, 8472, 10520, -6]
627:127.80, 10:10 [6, 9422, 8601, 8758, 8936, 8465, 8760, -6]
630:41.20, 10:10 [6, 8693, 8574, 8428, -6]
632:150.65, 10:10 [6, 8891, 8547, 8973, 8880, 8938, -6]
633:142.58, 8:10 [6, 8451, 8535, 8975, 8657, 8787, 8404, -6]
634:121.89, 10:10 [6, 8631, 8632, 8987, 8717, 8962, 8599, 8999, -6]
635:115.80, 10:10 [6, 8337, 8647, 8673, 8410, -6]
636:84.40, 10:10 [6, 8722, 8702, 8527, 8324, -6]
637:184.37, 10:10 [6, 8698, 8815, 10371, 8536, 8364, 8933, 8868, 9005, -6]
638:55.62, 7:10 [6, 8910, 8965, 15532, -6]
639:73.73, 10:10 [6, 8568, 8724, 8506, 8818, 8665, 8449, -6]
640:127.38, 10:10 [6, 8959, 8441, 8958, 8555, 8402, 8734, -6]
641:58.05, 9:10 [6, 8307, 8603, 8849, 8713, 8744, -6]
642:110.94, 10:10 [6, 8355, 8514, 8616, -6]
643:121.67, 10:10 [6, 8854, 8838, 8979, 14583, -6]
646:68.34, 6:10 [6, 8679, 8310, 8927, 8706, -6]
648:67.57, 5:10 [6, 8617, 8992, 9008, 9003, -6]
654:96.70, 10:10 [6, 8904, 8652, 8457, 8619, -6]
655:136.98, 10:10 [6, 8470, 8298, 8415, 8773, 8653, 9023, -6]
656:113.81, 8:10 [6, 8571, 15430, 8921, 8331, 8576, -6]
659:144.61, 10:10 [6, 8501, 8592, 8774, 9004, 8778, 8977, -6]
660:137.10, 10:10 [6, 8674, 8358, 8789, 8368, 8901, -6]
661:115.72, 10:10 [6, 8438, 8816, 11341, 8606, 8534, 8898, 8823, -6]
664:171.72, 10:10 [6, 8542, 12139, 8971, 8327, 8786, 8677, -6]
666:134.54, 10:10 [6, 8308, 8588, 15452, 8762, 8902, 8562, 8533, -6]
701:10.77, 1:10 [7, 8742, -7]
702:59.91, 10:10 [7, 8928, 8777, 8961, -7]
703:54.04, 4:10 [7, 8991, -7]
704:75.82, 10:10 [7, 8343, 8316, 8512, -7]
705:130.40, 10:10 [7, 8495, 8638, 8488, 8523, 8390, -7]
706:65.30, 4:10 [7, 8978, -7]
707:55.32, 2:10 [7, 8753, -7]
708:36.72, 4:10 [7, 8792, -7]
709:31.62, 4:10 [7, 8899, -7]
710:44.01, 10:10 [7, 8376, 8513, 8413, 8581, -7]
711:71.09, 10:10 [7, 8432, 8311, 8570, 8389, 8526, -7]
fe: 17, se: 59

Day: 1, Time: 85
Total Cost: 938.67
 12:94.59, 9:75 [3, -8, -3]
 13:94.59, 4:75 [3, -8, -3]
 14:90.24, 16:75 [3, -9, -3]
802:100.00, 3:10 [8, 12584, -8]
804:40.50, 3:10 [8, 12559, -8]
805:62.61, 3:10 [8, 12037, -8]
806:68.81, 4:10 [8, 15333, 15876, -8]
901:169.30, 9:10 [9, 16811, 16070, 16428, -9]
902:218.03, 7:10 [9, 12353, 9228, 9496, -9]
fe: 3, se: 6

Day: 1, Time: 115
Total Cost: 1913.51
 11:136.01, 9:75 [1, -4, -1]
 12:136.01, 5:75 [1, -4, -1]
 13:136.01, 12:75 [1, -4, -1]
 14:136.01, 7:75 [1, -4, -1]
 15:153.31, 23:75 [1, -5, -1]
 16:153.31, 2:75 [1, -5, -1]
401:141.03, 6:10 [4, 9831, 10711, 13036, -4]
402:34.06, 2:10 [4, 9947, -4]
403:127.38, 7:10 [4, 10993, 10991, -4]
404:117.86, 3:10 [4, 16249, 16352, -4]
405:129.08, 7:10 [4, 16763, 9580, -4]
406:149.05, 5:10 [4, 13866, 16835, -4]
407:73.38, 3:10 [4, 11598, -4]
501:50.48, 8:10 [5, 13148, 10313, -5]
502:39.29, 2:10 [5, 15265, -5]
503:122.40, 8:10 [5, 16544, 15734, 15775, -5]
504:78.80, 7:10 [5, 10758, 12094, -5]
fe: 6, se: 11

Day: 1, Time: 125
Total Cost: 742.02
 11:136.01, 4:75 [1, -4, -1]
 12:136.01, 2:75 [1, -4, -1]
 13:153.31, 1:75 [1, -5, -1]
401:126.65, 4:10 [4, 11306, -4]
402:51.11, 2:10 [4, 13768, -4]
501:138.92, 1:10 [5, 13616, -5]
fe: 3, se: 3

Day: 1, Time: 130
Total Cost: 1062.56
 11:66.27, 7:75 [2, -6, -2]
 12:66.27, 10:75 [2, -6, -2]
 13:66.27, 7:75 [2, -6, -2]
 14:66.27, 1:75 [2, -6, -2]
 15:145.23, 6:75 [2, -7, -2]
601:52.30, 7:10 [6, 9199, 12327, -6]
602:145.31, 6:10 [6, 9241, 16894, 11520, -6]
603:58.24, 4:10 [6, 16818, -6]
604:105.77, 4:10 [6, 12351, -6]
605:95.18, 3:10 [6, 12389, 15839, -6]
606:87.66, 1:10 [6, 15149, -6]
701:51.15, 4:10 [7, 16662, 13462, -7]
702:56.64, 2:10 [7, 10527, -7]
fe: 5, se: 8

Day: 1, Time: 135
Total Cost: 1049.50
 11:94.59, 3:75 [3, -8, -3]
 12:94.59, 2:75 [3, -8, -3]
 14:90.24, 8:75 [3, -9, -3]
 15:90.24, 18:75 [3, -9, -3]
801:75.12, 3:10 [8, 14497, 10720, -8]
802:89.11, 2:10 [8, 11020, -8]
901:73.76, 3:10 [9, 13585, -9]
902:82.53, 10:10 [9, 12969, 14263, 12379, -9]
903:42.76, 4:10 [9, 16181, -9]
904:97.32, 1:10 [9, 11413, -9]
905:87.54, 3:10 [9, 9369, 15891, -9]
906:131.70, 5:10 [9, 14733, 16354, -9]
fe: 4, se: 8

Day: 1, Time: 140
Total Cost: 739.31
 11:153.31, 3:75 [1, -5, -1]
 12:153.31, 2:75 [1, -5, -1]
 13:153.31, 1:75 [1, -5, -1]
501:105.85, 2:10 [5, 12205, -5]
502:44.41, 2:10 [5, 14647, -5]
503:50.00, 1:10 [5, 15525, -5]
504:79.12, 1:10 [5, 16205, -5]
fe: 3, se: 4

Day: 1, Time: 170
Total Cost: 654.11
 11:136.01, 1:75 [1, -4, -1]
 12:136.01, 4:75 [1, -4, -1]
 13:153.31, 4:75 [1, -5, -1]
401:72.47, 1:10 [4, 11931, -4]
402:80.99, 4:10 [4, 13718, 9354, -4]
502:75.31, 4:10 [5, 12874, -5]
fe: 3, se: 3

Day: 1, Time: 170
Total Cost: 347.99
 11:66.27, 5:75 [2, -6, -2]
 12:66.27, 4:75 [2, -6, -2]
602:74.73, 4:10 [6, 15436, -6]
603:140.72, 5:10 [6, 15913, 12497, -6]
fe: 2, se: 2

Day: 1, Time: 180
Total Cost: 693.17
 11:94.59, 6:75 [3, -8, -3]
 12:90.24, 17:75 [3, -9, -3]
802:171.51, 6:10 [8, 10167, 9799, 15036, -8]
901:130.79, 8:10 [9, 13970, 12408, 11638, -9]
902:107.52, 7:10 [9, 14995, 16566, 9832, -9]
903:98.51, 2:10 [9, 9790, -9]
fe: 2, se: 4

Day: 1, Time: 185
Total Cost: 776.96
 11:136.01, 3:75 [1, -4, -1]
 12:153.31, 6:75 [1, -5, -1]
 13:153.31, 3:75 [1, -5, -1]
401:168.28, 3:10 [4, 11032, 10398, -4]
501:110.03, 3:10 [5, 10487, 12471, -5]
502:5.66, 3:10 [5, 10898, -5]
503:50.36, 3:10 [5, 12016, -5]
fe: 3, se: 4

Day: 1, Time: 220
Total Cost: 756.72
 11:66.27, 22:75 [2, -6, -2]
 12:66.27, 9:75 [2, -6, -2]
601:92.20, 6:10 [6, 15464, 13290, -6]
602:63.25, 3:10 [6, 13930, -6]
603:96.19, 2:10 [6, 12001, -6]
604:110.05, 3:10 [6, 13266, 10253, -6]
605:12.65, 1:10 [6, 15771, -6]
606:69.43, 4:10 [6, 12708, -6]
607:60.17, 4:10 [6, 15009, -6]
608:120.25, 8:10 [6, 10706, 16666, 14031, -6]
fe: 2, se: 8

Day: 1, Time: 240
Total Cost: 1076.79
 11:136.01, 1:75 [1, -4, -1]
 12:136.01, 4:75 [1, -4, -1]
 13:153.31, 15:75 [1, -5, -1]
 14:153.31, 7:75 [1, -5, -1]
401:104.17, 1:10 [4, 12106, -4]
402:111.15, 4:10 [4, 10282, 16019, -4]
501:39.25, 8:10 [5, 13191, 9215, -5]
502:74.09, 7:10 [5, 15245, 14963, -5]
503:169.48, 7:10 [5, 9411, 14007, -5]
fe: 4, se: 5

Day: 1, Time: 255
Total Cost: 1104.78
 11:94.59, 12:75 [3, -8, -3]
 12:94.59, 3:75 [3, -8, -3]
 13:90.24, 6:75 [3, -9, -3]
 14:90.24, 1:75 [3, -9, -3]
 15:90.24, 1:75 [3, -9, -3]
801:100.02, 1:10 [8, 15218, -8]
802:62.35, 5:10 [8, 11596, 9332, -8]
803:64.03, 1:10 [8, 9220, -8]
805:17.20, 3:10 [8, 13262, -8]
806:81.60, 5:10 [8, 12096, 13449, -8]
901:84.99, 6:10 [9, 9417, 10872, -9]
903:110.31, 1:10 [9, 13206, -9]
904:124.35, 1:10 [9, 10278, -9]
fe: 5, se: 8

Day: 1, Time: 270
Total Cost: 586.09
 11:66.27, 15:75 [2, -6, -2]
 12:66.27, 4:75 [2, -6, -2]
 13:145.23, 2:75 [2, -7, -2]
601:79.19, 6:10 [6, 9635, 15672, -6]
602:107.87, 2:10 [6, 11351, -6]
603:36.26, 7:10 [6, 13876, 14843, -6]
604:50.00, 4:10 [6, 11652, -6]
701:34.99, 2:10 [7, 14468, -7]
fe: 3, se: 5

Day: 1, Time: 285
Total Cost: 915.24
 11:136.01, 8:75 [1, -4, -1]
 12:136.01, 8:75 [1, -4, -1]
 13:136.01, 2:75 [1, -4, -1]
 14:153.31, 6:75 [1, -5, -1]
401:123.66, 8:10 [4, 15802, 12330, 13526, -4]
402:44.94, 4:10 [4, 14404, -4]
403:56.04, 4:10 [4, 15527, -4]
404:32.25, 2:10 [4, 11975, -4]
501:96.99, 6:10 [5, 14617, 15479, -5]
fe: 4, se: 5

Day: 1, Time: 285
Total Cost: 858.01
 11:90.24, 4:75 [3, -9, -3]
 12:94.59, 2:75 [3, -8, -3]
 13:94.59, 6:75 [3, -8, -3]
 14:90.24, 8:75 [3, -9, -3]
801:64.03, 2:10 [8, 15763, -8]
802:156.40, 6:10 [8, 12715, 15232, -8]
901:123.17, 4:10 [9, 12218, -9]
902:65.60, 4:10 [9, 9503, -9]
903:79.12, 4:10 [9, 9318, -9]
fe: 4, se: 5

Day: 1, Time: 300
Total Cost: 659.58
 11:94.59, 9:75 [3, -8, -3]
 12:90.24, 4:75 [3, -9, -3]
 13:94.59, 3:75 [3, -8, -3]
801:82.22, 3:10 [8, 11194, -8]
802:74.97, 2:10 [8, 16330, -8]
803:66.60, 3:10 [8, 13654, -8]
804:100.32, 4:10 [8, 16683, -8]
901:56.04, 4:10 [9, 10404, -9]
fe: 3, se: 5

Day: 1, Time: 315
Total Cost: 2103.21
 11:136.01, 34:75 [1, 4, -4, -1]
 12:153.31, 4:75 [1, -5, -1]
 13:136.01, 4:75 [1, -4, -1]
 14:153.31, 39:75 [1, 5, -1]
 15:136.01, 4:75 [1, -4, -1]
 16:153.31, 4:75 [1, -5, -1]
401:123.85, 8:10 [4, 15983, 14164, 232, 15370, 76, -4]
402:18.97, 4:10 [4, 11180, -4]
403:68.03, 4:10 [4, 10571, -4]
404:97.95, 8:10 [4, 105, 42, 16868, 16190, 241, -4]
405:88.17, 10:10 [4, 16, 306, 288, 138, -4]
406:215.98, 10:10 [4, 263, 250, 6613, 2648, 303, -4]
408:161.72, 5:10 [4, 16808, 15140, -4]
501:78.65, 10:10 [5, 63, 301, 102, -5]
502:36.22, 4:10 [5, 13709, -5]
503:66.59, 10:10 [5, 79, 36, 131, -5]
504:65.12, 4:10 [5, 10074, -5]
505:80.19, 9:10 [5, 100, 142, 157, -5]
507:133.81, 10:10 [5, 139, 158, 338, 229, 60, 327, -5]
fe: 6, se: 13

Day: 1, Time: 335
Total Cost: 1562.98
 11:66.27, 27:75 [2, 6, -6, -2]
 12:66.27, 3:75 [2, -6, -2]
 13:66.27, 6:75 [2, 6, -6, -2]
 15:66.27, 19:75 [2, -6, -2]
601:44.18, 3:10 [6, 12340, -6]
602:114.46, 3:10 [6, 175, 80, -6]
603:103.75, 4:10 [6, 14267, 16969, -6]
604:110.34, 2:10 [6, 12793, -6]
605:95.02, 3:10 [6, 15703, 186, -6]
606:175.32, 7:10 [6, 172, 9187, 15338, 160, -6]
607:63.07, 3:10 [6, 62, 10159, -6]
608:102.00, 4:10 [6, 13684, -6]
610:141.34, 10:10 [6, 45, 117, 75, 290, -6]
611:82.76, 9:10 [6, 10073, 10298, 10789, -6]
612:93.38, 6:10 [6, 10651, 9980, -6]
613:172.25, 10:10 [6, 170, 107, 51, 266, 112, 169, -6]
fe: 4, se: 12

Day: 1, Time: 355
Total Cost: 1398.12
 11:94.59, 26:75 [3, 8, -8, -3]
 12:94.59, 11:75 [3, -8, -3]
 14:90.24, 10:75 [3, -9, -3]
801:85.54, 8:10 [8, 171, 87, -8]
802:114.20, 3:10 [8, 237, 11025, -8]
803:87.69, 5:10 [8, 10480, 10712, -8]
804:100.18, 4:10 [8, 15300, -8]
805:81.22, 2:10 [8, 14832, -8]
806:193.08, 10:10 [8, 159, 209, 52, 220, -8]
807:138.21, 6:10 [8, 313, 39, -8]
901:54.63, 2:10 [9, 15384, -9]
902:89.35, 6:10 [9, 9986, 16083, -9]
903:72.99, 1:10 [9, 9267, -9]
905:101.61, 1:10 [9, 9279, -9]
fe: 3, se: 11

Day: 1, Time: 365
Total Cost: 1164.69
 11:136.01, 1:75 [1, -4, -1]
 12:136.01, 5:75 [1, -4, -1]
 13:153.31, 2:75 [1, 5, -1]
 14:153.31, 8:75 [1, -5, -1]
401:60.83, 1:10 [4, 13017, -4]
402:125.59, 5:10 [4, 10806, 15413, -4]
501:113.24, 6:10 [5, 16295, 12454, -5]
502:130.74, 2:10 [5, 10551, -5]
503:155.65, 2:10 [5, 5807, -5]
fe: 4, se: 5

Day: 1, Time: 370
Total Cost: 449.56
 11:153.31, 4:75 [1, -5, -1]
 12:153.31, 6:75 [1, -5, -1]
501:26.83, 4:10 [5, 12056, -5]
502:116.10, 6:10 [5, 14386, 10778, -5]
fe: 2, se: 2

Day: 1, Time: 375
Total Cost: 864.88
 11:66.27, 18:75 [2, -6, -2]
 12:145.23, 4:75 [2, -7, -2]
 13:145.23, 4:75 [2, -7, -2]
601:82.00, 7:10 [6, 13759, 12796, -6]
602:71.55, 4:10 [6, 15163, -6]
603:86.83, 2:10 [6, 10683, -6]
604:76.55, 4:10 [6, 15003, -6]
605:58.00, 1:10 [6, 13152, -6]
701:53.81, 4:10 [7, 14823, -7]
702:79.40, 4:10 [7, 16954, -7]
fe: 3, se: 7

Day: 1, Time: 375
Total Cost: 292.88
 11:94.59, 2:75 [3, -8, -3]
 12:90.24, 3:75 [3, -9, -3]
801:76.42, 2:10 [8, 11481, -8]
901:31.62, 3:10 [9, 14715, -9]
fe: 2, se: 2

Day: 1, Time: 385
Total Cost: 760.90
 11:136.01, 1:75 [1, -4, -1]
 12:136.01, 7:75 [1, -4, -1]
 13:153.31, 5:75 [1, -5, -1]
401:102.22, 1:10 [4, 12141, -4]
402:37.36, 3:10 [4, 11825, -4]
403:28.84, 4:10 [4, 14097, -4]
501:102.86, 1:10 [5, 11632, -5]
502:64.28, 4:10 [5, 11064, -5]
fe: 3, se: 5

Day: 1, Time: 385
Total Cost: 160.50
 11:90.24, 3:75 [3, -9, -3]
901:70.26, 3:10 [9, 11913, -9]
fe: 1, se: 1

Day: 1, Time: 395
Total Cost: 380.43
 11:94.59, 5:75 [3, -8, -3]
 12:94.59, 2:75 [3, -8, -3]
801:131.78, 5:10 [8, 13035, 12231, -8]
802:59.46, 2:10 [8, 14295, -8]
fe: 2, se: 2

Day: 1, Time: 405
Total Cost: 1300.38
 11:136.01, 33:75 [1, 4, -4, -1]
 12:136.01, 5:75 [1, -4, -1]
 14:153.31, 5:75 [1, -5, -1]
401:56.76, 9:10 [4, 3894, 201, 3637, 27, -4]
402:62.28, 7:10 [4, 53, 3347, -4]
403:16.49, 1:10 [4, 10762, -4]
404:91.67, 3:10 [4, 72, 6459, 25, -4]
405:185.96, 6:10 [4, 269, 3869, -4]
406:60.03, 2:10 [4, 12911, -4]
407:118.41, 1:10 [4, 14614, -4]
408:117.10, 2:10 [4, 14743, -4]
409:102.33, 8:10 [4, 148, 15, -4]
503:64.01, 5:10 [5, 9745, 16612, -5]
fe: 3, se: 10

Day: 1, Time: 405
Total Cost: 1224.81
 11:94.59, 29:75 [3, 8, -8, -3]
 12:90.24, 43:75 [3, 9, -3]
801:75.60, 3:10 [8, 12, 13561, 6762, -8]
802:118.42, 8:10 [8, 276, 144, 143, 68, -8]
803:129.81, 9:10 [8, 192, 6746, 246, -8]
804:155.66, 9:10 [8, 318, 299, 2012, 272, 5893, -8]
901:126.15, 7:10 [9, 4772, 221, 283, -9]
902:105.41, 8:10 [9, 7972, 6835, 1793, 1837, 77, -9]
903:108.25, 10:10 [9, 1741, 179, 271, -9]
904:138.78, 8:10 [9, 289, 123, 732, -9]
906:81.89, 10:10 [9, 238, 509, 6842, -9]
fe: 2, se: 9

Day: 1, Time: 415
Total Cost: 1435.32
 11:66.27, 19:75 [2, 6, -6, -2]
 12:145.23, 6:75 [2, 7, -2]
 13:145.23, 13:75 [2, -7, -2]
601:108.53, 6:10 [6, 12629, 4895, -6]
602:106.30, 6:10 [6, 9509, 2908, -6]
604:153.05, 9:10 [6, 191, 22, 2030, 7491, -6]
605:94.34, 4:10 [6, 13403, -6]
606:116.82, 2:10 [6, 16974, -6]
608:99.41, 4:10 [6, 2723, 322, -6]
609:112.07, 4:10 [6, 10254, -6]
701:83.54, 7:10 [7, 13578, 12074, 13663, -7]
702:58.03, 2:10 [7, 10732, -7]
703:64.03, 1:10 [7, 292, -7]
704:33.53, 4:10 [7, 11312, -7]
705:48.93, 5:10 [7, 2241, 109, -7]
fe: 3, se: 12

Day: 1, Time: 430
Total Cost: 355.46
 11:94.59, 7:75 [3, -8, -3]
 12:90.24, 5:75 [3, -9, -3]
801:63.15, 4:10 [8, 16100, -8]
802:57.69, 3:10 [8, 12922, -8]
901:25.61, 1:10 [9, 16177, -9]
902:24.17, 4:10 [9, 13927, -9]
fe: 2, se: 4

Day: 1, Time: 435
Total Cost: 686.52
 11:136.01, 3:75 [1, -4, -1]
 12:136.01, 3:75 [1, -4, -1]
 13:153.31, 1:75 [1, -5, -1]
401:113.84, 3:10 [4, 10209, -4]
402:22.80, 3:10 [4, 13902, -4]
501:124.53, 1:10 [5, 16353, -5]
fe: 3, se: 3

Day: 1, Time: 450
Total Cost: 1038.47
 11:66.27, 40:75 [2, 6, -2]
 12:145.23, 1:75 [2, -7, -2]
602:55.46, 1:10 [6, 255, -6]
603:124.54, 6:10 [6, 260, 300, 166, -6]
604:152.17, 7:10 [6, 225, 254, 183, -6]
605:76.42, 2:10 [6, 177, -6]
608:147.97, 9:10 [6, 233, 49, 113, -6]
609:127.74, 10:10 [6, 2616, 194, 2208, -6]
610:104.46, 5:10 [6, 173, 137, 326, -6]
701:38.21, 1:10 [7, 14376, -7]
fe: 2, se: 8

Day: 1, Time: 450
Total Cost: 603.05
 12:90.24, 12:75 [3, 9, -3]
 18:94.59, 15:75 [3, 8, -3]
801:86.33, 4:10 [8, 6575, 28, 7515, -8]
802:125.35, 4:10 [8, 66, 5078, 267, -8]
803:86.50, 7:10 [8, 3241, 286, 4018, 336, -8]
901:86.04, 8:10 [9, 4184, 1257, 325, -9]
902:34.00, 4:10 [9, 284, 59, -9]
fe: 2, se: 5

Day: 1, Time: 465
Total Cost: 446.51
 11:136.01, 1:75 [1, 4, -1]
 12:153.31, 4:75 [1, 5, -1]
401:82.22, 1:10 [4, 7081, -4]
501:74.97, 4:10 [5, 6319, -5]
fe: 2, se: 2

Day: 1, Time: 495
Total Cost: 176.42
 11:66.27, 1:75 [2, 6, -2]
601:110.15, 1:10 [6, 4926, -6]
fe: 1, se: 1

Day: 1, Time: 525
Total Cost: 193.10
 11:66.27, 10:75 [2, 6, -2]
601:49.19, 1:10 [6, 332, -6]
602:27.64, 8:10 [6, 199, 2348, -6]
603:50.00, 1:10 [6, 1797, -6]
fe: 1, se: 3

Day: 1, Time: 525
Total Cost: 215.87
 11:94.59, 2:75 [3, 8, -3]
 12:90.24, 2:75 [3, 9, -3]
801:8.94, 2:10 [8, 274, -8]
901:22.09, 2:10 [9, 40, -9]
fe: 2, se: 2


Day	Area	ID	Time	Load	Utilization	NoOrders	AssignmentCost
1	1	27	315	 27	0.30	13	345.00
1	1	28	360	 63	0.70	31	705.00
1	1	29	405	  1	0.01	 1	85.00
1	1	30	450	105	0.97	35	900.00
1	1	13	540	105	0.97	39	900.00
1	1	32	540	 97	0.90	38	836.00
1	1	34	630	 90	1.00	45	975.00
1	1	17	720	 21	0.29	 7	342.00
1	2	44	225	 50	0.56	16	575.00
1	2	65	315	 79	0.88	33	865.00
1	2	47	360	  9	0.10	 3	165.00
1	2	49	450	104	0.96	37	892.00
1	2	51	540	108	1.00	45	924.00
1	2	70	540	108	1.00	38	924.00
1	2	72	630	 40	0.44	14	475.00
1	3	101	225	 80	0.89	38	875.00
1	3	163	300	  2	0.01	 1	190.00
1	3	84	315	 24	0.27	 9	315.00
1	3	87	450	106	0.98	59	908.00
1	3	89	540	106	0.98	43	908.00
1	3	108	540	102	0.94	35	876.00
1	3	91	630	 25	0.28	10	325.00


Day	Area	Time	Pickup	Delivery	Direct	FEVehicles	SEVehicles	ALNSTime	ALNSBestTime	RoutingCostArea
1	1	5	118	129	0	10	51	513.17	328.22	6461.19
1	1	115	21	0	2	6	11	2.13	0.00	2913.51
1	1	125	3	0	0	3	3	0.46	0.00	742.02
1	1	140	4	0	0	3	4	0.63	0.00	739.31
1	1	170	4	0	0	3	3	0.72	0.00	654.11
1	1	185	6	0	0	3	4	0.61	0.00	776.96
1	1	240	9	0	0	4	5	0.85	0.00	1076.79
1	1	285	8	0	0	4	5	0.87	0.00	915.24
1	1	315	11	29	0	6	13	7.14	4.21	2103.21
1	1	365	6	1	0	4	5	0.85	0.00	1164.69
1	1	370	3	0	0	2	2	0.56	0.00	449.56
1	1	385	5	0	0	3	5	0.59	0.00	760.90
1	1	405	6	13	0	3	10	1.98	0.00	1300.38
1	1	435	3	0	0	3	3	0.45	0.00	686.52
1	1	465	0	2	0	2	2	0.32	0.00	446.51
1	2	40	117	135	0	17	59	351.74	253.35	7666.23
1	2	130	13	0	1	5	8	1.50	0.00	1562.56
1	2	170	3	0	0	2	2	0.38	0.00	347.99
1	2	220	12	0	0	2	8	1.19	0.00	756.72
1	2	270	7	0	0	3	5	0.63	0.00	586.09
1	2	335	14	16	0	4	12	4.99	0.00	1562.98
1	2	375	8	0	0	3	7	0.76	0.00	864.88
1	2	415	10	11	0	3	12	2.81	0.00	1435.32
1	2	450	1	17	0	2	8	1.26	0.00	1038.47
1	2	495	0	1	0	1	1	0.20	0.00	176.42
1	2	525	0	4	2	1	3	0.36	0.00	1193.10
1	3	10	117	146	0	15	64	392.78	0.00	7683.93
1	3	85	11	0	0	3	6	1.17	0.00	938.67
1	3	135	13	0	0	4	8	1.34	0.00	1049.50
1	3	180	10	0	1	2	4	1.12	0.75	1193.17
1	3	255	11	0	0	5	8	1.03	0.00	1104.78
1	3	285	6	0	0	4	5	0.83	0.00	858.01
1	3	300	5	0	0	3	5	0.74	0.00	659.58
1	3	355	10	9	0	3	11	2.75	0.21	1398.12
1	3	375	2	0	0	2	2	0.35	0.00	292.88
1	3	385	1	0	0	1	1	0.20	0.00	160.50
1	3	395	3	0	0	2	2	0.43	0.00	380.43
1	3	405	1	31	0	2	9	3.72	0.88	1224.81
1	3	430	4	0	0	2	4	0.53	0.00	355.46
1	3	450	0	15	0	2	5	1.36	0.24	603.05
1	3	525	0	2	0	2	2	0.32	0.00	215.87

Day	SL	Own	DispatchTimes	AssignmentCost	RoutingCost	TotalCost
1	21	1	26	14305.00	56500.43	70805.43

Total Cost: 70805.43192422953
Cost per Day: 70805.43192422953
Running time in Seconds: 1765.081
Running time in minutes: 29.418016666666666