INSTANCE: 3hubs_MND_A_25_x.csv
PARAMETER: sp_mnd_loose_20_120_3hubs.txt
POLICY: Stochastic Programming
ALPHA: 0.0
BETA: 7
OMEGA: 586
EPSILON: 1.0

Day: 1, Time: 5
Total Cost: 6832.18
 11:136.01, 75:75 [1, 4, -4, -1]
 12:136.01, 53:75 [1, 4, -4, -1]
 13:136.01, 45:75 [1, 4, -4, -1]
 14:136.01, 10:75 [1, 4, -1]
 15:136.01, 19:75 [1, 4, -4, -1]
 16:153.31, 67:75 [1, 5, -5, -1]
 17:153.31, 43:75 [1, 5, -5, -1]
 18:153.31, 53:75 [1, 5, -5, -1]
 19:136.01, 2:75 [1, -4, -1]
 20:136.01, 40:75 [1, 4, -4, -1]
401:156.62, 10:10 [4, 8472, 8828, 8859, 9022, 8561, 8742, -4]
402:56.31, 9:10 [4, 8610, 8787, 8864, 8913, -4]
403:160.61, 8:10 [4, 8638, 8797, 8871, 8409, 8924, -4]
404:151.24, 10:10 [4, 8679, 8576, 8592, 8652, -4]
405:16.12, 2:10 [4, 8878, -4]
406:142.24, 2:10 [4, 8838, -4]
407:147.71, 9:10 [4, 8526, 8355, 8500, 8874, 8963, 8693, 8596, 8371, -4]
408:132.69, 7:10 [4, 8710, 8809, -4]
409:75.83, 10:10 [4, 8304, 8462, 8634, 8642, -4]
410:103.03, 7:10 [4, 8433, 8618, 8647, 8460, -4]
411:131.56, 9:10 [4, 8428, 8656, 8959, 8640, -4]
412:185.98, 10:10 [4, 8554, 8459, 8865, 8587, 8670, 8813, 8698, -4]
413:91.10, 8:10 [4, 8528, 8818, 8492, 8910, -4]
414:135.54, 10:10 [4, 8399, 8352, 8325, -4]
415:174.26, 10:10 [4, 8542, 8839, 8524, 8712, 8458, 8918, -4]
416:102.46, 10:10 [4, 8824, 8952, 8583, 9028, 8499, 8699, 8914, 8718, -4]
417:139.68, 10:10 [4, 8992, 8887, 8337, 8381, 8759, 8970, -4]
418:76.61, 9:10 [4, 8649, 8547, 8455, 8765, 8980, -4]
419:121.58, 10:10 [4, 8537, 8379, 8591, 8540, 8446, -4]
420:95.38, 10:10 [4, 8995, 8307, 8563, -4]
421:139.49, 10:10 [4, 8477, 8430, 8481, 9023, 8822, 8906, -4]
422:89.20, 10:10 [4, 8556, 8677, 8580, 8508, -4]
423:77.86, 10:10 [4, 8545, 8303, 8498, 8485, -4]
424:51.48, 4:10 [4, 8361, 8782, 8872, -4]
425:69.80, 9:10 [4, 8438, 8785, 8908, 9029, -4]
426:15.62, 4:10 [4, 8628, -4]
427:152.42, 9:10 [4, 8816, 8519, 8444, 8646, -4]
428:87.22, 10:10 [4, 8473, 8795, 8882, 8374, 8755, -4]
429:75.47, 9:10 [4, 8296, 8416, 8586, 8335, -4]
434:65.12, 10:10 [4, 8544, 8650, 8354, 8833, 8979, 8867, -4]
435:69.75, 9:10 [4, 8471, 8565, 8321, 8798, 9032, 8678, 8902, -4]
437:145.64, 10:10 [4, 8398, 8412, 8584, 8757, 8625, 9017, -4]
501:115.74, 4:10 [5, 8907, 8753, -5]
502:81.70, 10:10 [5, 8613, 8666, 8320, 8659, 8360, -5]
503:70.79, 8:10 [5, 8784, 8829, 8671, 8716, 8377, -5]
504:120.83, 1:10 [5, 8884, -5]
505:32.36, 5:10 [5, 8315, 8999, 8407, -5]
506:181.26, 10:10 [5, 8945, 8317, 8633, 8786, 8853, 8464, 8925, 8594, 8392, 8857, 9004, 9020, -5]
508:138.65, 10:10 [5, 8356, 8401, 8301, 8376, 8904, 8704, -5]
509:34.08, 4:10 [5, 8465, 8756, -5]
510:28.73, 6:10 [5, 8916, 8359, -5]
512:81.69, 9:10 [5, 9003, 8967, 8541, 8588, 8985, 8806, -5]
513:32.72, 8:10 [5, 8611, 8654, 8732, 8418, -5]
514:168.77, 10:10 [5, 8295, 8431, 8840, 8496, 8417, 8990, -5]
515:95.95, 9:10 [5, 9015, 8807, 8530, 8775, -5]
516:54.11, 10:10 [5, 8747, 8888, 8689, 8514, -5]
517:106.33, 10:10 [5, 8553, 8664, 8536, 8598, -5]
518:94.83, 10:10 [5, 8793, 8875, 8831, 8451, 8794, -5]
519:58.78, 10:10 [5, 8814, 8997, 8305, 9005, 8903, -5]
522:99.24, 10:10 [5, 8599, 8953, 8971, 8314, 8663, -5]
523:66.74, 10:10 [5, 8517, 8435, 8298, 8323, -5]
527:63.46, 10:10 [5, 8951, 8426, 8754, 8516, 8993, 8715, -5]
528:165.72, 10:10 [5, 8316, 8299, 8696, 8328, -5]
529:92.04, 10:10 [5, 8322, 8505, 8475, 8915, 8998, -5]
fe: 10, se: 54

Day: 1, Time: 15
Total Cost: 6705.23
 11:66.27, 72:75 [2, 6, -6, -2]
 12:66.27, 33:75 [2, 6, -6, -2]
 13:66.27, 67:75 [2, 6, -6, -2]
 14:66.27, 59:75 [2, 6, -6, -2]
 15:66.27, 25:75 [2, 6, -6, -2]
 16:66.27, 10:75 [2, 6, -6, -2]
 17:145.23, 55:75 [2, 7, -7, -2]
 18:145.23, 1:75 [2, -7, -2]
 19:145.23, 2:75 [2, -7, -2]
 20:66.27, 4:75 [2, -6, -2]
 21:145.23, 4:75 [2, -7, -2]
 22:145.23, 3:75 [2, -7, -2]
 24:66.27, 8:75 [2, 6, -6, -2]
601:109.18, 2:10 [6, 15643, -6]
602:88.63, 10:10 [6, 8708, 8835, 8973, 8641, 9013, -6]
603:101.16, 3:10 [6, 8855, 8763, -6]
604:73.20, 6:10 [6, 8921, 8674, 8597, -6]
605:145.97, 8:10 [6, 8421, 8302, 8991, 8310, 8743, -6]
606:82.90, 10:10 [6, 8482, 8406, 9007, 8332, 8502, 8791, 8624, -6]
607:97.00, 10:10 [6, 8329, 8977, 8748, 8347, 8723, 8448, -6]
608:115.25, 10:10 [6, 8606, 8779, 8533, 9027, 8368, -6]
609:97.67, 9:10 [6, 8827, 8935, 8343, -6]
610:141.74, 10:10 [6, 9012, 8319, 8941, 8550, 8891, 8881, 8978, 8777, -6]
611:136.82, 4:10 [6, 8841, -6]
612:139.94, 10:10 [6, 8311, 8402, 8686, 8367, 8486, 9025, -6]
614:119.81, 10:10 [6, 8962, 8984, 8630, 8507, 8799, -6]
615:108.75, 7:10 [6, 8886, 8346, 8357, 8837, -6]
617:110.72, 10:10 [6, 8424, 9008, 8387, 8340, 8758, -6]
618:17.89, 4:10 [6, 8911, -6]
619:83.08, 8:10 [6, 8682, 8889, 8348, 8605, 8868, -6]
620:163.06, 10:10 [6, 8602, 8558, 8564, 8643, -6]
621:100.31, 5:10 [6, 8996, 8928, -6]
622:38.18, 9:10 [6, 8501, 8365, 8491, -6]
623:142.85, 9:10 [6, 8488, 8632, 8854, 8603, 8802, 8662, 8738, 8842, -6]
624:112.72, 10:10 [6, 8478, 8572, 8734, 8770, 8821, 8697, 8447, 8976, -6]
625:86.53, 10:10 [6, 8898, 8956, 8897, 8515, -6]
627:77.41, 9:10 [6, 8965, 8869, 8373, 8826, -6]
629:131.08, 10:10 [6, 8567, 8479, 8410, 8386, 8705, 8719, 8713, -6]
630:113.90, 10:10 [6, 8615, 8490, 8620, 8363, 8964, -6]
631:167.04, 10:10 [6, 8497, 8525, 8585, 8890, 8595, 8676, 8568, -6]
633:121.61, 10:10 [6, 8617, 8744, 9026, 8575, 8675, -6]
634:147.45, 9:10 [6, 8294, 8847, 8543, 8669, 8396, 8776, 8815, 8900, -6]
637:139.39, 9:10 [6, 8469, 8720, 8474, 8949, 8461, 8895, -6]
638:92.09, 8:10 [6, 8722, 8987, -6]
639:103.35, 7:10 [6, 8388, 8607, 8939, -6]
640:185.65, 8:10 [6, 8436, 8534, 8419, 8665, 8333, -6]
641:166.43, 10:10 [6, 8306, 8773, 8509, 8382, 8975, 9677, 8308, -6]
642:158.24, 10:10 [6, 8487, 8706, 8845, 8364, 8621, 8728, 8468, -6]
643:114.33, 7:10 [6, 8725, 8790, -6]
645:44.74, 6:10 [6, 8411, 8549, -6]
647:83.31, 10:10 [6, 8751, 8442, 8389, 8384, -6]
648:118.30, 10:10 [6, 8870, 8493, 8942, 8701, -6]
650:68.25, 9:10 [6, 8657, 8327, 8480, -6]
652:130.37, 10:10 [6, 14504, 8858, 8721, 8290, 8774, 8655, -6]
655:109.05, 7:10 [6, 8538, 8510, 8619, 8645, 8724, 8740, 8548, -6]
656:70.57, 6:10 [6, 8503, 8476, 8933, 8896, 8950, -6]
701:73.65, 10:10 [7, 8601, 8879, 8351, 8560, 8648, 9014, 8834, -7]
702:70.70, 9:10 [7, 8324, 8422, 8851, 8936, 8423, 8520, -7]
703:52.86, 7:10 [7, 8454, 8905, 8832, 8504, -7]
704:65.52, 9:10 [7, 8788, 8735, 8690, 8614, -7]
705:61.35, 1:10 [7, 8792, -7]
706:22.09, 2:10 [7, 8778, -7]
707:87.59, 9:10 [7, 8400, 8559, 8804, 8414, 8345, 8579, -7]
708:62.61, 4:10 [7, 8769, -7]
709:39.85, 3:10 [7, 8714, -7]
710:14.14, 3:10 [7, 9001, -7]
711:86.54, 10:10 [7, 8552, 8452, 8404, -7]
712:56.07, 10:10 [7, 8403, 8683, 8313, 8445, 8512, -7]
fe: 13, se: 55

Day: 1, Time: 30
Total Cost: 8785.03
 11:94.59, 75:75 [3, 8, -8, -3]
 12:94.59, 68:75 [3, 8, -8, -3]
 13:94.59, 16:75 [3, 8, -8, -3]
 14:94.59, 21:75 [3, -8, -3]
 15:90.24, 75:75 [3, 9, -9, -3]
 16:90.24, 75:75 [3, 9, -9, -3]
 17:90.24, 53:75 [3, 9, -9, -3]
 18:90.24, 28:75 [3, -9, -3]
 19:90.24, 3:75 [3, -9, -3]
 20:90.24, 3:75 [3, -9, -3]
 21:90.24, 2:75 [3, -9, -3]
 22:94.59, 10:75 [3, 8, -8, -3]
 23:94.59, 4:75 [3, -8, -3]
 24:94.59, 2:75 [3, -8, -3]
 25:90.24, 2:75 [3, -9, -3]
 26:90.24, 4:75 [3, -9, -3]
 28:94.59, 2:75 [3, -8, -3]
 29:113.51, 9:75 [3, -8, 9, -3]
801:112.14, 10:10 [8, 8393, 8812, 8570, 8362, 8629, -8]
802:24.17, 4:10 [8, 8823, -8]
803:53.13, 4:10 [8, 8571, 13981, 9018, -8]
804:44.13, 9:10 [8, 8427, 8653, 8349, 8626, -8]
805:51.71, 8:10 [8, 8739, 8926, 8948, -8]
806:69.62, 6:10 [8, 8463, 8938, 16809, -8]
807:92.78, 10:10 [8, 8293, 8566, 8901, 8378, 8943, 8783, -8]
808:134.22, 8:10 [8, 13708, 8808, 8968, 8415, -8]
809:95.26, 7:10 [8, 8420, 8369, 8681, 8535, -8]
810:86.07, 8:10 [8, 8385, 14164, 8555, 8983, -8]
811:96.70, 9:10 [8, 8577, 8297, 8746, 8380, -8]
812:93.43, 2:10 [8, 8830, 8810, -8]
813:119.74, 10:10 [8, 8494, 8405, 8631, 8581, 8457, -8]
814:78.69, 10:10 [8, 8673, 8370, 8899, 9019, 8825, -8]
815:64.28, 4:10 [8, 8972, -8]
816:64.50, 1:10 [8, 8944, -8]
817:107.63, 4:10 [8, 8863, -8]
818:76.80, 10:10 [8, 8573, 8749, 8623, 8511, -8]
819:117.57, 10:10 [8, 13399, 8635, 8334, 8982, 8741, 8688, 8856, -8]
820:96.43, 7:10 [8, 8981, 8866, 8338, -8]
821:80.50, 2:10 [8, 8862, -8]
822:67.23, 4:10 [8, 8877, -8]
823:158.48, 9:10 [8, 8860, 8637, 8781, 8470, 8846, 8726, -8]
824:58.96, 5:10 [8, 9021, 8909, -8]
825:94.19, 2:10 [8, 8848, -8]
826:132.93, 10:10 [8, 8309, 8425, 8341, 8506, -8]
827:99.18, 9:10 [8, 8344, 8994, 8456, 8947, 8318, -8]
828:169.39, 10:10 [8, 8466, 8429, 8397, 8651, -8]
830:108.96, 10:10 [8, 8440, 8752, 8578, 8805, 8622, 8974, -8]
831:190.40, 10:10 [8, 8383, 8989, 8527, 8358, 8850, 8844, -8]
832:99.46, 4:10 [8, 8717, 8955, -8]
836:128.76, 9:10 [8, 8819, 8569, 8408, 8919, 8912, 8604, -8]
837:74.73, 2:10 [8, 8745, -8]
838:56.64, 1:10 [8, 8437, 8760, -8]
901:151.39, 9:10 [9, 8616, 8668, 8852, 8687, 8413, 9031, 8639, 8766, -9]
902:110.94, 10:10 [9, 8443, 8439, 8768, 8920, 8660, 8353, -9]
903:126.85, 8:10 [9, 8771, 8532, 8957, -9]
904:103.25, 3:10 [9, 8764, -9]
905:132.75, 9:10 [9, 8672, 8441, 8434, 8589, -9]
906:54.92, 5:10 [9, 9009, 8873, 8762, -9]
907:96.20, 10:10 [9, 8661, 8546, 8680, -9]
908:86.93, 3:10 [9, 9000, -9]
909:113.08, 9:10 [9, 8691, 8923, 8767, 8372, 8861, 8929, -9]
910:94.98, 10:10 [9, 8489, 8326, 8644, 8539, -9]
911:126.51, 9:10 [9, 8702, 8960, 8730, 8780, 8350, 8988, -9]
912:51.78, 8:10 [9, 8342, 8658, 8608, 8467, -9]
913:98.12, 10:10 [9, 8927, 8817, 8692, 8562, -9]
914:130.29, 8:10 [9, 8513, 8609, 8523, 8331, -9]
915:66.39, 6:10 [9, 8574, 8582, 8703, -9]
916:77.90, 2:10 [9, 8729, -9]
917:138.58, 10:10 [9, 8300, 8803, 8931, 8330, 8917, 8291, 8733, -9]
918:111.22, 8:10 [9, 8390, 8395, -9]
919:126.95, 10:10 [9, 8930, 8727, 8557, 8969, 9006, -9]
920:132.22, 10:10 [9, 8336, 8695, 8885, 16594, 8736, 8946, -9]
921:18.11, 4:10 [9, 8731, 8934, -9]
922:56.84, 8:10 [9, 8937, 8849, 8958, -9]
923:87.09, 8:10 [9, 8529, 8366, 8531, -9]
924:14.56, 3:10 [9, 8709, -9]
925:102.49, 2:10 [9, 8893, -9]
926:121.23, 9:10 [9, 8495, 8612, 8391, 8789, 9034, 8922, 8801, 9002, 8636, -9]
927:74.03, 4:10 [9, 14895, -9]
928:131.87, 8:10 [9, 8292, 8600, 8483, 8522, -9]
929:48.24, 6:10 [9, 8667, 8836, 8551, -9]
930:70.48, 8:10 [9, 8375, 8339, 8593, -9]
931:14.56, 4:10 [9, 8312, -9]
932:140.31, 10:10 [9, 8685, 8484, 9011, 8694, 11721, 8940, -9]
933:87.64, 10:10 [9, 8521, 9016, 8449, 8880, 8772, 8590, 9033, -9]
934:94.75, 8:10 [9, 8986, 8876, 8796, -9]
935:165.46, 10:10 [9, 9030, 8450, 8684, 8761, 8843, -9]
936:46.94, 5:10 [9, 8394, 8961, 8627, -9]
937:110.43, 7:10 [9, 8811, 8707, 8432, 8954, -9]
938:116.13, 10:10 [9, 9010, 8932, 8883, 8518, 8820, -9]
940:160.01, 9:10 [9, 8894, 8453, 8966, 8711, 8737, 9024, 8750, -9]
941:111.32, 10:10 [9, 8700, 8800, 8892, -9]
fe: 18, se: 74

Day: 1, Time: 100
Total Cost: 790.48
 11:66.27, 24:75 [2, -6, -2]
 12:66.27, 4:75 [2, -6, -2]
 13:66.27, 3:75 [2, -6, -2]
602:76.67, 6:10 [6, 9291, 9899, -6]
603:98.59, 4:10 [6, 10145, 13318, -6]
604:99.32, 3:10 [6, 15635, -6]
605:112.10, 7:10 [6, 11148, 14150, -6]
606:106.94, 2:10 [6, 16627, 14488, -6]
607:98.05, 9:10 [6, 9586, 9388, 12296, -6]
fe: 3, se: 6

Day: 1, Time: 115
Total Cost: 1498.98
 11:94.59, 7:75 [3, -8, -3]
 12:94.59, 4:75 [3, -8, -3]
 13:94.59, 10:75 [3, -8, -3]
 14:94.59, 2:75 [3, -8, -3]
 15:90.24, 14:75 [3, -9, -3]
 16:90.24, 10:75 [3, -9, -3]
801:72.28, 3:10 [8, 16654, -8]
802:19.80, 4:10 [8, 14237, -8]
803:81.19, 4:10 [8, 11925, 16869, -8]
804:63.53, 4:10 [8, 10434, -8]
805:100.00, 2:10 [8, 15063, 9428, -8]
806:106.98, 2:10 [8, 11418, -8]
807:83.19, 4:10 [8, 11434, -8]
901:63.80, 5:10 [9, 11523, 11973, -9]
902:162.90, 10:10 [9, 9436, 14273, 11688, 9549, 9199, -9]
903:94.53, 1:10 [9, 15181, -9]
906:91.92, 8:10 [9, 13068, 13725, 15395, -9]
fe: 6, se: 11

Day: 1, Time: 125
Total Cost: 718.95
 11:66.27, 7:75 [2, -6, -2]
 12:66.27, 7:75 [2, -6, -2]
 13:66.27, 4:75 [2, -6, -2]
601:54.92, 4:10 [6, 16434, -6]
602:125.65, 5:10 [6, 9466, 9611, -6]
603:66.48, 1:10 [6, 12114, -6]
604:102.86, 2:10 [6, 15364, -6]
605:72.47, 3:10 [6, 16007, -6]
606:97.75, 3:10 [6, 15946, -6]
fe: 3, se: 6

Day: 1, Time: 140
Total Cost: 2314.89
 11:136.01, 19:75 [1, -4, -1]
 12:136.01, 11:75 [1, -4, -1]
 13:136.01, 10:75 [1, -4, -1]
 14:136.01, 13:75 [1, -4, -1]
 15:153.31, 14:75 [1, -5, -1]
 16:153.31, 4:75 [1, -5, -1]
 17:153.31, 4:75 [1, -5, -1]
401:129.14, 7:10 [4, 15303, 9691, -4]
402:178.58, 7:10 [4, 14260, 13650, 10719, -4]
403:69.43, 2:10 [4, 15223, -4]
404:60.80, 5:10 [4, 13532, 10335, -4]
405:35.81, 5:10 [4, 15634, 15433, -4]
406:191.99, 8:10 [4, 9976, 13805, -4]
407:106.32, 4:10 [4, 16045, -4]
408:109.55, 10:10 [4, 14353, 13680, 14346, -4]
411:41.85, 5:10 [4, 10576, 14681, -4]
501:163.21, 10:10 [5, 13333, 13479, 10917, -5]
502:47.41, 1:10 [5, 11055, -5]
503:64.50, 4:10 [5, 11945, -5]
504:50.48, 3:10 [5, 13906, -5]
505:61.85, 4:10 [5, 15719, 13698, -5]
fe: 7, se: 14

Day: 1, Time: 155
Total Cost: 839.23
 11:66.27, 9:75 [2, -6, -2]
 12:66.27, 7:75 [2, -6, -2]
 13:66.27, 1:75 [2, -6, -2]
601:63.56, 2:10 [6, 15725, -6]
602:176.27, 6:10 [6, 13818, 15125, -6]
603:137.59, 1:10 [6, 13105, -6]
604:41.23, 1:10 [6, 13379, -6]
605:77.18, 1:10 [6, 14623, -6]
606:62.48, 4:10 [6, 15442, -6]
607:82.10, 2:10 [6, 10659, -6]
fe: 3, se: 7

Day: 1, Time: 160
Total Cost: 815.12
 11:153.31, 1:75 [1, -5, -1]
 12:153.31, 6:75 [1, -5, -1]
 13:136.01, 10:75 [1, -4, -1]
401:55.57, 4:10 [4, 14047, -4]
402:41.19, 6:10 [4, 9445, 15895, -4]
501:93.51, 4:10 [5, 11201, -5]
502:148.93, 2:10 [5, 10000, -5]
503:33.29, 1:10 [5, 16029, -5]
fe: 3, se: 5

Day: 1, Time: 175
Total Cost: 1010.79
 11:94.59, 9:75 [3, -8, -3]
 12:94.59, 12:75 [3, -8, -3]
 13:90.24, 14:75 [3, -9, -3]
801:76.30, 2:10 [8, 11392, 9149, -8]
802:85.34, 5:10 [8, 12095, 13347, -8]
803:96.17, 4:10 [8, 11007, -8]
804:78.10, 4:10 [8, 10376, -8]
805:113.21, 2:10 [8, 15375, -8]
806:58.86, 4:10 [8, 12953, -8]
901:112.22, 7:10 [9, 13325, 15420, -9]
902:75.38, 5:10 [9, 10730, 12194, -9]
903:35.78, 2:10 [9, 10540, -9]
fe: 3, se: 9

Day: 1, Time: 180
Total Cost: 280.83
 11:94.59, 7:75 [3, -8, -3]
 12:94.59, 2:75 [3, -8, -3]
801:30.68, 7:10 [8, 9367, 12459, -8]
802:60.96, 2:10 [8, 11714, -8]
fe: 2, se: 2

Day: 1, Time: 185
Total Cost: 1084.66
 11:136.01, 3:75 [1, -4, -1]
 12:136.01, 2:75 [1, -4, -1]
 13:153.31, 3:75 [1, -5, -1]
 14:153.31, 4:75 [1, -5, -1]
 15:153.31, 2:75 [1, -5, -1]
401:78.23, 3:10 [4, 16840, -4]
402:131.59, 2:10 [4, 13483, -4]
501:6.00, 3:10 [5, 10931, -5]
502:108.24, 4:10 [5, 13892, -5]
503:28.64, 2:10 [5, 15056, -5]
fe: 5, se: 5

Day: 1, Time: 240
Total Cost: 1762.87
 11:66.27, 22:75 [2, -6, -2]
 12:66.27, 2:75 [2, -6, -2]
 13:66.27, 22:75 [2, -6, -2]
 14:66.27, 3:75 [2, -6, -2]
601:66.12, 2:10 [6, 10131, -6]
602:100.90, 4:10 [6, 11567, -6]
603:125.87, 4:10 [6, 11837, -6]
604:133.76, 5:10 [6, 11749, 13327, -6]
605:113.24, 3:10 [6, 12049, 10338, -6]
606:135.96, 1:10 [6, 15129, -6]
607:131.85, 3:10 [6, 14427, -6]
608:101.86, 2:10 [6, 12136, -6]
609:18.44, 3:10 [6, 12078, -6]
610:134.20, 4:10 [6, 16880, 13571, -6]
611:112.39, 4:10 [6, 16021, 15604, -6]
612:65.38, 8:10 [6, 9570, 16409, -6]
613:108.24, 4:10 [6, 9188, -6]
614:149.59, 2:10 [6, 10132, -6]
fe: 4, se: 14

Day: 1, Time: 245
Total Cost: 1069.42
 11:136.01, 11:75 [1, -4, -1]
 12:136.01, 6:75 [1, -4, -1]
 13:153.31, 7:75 [1, -5, -1]
401:178.06, 4:10 [4, 9384, 9195, 10040, -4]
402:139.36, 6:10 [4, 11233, 9628, 14124, -4]
403:68.12, 1:10 [4, 13568, -4]
404:20.00, 2:10 [4, 15116, -4]
405:67.34, 4:10 [4, 14044, 11940, -4]
501:79.62, 4:10 [5, 12964, -5]
502:91.59, 3:10 [5, 9788, -5]
fe: 3, se: 7

Day: 1, Time: 255
Total Cost: 995.50
 11:94.59, 11:75 [3, -8, -3]
 12:94.59, 9:75 [3, -8, -3]
 13:90.24, 5:75 [3, -9, -3]
801:77.18, 1:10 [8, 16355, -8]
802:86.54, 5:10 [8, 14220, 10271, -8]
803:106.73, 4:10 [8, 16865, -8]
804:85.09, 4:10 [8, 15478, -8]
805:129.76, 3:10 [8, 15095, 15577, -8]
806:92.13, 3:10 [8, 12190, -8]
902:138.64, 5:10 [9, 10128, 10603, -9]
fe: 3, se: 7

Day: 1, Time: 260
Total Cost: 374.11
 11:66.27, 7:75 [2, -6, -2]
 12:145.23, 2:75 [2, -7, -2]
601:84.71, 7:10 [6, 14883, 12879, -6]
701:77.90, 2:10 [7, 12025, -7]
fe: 2, se: 2

Day: 1, Time: 265
Total Cost: 576.44
 11:94.59, 2:75 [3, -8, -3]
 12:94.59, 2:75 [3, -8, -3]
 13:90.24, 1:75 [3, -9, -3]
801:97.02, 2:10 [8, 14482, -8]
802:89.64, 2:10 [8, 15853, -8]
901:110.34, 1:10 [9, 13145, -9]
fe: 3, se: 3

Day: 1, Time: 275
Total Cost: 172.89
 11:66.27, 2:75 [2, -6, -2]
601:106.62, 2:10 [6, 12912, -6]
fe: 1, se: 1

Day: 1, Time: 310
Total Cost: 1232.21
 11:136.01, 12:75 [1, -4, -1]
 12:136.01, 12:75 [1, -4, -1]
 13:136.01, 12:75 [1, -4, -1]
401:108.27, 8:10 [4, 14790, 15039, 13955, -4]
402:54.41, 2:10 [4, 13054, -4]
403:121.76, 9:10 [4, 15730, 9745, 11529, -4]
404:70.87, 5:10 [4, 12855, 12484, -4]
405:73.38, 4:10 [4, 13823, -4]
406:79.20, 3:10 [4, 14914, 10474, -4]
407:122.15, 1:10 [4, 13176, -4]
408:76.94, 1:10 [4, 16524, -4]
409:117.18, 3:10 [4, 16063, -4]
fe: 3, se: 9

Day: 1, Time: 360
Total Cost: 1640.59
 11:94.59, 16:75 [3, 8, -8, -3]
 12:94.59, 20:75 [3, -8, -3]
 13:90.24, 7:75 [3, 9, -9, -3]
 14:90.24, 14:75 [3, -9, -3]
 15:90.24, 2:75 [3, -9, -3]
801:108.30, 4:10 [8, 9424, -8]
802:125.23, 7:10 [8, 6953, 297, 11942, 3424, -8]
803:65.03, 4:10 [8, 11312, 9233, 9613, -8]
804:66.07, 6:10 [8, 10864, 13055, -8]
805:83.63, 6:10 [8, 15198, 9297, -8]
806:119.96, 9:10 [8, 73, 12245, 32, 7317, -8]
808:74.44, 4:10 [8, 14574, 14734, -8]
901:114.78, 6:10 [9, 137, 260, 18, 145, -9]
902:31.44, 5:10 [9, 10530, 238, -9]
903:81.72, 2:10 [9, 13819, 11628, -9]
904:78.10, 4:10 [9, 13207, -9]
905:18.11, 2:10 [9, 11082, -9]
906:84.46, 5:10 [9, 13101, 16285, -9]
907:94.02, 3:10 [9, 9514, -9]
908:35.38, 3:10 [9, 9803, -9]
fe: 5, se: 15

Day: 1, Time: 365
Total Cost: 2191.00
 11:136.01, 39:75 [1, 4, -1]
 12:136.01, 4:75 [1, -4, -1]
 13:136.01, 6:75 [1, 4, -4, -1]
 14:153.31, 23:75 [1, 5, -5, -1]
 16:153.31, 3:75 [1, -5, -1]
 17:136.01, 1:75 [1, -4, -1]
401:80.55, 10:10 [4, 19, 331, 70, 310, -4]
402:54.92, 1:10 [4, 9661, -4]
404:98.53, 9:10 [4, 4689, 243, 5547, -4]
406:46.17, 2:10 [4, 11872, -4]
408:49.48, 1:10 [4, 11315, -4]
409:62.77, 1:10 [4, 10715, -4]
410:162.12, 10:10 [4, 55, 24, 102, 306, -4]
411:85.04, 7:10 [4, 16820, 173, -4]
412:125.74, 10:10 [4, 323, 79, 88, -4]
413:137.64, 3:10 [4, 15120, -4]
502:134.81, 9:10 [5, 206, 282, 151, -5]
503:62.53, 4:10 [5, 159, 296, 16335, -5]
504:43.27, 1:10 [5, 11475, -5]
505:20.59, 2:10 [5, 16294, -5]
506:58.86, 4:10 [5, 10220, -5]
507:117.31, 10:10 [5, 244, 106, 6945, 49, 328, -5]
fe: 6, se: 16

Day: 1, Time: 375
Total Cost: 1288.28
 11:66.27, 19:75 [2, 6, -6, -2]
 12:66.27, 5:75 [2, 6, -6, -2]
 13:145.23, 4:75 [2, -7, -2]
 14:66.27, 1:75 [2, -6, -2]
601:111.15, 4:10 [6, 5291, 140, -6]
602:192.36, 8:10 [6, 74, 72, 158, 27, 254, -6]
603:90.99, 5:10 [6, 14492, 15283, -6]
604:118.39, 7:10 [6, 265, 6205, -6]
605:90.35, 3:10 [6, 9509, -6]
606:82.90, 2:10 [6, 11781, 10513, -6]
607:138.11, 5:10 [6, 319, 187, 15656, -6]
608:65.12, 1:10 [6, 16938, -6]
701:12.81, 1:10 [7, 16680, -7]
702:42.05, 3:10 [7, 12804, -7]
fe: 4, se: 10

Day: 1, Time: 380
Total Cost: 705.07
 11:94.59, 6:75 [3, -8, -3]
 12:94.59, 4:75 [3, -8, -3]
 14:90.24, 6:75 [3, -9, -3]
801:114.59, 5:10 [8, 12827, 14337, -8]
802:70.26, 4:10 [8, 12725, -8]
803:117.39, 1:10 [8, 13451, -8]
902:45.61, 3:10 [9, 11029, -9]
903:77.79, 3:10 [9, 13063, -9]
fe: 3, se: 5

Day: 1, Time: 385
Total Cost: 736.09
 11:136.01, 5:75 [1, -4, -1]
 12:136.01, 3:75 [1, -4, -1]
 13:153.31, 9:75 [1, -5, -1]
401:131.35, 5:10 [4, 9463, 11028, -4]
402:32.56, 2:10 [4, 14082, -4]
403:24.08, 1:10 [4, 13060, -4]
501:122.75, 9:10 [5, 9211, 16542, 16893, -5]
fe: 3, se: 4

Day: 1, Time: 395
Total Cost: 424.12
 11:66.27, 7:75 [2, -6, -2]
 12:66.27, 4:75 [2, -6, -2]
601:64.03, 3:10 [6, 14510, -6]
602:69.86, 3:10 [6, 13261, -6]
603:70.03, 1:10 [6, 9839, -6]
604:87.66, 4:10 [6, 15005, -6]
fe: 2, se: 4

Day: 1, Time: 405
Total Cost: 1438.38
 11:136.01, 36:75 [1, 4, -1]
 12:136.01, 3:75 [1, -4, -1]
 13:153.31, 27:75 [1, 5, -1]
 14:153.31, 1:75 [1, -5, -1]
401:137.62, 3:10 [4, 39, 118, -4]
402:40.52, 7:10 [4, 14254, 267, -4]
403:59.36, 2:10 [4, 203, -4]
404:65.19, 10:10 [4, 82, 5018, 31, 7964, -4]
405:54.04, 7:10 [4, 233, 251, -4]
406:99.25, 10:10 [4, 322, 81, 337, 286, -4]
501:84.35, 8:10 [5, 12, 6491, 698, 129, -5]
502:43.05, 6:10 [5, 2661, 127, -5]
503:88.84, 1:10 [5, 15319, -5]
504:51.61, 4:10 [5, 1209, -5]
506:135.90, 9:10 [5, 44, 5460, 2744, -5]
fe: 4, se: 11

Day: 1, Time: 415
Total Cost: 1416.30
 11:94.59, 24:75 [3, 8, -3]
 12:94.59, 7:75 [3, -8, -3]
 13:90.24, 25:75 [3, 9, -9, -3]
801:98.08, 4:10 [8, 16255, -8]
802:83.04, 6:10 [8, 252, 117, 119, -8]
803:141.76, 10:10 [8, 16, 103, 180, 289, -8]
804:87.58, 4:10 [8, 7035, 134, -8]
806:90.02, 3:10 [8, 15415, -8]
807:88.57, 4:10 [8, 64, -8]
901:99.18, 6:10 [9, 89, 194, 1969, -9]
902:88.81, 7:10 [9, 2458, 25, -9]
904:113.21, 3:10 [9, 198, 5933, -9]
906:118.86, 9:10 [9, 65, 2365, 63, 5216, -9]
907:127.76, 2:10 [9, 12986, 9340, -9]
fe: 3, se: 11

Day: 1, Time: 420
Total Cost: 1106.63
 11:66.27, 27:75 [2, 6, -6, -2]
 12:145.23, 4:75 [2, -7, -2]
 13:66.27, 1:75 [2, -6, -2]
601:115.84, 4:10 [6, 223, 278, 261, -6]
602:84.75, 5:10 [6, 57, 13183, 2833, -6]
603:138.05, 8:10 [6, 148, 262, 303, 1886, -6]
604:131.24, 2:10 [6, 6127, -6]
605:118.93, 2:10 [6, 11606, -6]
606:154.84, 8:10 [6, 141, 3960, 237, -6]
607:44.41, 1:10 [6, 12987, -6]
701:40.79, 4:10 [7, 13296, -7]
fe: 3, se: 8

Day: 1, Time: 450
Total Cost: 595.28
 11:66.27, 30:75 [2, 6, -2]
601:156.50, 9:10 [6, 3255, 105, 3283, -6]
602:120.28, 4:10 [6, 217, 197, -6]
604:116.68, 10:10 [6, 1645, 195, 313, 5991, -6]
605:135.55, 7:10 [6, 3024, 183, 258, -6]
fe: 1, se: 4

Day: 1, Time: 450
Total Cost: 824.18
 11:94.59, 11:75 [3, 8, -3]
 12:90.24, 27:75 [3, 9, -3]
 13:90.24, 4:75 [3, -9, -3]
801:93.67, 4:10 [8, 192, 181, -8]
802:105.70, 7:10 [8, 85, 26, -8]
901:72.21, 8:10 [9, 97, 20, -9]
902:56.14, 4:10 [9, 16721, -9]
903:98.20, 10:10 [9, 4842, 128, 269, -9]
904:123.17, 9:10 [9, 116, 6366, 342, 94, -9]
fe: 3, se: 6

Day: 1, Time: 455
Total Cost: 648.23
 11:136.01, 20:75 [1, 4, -1]
 12:136.01, 12:75 [1, -4, -1]
401:66.34, 7:10 [4, 270, 41, -4]
402:40.53, 8:10 [4, 16240, 11561, -4]
403:81.39, 5:10 [4, 172, 190, -4]
404:84.17, 8:10 [4, 247, 5035, -4]
405:34.00, 1:10 [4, 12562, -4]
406:69.77, 3:10 [4, 14301, -4]
fe: 2, se: 6

Day: 1, Time: 525
Total Cost: 326.84
 11:66.27, 12:75 [2, 6, -2]
601:52.84, 1:10 [6, 255, -6]
602:38.21, 1:10 [6, 4709, -6]
603:38.08, 4:10 [6, 6705, 95, -6]
604:43.86, 3:10 [6, 107, -6]
605:40.50, 1:10 [6, 232, -6]
606:47.07, 2:10 [6, 99, -6]
fe: 1, se: 6

Day: 1, Time: 525
Total Cost: 131.98
 11:94.59, 7:75 [3, 8, -3]
801:16.12, 3:10 [8, 189, -8]
802:21.26, 4:10 [8, 5202, -8]
fe: 1, se: 2


Day	Area	ID	Time	Load	Utilization	NoOrders	AssignmentCost
1	1	 8	315	 58	0.64	26	655.00
1	1	 9	360	 57	0.63	20	645.00
1	1	30	450	 45	0.42	29	420.00
1	1	31	495	107	0.99	34	916.00
1	1	13	540	108	1.00	43	924.00
1	1	34	630	 89	0.99	33	965.00
1	1	15	630	 11	0.12	 5	185.00
1	2	45	270	 54	0.60	22	615.00
1	2	46	315	 42	0.47	17	495.00
1	2	49	450	103	0.95	30	884.00
1	2	50	495	103	0.95	46	884.00
1	2	51	540	108	1.00	48	924.00
1	2	72	630	 24	0.27	10	315.00
1	3	82	225	 59	0.66	25	665.00
1	3	103	315	 51	0.57	19	585.00
1	3	104	360	 31	0.34	11	385.00
1	3	106	450	 81	0.75	23	708.00
1	3	107	495	 98	0.91	54	844.00
1	3	89	540	 82	0.76	35	716.00
1	3	108	540	108	1.00	41	924.00
1	3	91	630	 30	0.33	13	375.00


Day	Area	Time	Pickup	Delivery	Direct	FEVehicles	SEVehicles	ALNSTime	ALNSBestTime	RoutingCostArea
1	1	5	102	142	0	10	54	341.86	248.58	6832.18
1	1	140	26	0	0	7	14	3.10	0.00	2314.89
1	1	160	6	0	1	3	5	0.80	0.01	1315.12
1	1	185	5	0	0	5	5	1.09	0.00	1084.66
1	1	245	12	0	0	3	7	1.56	0.07	1069.42
1	1	310	15	0	0	3	9	1.65	0.00	1232.21
1	1	365	10	25	0	6	16	5.80	0.00	2191.00
1	1	385	7	0	0	3	4	0.80	0.00	736.09
1	1	405	2	24	0	4	11	2.59	0.00	1438.38
1	1	455	4	6	0	2	6	1.10	0.00	648.23
1	2	15	106	134	0	13	55	295.37	0.02	6705.23
1	2	100	12	0	0	3	6	1.34	0.00	790.48
1	2	125	7	0	0	3	6	0.69	0.00	718.95
1	2	155	8	0	0	3	7	0.89	0.00	839.23
1	2	240	19	0	0	4	14	1.92	0.00	1762.87
1	2	260	3	0	0	2	2	0.63	0.00	374.11
1	2	275	1	0	0	1	1	0.24	0.00	172.89
1	2	375	9	11	0	4	10	3.73	0.00	1288.28
1	2	395	4	0	0	2	4	0.76	0.00	424.12
1	2	420	4	13	0	3	8	2.08	0.00	1106.63
1	2	450	0	12	0	1	4	0.90	0.00	595.28
1	2	525	0	7	1	1	6	0.46	0.00	826.84
1	3	30	138	134	0	18	74	408.21	0.00	8785.03
1	3	115	20	0	0	6	11	2.15	0.00	1498.98
1	3	175	13	0	1	3	9	2.06	0.77	1510.79
1	3	180	3	0	1	2	2	0.47	0.00	780.83
1	3	255	10	0	0	3	7	1.56	0.00	995.50
1	3	265	3	0	0	3	3	0.60	0.00	576.44
1	3	360	21	11	0	5	15	5.89	0.00	1640.59
1	3	380	6	0	0	3	5	0.78	0.00	705.07
1	3	415	4	21	0	3	11	2.84	0.00	1416.30
1	3	450	1	13	0	3	6	1.16	0.00	824.18
1	3	525	0	2	1	1	2	0.27	0.00	631.98

Day	SL	Own	DispatchTimes	AssignmentCost	RoutingCost	TotalCost
1	21	0	22	14029.00	53832.75	67861.75

Total Cost: 67861.75057585222
Cost per Day: 67861.75057585222
Running time in Seconds: 16084.406
Running time in minutes: 268.07343333333336