INSTANCE: 3hubs_MND_A_14_x.csv
PARAMETER: sp_mnd_loose_20_120_3hubs.txt
POLICY: Stochastic Programming
ALPHA: 0.0
BETA: 7
OMEGA: 586
EPSILON: 1.0

Day: 1, Time: 10
Total Cost: 7928.62
 11:136.01, 52:75 [1, 4, -4, -1]
 12:136.01, 61:75 [1, 4, -4, -1]
 13:136.01, 66:75 [1, 4, -4, -1]
 14:136.01, 55:75 [1, 4, -4, -1]
 15:153.31, 1:75 [1, -5, -1]
 16:153.31, 74:75 [1, 5, -5, -1]
 17:153.31, 44:75 [1, 5, -5, -1]
 18:153.31, 42:75 [1, 5, -5, -1]
 19:153.31, 27:75 [1, 5, -5, -1]
 20:136.01, 9:75 [1, 4, -1]
 21:153.31, 2:75 [1, -5, -1]
 22:136.01, 3:75 [1, -4, -1]
401:144.30, 10:10 [4, 8788, 8676, 8923, 8614, 8693, 8769, -4]
402:56.42, 7:10 [4, 8974, 8475, 8975, -4]
403:116.05, 10:10 [4, 8806, 8995, 8917, 8513, -4]
404:209.01, 8:10 [4, 8393, 8331, 8441, 9022, 8321, -4]
405:113.78, 6:10 [4, 8846, 8944, -4]
406:79.41, 9:10 [4, 8979, 8448, 8856, 8461, -4]
407:162.39, 10:10 [4, 8675, 8467, 8634, 8532, 8875, 8847, 8582, -4]
408:135.56, 3:10 [4, 8757, -4]
409:60.08, 10:10 [4, 8583, 8976, 8416, 9018, 8591, 8586, -4]
410:98.39, 9:10 [4, 8616, 8619, 8592, 8550, -4]
411:77.76, 10:10 [4, 8458, 9023, 8481, 8581, 8910, 8368, -4]
412:58.29, 9:10 [4, 8649, 8420, 8497, -4]
413:111.35, 6:10 [4, 8763, 8998, -4]
414:86.60, 10:10 [4, 8842, 8596, 8718, 8789, 8918, 8702, -4]
416:100.79, 10:10 [4, 8633, 8443, 8661, 8371, 8617, 8435, -4]
420:136.84, 3:10 [4, 8518, 8897, -4]
421:193.29, 10:10 [4, 8698, 8795, 8527, 8701, 8346, 8879, -4]
422:83.96, 10:10 [4, 8593, 8744, 8864, 8924, 8364, -4]
423:170.02, 10:10 [4, 8961, 8839, 8418, 8352, 8432, 9030, 8412, 8873, 8942, -4]
425:168.65, 10:10 [4, 8632, 8479, 8323, 8515, -4]
426:197.51, 10:10 [4, 8660, 8989, 8568, 8379, 9025, 8743, 8328, -4]
429:165.64, 7:10 [4, 8722, 8343, 8777, 8906, 8491, 8506, 8877, 8753, 8929, -4]
431:72.62, 8:10 [4, 8500, 8469, 8857, 8865, 8411, -4]
433:56.61, 9:10 [4, 8968, 8700, 8740, 8462, -4]
434:163.00, 10:10 [4, 8871, 8377, 9004, 8345, 8883, 8561, 8517, 8729, -4]
436:139.53, 10:10 [4, 8440, 8588, 8589, 8430, 8687, -4]
437:122.93, 10:10 [4, 8480, 8335, 8747, 8496, -4]
438:209.60, 10:10 [4, 8689, 8327, 8337, 8402, 8437, 8329, -4]
439:49.68, 10:10 [4, 8835, 9534, 8716, 8822, -4]
440:119.95, 7:10 [4, 8802, 8866, 9020, -4]
441:134.52, 9:10 [4, 9011, 8607, 8799, 8325, 8683, -4]
501:47.23, 9:10 [5, 8985, 8560, 8577, 8738, -5]
502:53.03, 10:10 [5, 8830, 8901, 8772, 8636, -5]
504:90.08, 7:10 [5, 8936, 8707, -5]
505:66.75, 8:10 [5, 8330, 8597, 8404, 8486, 8473, 8904, -5]
506:146.52, 10:10 [5, 8690, 8535, 8536, 8609, -5]
507:146.09, 8:10 [5, 8608, 8347, 8307, 8887, 8778, 8339, 8831, -5]
508:81.34, 9:10 [5, 8356, 8682, 8396, 8796, 8935, 8326, 8785, -5]
509:51.05, 10:10 [5, 8626, 8654, 8959, 8611, -5]
510:132.50, 10:10 [5, 8720, 8670, 8922, 8460, 8539, 8366, -5]
511:79.48, 10:10 [5, 8575, 8516, 8510, 8381, -5]
512:134.37, 10:10 [5, 8684, 8397, 8749, 8372, 8703, 9019, -5]
513:163.77, 1:10 [5, 8912, -5]
514:85.56, 10:10 [5, 8635, 8332, 8774, 8409, 8891, 8521, 8721, -5]
515:122.59, 2:10 [5, 8914, -5]
516:84.15, 9:10 [5, 8398, 8405, 9005, 8362, -5]
517:176.10, 10:10 [5, 8889, 8776, 8971, -5]
518:99.87, 10:10 [5, 8449, 8610, 8724, 8601, 8890, -5]
519:164.93, 10:10 [5, 8419, 8354, 8392, 8852, 8760, -5]
521:116.30, 9:10 [5, 8653, 8941, 8426, 8902, 8748, -5]
522:24.29, 7:10 [5, 8828, 8764, -5]
523:93.26, 10:10 [5, 8544, 8570, 8735, 8663, -5]
525:166.99, 10:10 [5, 8391, 8498, 8695, -5]
526:71.88, 9:10 [5, 8572, 9013, 9029, 8900, 8818, -5]
fe: 12, se: 54

Day: 1, Time: 15
Total Cost: 8321.67
 11:94.59, 71:75 [3, 8, -8, -3]
 12:94.59, 51:75 [3, 8, -8, -3]
 13:94.59, 53:75 [3, 8, -8, -3]
 14:94.59, 21:75 [3, 8, -8, -3]
 15:90.24, 4:75 [3, -9, -3]
 16:90.24, 72:75 [3, 9, -9, -3]
 17:90.24, 65:75 [3, 9, -9, -3]
 18:90.24, 59:75 [3, 9, -9, -3]
 19:90.24, 27:75 [3, 9, -9, -3]
 20:90.24, 3:75 [3, -9, -3]
 21:94.59, 1:75 [3, -8, -3]
 22:90.24, 1:75 [3, -9, -3]
 23:90.24, 4:75 [3, -9, -3]
 24:94.59, 1:75 [3, -8, -3]
 25:90.24, 4:75 [3, -9, -3]
 26:90.24, 2:75 [3, -9, -3]
 27:94.59, 3:75 [3, -8, -3]
 28:90.24, 1:75 [3, -9, -3]
 31:90.24, 9:75 [3, 9, -3]
801:74.00, 6:10 [8, 8940, 8710, -8]
802:100.66, 8:10 [8, 8665, 8465, 8672, -8]
803:120.37, 10:10 [8, 8499, 8423, 8705, 8571, 9006, 8385, -8]
804:65.91, 7:10 [8, 8318, 8981, 8476, 8482, -8]
805:69.68, 10:10 [8, 15999, 8599, 8413, 8816, -8]
806:80.89, 1:10 [8, 9010, -8]
807:75.82, 9:10 [8, 8383, 8306, 8450, 8587, 8957, -8]
808:152.15, 10:10 [8, 8503, 8400, 8988, 8756, 8894, 8668, 8455, 8775, 8967, -8]
809:28.28, 4:10 [8, 8427, -8]
810:108.63, 10:10 [8, 8573, 8399, 8644, 8433, -8]
811:121.18, 10:10 [8, 8376, 8685, 8540, 8336, -8]
812:134.42, 9:10 [8, 8301, 8686, 8370, 8484, 8302, 8452, 8545, -8]
813:65.05, 8:10 [8, 8821, 8829, 8736, 8767, -8]
814:92.28, 1:10 [8, 8908, -8]
815:107.14, 10:10 [8, 8365, 8639, 8618, 8361, 8926, 8657, -8]
816:103.82, 10:10 [8, 8373, 8552, 8296, 8519, 8624, 8931, 8849, 8584, -8]
817:126.29, 10:10 [8, 8317, 8728, 8534, 8773, 8868, 8938, 8797, -8]
818:100.44, 3:10 [8, 9016, -8]
820:87.93, 2:10 [8, 8424, 8652, 8911, -8]
821:60.56, 7:10 [8, 8349, 8585, 8741, 8863, -8]
822:63.29, 8:10 [8, 8909, 8612, 8732, 9009, -8]
824:25.23, 5:10 [8, 8359, 8322, 8384, -8]
825:48.93, 10:10 [8, 8454, 8514, 8631, -8]
826:136.78, 10:10 [8, 8791, 8564, 8930, 8882, 8559, 8507, 8954, -8]
827:136.49, 10:10 [8, 8943, 8543, 8666, 8759, 8333, 8972, -8]
828:37.56, 8:10 [8, 8357, 8627, -8]
829:72.13, 6:10 [8, 8673, 8615, 12719, 9021, -8]
831:117.88, 9:10 [8, 8620, 8291, 8439, 8838, 8578, 8819, 8885, 8843, -8]
833:134.17, 9:10 [8, 8820, 8520, 9008, 8530, -8]
901:135.47, 8:10 [9, 8316, 8541, 8848, 8963, -9]
902:81.22, 3:10 [9, 8977, -9]
903:135.68, 9:10 [9, 8600, 8415, 8955, 8623, 8692, 8717, -9]
904:108.12, 10:10 [9, 8650, 8602, 8431, 8598, 9002, 8422, 8996, -9]
905:81.61, 3:10 [9, 8921, -9]
906:81.31, 10:10 [9, 8978, 8727, 8714, -9]
907:68.33, 9:10 [9, 8825, 8681, 8762, 8928, -9]
908:100.40, 10:10 [9, 8637, 8341, 8907, 8522, 8876, 8790, 8969, -9]
909:89.16, 9:10 [9, 8360, 8350, 8303, -9]
910:161.77, 10:10 [9, 8351, 8642, 8388, -9]
911:124.40, 3:10 [9, 8751, -9]
912:78.64, 3:10 [9, 8726, -9]
913:69.26, 9:10 [9, 9014, 8786, 8725, -9]
914:157.64, 10:10 [9, 8574, 8429, 8832, 8304, 8817, 8750, -9]
915:84.85, 4:10 [9, 8973, -9]
916:122.95, 8:10 [9, 8590, 8523, 8505, 8567, -9]
917:90.21, 9:10 [9, 8434, 8382, 8470, 8474, -9]
918:117.74, 10:10 [9, 8771, 8367, 8850, 8645, 8880, 8984, -9]
919:114.36, 10:10 [9, 8488, 8980, 8298, 8494, 8538, 8801, 8739, -9]
920:103.69, 9:10 [9, 8651, 8421, 8841, 8804, 8892, 8604, 8855, 14536, -9]
921:98.03, 8:10 [9, 8320, 8994, 8378, 8766, 8755, -9]
922:145.35, 10:10 [9, 8793, 8294, 8886, 8800, 8605, -9]
923:88.09, 1:10 [9, 8737, -9]
924:120.86, 10:10 [9, 8696, 8312, 8442, 8512, -9]
925:130.60, 10:10 [9, 8369, 8489, 8861, 8862, 8691, -9]
926:87.73, 4:10 [9, 8813, -9]
927:62.41, 10:10 [9, 8680, 8551, 8708, 8394, -9]
928:99.11, 9:10 [9, 8525, 9015, 8401, 9034, 8556, 9017, -9]
929:98.39, 4:10 [9, 8925, -9]
930:82.60, 7:10 [9, 8315, 9003, 8438, 8860, -9]
931:112.09, 2:10 [9, 8854, -9]
932:89.11, 1:10 [9, 8884, -9]
933:88.67, 10:10 [9, 8395, 8310, 8566, -9]
934:93.09, 10:10 [9, 8595, 8640, 8962, 8446, 8562, -9]
936:108.19, 10:10 [9, 8899, 8290, 8629, 8709, 8956, 8406, -9]
937:99.03, 9:10 [9, 8340, 8299, 8970, 8780, 8295, -9]
938:87.56, 9:10 [9, 8292, 8932, 8647, 8965, 8953, -9]
940:130.91, 9:10 [9, 8471, 8814, 8305, 8628, -9]
fe: 19, se: 67

Day: 1, Time: 20
Total Cost: 6521.12
 11:66.27, 47:75 [2, 6, -6, -2]
 12:66.27, 75:75 [2, 6, -6, -2]
 13:66.27, 70:75 [2, 6, -6, -2]
 14:66.27, 45:75 [2, 6, -6, -2]
 15:145.23, 74:75 [2, 7, -7, -2]
 16:66.27, 4:75 [2, -6, -2]
 17:145.23, 4:75 [2, -7, -2]
 18:145.23, 2:75 [2, -7, -2]
 19:66.27, 9:75 [2, 6, -6, -2]
 25:66.27, 8:75 [2, 6, -6, -2]
 26:66.27, 8:75 [2, 6, -6, -2]
 28:145.23, 10:75 [2, 7, -7, -2]
 34:151.76, 10:75 [2, -7, 6, -2]
601:130.38, 4:10 [6, 8733, -6]
602:95.52, 5:10 [6, 8983, 8798, -6]
603:93.62, 7:10 [6, 8952, 8964, 8947, -6]
604:167.67, 10:10 [6, 8493, 8342, 8770, 8487, 8915, 8677, 8311, 8966, 8840, -6]
605:146.62, 9:10 [6, 8667, 8606, 8896, 8659, 8713, 8501, 8934, 8937, -6]
606:72.76, 10:10 [6, 8648, 8502, 8662, 8779, -6]
607:114.12, 10:10 [6, 8477, 8833, 8355, 8949, 8374, 8787, -6]
608:107.27, 9:10 [6, 8554, 8563, 8508, 8734, 8655, 8815, 8319, -6]
609:78.65, 9:10 [6, 8805, 8445, 8468, 8905, 8933, 9024, -6]
610:78.60, 10:10 [6, 8745, 9000, 8768, 8837, -6]
611:111.92, 10:10 [6, 8314, 8293, 8948, 8851, 8300, 8803, 8997, -6]
612:128.73, 10:10 [6, 8730, 8711, 8557, 8625, 8867, -6]
613:113.83, 8:10 [6, 8946, 8509, 8688, 8463, 8870, 8939, -6]
614:127.01, 2:10 [6, 8895, -6]
615:53.56, 8:10 [6, 8872, 8715, -6]
616:85.93, 10:10 [6, 8844, 8881, 9028, -6]
617:117.81, 10:10 [6, 8529, 8621, 8993, 8483, 8958, 8731, 9032, -6]
618:97.50, 6:10 [6, 8824, 8425, -6]
620:107.25, 10:10 [6, 8694, 8950, 8375, 8580, 8903, -6]
621:88.17, 10:10 [6, 8704, 8334, 8457, 8792, -6]
622:83.10, 8:10 [6, 8987, 8859, 8638, 8823, 8991, -6]
623:90.10, 6:10 [6, 8982, 8723, 8869, -6]
624:166.04, 10:10 [6, 8916, 8664, 8671, 8547, 8845, -6]
628:86.22, 10:10 [6, 8495, 8553, 8358, -6]
629:124.66, 10:10 [6, 8641, 8761, 8407, 8533, 8927, 8712, 8990, 8308, -6]
630:112.22, 10:10 [6, 8403, 8453, 8603, -6]
632:57.20, 6:10 [6, 8784, 9012, 8524, 8807, -6]
634:131.46, 10:10 [6, 8324, 8746, 8960, 8992, 8878, 8834, 8386, -6]
637:114.67, 10:10 [6, 8353, 9007, 8363, 8781, 8646, 8920, -6]
638:89.35, 9:10 [6, 8658, 8338, 8858, 8827, 8576, 8794, -6]
639:129.56, 6:10 [6, 8410, 8622, 8765, 8898, 8546, -6]
640:79.19, 8:10 [6, 8451, 8549, 8808, -6]
641:110.74, 7:10 [6, 8569, 9027, 8630, 8436, -6]
643:150.60, 10:10 [6, 8669, 8706, 8456, 9001, 8542, 8313, 8758, 8719, -6]
644:138.40, 10:10 [6, 8526, 8558, 8783, 8754, 8447, 8810, 8389, 8913, -6]
652:149.57, 5:10 [6, 8297, 8656, 8678, 8999, -6]
655:116.75, 10:10 [6, 8537, 8528, 8464, 8472, 8945, 8893, -6]
656:116.37, 6:10 [6, 8919, 8492, 8812, 8826, -6]
701:86.43, 10:10 [7, 8888, 8986, 8490, 8594, 8836, 8555, -7]
702:77.90, 1:10 [7, 9033, -7]
703:114.38, 10:10 [7, 8459, 8511, 8504, 8408, -7]
704:55.17, 4:10 [7, 8752, -7]
705:50.48, 8:10 [7, 8414, 8485, -7]
706:60.96, 9:10 [7, 8478, 8390, 8444, -7]
707:66.21, 4:10 [7, 8809, -7]
708:93.62, 10:10 [7, 8811, 8387, 8428, 9860, 9026, 8579, 8853, -7]
709:67.20, 2:10 [7, 9031, -7]
710:156.56, 10:10 [7, 8699, 8674, 8679, 8417, 8348, -7]
711:73.06, 10:10 [7, 8466, 8565, 8344, 8380, -7]
712:114.65, 10:10 [7, 8531, 8874, 8309, 8782, 8951, 8643, 8742, -7]
715:78.51, 10:10 [7, 8548, 8613, 8697, -7]
fe: 13, se: 51

Day: 1, Time: 75
Total Cost: 960.41
 11:66.27, 9:75 [2, -6, -2]
 12:66.27, 15:75 [2, -6, -2]
 13:66.27, 6:75 [2, -6, -2]
 14:66.27, 6:75 [2, -6, -2]
601:116.61, 4:10 [6, 11181, 10958, -6]
602:93.39, 8:10 [6, 13782, 10659, -6]
603:55.03, 3:10 [6, 12496, -6]
604:58.14, 2:10 [6, 16681, -6]
605:136.58, 6:10 [6, 16963, 15771, -6]
606:76.55, 3:10 [6, 10710, -6]
607:103.42, 7:10 [6, 14176, 15947, -6]
608:55.61, 3:10 [6, 13352, -6]
fe: 4, se: 8

Day: 1, Time: 75
Total Cost: 843.77
 11:94.59, 14:75 [3, -8, -3]
 12:94.59, 7:75 [3, -8, -3]
 14:90.24, 3:75 [3, -9, -3]
801:58.39, 5:10 [8, 14484, 16306, -8]
802:98.73, 2:10 [8, 9615, -8]
803:81.41, 1:10 [8, 11567, -8]
804:181.00, 9:10 [8, 13846, 11325, 11343, 10770, -8]
805:44.72, 4:10 [8, 9744, -8]
901:64.03, 2:10 [9, 16864, -9]
902:36.06, 1:10 [9, 15148, -9]
fe: 3, se: 7

Day: 1, Time: 125
Total Cost: 2242.03
 11:136.01, 7:75 [1, -4, -1]
 12:136.01, 14:75 [1, -4, -1]
 13:136.01, 10:75 [1, -4, -1]
 14:136.01, 6:75 [1, -4, -1]
 15:136.01, 10:75 [1, -4, -1]
 16:153.31, 7:75 [1, -5, -1]
 17:153.31, 3:75 [1, -5, -1]
401:63.25, 2:10 [4, 9918, -4]
402:123.69, 6:10 [4, 12197, 9441, -4]
403:70.94, 4:10 [4, 9650, -4]
404:102.18, 3:10 [4, 12284, -4]
405:65.15, 1:10 [4, 12468, -4]
406:55.89, 5:10 [4, 15092, 10184, -4]
407:129.12, 3:10 [4, 13295, -4]
408:131.23, 6:10 [4, 10251, 16310, 9311, -4]
409:43.73, 4:10 [4, 9324, 14787, -4]
410:62.83, 6:10 [4, 11529, 15069, -4]
411:63.20, 7:10 [4, 14534, 14079, -4]
501:162.81, 7:10 [5, 15743, 12549, 10257, -5]
502:83.57, 1:10 [5, 10502, -5]
503:97.75, 2:10 [5, 11527, -5]
fe: 7, se: 14

Day: 1, Time: 130
Total Cost: 1032.70
 12:94.59, 7:75 [3, -8, -3]
 13:94.59, 1:75 [3, -8, -3]
 14:90.24, 5:75 [3, -9, -3]
 15:90.24, 3:75 [3, -9, -3]
 16:90.24, 3:75 [3, -9, -3]
802:92.00, 1:10 [8, 11626, -8]
803:97.59, 1:10 [8, 11130, -8]
804:77.99, 6:10 [8, 13369, 10516, -8]
901:114.88, 5:10 [9, 16445, 11122, -9]
902:18.44, 1:10 [9, 10571, -9]
903:109.08, 3:10 [9, 12367, 11566, -9]
904:62.80, 2:10 [9, 13814, -9]
fe: 5, se: 7

Day: 1, Time: 150
Total Cost: 1148.44
 11:66.27, 31:75 [2, -6, -2]
 12:66.27, 16:75 [2, -6, -2]
 13:66.27, 2:75 [2, -6, -2]
601:145.44, 9:10 [6, 12092, 14160, 9281, 11732, -6]
602:106.14, 3:10 [6, 14550, 16077, -6]
603:130.36, 10:10 [6, 10186, 11698, 11419, -6]
604:107.24, 9:10 [6, 13312, 12979, 14299, -6]
605:22.36, 3:10 [6, 16188, -6]
606:122.44, 4:10 [6, 12137, -6]
607:71.69, 2:10 [6, 9431, -6]
608:65.15, 3:10 [6, 13500, -6]
609:67.91, 4:10 [6, 11503, -6]
610:110.89, 2:10 [6, 15529, -6]
fe: 3, se: 10

Day: 1, Time: 170
Total Cost: 820.35
 11:136.01, 1:75 [1, -4, -1]
 12:136.01, 8:75 [1, -4, -1]
 14:153.31, 4:75 [1, -5, -1]
401:122.00, 1:10 [4, 14162, -4]
402:159.85, 8:10 [4, 16586, 11794, 15056, -4]
501:38.83, 3:10 [5, 16906, -5]
502:74.32, 1:10 [5, 16508, -5]
fe: 3, se: 4

Day: 1, Time: 170
Total Cost: 658.19
 11:90.24, 1:75 [3, -9, -3]
 12:90.24, 13:75 [3, -9, -3]
 14:90.24, 6:75 [3, -9, -3]
901:120.25, 4:10 [9, 10009, 10381, -9]
902:103.57, 9:10 [9, 14598, 13963, 15921, -9]
903:27.86, 2:10 [9, 12488, -9]
904:60.46, 1:10 [9, 10792, -9]
905:75.31, 4:10 [9, 14324, -9]
fe: 3, se: 5

Day: 1, Time: 180
Total Cost: 301.54
 11:90.24, 4:75 [3, -9, -3]
 12:90.24, 2:75 [3, -9, -3]
901:29.12, 4:10 [9, 15721, -9]
902:91.93, 2:10 [9, 13428, -9]
fe: 2, se: 2

Day: 1, Time: 200
Total Cost: 754.79
 11:66.27, 13:75 [2, -6, -2]
 12:66.27, 13:75 [2, -6, -2]
601:137.45, 7:10 [6, 11655, 13207, 12036, -6]
602:95.41, 3:10 [6, 13968, -6]
603:90.55, 2:10 [6, 11834, -6]
604:94.34, 3:10 [6, 13876, -6]
605:56.60, 4:10 [6, 16032, -6]
606:61.06, 3:10 [6, 16129, -6]
607:86.83, 4:10 [6, 11998, -6]
fe: 2, se: 7

Day: 1, Time: 255
Total Cost: 692.89
 11:66.27, 12:75 [2, -6, -2]
 12:66.27, 11:75 [2, -6, -2]
601:97.65, 1:10 [6, 11272, -6]
602:124.15, 4:10 [6, 16521, -6]
604:79.02, 7:10 [6, 13875, 10578, -6]
605:87.25, 4:10 [6, 12292, 12125, -6]
606:172.28, 7:10 [6, 12840, 9348, 11039, -6]
fe: 2, se: 5

Day: 1, Time: 275
Total Cost: 1440.20
 11:136.01, 9:75 [1, -4, -1]
 12:136.01, 10:75 [1, -4, -1]
 13:136.01, 21:75 [1, -4, -1]
 14:153.31, 4:75 [1, -5, -1]
401:64.03, 2:10 [4, 11625, -4]
402:154.49, 6:10 [4, 12579, 14206, 16658, -4]
403:62.80, 4:10 [4, 15267, -4]
404:72.16, 9:10 [4, 15177, 13491, 13937, -4]
405:56.69, 4:10 [4, 11701, 11926, -4]
406:72.53, 4:10 [4, 14085, 15076, -4]
407:128.34, 4:10 [4, 16038, 14794, -4]
408:65.05, 3:10 [4, 13674, -4]
409:173.63, 4:10 [4, 13564, 12842, -4]
501:29.12, 4:10 [5, 9593, -5]
fe: 4, se: 10

Day: 1, Time: 295
Total Cost: 783.63
 11:136.01, 9:75 [1, -4, -1]
 12:136.01, 1:75 [1, -4, -1]
 13:153.31, 4:75 [1, -5, -1]
401:148.55, 4:10 [4, 9831, -4]
402:119.02, 5:10 [4, 15406, 14439, -4]
403:26.31, 1:10 [4, 11651, -4]
501:64.40, 4:10 [5, 14204, -5]
fe: 3, se: 4

Day: 1, Time: 310
Total Cost: 1837.78
 11:94.59, 14:75 [3, -8, -3]
 12:94.59, 9:75 [3, -8, -3]
 13:90.24, 18:75 [3, -9, -3]
 14:90.24, 11:75 [3, -9, -3]
 15:90.24, 1:75 [3, -9, -3]
 16:90.24, 2:75 [3, -9, -3]
801:98.08, 3:10 [8, 15821, -8]
802:96.21, 3:10 [8, 16825, -8]
803:85.75, 3:10 [8, 9251, 16588, -8]
804:78.33, 2:10 [8, 11695, 10271, -8]
806:92.40, 2:10 [8, 14667, 16370, -8]
807:78.71, 1:10 [8, 14309, -8]
808:77.50, 6:10 [8, 14983, 9482, -8]
809:92.02, 3:10 [8, 9716, -8]
901:58.54, 9:10 [9, 16668, 13463, 11663, -9]
902:88.82, 4:10 [9, 11442, 12253, -9]
903:67.94, 8:10 [9, 11522, 10209, -9]
904:85.09, 1:10 [9, 11673, -9]
905:47.10, 5:10 [9, 13194, 12895, -9]
906:58.00, 1:10 [9, 10338, -9]
907:56.60, 2:10 [9, 14289, -9]
908:126.51, 2:10 [9, 12682, -9]
fe: 6, se: 16

Day: 1, Time: 330
Total Cost: 1078.12
 11:66.27, 16:75 [2, 6, -6, -2]
 12:66.27, 11:75 [2, 6, -6, -2]
 13:145.23, 2:75 [2, -7, -2]
601:103.62, 4:10 [6, 10040, 16933, -6]
602:42.43, 4:10 [6, 9455, -6]
603:83.41, 6:10 [6, 11173, 13831, -6]
605:195.43, 8:10 [6, 139, 219, 61, -6]
606:98.18, 1:10 [6, 16060, -6]
607:73.48, 4:10 [6, 8174, 164, 11365, -6]
608:73.81, 2:10 [6, 9321, 9148, -6]
609:115.99, 8:10 [6, 320, 235, 231, -6]
701:14.00, 2:10 [7, 12252, -7]
fe: 3, se: 9

Day: 1, Time: 350
Total Cost: 468.46
 11:66.27, 13:75 [2, -6, -2]
 12:145.23, 4:75 [2, -7, -2]
601:115.62, 6:10 [6, 14370, 11867, -6]
602:39.85, 3:10 [6, 14699, -6]
603:79.40, 4:10 [6, 15377, -6]
701:22.09, 4:10 [7, 13454, -7]
fe: 2, se: 4

Day: 1, Time: 355
Total Cost: 760.06
 12:94.59, 26:75 [3, 8, -8, -3]
 14:90.24, 4:75 [3, -9, -3]
801:112.00, 7:10 [8, 62, 343, 274, -8]
802:36.22, 3:10 [8, 14194, -8]
803:131.50, 10:10 [8, 297, 338, 341, -8]
804:90.00, 1:10 [8, 15914, -8]
805:106.17, 9:10 [8, 205, 2020, 169, 191, -8]
901:99.33, 4:10 [9, 10164, 16718, -9]
fe: 2, se: 6

Day: 1, Time: 365
Total Cost: 2646.73
 11:136.01, 25:75 [1, 4, -1]
 12:136.01, 11:75 [1, -4, -1]
 13:136.01, 11:75 [1, 4, -4, -1]
 14:153.31, 47:75 [1, 5, -1]
 15:153.31, 14:75 [1, 5, -5, -1]
 16:136.01, 3:75 [1, -4, -1]
 17:153.31, 1:75 [1, -5, -1]
401:155.17, 10:10 [4, 134, 292, 78, 324, 179, -4]
402:49.30, 7:10 [4, 14280, 10134, -4]
403:131.50, 7:10 [4, 10398, 13940, 10725, -4]
404:67.45, 6:10 [4, 117, 72, -4]
405:52.95, 3:10 [4, 14941, -4]
407:80.41, 9:10 [4, 322, 250, 36, -4]
408:26.91, 1:10 [4, 12363, -4]
411:83.37, 8:10 [4, 215, 16638, 123, -4]
412:46.04, 3:10 [4, 11134, -4]
501:88.22, 8:10 [5, 42, 55, 334, 20, -5]
502:69.08, 4:10 [5, 47, 12409, -5]
503:36.06, 1:10 [5, 9346, -5]
504:160.88, 10:10 [5, 319, 43, 194, 326, -5]
505:24.26, 4:10 [5, 218, 102, -5]
506:95.12, 5:10 [5, 10161, 13837, -5]
507:132.25, 8:10 [5, 287, 33, 293, 131, -5]
508:100.10, 9:10 [5, 77, 135, 262, 243, -5]
509:120.50, 5:10 [5, 13345, 11161, -5]
510:123.19, 8:10 [5, 133, 4662, 283, -5]
fe: 7, se: 19

Day: 1, Time: 375
Total Cost: 774.84
 11:66.27, 3:75 [2, -6, -2]
 12:66.27, 10:75 [2, -6, -2]
 13:66.27, 4:75 [2, -6, -2]
 14:145.23, 2:75 [2, -7, -2]
601:42.52, 3:10 [6, 13411, -6]
602:46.39, 4:10 [6, 10268, -6]
603:82.00, 4:10 [6, 12487, -6]
604:90.55, 2:10 [6, 10719, -6]
605:131.59, 4:10 [6, 13198, -6]
701:37.74, 2:10 [7, 16444, -7]
fe: 4, se: 6

Day: 1, Time: 385
Total Cost: 656.22
 11:136.01, 6:75 [1, -4, -1]
 12:153.31, 3:75 [1, -5, -1]
401:135.25, 3:10 [4, 11408, -4]
402:91.08, 3:10 [4, 15066, -4]
501:112.71, 2:10 [5, 10276, -5]
502:27.86, 1:10 [5, 13437, -5]
fe: 2, se: 4

Day: 1, Time: 405
Total Cost: 1599.67
 11:136.01, 25:75 [1, 4, -1]
 12:136.01, 2:75 [1, -4, -1]
 13:153.31, 1:75 [1, -5, -1]
 14:153.31, 1:75 [1, -5, -1]
 15:153.31, 20:75 [1, 5, -1]
401:72.43, 5:10 [4, 1881, 7031, -4]
402:137.34, 10:10 [4, 307, 5092, 21, -4]
403:98.31, 10:10 [4, 4368, 144, 7257, -4]
404:112.59, 2:10 [4, 11616, -4]
501:28.28, 3:10 [5, 19, -5]
502:65.59, 5:10 [5, 311, 124, 301, -5]
503:76.03, 2:10 [5, 130, -5]
504:100.50, 1:10 [5, 10575, -5]
505:146.64, 10:10 [5, 161, 101, 177, -5]
506:30.00, 1:10 [5, 14420, -5]
fe: 5, se: 10

Day: 1, Time: 405
Total Cost: 956.28
 11:66.27, 18:75 [2, 6, -6, -2]
 12:66.27, 11:75 [2, -6, -2]
 13:145.23, 4:75 [2, -7, -2]
601:55.74, 7:10 [6, 11268, 15741, -6]
602:95.71, 4:10 [6, 227, -6]
603:85.81, 7:10 [6, 145, 16402, 305, -6]
604:60.03, 4:10 [6, 9554, -6]
605:113.24, 4:10 [6, 11347, 228, -6]
606:127.89, 7:10 [6, 67, 199, 2102, -6]
608:94.76, 3:10 [6, 14474, -6]
701:45.32, 4:10 [7, 11965, 13401, -7]
fe: 3, se: 8

Day: 1, Time: 415
Total Cost: 473.73
 11:136.01, 4:75 [1, -4, -1]
 12:136.01, 4:75 [1, -4, -1]
401:46.86, 4:10 [4, 14170, -4]
402:154.84, 4:10 [4, 14980, -4]
fe: 2, se: 2

Day: 1, Time: 415
Total Cost: 2320.91
 11:94.59, 34:75 [3, 8, -3]
 12:94.59, 15:75 [3, -8, -3]
 13:94.59, 4:75 [3, -8, -3]
 14:90.24, 45:75 [3, 9, -9, -3]
 15:90.24, 3:75 [3, -9, -3]
 16:94.59, 4:75 [3, -8, -3]
 17:94.59, 2:75 [3, -8, -3]
801:111.16, 10:10 [8, 281, 7314, 99, 10, -8]
802:113.60, 7:10 [8, 302, 174, 844, -8]
803:126.85, 8:10 [8, 156, 342, 106, -8]
804:107.25, 7:10 [8, 9447, 12406, 11608, -8]
805:99.80, 8:10 [8, 11756, 16233, -8]
806:22.36, 4:10 [8, 14628, -8]
807:82.87, 4:10 [8, 14415, -8]
809:38.83, 2:10 [8, 9323, -8]
810:67.20, 9:10 [8, 258, 246, 50, -8]
901:124.17, 6:10 [9, 11547, 14672, 15662, -9]
902:121.90, 6:10 [9, 268, 741, 270, -9]
903:80.06, 7:10 [9, 54, 254, 210, -9]
904:68.51, 6:10 [9, 330, 128, -9]
905:92.93, 9:10 [9, 17, 119, 113, -9]
906:86.99, 10:10 [9, 26, 112, 323, 12, -9]
907:28.28, 3:10 [9, 15124, -9]
909:96.75, 1:10 [9, 14808, -9]
910:116.70, 7:10 [9, 2839, 41, 211, -9]
912:81.22, 4:10 [9, 13889, -9]
fe: 7, se: 19

Day: 1, Time: 420
Total Cost: 335.29
 11:66.27, 5:75 [2, -6, -2]
601:132.20, 2:10 [6, 9556, -6]
602:136.82, 3:10 [6, 9397, -6]
fe: 1, se: 2

Day: 1, Time: 450
Total Cost: 969.46
 11:136.01, 13:75 [1, 4, -1]
 12:136.01, 1:75 [1, -4, -1]
 13:153.31, 15:75 [1, 5, -1]
401:102.62, 7:10 [4, 7439, 3308, -4]
402:16.12, 1:10 [4, 15968, -4]
403:75.14, 5:10 [4, 158, 7755, -4]
404:125.60, 1:10 [4, 192, -4]
501:83.41, 5:10 [5, 242, 2440, 171, -5]
502:31.94, 7:10 [5, 111, 318, -5]
503:109.29, 3:10 [5, 65, -5]
fe: 3, se: 7

Day: 1, Time: 450
Total Cost: 725.29
 11:66.27, 45:75 [2, 6, -2]
601:60.44, 2:10 [6, 116, 7818, -6]
602:102.25, 8:10 [6, 86, 209, -6]
603:148.13, 6:10 [6, 234, 140, -6]
604:82.79, 7:10 [6, 304, 172, -6]
605:21.54, 2:10 [6, 1370, -6]
606:121.22, 10:10 [6, 634, 5124, 224, 7309, -6]
608:122.65, 10:10 [6, 325, 37, 129, 5844, -6]
fe: 1, se: 7

Day: 1, Time: 465
Total Cost: 425.00
 11:94.59, 3:75 [3, 8, -3]
 12:90.24, 7:75 [3, 9, -3]
801:13.42, 1:10 [8, 5472, -8]
802:18.00, 2:10 [8, 2837, -8]
901:136.64, 4:10 [9, 222, 152, -9]
902:72.11, 3:10 [9, 4605, -9]
fe: 2, se: 4

Day: 1, Time: 525
Total Cost: 189.46
 11:66.27, 7:75 [2, 6, -2]
601:26.31, 1:10 [6, 149, -6]
602:52.84, 2:10 [6, 105, -6]
603:44.05, 4:10 [6, 73, -6]
fe: 1, se: 3

Day: 1, Time: 525
Total Cost: 244.25
 11:94.59, 6:75 [3, 8, -3]
 12:90.24, 3:75 [3, 9, -3]
801:22.80, 2:10 [8, 299, -8]
802:25.30, 4:10 [8, 184, -8]
901:11.31, 3:10 [9, 260, -9]
fe: 2, se: 3


Day	Area	ID	Time	Load	Utilization	NoOrders	AssignmentCost
1	1	 8	315	 77	0.86	30	845.00
1	1	28	360	 31	0.34	13	385.00
1	1	128	400	  1	0.01	 1	170.00
1	1	11	450	 93	0.86	46	804.00
1	1	12	495	 64	0.59	17	572.00
1	1	32	540	100	0.93	37	860.00
1	1	34	630	 90	1.00	39	975.00
1	1	16	675	 14	0.19	 5	258.00
1	2	44	225	 66	0.73	27	735.00
1	2	46	315	 52	0.58	19	595.00
1	2	66	360	  7	0.08	 2	145.00
1	2	49	450	108	1.00	43	924.00
1	2	70	540	108	1.00	45	924.00
1	2	51	540	108	1.00	41	924.00
1	2	72	630	 51	0.57	16	585.00
1	3	82	225	 61	0.68	25	685.00
1	3	84	315	 19	0.21	 8	265.00
1	3	85	360	 44	0.49	17	515.00
1	3	88	495	106	0.98	47	908.00
1	3	89	540	107	0.99	38	916.00
1	3	108	540	107	0.99	45	916.00
1	3	110	630	 32	0.36	12	395.00


Day	Area	Time	Pickup	Delivery	Direct	FEVehicles	SEVehicles	ALNSTime	ALNSBestTime	RoutingCostArea
1	1	10	110	140	0	12	54	297.56	0.00	7928.62
1	1	125	23	0	0	7	14	3.02	1.94	2242.03
1	1	170	6	0	1	3	4	0.75	0.00	1320.35
1	1	275	18	0	0	4	10	2.17	0.00	1440.20
1	1	295	5	0	0	3	4	0.79	0.00	783.63
1	1	365	15	34	0	7	19	14.68	0.94	2646.73
1	1	385	4	0	0	2	4	0.74	0.00	656.22
1	1	405	3	16	0	5	10	2.24	0.14	1599.67
1	1	415	2	0	0	2	2	0.29	0.00	473.73
1	1	450	1	11	0	3	7	0.91	0.00	969.46
1	2	20	113	116	0	13	51	357.92	282.59	6521.12
1	2	75	12	0	0	4	8	1.36	0.00	960.41
1	2	150	18	0	1	3	10	1.72	0.00	1648.44
1	2	200	9	0	0	2	7	1.13	0.00	754.79
1	2	255	9	0	0	2	5	1.07	0.00	692.89
1	2	330	10	8	0	3	9	2.18	0.00	1078.12
1	2	350	5	0	0	2	4	0.57	0.00	468.46
1	2	375	6	0	0	4	6	1.35	0.00	774.84
1	2	405	8	7	0	3	8	2.06	0.00	956.28
1	2	420	2	0	0	1	2	0.30	0.00	335.29
1	2	450	0	17	0	1	7	1.08	0.00	725.29
1	2	525	0	3	1	1	3	0.47	0.00	689.46
1	3	15	117	154	0	19	67	348.77	0.00	8321.67
1	3	75	11	0	0	3	7	1.58	0.56	843.77
1	3	130	10	0	0	5	7	1.38	0.00	1032.70
1	3	170	8	0	0	3	5	1.00	0.00	658.19
1	3	180	2	0	1	2	2	0.63	0.00	801.54
1	3	310	25	0	0	6	16	3.28	0.00	1837.78
1	3	355	4	10	0	2	6	1.77	0.20	760.06
1	3	415	14	31	0	7	19	9.54	0.00	2320.91
1	3	465	0	5	0	2	4	0.46	0.00	425.00
1	3	525	0	3	1	2	3	0.36	0.00	744.25

Day	SL	Own	DispatchTimes	AssignmentCost	RoutingCost	TotalCost
1	21	1	22	14301.00	53411.91	67712.91

Total Cost: 67712.91302333996
Cost per Day: 67712.91302333996
Running time in Seconds: 15624.412
Running time in minutes: 260.40686666666664