INSTANCE: 3hubs_MND_A_10_x.csv
PARAMETER: tuning_tight.txt
POLICY: MIP
ALPHA: 0.124803904745907
BETA: 64
OMEGA: 586
EPSILON: 1.24216647142371

Day: 1, Time: 0
Total Cost: 6780.96
 11:136.01, 71:75 [1, 4, -4, -1]
 12:136.01, 75:75 [1, 4, -4, -1]
 13:179.78, 75:75 [1, 4, 5, -5, -1]
 14:136.01, 20:75 [1, 4, -4, -1]
 15:153.31, 4:75 [1, -5, -1]
 16:153.31, 53:75 [1, 5, -5, -1]
 23:136.01, 33:75 [1, 4, -4, -1]
 43:179.78, 33:75 [1, 4, 5, -1]
 51:136.01, 10:75 [1, 4, -4, -1]
401:81.71, 9:10 [4, 8894, 8495, 8388, -4]
402:79.31, 10:10 [4, 8448, 8834, 8709, 8328, 8500, 8977, 8714, -4]
403:150.93, 10:10 [4, 8509, 8625, 8541, 8793, 8348, 8446, -4]
404:54.14, 6:10 [4, 8517, 8957, 8374, -4]
405:77.24, 9:10 [4, 8598, 8747, 8550, 8600, 8886, -4]
406:30.09, 8:10 [4, 8901, 8959, 8892, -4]
407:149.71, 10:10 [4, 8830, 8528, 8436, 8479, 9029, 8964, -4]
408:110.15, 9:10 [4, 8909, 8883, 8987, 8942, -4]
409:113.66, 10:10 [4, 8933, 8961, 8458, 9007, 8919, -4]
410:14.87, 7:10 [4, 8669, 8471, -4]
411:103.37, 10:10 [4, 8743, 8647, 8764, 8506, 8402, 8778, 8954, 8521, -4]
412:128.66, 10:10 [4, 8701, 8873, 8526, 8591, -4]
413:34.14, 10:10 [4, 8652, 8430, 8659, -4]
414:54.57, 8:10 [4, 8578, 8584, 8366, 8473, -4]
415:100.99, 7:10 [4, 8905, 8971, -4]
416:123.23, 8:10 [4, 8710, 8562, 8944, 8435, -4]
417:126.15, 10:10 [4, 9012, 8895, 8445, 8403, -4]
418:89.74, 10:10 [4, 8632, 8840, 8499, 8513, -4]
419:130.27, 10:10 [4, 8382, 8612, 8573, 8329, 8398, -4]
420:147.16, 9:10 [4, 8779, 8766, 8707, 8419, -4]
421:166.63, 10:10 [4, 8299, 8882, 8746, 8718, 8831, 8308, 8434, 8542, -4]
422:72.12, 10:10 [4, 8969, 8443, 8386, 8828, 8992, 8389, -4]
423:40.53, 9:10 [4, 8658, 8453, 8592, -4]
424:106.78, 10:10 [4, 8751, 8910, 8387, 8501, 8674, 8816, 8553, -4]
425:168.93, 10:10 [4, 9001, 9011, 8926, 8704, 8335, 8884, -4]
426:69.94, 10:10 [4, 8672, 8560, 8671, -4]
428:50.90, 8:10 [4, 9010, 8824, -4]
429:176.93, 10:10 [4, 8567, 8628, 8731, 8586, 8875, 8476, 8979, -4]
430:107.98, 10:10 [4, 8601, 8538, 8292, 8508, -4]
431:176.23, 10:10 [4, 8304, 8539, 8997, 8440, 8522, 8972, -4]
432:87.88, 10:10 [4, 8314, 8705, 8800, 8613, 8502, 8608, -4]
435:154.98, 10:10 [4, 8934, 8486, 8935, 8645, -4]
436:146.21, 10:10 [4, 8637, 8547, 8320, 8536, -4]
439:83.48, 10:10 [4, 8545, 9008, 8317, 8691, 8887, 8885, 8700, -4]
440:108.30, 9:10 [4, 8336, 8301, 8950, 8736, 8911, 8823, 8409, 8729, -4]
441:195.25, 10:10 [4, 8531, 9028, 8588, 8356, 8767, 8460, 8441, 8929, 8756, -4]
442:105.42, 10:10 [4, 8347, 9009, 8362, 8324, 8719, 8596, -4]
501:107.69, 10:10 [5, 8420, 8654, 8829, 8681, 8725, 8337, 8661, -5]
502:97.88, 10:10 [5, 8300, 8936, 8353, 8735, 8450, -5]
503:138.71, 4:10 [5, 8763, -5]
504:68.39, 10:10 [5, 8310, 8850, 8796, 8437, 8822, 9015, -5]
505:33.92, 10:10 [5, 8408, 8616, 8611, -5]
506:116.43, 6:10 [5, 8752, 8610, 8865, -5]
507:115.62, 10:10 [5, 8836, 8603, 8297, 8375, 8359, 8999, 8529, -5]
508:70.93, 10:10 [5, 8546, 8761, 8624, 8812, 8371, 8540, -5]
509:61.54, 10:10 [5, 8946, 9019, 8689, 8945, 8593, -5]
510:155.31, 10:10 [5, 9003, 8323, 8345, 8868, 8900, 8570, -5]
511:99.76, 10:10 [5, 9032, 8520, 8697, 8618, 8708, -5]
512:43.90, 10:10 [5, 8653, 8344, 8650, 8397, -5]
513:100.76, 10:10 [5, 8480, 8941, 9014, 8806, 8493, -5]
514:30.16, 4:10 [5, 8803, 8668, -5]
515:75.38, 9:10 [5, 8597, 8516, 8311, 8580, -5]
516:83.31, 9:10 [5, 9016, 8438, 8784, 8927, 8395, 8904, -5]
517:76.27, 9:10 [5, 8355, 8862, 8483, 8990, 8915, -5]
518:40.15, 4:10 [5, 8564, 8770, -5]
fe: 9, se: 55

Day: 1, Time: 0
Total Cost: 5053.84
 11:94.59, 75:75 [3, 8, -8, -3]
 12:94.59, 66:75 [3, 8, -8, -3]
 13:90.24, 75:75 [3, 9, -9, -3]
 14:90.24, 47:75 [3, 9, -9, -3]
 18:90.24, 60:75 [3, 9, -9, -3]
801:34.20, 10:10 [8, 8713, 8956, 8912, -8]
802:86.52, 10:10 [8, 8558, 8680, 8428, 9005, 8293, 8305, 8753, -8]
803:60.25, 10:10 [8, 8963, 8817, 8888, 8327, 8953, 8331, -8]
804:58.92, 10:10 [8, 8630, 8728, 8465, 8605, -8]
805:38.93, 7:10 [8, 8694, 8642, -8]
806:82.63, 8:10 [8, 8370, 8504, 8332, -8]
807:105.81, 10:10 [8, 8418, 8422, 8759, 8524, 8351, 8525, 8858, -8]
808:6.00, 4:10 [8, 8414, -8]
809:69.38, 10:10 [8, 8484, 8733, 8974, 8727, 8774, -8]
810:98.09, 10:10 [8, 8607, 8844, 8986, 9025, 9034, -8]
811:117.57, 10:10 [8, 8487, 8606, 8461, 8341, -8]
812:94.85, 8:10 [8, 8832, 8498, 8745, 8360, 8983, -8]
813:98.59, 10:10 [8, 8854, 8622, 8890, 8462, 8549, 8871, 8897, -8]
814:115.36, 10:10 [8, 8690, 8965, 8902, 8556, 8864, 8615, 9013, -8]
815:124.35, 10:10 [8, 8750, 9002, 8749, 8889, 9026, -8]
816:128.88, 10:10 [8, 8893, 8685, 8518, 8581, 8636, 8703, -8]
817:59.83, 9:10 [8, 8754, 8551, 8411, -8]
818:121.84, 10:10 [8, 8401, 8907, 8721, 8367, 8908, 8851, -8]
819:125.66, 10:10 [8, 9006, 8839, 8996, 8748, 8442, 8783, 8385, 8898, -8]
820:106.12, 10:10 [8, 8973, 8432, 8415, -8]
821:144.46, 10:10 [8, 8807, 8532, 8494, 8827, 8527, 8923, 8390, -8]
822:118.53, 10:10 [8, 8346, 8614, 8583, 8948, 8561, 8848, -8]
823:4.47, 3:10 [8, 8880, -8]
901:103.99, 7:10 [9, 8702, 8421, 8477, 8955, -9]
902:15.35, 6:10 [9, 9000, 8802, -9]
903:96.00, 10:10 [9, 8552, 8738, 9023, 8881, 8290, 8404, -9]
904:109.82, 10:10 [9, 8350, 8857, 8995, 8656, 8947, 8619, 8859, 8922, -9]
905:132.64, 10:10 [9, 8543, 8510, 8814, 9033, 8993, 8369, 8338, -9]
906:121.79, 10:10 [9, 8924, 8380, 8755, 8496, 8676, 8939, -9]
907:30.82, 7:10 [9, 8515, 8361, 8376, -9]
908:132.47, 10:10 [9, 8426, 8988, 8507, 8797, 8838, 8295, 8921, -9]
909:129.84, 10:10 [9, 8692, 13934, 8470, 8648, 8994, 8913, 8744, -9]
910:125.44, 10:10 [9, 8569, 8482, 8967, 8365, 8916, 8433, 8917, -9]
911:51.96, 9:10 [9, 8627, 8819, 8925, 8384, 9027, -9]
912:105.05, 10:10 [9, 8497, 8363, 8533, 8594, 8872, 8914, 8716, 8315, -9]
913:119.93, 9:10 [9, 8835, 8660, 8982, 8715, 8330, 8741, 8773, -9]
914:4.00, 1:10 [9, 8903, -9]
915:47.80, 9:10 [9, 8666, 8667, 8641, -9]
916:104.67, 10:10 [9, 8861, 8730, 8393, 8655, 8413, 8781, -9]
917:140.79, 10:10 [9, 8572, 8424, 8333, 8706, 8383, 8717, -9]
918:87.42, 10:10 [9, 8683, 9020, 8792, 8799, 8342, 8943, -9]
919:29.80, 2:10 [9, 8358, 8920, -9]
920:54.81, 10:10 [9, 8688, 8451, 8316, -9]
921:110.10, 10:10 [9, 8639, 8855, 8866, 8410, 8918, 8794, 8952, -9]
922:118.87, 9:10 [9, 8339, 8980, 8670, 8563, 8665, 8638, -9]
924:143.54, 10:10 [9, 8695, 8474, 8459, 8325, 8649, 8675, 8565, 8740, -9]
925:114.23, 9:10 [9, 8760, 8489, 8555, 8349, -9]
926:139.59, 9:10 [9, 8722, 8492, 8623, 8856, 8771, -9]
928:100.56, 9:10 [9, 8843, 8557, 8449, 8590, 8876, -9]
930:121.38, 9:10 [9, 8534, 8762, 8466, 8416, -9]
fe: 5, se: 50

Day: 1, Time: 5
Total Cost: 5908.15
 11:145.23, 2:75 [2, -7, -2]
 12:66.27, 75:75 [2, 6, -6, -2]
 13:66.27, 71:75 [2, 6, -6, -2]
 14:66.27, 68:75 [2, 6, -6, -2]
 15:145.23, 4:75 [2, -7, -2]
 16:66.27, 52:75 [2, 6, -6, -2]
 17:145.23, 62:75 [2, 7, -7, -2]
 18:66.27, 2:75 [2, -6, -2]
 19:145.23, 25:75 [2, -7, -2]
 20:145.23, 16:75 [2, 7, -7, -2]
 21:145.23, 4:75 [2, -7, -2]
 23:151.76, 11:75 [2, -7, 6, -2]
 25:66.27, 8:75 [2, 6, -2]
601:129.77, 2:10 [6, 8810, -6]
602:88.15, 10:10 [6, 8687, 8548, 8354, 8511, -6]
603:29.88, 8:10 [6, 8378, 8554, -6]
604:148.96, 10:10 [6, 8698, 8322, 9021, 10315, 8595, 8821, 8765, -6]
605:109.67, 10:10 [6, 8490, 8505, 8621, 8457, -6]
606:85.70, 10:10 [6, 8846, 8307, 8776, 8633, 8758, 8842, 8958, -6]
607:134.50, 10:10 [6, 8626, 8326, 8989, 8447, 9004, 8512, -6]
608:122.03, 9:10 [6, 8318, 8294, 8452, 8334, 9017, 9022, -6]
609:68.18, 8:10 [6, 8357, 8804, 8574, -6]
610:95.73, 10:10 [6, 8456, 8798, 8381, 8712, 8970, -6]
611:65.90, 9:10 [6, 8412, 8785, 8298, 8576, -6]
612:105.71, 10:10 [6, 8503, 8693, 8985, 8566, 8523, 8837, -6]
613:51.46, 8:10 [6, 8577, 8673, -6]
614:85.79, 10:10 [6, 8631, 8877, 8429, 8732, 8711, 8938, -6]
615:103.20, 10:10 [6, 8368, 8726, 8491, 8313, 8352, 8940, -6]
616:25.48, 7:10 [6, 8400, 8678, -6]
617:115.51, 10:10 [6, 8679, 8677, 8379, 8696, 8975, 8808, 8788, -6]
618:59.17, 9:10 [6, 8568, 8405, 8585, -6]
619:110.42, 10:10 [6, 8312, 8537, 8589, 8296, -6]
620:130.86, 10:10 [6, 8775, 8372, 8291, 8454, 8406, 8699, 8815, 8896, -6]
621:97.86, 10:10 [6, 8575, 8932, 8853, 8723, 8879, -6]
622:55.99, 10:10 [6, 8789, 8306, 8519, -6]
623:154.23, 10:10 [6, 8795, 8303, 9018, 8976, 8629, 8485, 8981, 8878, 8928, -6]
624:93.30, 10:10 [6, 8617, 8599, 8609, 8949, 8343, -6]
625:169.87, 10:10 [6, 8571, 8720, 8662, 8874, 8737, 8427, 8849, -6]
626:101.96, 10:10 [6, 8646, 8620, 8309, 8472, -6]
628:53.16, 10:10 [6, 8364, 8559, 8407, -6]
629:139.31, 10:10 [6, 8602, 8481, 8937, 8651, 8488, 8431, 8469, 8724, -6]
630:79.01, 9:10 [6, 8302, 8960, 8587, 8951, 8811, 8742, -6]
633:103.46, 4:10 [6, 8657, 8867, 9024, 8579, -6]
638:59.83, 10:10 [6, 8962, 8373, 8604, 8782, -6]
641:115.83, 8:10 [6, 8396, 8514, 8463, 8757, 8820, -6]
643:100.58, 10:10 [6, 8417, 8635, 8991, 8734, 8931, 8439, -6]
701:77.20, 3:10 [7, 8818, -7]
702:33.93, 8:10 [7, 8966, 8682, 8825, -7]
703:162.42, 10:10 [7, 8644, 8640, 9030, 8468, 8423, 8809, 8321, -7]
704:36.06, 1:10 [7, 8852, -7]
705:62.80, 2:10 [7, 8786, -7]
706:77.21, 10:10 [7, 8582, 8475, 8544, 8663, -7]
707:86.73, 9:10 [7, 8813, 8772, 8467, 8978, 8319, -7]
708:58.88, 9:10 [7, 8643, 8686, 8340, 8455, -7]
709:118.24, 10:10 [7, 8530, 8847, 8399, 8998, 8845, 8464, 8444, 8968, -7]
710:33.11, 2:10 [7, 8860, -7]
711:32.38, 6:10 [7, 8826, 8833, -7]
712:58.03, 4:10 [7, 8869, -7]
713:66.54, 9:10 [7, 8478, 8535, 8684, 8805, 8768, -7]
714:22.12, 9:10 [7, 8769, 8984, 8780, -7]
715:55.22, 10:10 [7, 8863, 8425, 8391, 8841, -7]
716:71.25, 9:10 [7, 8634, 8787, 8870, 8801, -7]
717:64.40, 4:10 [7, 8899, -7]
718:38.21, 4:10 [7, 8790, -7]
719:26.74, 6:10 [7, 9031, 8664, -7]
720:7.21, 4:10 [7, 8930, -7]
721:78.48, 9:10 [7, 8891, 8377, 8394, 8392, 8777, 8739, 8906, -7]
722:29.73, 3:10 [7, 8791, -7]
fe: 13, se: 55

Day: 1, Time: 20
Total Cost: 446.56
 11:136.01, 3:75 [1, -4, -1]
 12:136.01, 4:75 [1, -4, -1]
401:42.94, 3:10 [4, 12225, -4]
402:131.59, 4:10 [4, 12047, -4]
fe: 2, se: 2

Day: 1, Time: 45
Total Cost: 730.68
 11:136.01, 4:75 [1, -4, -1]
 12:136.01, 3:75 [1, -4, -1]
 13:153.31, 4:75 [1, -5, -1]
401:104.71, 4:10 [4, 16256, 16553, -4]
402:130.14, 3:10 [4, 13010, -4]
501:70.49, 4:10 [5, 13412, 14170, -5]
fe: 3, se: 3

Day: 1, Time: 45
Total Cost: 615.48
 11:90.24, 8:75 [3, -9, -3]
 12:94.59, 6:75 [3, -8, -3]
802:124.54, 5:10 [8, 9264, 14518, -8]
803:120.27, 1:10 [8, 13101, -8]
901:185.84, 8:10 [9, 16929, 15267, 9852, -9]
fe: 2, se: 3

Day: 1, Time: 50
Total Cost: 596.75
 11:66.27, 8:75 [2, -6, -2]
 12:66.27, 5:75 [2, -6, -2]
 13:145.23, 9:75 [2, -7, -2]
601:144.84, 8:10 [6, 16698, 13817, 13274, -6]
602:97.32, 5:10 [6, 16472, 9948, -6]
701:76.81, 9:10 [7, 14362, 10418, 10056, -7]
fe: 3, se: 3

Day: 1, Time: 50
Total Cost: 221.79
 11:94.59, 2:75 [3, -8, -3]
801:127.20, 2:10 [8, 15695, -8]
fe: 1, se: 1

Day: 1, Time: 65
Total Cost: 519.39
 11:136.01, 5:75 [1, -4, -1]
 12:153.31, 3:75 [1, -5, -1]
401:173.27, 5:10 [4, 11761, 10098, -4]
502:56.80, 3:10 [5, 13887, 13028, -5]
fe: 2, se: 2

Day: 1, Time: 65
Total Cost: 224.10
 11:66.27, 8:75 [2, -6, -2]
601:101.15, 6:10 [6, 11857, 13832, -6]
602:56.67, 2:10 [6, 12784, 10725, -6]
fe: 1, se: 2

Day: 1, Time: 70
Total Cost: 363.19
 11:94.59, 7:75 [3, -8, -3]
 12:90.24, 5:75 [3, -9, -3]
801:79.54, 7:10 [8, 14861, 11646, -8]
901:98.81, 5:10 [9, 10027, 13399, -9]
fe: 2, se: 2

Day: 1, Time: 80
Total Cost: 433.51
 11:66.27, 2:75 [2, -6, -2]
 12:66.27, 5:75 [2, -6, -2]
601:90.44, 2:10 [6, 15043, -6]
602:210.52, 5:10 [6, 11289, 15216, 12112, -6]
fe: 2, se: 2

Day: 1, Time: 95
Total Cost: 443.35
 11:90.24, 2:75 [3, -9, -3]
 12:90.24, 14:75 [3, -9, -3]
901:60.42, 8:10 [9, 16793, 13721, 9597, -9]
902:76.03, 2:10 [9, 11374, -9]
903:72.03, 4:10 [9, 12433, -9]
904:54.38, 2:10 [9, 14970, 12083, -9]
fe: 2, se: 4

Day: 1, Time: 110
Total Cost: 586.35
 11:153.31, 17:75 [1, -5, -1]
 12:136.01, 1:75 [1, -4, -1]
402:31.11, 1:10 [4, 9656, -4]
501:117.04, 9:10 [5, 15379, 14890, 15951, -5]
502:148.87, 8:10 [5, 13316, 12573, 14708, -5]
fe: 2, se: 3

Day: 1, Time: 115
Total Cost: 178.37
 11:153.31, 3:75 [1, -5, -1]
501:25.06, 3:10 [5, 12093, -5]
fe: 1, se: 1

Day: 1, Time: 125
Total Cost: 303.58
 11:90.24, 6:75 [3, -9, -3]
901:86.58, 3:10 [9, 15635, -9]
902:92.35, 2:10 [9, 16618, -9]
903:34.41, 1:10 [9, 13260, -9]
fe: 1, se: 3

Day: 1, Time: 130
Total Cost: 665.74
 11:66.27, 19:75 [2, -6, -2]
 12:66.27, 4:75 [2, -6, -2]
602:100.90, 4:10 [6, 9581, -6]
603:248.90, 9:10 [6, 11515, 14590, 15917, -6]
604:183.39, 10:10 [6, 15571, 16734, 10810, -6]
fe: 2, se: 3

Day: 1, Time: 135
Total Cost: 344.69
 11:94.59, 3:75 [3, -8, -3]
 12:90.24, 3:75 [3, -9, -3]
801:81.41, 3:10 [8, 12962, -8]
901:78.43, 3:10 [9, 13340, -9]
fe: 2, se: 2

Day: 1, Time: 145
Total Cost: 573.66
 11:136.01, 4:75 [1, -4, -1]
 12:153.31, 10:75 [1, -5, -1]
401:53.74, 4:10 [4, 10946, -4]
501:21.26, 3:10 [5, 13614, -5]
502:209.34, 7:10 [5, 16637, 10952, 10421, -5]
fe: 2, se: 3

Day: 1, Time: 150
Total Cost: 512.22
 11:90.24, 7:75 [3, -9, -3]
 12:94.59, 3:75 [3, -8, -3]
 13:90.24, 3:75 [3, -9, -3]
802:25.61, 3:10 [8, 14528, -8]
901:154.89, 7:10 [9, 10578, 13514, 11681, 9267, -9]
902:56.64, 3:10 [9, 13068, -9]
fe: 3, se: 3

Day: 1, Time: 155
Total Cost: 164.36
 11:94.59, 3:75 [3, -8, -3]
801:69.77, 3:10 [8, 13861, -8]
fe: 1, se: 1

Day: 1, Time: 170
Total Cost: 509.98
 11:136.01, 4:75 [1, -4, -1]
 12:153.31, 5:75 [1, -5, -1]
402:154.52, 4:10 [4, 14180, 15807, -4]
501:66.13, 5:10 [5, 9435, 10855, -5]
fe: 2, se: 2

Day: 1, Time: 180
Total Cost: 313.48
 11:66.27, 10:75 [2, -6, -2]
601:100.00, 3:10 [6, 13306, -6]
602:147.21, 7:10 [6, 10888, 15308, 16653, 12531, -6]
fe: 1, se: 2

Day: 1, Time: 200
Total Cost: 448.45
 11:113.51, 13:75 [3, -8, -9, -3]
801:187.39, 5:10 [8, 11261, 14059, 14666, -8]
901:147.54, 8:10 [9, 12277, 13531, 9494, -9]
fe: 1, se: 2

Day: 1, Time: 290
Total Cost: 1236.37
 11:136.01, 47:75 [1, -4, -1]
 12:153.31, 30:75 [1, -5, -1]
401:88.29, 10:10 [4, 15892, 14646, 16754, 12657, 9834, -4]
402:109.81, 9:10 [4, 11679, 15811, 10649, -4]
403:169.97, 10:10 [4, 15987, 15980, 13848, 9279, -4]
405:139.02, 10:10 [4, 11903, 10513, 15193, -4]
406:91.57, 8:10 [4, 15097, 13511, 12774, -4]
501:26.00, 4:10 [5, 9443, -5]
502:69.82, 7:10 [5, 16348, 15101, 14914, -5]
503:140.57, 9:10 [5, 12898, 11976, 16282, 16313, -5]
504:111.98, 10:10 [5, 11479, 16363, 11496, -5]
fe: 2, se: 9

Day: 1, Time: 310
Total Cost: 974.09
 11:66.27, 44:75 [2, -6, -2]
 12:145.23, 17:75 [2, -7, -2]
601:88.47, 6:10 [6, 12843, 9975, -6]
602:106.52, 10:10 [6, 11977, 11147, 13867, -6]
603:115.59, 9:10 [6, 14216, 13983, 15352, -6]
604:123.46, 10:10 [6, 10625, 15710, 14866, 9292, -6]
605:132.47, 9:10 [6, 10131, 14805, 14484, 11639, 15922, -6]
701:126.83, 10:10 [7, 14264, 15813, 15400, 15814, 12555, -7]
702:69.26, 7:10 [7, 9826, 16707, -7]
fe: 2, se: 7

Day: 1, Time: 310
Total Cost: 691.98
 11:90.24, 43:75 [3, -9, -3]
901:166.75, 9:10 [9, 14942, 11724, 14845, 11818, -9]
902:44.69, 9:10 [9, 11766, 14645, 14378, -9]
903:98.91, 8:10 [9, 13081, 10967, -9]
904:138.09, 8:10 [9, 10624, 16521, 10482, 13578, -9]
906:153.30, 9:10 [9, 14087, 9791, 16062, 15091, -9]
fe: 1, se: 5

Day: 1, Time: 320
Total Cost: 770.39
 12:153.31, 40:75 [1, 5, -5, -1]
501:171.31, 10:10 [5, 334, 79, 209, -5]
502:111.11, 8:10 [5, 179, 163, 15294, 13756, 13604, -5]
503:172.44, 10:10 [5, 33, 52, 16813, 7782, 270, 96, -5]
504:14.14, 3:10 [5, 101, -5]
505:148.09, 10:10 [5, 14465, 242, 280, 14798, 13352, 13784, 177, -5]
fe: 1, se: 5

Day: 1, Time: 360
Total Cost: 714.94
 11:136.01, 24:75 [1, 4, -4, -1]
401:149.24, 5:10 [4, 2812, 275, 217, -4]
402:160.53, 9:10 [4, 6353, 2956, 55, 174, -4]
403:71.07, 6:10 [4, 11020, 93, 4570, -4]
404:60.44, 2:10 [4, 16074, 14523, -4]
405:137.65, 8:10 [4, 12409, 23, 13855, 574, -4]
fe: 1, se: 5

Day: 1, Time: 360
Total Cost: 521.71
 11:66.27, 19:75 [2, 6, -6, -2]
601:173.67, 10:10 [6, 16056, 2684, 43, 149, 16034, 7566, 8103, -6]
602:163.73, 10:10 [6, 5838, 15326, 6171, 4411, 31, -6]
603:118.04, 10:10 [6, 316, 9981, 11143, 9467, 16368, -6]
fe: 1, se: 3

Day: 1, Time: 365
Total Cost: 933.68
 11:94.59, 27:75 [3, 8, -8, -3]
 12:90.24, 27:75 [3, 9, -9, -3]
801:124.31, 8:10 [8, 128, 10669, 3357, 10659, 162, -8]
802:131.61, 9:10 [8, 120, 187, 136, 268, 10161, 156, -8]
804:103.93, 10:10 [8, 143, 108, 152, 11993, 11053, 14411, 10702, -8]
901:104.00, 10:10 [9, 170, 100, 12652, 68, 4722, 12382, 9799, -9]
902:153.20, 10:10 [9, 189, 73, 16344, 15633, 294, 21, -9]
903:114.58, 7:10 [9, 42, 22, 13754, 14210, -9]
904:17.20, 1:10 [9, 14611, -9]
fe: 2, se: 7

Day: 1, Time: 390
Total Cost: 704.17
 11:136.01, 8:75 [1, -4, -1]
 12:153.31, 4:75 [1, -5, -1]
401:183.26, 6:10 [4, 13454, 9451, -4]
402:50.00, 2:10 [4, 12866, -4]
501:181.58, 4:10 [5, 10628, 12368, -5]
fe: 2, se: 3

Day: 1, Time: 400
Total Cost: 392.83
 11:66.27, 17:75 [2, -6, -2]
601:64.13, 7:10 [6, 12507, 10012, 10585, -6]
602:127.55, 6:10 [6, 11898, 9927, 11305, -6]
603:134.88, 4:10 [6, 14025, 13536, -6]
fe: 1, se: 3

Day: 1, Time: 405
Total Cost: 1375.59
 11:136.01, 37:75 [1, 4, -4, -1]
 12:153.31, 23:75 [1, 5, -5, -1]
401:46.52, 2:10 [4, 182, -4]
402:96.89, 8:10 [4, 26, 224, 5031, -4]
403:85.48, 8:10 [4, 343, 104, -4]
404:87.01, 6:10 [4, 284, 142, -4]
405:78.66, 8:10 [4, 176, 4272, 124, 169, -4]
407:139.78, 8:10 [4, 13621, 266, 305, -4]
501:60.17, 10:10 [5, 3743, 10150, 4378, 5171, -5]
502:52.02, 3:10 [5, 15009, 5244, -5]
503:64.03, 4:10 [5, 5127, -5]
504:132.82, 4:10 [5, 12297, -5]
506:95.05, 7:10 [5, 3167, 337, -5]
507:81.58, 1:10 [5, 257, -5]
508:66.24, 3:10 [5, 14383, -5]
fe: 2, se: 13

Day: 1, Time: 405
Total Cost: 1187.96
 11:66.27, 62:75 [2, 6, -6, -2]
 12:145.23, 21:75 [2, 7, -2]
601:123.28, 9:10 [6, 237, 154, 12358, 107, -6]
602:100.20, 10:10 [6, 74, 54, 116, 195, 298, -6]
603:87.15, 9:10 [6, 271, 320, 132, -6]
604:78.95, 8:10 [6, 20, 292, 324, 330, -6]
608:131.62, 9:10 [6, 183, 304, 148, -6]
609:96.42, 9:10 [6, 235, 16354, 269, 262, 16338, 165, -6]
610:150.62, 8:10 [6, 303, 167, 172, 197, 232, -6]
701:77.57, 6:10 [7, 907, 228, -7]
702:36.03, 6:10 [7, 223, 212, -7]
703:94.62, 9:10 [7, 129, 326, 25, 88, -7]
fe: 2, se: 10

Day: 1, Time: 405
Total Cost: 1224.52
 11:94.59, 23:75 [3, 8, -8, -3]
 12:90.24, 53:75 [3, 9, -9, -3]
801:78.48, 9:10 [8, 144, 11522, 300, 252, -8]
802:93.49, 8:10 [8, 225, 11808, 11, 19, -8]
803:85.09, 3:10 [8, 317, -8]
804:144.17, 8:10 [8, 11750, 12841, 279, 891, -8]
901:112.22, 10:10 [9, 10738, 255, 202, 329, -9]
902:89.77, 10:10 [9, 254, 62, 134, 11638, -9]
903:116.05, 10:10 [9, 12714, 8008, 94, 325, -9]
904:101.26, 9:10 [9, 966, 9266, 3403, 10, -9]
905:111.35, 8:10 [9, 243, 281, 193, -9]
906:107.81, 9:10 [9, 53, 138, 13782, 16222, 2256, -9]
fe: 2, se: 10

Day: 1, Time: 415
Total Cost: 215.13
 11:66.27, 6:75 [2, -6, -2]
601:148.86, 6:10 [6, 15705, 12353, -6]
fe: 1, se: 1

Day: 1, Time: 420
Total Cost: 262.17
 11:94.59, 4:75 [3, -8, -3]
801:84.90, 1:10 [8, 11849, -8]
802:82.68, 3:10 [8, 14996, -8]
fe: 1, se: 2

Day: 1, Time: 430
Total Cost: 414.96
 11:136.01, 5:75 [1, -4, -1]
 12:153.31, 4:75 [1, -5, -1]
401:106.66, 5:10 [4, 11592, 14202, -4]
501:18.97, 4:10 [5, 15975, -5]
fe: 2, se: 2

Day: 1, Time: 460
Total Cost: 419.94
 11:151.76, 8:75 [2, 6, 7, -2]
601:60.03, 4:10 [6, 46, -6]
603:92.46, 1:10 [6, 17, -6]
701:57.69, 1:10 [7, 133, -7]
702:58.00, 2:10 [7, 321, -7]
fe: 1, se: 4

Day: 1, Time: 460
Total Cost: 420.11
 12:113.51, 12:75 [3, 9, 8, -3]
801:26.91, 1:10 [8, 2165, -8]
802:68.96, 1:10 [8, 89, -8]
901:118.44, 6:10 [9, 236, 260, 745, -9]
903:92.28, 4:10 [9, 41, -9]
fe: 1, se: 4

Day: 1, Time: 495
Total Cost: 214.22
 11:136.01, 6:75 [1, 4, -1]
401:40.00, 3:10 [4, 184, -4]
402:38.21, 3:10 [4, 87, -4]
fe: 1, se: 2

Day: 1, Time: 495
Total Cost: 154.13
 11:94.59, 5:75 [3, 8, -3]
801:59.54, 5:10 [8, 201, 295, -8]
fe: 1, se: 1

Day: 1, Time: 525
Total Cost: 110.34
 11:90.24, 1:75 [3, 9, -3]
901:20.10, 1:10 [9, 5197, -9]
fe: 1, se: 1


Day	Area	ID	Time	Load	Utilization	NoOrders	AssignmentCost
1	1	26	270	 14	0.23	 4	215.00
1	1	27	315	 58	0.97	18	655.00
1	1	 8	315	 49	0.82	22	565.00
1	1	119	400	 20	0.17	10	550.00
1	1	30	450	  6	0.08	 3	108.00
1	1	13	540	 45	0.63	13	420.00
1	1	34	630	 44	0.73	17	515.00
1	1	15	630	 50	0.83	20	575.00
1	1	16	675	 48	1.00	17	666.00
1	1	37	765	 48	1.00	17	666.00
1	1	38	810	 48	1.00	25	666.00
1	1	19	810	 48	1.00	32	666.00
1	2	63	225	 58	0.97	21	655.00
1	2	44	225	 25	0.42	11	325.00
1	2	145	300	  2	0.02	 1	190.00
1	2	46	315	 15	0.25	 4	225.00
1	2	67	405	 11	0.18	 4	185.00
1	2	70	540	 48	0.67	13	444.00
1	2	72	630	 59	0.98	20	665.00
1	2	53	630	 60	1.00	21	675.00
1	2	56	765	 38	0.79	11	546.00
1	2	75	765	 27	0.56	 8	414.00
1	2	57	810	 48	1.00	29	666.00
1	2	76	810	 48	1.00	30	666.00
1	3	102	270	 15	0.25	 6	225.00
1	3	154	300	 23	0.19	13	610.00
1	3	84	315	 38	0.63	14	455.00
1	3	103	315	 59	0.98	26	665.00
1	3	87	450	  4	0.06	 1	92.00
1	3	89	540	 39	0.54	13	372.00
1	3	110	630	 57	0.95	23	645.00
1	3	91	630	 52	0.87	15	595.00
1	3	113	765	 47	0.98	16	654.00
1	3	94	765	 45	0.94	13	630.00
1	3	95	810	 48	1.00	31	666.00
1	3	114	810	 48	1.00	31	666.00


Day	Area	Time	Pickup	Delivery	Direct	FEVehicles	SEVehicles	ALNSTime	ALNSBestTime	RoutingCostArea
1	1	0	115	149	0	9	55	440.87	354.23	6780.96
1	1	20	2	0	0	2	2	0.31	0.00	446.56
1	1	45	5	0	0	3	3	0.50	0.00	730.68
1	1	65	4	0	0	2	2	0.61	0.00	519.39
1	1	110	7	0	0	2	3	0.71	0.00	586.35
1	1	115	1	0	0	1	1	0.18	0.00	178.37
1	1	145	5	0	0	2	3	0.48	0.00	573.66
1	1	170	4	0	0	2	2	0.61	0.00	509.98
1	1	290	29	0	0	2	9	2.36	0.00	1236.37
1	1	320	8	14	0	1	5	4.35	1.80	770.39
1	1	360	5	11	0	1	5	2.19	0.33	714.94
1	1	390	5	0	0	2	3	0.57	0.00	704.17
1	1	405	5	22	0	2	13	2.24	1.20	1375.59
1	1	430	3	0	0	2	2	0.42	0.00	414.96
1	1	495	0	2	0	1	2	0.23	0.00	214.22
1	2	5	101	128	0	13	55	457.21	391.30	5908.15
1	2	50	8	0	0	3	3	0.68	0.00	596.75
1	2	65	4	0	0	1	2	0.40	0.00	224.10
1	2	80	4	0	0	2	2	0.49	0.00	433.51
1	2	130	7	0	0	2	3	0.55	0.00	665.74
1	2	180	5	0	0	1	2	0.36	0.00	313.48
1	2	310	24	0	0	2	7	1.92	0.00	974.09
1	2	360	7	10	0	1	3	1.17	0.00	521.71
1	2	400	8	0	0	1	3	0.68	0.00	392.83
1	2	405	3	35	0	2	10	4.22	1.23	1187.96
1	2	415	2	0	0	1	1	0.26	0.00	215.13
1	2	460	0	4	0	1	4	0.35	0.00	419.94
1	2	525	0	0	1	0	0	0.00	0.00	500.00
1	3	0	121	133	0	5	50	426.75	264.80	5053.84
1	3	45	6	0	0	2	3	0.70	0.00	615.48
1	3	50	1	0	0	1	1	0.18	0.00	221.79
1	3	70	4	0	0	2	2	0.51	0.00	363.19
1	3	95	7	0	0	2	4	0.75	0.04	443.35
1	3	125	3	0	0	1	3	0.39	0.01	303.58
1	3	135	2	0	0	2	2	0.32	0.00	344.69
1	3	150	6	0	0	3	3	0.64	0.00	512.22
1	3	155	1	0	0	1	1	0.18	0.00	164.36
1	3	160	0	0	1	0	0	0.00	0.00	500.00
1	3	200	6	0	0	1	2	0.53	0.00	448.45
1	3	310	17	0	0	1	5	2.32	0.70	691.98
1	3	365	15	21	0	2	7	3.16	0.00	933.68
1	3	405	10	27	0	2	10	3.64	2.03	1224.52
1	3	420	2	0	0	1	2	0.24	0.00	262.17
1	3	460	0	6	0	1	4	0.52	0.00	420.11
1	3	495	0	2	0	1	1	0.23	0.00	154.13
1	3	525	0	1	1	1	1	0.18	0.00	610.34

Day	SL	Own	DispatchTimes	AssignmentCost	RoutingCost	TotalCost
1	33	3	28	18198.00	41377.84	59575.84

Total Cost: 59575.83831794498
Cost per Day: 59575.83831794498
Running time in Seconds: 2500.571
Running time in minutes: 41.676183333333334