INSTANCE: 2hubs_MND_A_10_x.csv
PARAMETER: ldp_tight.txt
POLICY: LATEST DEPARTURE
ALPHA: 0.0
BETA: 22
OMEGA: 586
EPSILON: 1.0

Day: 1, Time: 15
Total Cost: 3831.87
 11:136.01, 73:75 [1, 3, -3, -1]
 12:136.01, 49:75 [1, 3, -3, -1]
 13:136.01, 18:75 [1, 3, -3, -1]
 15:153.31, 66:75 [1, 4, -4, -1]
 16:153.31, 29:75 [1, 4, -4, -1]
301:119.16, 10:10 [3, 3129, 3288, 3152, 3062, 3112, 3212, 3271, -3]
302:149.00, 10:10 [3, 3292, 3187, 3191, 3272, 3072, 3084, -3]
303:146.51, 10:10 [3, 3154, 3161, 3211, 3720, 3123, 3181, -3]
304:153.29, 10:10 [3, 3291, 3299, 3063, 3219, 3296, -3]
305:151.14, 9:10 [3, 3242, 3252, 3221, 3116, 3231, -3]
306:139.14, 7:10 [3, 3057, 3303, 6125, 3110, -3]
307:81.00, 9:10 [3, 3115, 3278, 3273, 3236, 3103, -3]
308:8.49, 3:10 [3, 3197, -3]
309:124.75, 9:10 [3, 3220, 3162, 3087, 3277, 3301, 3067, -3]
310:68.49, 10:10 [3, 3093, 3174, 3184, -3]
311:101.21, 10:10 [3, 3264, 3274, 3210, 3070, 3314, -3]
312:105.31, 10:10 [3, 3098, 3262, 3259, 3073, 3241, 3079, 3281, -3]
313:118.19, 10:10 [3, 3090, 3120, 3188, 3206, -3]
315:143.21, 8:10 [3, 3207, 3282, 3176, 3201, 3151, 3311, 3117, -3]
317:82.55, 9:10 [3, 3215, 3232, 3297, 3267, -3]
323:161.12, 10:10 [3, 3124, 3247, 3078, 3101, 3159, -3]
324:135.26, 10:10 [3, 3160, 3180, 3082, 3234, 3205, 3279, -3]
326:63.65, 8:10 [3, 3286, 3140, 3118, 3199, -3]
401:70.57, 10:10 [4, 3265, 3114, 3310, 3183, 3193, -4]
402:29.91, 10:10 [4, 3243, 3149, 3058, -4]
404:156.45, 10:10 [4, 3097, 3099, 3270, 3092, 3224, 3111, 3214, -4]
405:55.05, 8:10 [4, 3275, 3143, 3170, -4]
406:82.92, 9:10 [4, 3068, 3134, 3083, 3108, 3167, 3164, -4]
407:89.57, 10:10 [4, 3100, 3253, 3051, 3287, 3300, -4]
409:174.06, 10:10 [4, 3076, 3260, 3169, 3216, 3107, 3190, 3196, 3061, 3227, -4]
410:31.93, 9:10 [4, 3158, 3047, 3091, -4]
411:52.05, 6:10 [4, 3128, 3298, 3127, 3209, -4]
412:188.11, 10:10 [4, 3085, 3104, 3131, 3155, 3132, 3295, -4]
414:135.11, 10:10 [4, 3189, 3071, 3077, 3217, 3130, 3148, -4]
fe: 5, se: 29

Day: 1, Time: 55
Total Cost: 3500.40
 11:66.27, 25:75 [2, 5, -5, -2]
 12:66.27, 67:75 [2, 5, -5, -2]
 13:145.23, 30:75 [2, 6, -6, -2]
 14:66.27, 37:75 [2, 5, -5, -2]
 17:66.27, 25:75 [2, 5, -5, -2]
 20:145.23, 10:75 [2, -6, -2]
 21:145.23, 22:75 [2, 6, -6, -2]
501:102.41, 8:10 [5, 3052, 3225, 3213, 3239, 3237, -5]
502:83.53, 8:10 [5, 3069, 3145, 3195, 3178, -5]
503:166.75, 10:10 [5, 3074, 3285, 3163, 3315, 3172, 3139, 3302, -5]
504:173.60, 10:10 [5, 3113, 3173, 4301, 3135, 3226, 3222, 3102, -5]
505:121.40, 10:10 [5, 3109, 3150, 3049, 3251, 3208, 3166, -5]
506:145.67, 10:10 [5, 3229, 3080, 3137, -5]
507:12.81, 2:10 [5, 3313, -5]
508:60.22, 9:10 [5, 3258, 3122, 3055, -5]
509:49.58, 9:10 [5, 3095, 3096, 3060, -5]
510:78.69, 10:10 [5, 3290, 3294, 3086, 3263, -5]
511:117.40, 10:10 [5, 3255, 3244, 3257, 3119, 3204, 3245, -5]
514:144.90, 10:10 [5, 3125, 3305, 3179, 3203, 3126, 3248, 3088, -5]
515:176.05, 10:10 [5, 3054, 3218, 3307, 3146, 3182, 3194, 3238, 3256, -5]
517:119.13, 10:10 [5, 3105, 3050, 3228, 3138, -5]
518:96.27, 8:10 [5, 3089, 3254, 3230, 3280, -5]
519:105.62, 10:10 [5, 3094, 3284, 3136, 3269, 3059, -5]
521:75.44, 10:10 [5, 3147, 3283, 3056, 3276, 3293, -5]
524:165.01, 9:10 [5, 3198, 3157, 3053, 3106, 3250, -5]
538:117.83, 10:10 [5, 3186, 3192, 3081, -5]
601:42.06, 5:10 [6, 3200, 3153, -6]
602:109.78, 9:10 [6, 3223, 3156, 3177, 3144, -6]
603:52.62, 4:10 [6, 3185, 3266, -6]
604:90.59, 10:10 [6, 3168, 3048, 3175, 5842, 3249, -6]
605:38.99, 9:10 [6, 3268, 3246, 3202, -6]
606:62.62, 10:10 [6, 3141, 3233, 3066, 3165, -6]
607:87.22, 10:10 [6, 3873, 3308, 3309, -6]
608:36.71, 6:10 [6, 3289, 3133, 3064, 3240, -6]
609:62.22, 10:10 [6, 3235, 3261, 3312, 3306, -6]
610:29.71, 10:10 [6, 3065, 3075, 3171, 3121, -6]
611:74.76, 7:10 [6, 3304, 3142, -6]
fe: 7, se: 30

Day: 1, Time: 85
Total Cost: 375.37
 11:136.01, 10:75 [1, -3, -1]
301:239.36, 10:10 [3, 5051, 3850, 3819, 3645, -3]
fe: 1, se: 1

Day: 1, Time: 115
Total Cost: 520.34
 11:66.27, 5:75 [2, -5, -2]
 12:66.27, 4:75 [2, -5, -2]
 13:145.23, 4:75 [2, -6, -2]
501:121.66, 5:10 [5, 3383, 3808, -5]
502:88.84, 4:10 [5, 3475, -5]
601:32.06, 4:10 [6, 4870, -6]
fe: 3, se: 3

Day: 1, Time: 135
Total Cost: 570.24
 11:179.78, 13:75 [1, -4, -3, -1]
 12:136.01, 3:75 [1, -3, -1]
301:82.16, 5:10 [3, 3950, 6020, -3]
302:159.30, 3:10 [3, 5825, -3]
401:12.99, 8:10 [4, 3744, 5933, -4]
fe: 2, se: 3

Day: 1, Time: 140
Total Cost: 196.83
 11:66.27, 5:75 [2, -5, -2]
501:130.56, 5:10 [5, 4926, 5860, -5]
fe: 1, se: 1

Day: 1, Time: 165
Total Cost: 257.41
 11:136.01, 3:75 [1, -3, -1]
301:121.39, 3:10 [3, 6159, 4922, -3]
fe: 1, se: 1

Day: 1, Time: 175
Total Cost: 393.65
 11:153.31, 2:75 [1, -4, -1]
 12:153.31, 3:75 [1, -4, -1]
401:72.47, 2:10 [4, 4821, -4]
402:14.56, 3:10 [4, 5317, -4]
fe: 2, se: 2

Day: 1, Time: 195
Total Cost: 361.26
 11:136.01, 9:75 [1, -3, -1]
301:43.17, 4:10 [3, 4038, -3]
302:182.07, 5:10 [3, 5255, 4393, 3826, -3]
fe: 1, se: 2

Day: 1, Time: 330
Total Cost: 885.01
 11:136.01, 25:75 [1, -3, -1]
 12:153.31, 14:75 [1, -4, -1]
301:74.56, 8:10 [3, 4282, 3474, 3636, -3]
302:112.66, 9:10 [3, 4252, 5595, 5189, 4618, -3]
303:119.45, 8:10 [3, 4940, 5976, 4597, -3]
402:127.54, 5:10 [4, 4585, 6151, -4]
403:161.47, 9:10 [4, 5181, 4490, 3964, -4]
fe: 2, se: 5

Day: 1, Time: 340
Total Cost: 956.51
 11:66.27, 43:75 [2, -5, -2]
 12:145.23, 23:75 [2, -6, -2]
501:82.92, 10:10 [5, 5890, 4609, 3929, 4820, -5]
502:79.26, 7:10 [5, 3358, 4039, 6014, -5]
503:119.78, 8:10 [5, 4463, 5218, 5323, -5]
504:148.19, 9:10 [5, 5711, 4163, 4379, -5]
506:112.16, 9:10 [5, 3910, 4134, 3520, -5]
601:97.11, 10:10 [6, 5780, 6025, 3847, 6077, -6]
602:61.72, 9:10 [6, 5756, 5794, 4830, -6]
603:43.86, 4:10 [6, 5099, -6]
fe: 2, se: 8

Day: 1, Time: 360
Total Cost: 440.96
 11:153.31, 13:75 [1, 4, -4, -1]
401:130.88, 8:10 [4, 86, 285, -4]
402:146.58, 5:10 [4, 54, 90, -4]
403:10.20, 3:10 [4, 4339, -4]
fe: 1, se: 3

Day: 1, Time: 405
Total Cost: 1544.19
 11:136.01, 31:75 [1, 3, -3, -1]
 12:153.31, 22:75 [1, 4, -1]
 13:153.31, 17:75 [1, -4, -1]
301:83.16, 8:10 [3, 4633, 39, -3]
302:151.27, 10:10 [3, 23, 78, 100, 73, -3]
303:135.23, 4:10 [3, 4361, 5261, -3]
304:68.46, 9:10 [3, 104, 123, 1680, -3]
305:43.17, 3:10 [3, 6192, -3]
307:38.07, 8:10 [3, 56, 40, -3]
401:167.97, 5:10 [4, 45, 76, -4]
402:62.65, 9:10 [4, 49, 65, 12, -4]
403:61.01, 5:10 [4, 1875, 43, -4]
404:146.71, 4:10 [4, 6015, -4]
406:86.68, 10:10 [4, 3357, 5643, 3843, -4]
407:57.18, 3:10 [4, 2019, 5367, -4]
fe: 3, se: 12

Day: 1, Time: 405
Total Cost: 886.73
 11:66.27, 21:75 [2, 5, -5, -2]
 12:145.23, 7:75 [2, 6, -6, -2]
501:109.62, 5:10 [5, 4332, 108, -5]
502:91.41, 10:10 [5, 5638, 3696, 4303, -5]
503:72.50, 4:10 [5, 3791, -5]
504:126.90, 4:10 [5, 77, 5136, -5]
505:135.73, 6:10 [5, 84, 988, 20, -5]
601:63.04, 3:10 [6, 120, 85, -6]
602:12.17, 3:10 [6, 223, -6]
603:63.85, 2:10 [6, 4768, 19, 4712, -6]
fe: 2, se: 8

Day: 1, Time: 450
Total Cost: 440.08
 11:136.01, 2:75 [1, 3, -1]
 12:136.01, 3:75 [1, -3, -1]
301:115.55, 2:10 [3, 71, -3]
302:52.50, 3:10 [3, 5982, -3]
fe: 2, se: 2

Day: 1, Time: 450
Total Cost: 400.94
 11:66.27, 7:75 [2, 5, -5, -2]
501:88.96, 3:10 [5, 3713, 3427, -5]
502:82.46, 1:10 [5, 2935, -5]
503:81.22, 3:10 [5, 98, -5]
504:82.02, 3:10 [5, 11, -5]
fe: 1, se: 4

Day: 1, Time: 460
Total Cost: 350.90
 12:153.31, 15:75 [1, 4, -1]
401:46.17, 4:10 [4, 8, -4]
402:80.93, 7:10 [4, 93, 114, -4]
403:70.48, 4:10 [4, 95, 10, -4]
fe: 1, se: 3

Day: 1, Time: 460
Total Cost: 522.69
 11:66.27, 14:75 [2, 5, -2]
501:148.56, 4:10 [5, 17, 7, -5]
502:133.18, 3:10 [5, 109, 25, -5]
503:136.62, 4:10 [5, 42, 75, -5]
504:38.05, 3:10 [5, 2635, -5]
fe: 1, se: 4

Day: 1, Time: 495
Total Cost: 342.72
 11:136.01, 2:75 [1, 3, -1]
 12:153.31, 1:75 [1, 4, -1]
301:31.30, 2:10 [3, 38, -3]
401:22.09, 1:10 [4, 67, -4]
fe: 2, se: 2

Day: 1, Time: 495
Total Cost: 538.87
 11:66.27, 17:75 [2, 5, -2]
501:105.39, 3:10 [5, 2127, -5]
502:100.18, 3:10 [5, 107, 101, -5]
503:86.20, 7:10 [5, 74, 63, -5]
504:98.79, 2:10 [5, 52, -5]
505:82.02, 2:10 [5, 62, -5]
fe: 1, se: 5


Day	Area	ID	Time	Load	Utilization	NoOrders	AssignmentCost
1	1	 8	315	 18	0.30	 9	255.00
1	1	 9	360	  7	0.12	 3	145.00
1	1	43	400	 14	0.12	 7	430.00
1	1	10	405	 17	0.28	 7	245.00
1	1	17	720	 18	0.38	 5	306.00
1	1	18	765	 46	0.96	17	642.00
1	1	47	800	 96	1.00	39	2484.00
1	1	19	810	 48	1.00	22	666.00
1	2	51	300	 13	0.11	 4	410.00
1	2	27	315	 53	0.88	18	605.00
1	2	28	360	  2	0.03	 1	95.00
1	2	52	400	 15	0.13	 5	450.00
1	2	29	405	  3	0.05	 2	105.00
1	2	37	765	 46	0.96	16	642.00
1	2	56	800	 96	1.00	37	2484.00
1	2	38	810	 48	1.00	19	666.00


Day	Area	Time	Pickup	Delivery	Direct	FEVehicles	SEVehicles	ALNSTime	ALNSBestTime	RoutingCostArea
1	1	15	64	83	0	5	29	68.38	50.21	3831.87
1	1	85	4	0	0	1	1	0.49	0.00	375.37
1	1	135	5	0	0	2	3	0.54	0.00	570.24
1	1	165	2	0	1	1	1	0.27	0.00	757.41
1	1	175	2	0	1	2	2	0.30	0.00	893.65
1	1	195	4	0	0	1	2	0.49	0.00	361.26
1	1	330	15	0	0	2	5	1.12	0.00	885.01
1	1	360	1	4	0	1	3	0.51	0.06	440.96
1	1	405	9	18	0	3	12	2.81	0.00	1544.19
1	1	450	1	1	0	2	2	0.28	0.00	440.08
1	1	460	0	5	0	1	3	0.40	0.00	350.90
1	1	495	0	2	0	2	2	0.30	0.00	342.72
1	2	55	60	67	0	7	30	77.82	44.97	3500.40
1	2	115	4	0	1	3	3	0.51	0.00	1020.34
1	2	140	2	0	1	1	1	0.26	0.00	696.83
1	2	340	24	0	0	2	8	1.92	0.00	956.51
1	2	405	8	9	0	2	8	1.35	0.00	886.73
1	2	450	2	3	0	1	4	0.57	0.00	400.94
1	2	460	0	7	0	1	4	0.41	0.00	522.69
1	2	495	0	7	0	1	5	0.48	0.00	538.87

Day	SL	Own	DispatchTimes	AssignmentCost	RoutingCost	TotalCost
1	11	5	20	10630.00	19316.95	29946.95

Total Cost: 29946.951191658307
Cost per Day: 29946.951191658307
Running time in Seconds: 190.046
Running time in minutes: 3.1674333333333333