INSTANCE: 3hubs_A_14_x.csv
PARAMETER: tuning_loose.txt
POLICY: MIP
ALPHA: 0.387023956898126
BETA: 78
OMEGA: 586
EPSILON: 1.00597325044486

Day: 1, Time: 0
Total Cost: 6860.57
 11:136.01, 72:75 [1, 4, -4, -1]
 12:136.01, 68:75 [1, 4, -4, -1]
 13:136.01, 48:75 [1, 4, -4, -1]
 14:153.31, 75:75 [1, 5, -5, -1]
 15:153.31, 41:75 [1, 5, -5, -1]
 16:153.31, 55:75 [1, 5, -5, -1]
 17:153.31, 3:75 [1, -5, -1]
 18:153.31, 1:75 [1, -5, -1]
 25:153.31, 9:75 [1, 5, -1]
 39:153.31, 10:75 [1, 5, -5, -1]
401:92.69, 9:10 [4, 8877, 8920, 8677, 8734, 8964, 8435, -4]
402:124.74, 10:10 [4, 8660, 8707, 8458, 8869, 8655, -4]
404:155.96, 10:10 [4, 8572, 8961, 8830, 8480, 8429, 8760, 8954, -4]
405:131.42, 8:10 [4, 8732, 8803, 8853, -4]
406:87.21, 9:10 [4, 8514, 8635, 8896, 9011, 8586, 8534, -4]
407:42.64, 9:10 [4, 8994, 8959, 8975, 8957, -4]
408:40.06, 7:10 [4, 8864, 8987, -4]
409:125.73, 10:10 [4, 8888, 8733, 8746, 8639, 8848, -4]
410:87.30, 10:10 [4, 8662, 8455, 8489, -4]
411:85.91, 10:10 [4, 8943, 8915, 8919, 8589, 9030, 8462, -4]
412:131.28, 10:10 [4, 8876, 8828, 8767, 8903, 8708, 8481, -4]
413:77.56, 10:10 [4, 8552, 8675, 8471, 8420, -4]
414:89.31, 10:10 [4, 8730, 8913, 8546, 8715, -4]
415:90.91, 10:10 [4, 8679, 8523, 8951, 8626, 8507, -4]
416:158.83, 10:10 [4, 8916, 8861, 8845, 8937, 8835, 8659, 8809, -4]
417:138.08, 9:10 [4, 8555, 8539, 8866, 8781, 8738, 8886, -4]
418:181.87, 10:10 [4, 8605, 8439, 8680, -4]
419:123.90, 10:10 [4, 8583, 8581, 8440, 8482, 8653, -4]
420:96.69, 9:10 [4, 9004, 8492, 8871, 8986, -4]
421:179.68, 8:10 [4, 8935, 8800, -4]
422:131.91, 9:10 [4, 8535, 8486, 8631, 8684, 8496, 9020, -4]
424:137.97, 10:10 [4, 8561, 8521, 8636, -4]
425:69.63, 10:10 [4, 8541, 8641, 8687, 8885, -4]
429:111.79, 9:10 [4, 8712, 8744, 8970, 8726, -4]
501:126.17, 10:10 [5, 8855, 8658, 8875, 8484, 8891, -5]
502:175.00, 10:10 [5, 8584, 8724, 8426, 8450, 8704, 8475, -5]
503:86.87, 10:10 [5, 8727, 8911, 8463, 8938, 8940, 8917, -5]
504:156.87, 2:10 [5, 8874, -5]
505:133.42, 3:10 [5, 8764, -5]
506:74.84, 10:10 [5, 8588, 8460, 8587, 9013, 8960, 8779, -5]
507:97.53, 10:10 [5, 8473, 8501, 8648, -5]
508:105.81, 10:10 [5, 8955, 8879, 8910, 8719, -5]
509:84.08, 10:10 [5, 8811, 8890, 8819, 8520, -5]
510:162.98, 1:10 [5, 8936, -5]
511:120.00, 10:10 [5, 8430, 8829, 8565, 9015, 8498, -5]
512:142.55, 9:10 [5, 8887, 8788, 8894, 8761, -5]
514:159.93, 10:10 [5, 8448, 8608, 8941, 8962, 8437, 8529, -5]
515:140.94, 10:10 [5, 8597, 8508, 8549, 8434, 8518, 8688, 8525, -5]
516:97.04, 9:10 [5, 8511, 8504, 8570, -5]
517:84.75, 10:10 [5, 8543, 9009, 8449, 8716, 8478, 8699, 8669, -5]
519:64.92, 9:10 [5, 8834, 9033, 8757, -5]
521:144.89, 10:10 [5, 8793, 8646, 8763, 8567, 8709, 8612, -5]
522:74.28, 10:10 [5, 8847, 9001, 8931, 8944, -5]
524:79.02, 7:10 [5, 8908, 8751, -5]
525:100.55, 8:10 [5, 8898, 8624, -5]
526:45.13, 9:10 [5, 9006, 8965, 8839, 8967, -5]
527:50.76, 10:10 [5, 8606, 8616, 8627, -5]
531:87.95, 10:10 [5, 8826, 9029, 8620, 8840, -5]
532:90.03, 9:10 [5, 8838, 8533, 8805, 8808, 8884, 8643, 8907, 9022, -5]
fe: 10, se: 49

Day: 1, Time: 0
Total Cost: 4704.95
 11:94.59, 75:75 [3, 8, -8, -3]
 12:94.59, 33:75 [3, 8, -8, -3]
 13:90.24, 65:75 [3, 9, -9, -3]
 14:90.24, 50:75 [3, 9, -9, -3]
 18:94.59, 67:75 [3, 8, -8, -3]
 20:90.24, 20:75 [3, 9, -9, -3]
 39:90.24, 10:75 [3, -9, -3]
801:102.29, 10:10 [8, 8431, 8812, 8844, 8592, -8]
802:105.92, 10:10 [8, 8821, 8796, 8775, 8939, -8]
803:84.02, 9:10 [8, 9026, 8818, 8718, 8564, -8]
804:133.55, 8:10 [8, 8422, 8852, 8454, 8881, -8]
805:114.41, 10:10 [8, 8516, 8466, 8977, 8487, 8515, 8996, -8]
806:111.83, 9:10 [8, 8444, 8664, 8446, 8644, 8772, -8]
807:95.76, 10:10 [8, 8806, 8930, 8786, 8701, -8]
808:82.47, 9:10 [8, 8857, 8833, 9003, 8682, -8]
809:77.83, 10:10 [8, 8737, 8749, 8969, 8979, 8949, -8]
810:109.30, 10:10 [8, 8585, 8579, 8889, 8527, -8]
811:133.73, 10:10 [8, 8791, 8428, 8963, 9014, -8]
812:56.08, 8:10 [8, 8870, 8842, 8743, -8]
813:41.25, 9:10 [8, 8602, 8451, 8575, -8]
814:73.44, 8:10 [8, 8424, 9012, 8706, -8]
815:122.50, 10:10 [8, 8691, 8747, 8942, 8427, 8770, 8999, 8672, -8]
816:90.09, 10:10 [8, 8745, 8532, 8574, 9018, -8]
817:74.17, 10:10 [8, 8459, 8615, 8686, -8]
818:126.54, 10:10 [8, 8755, 9010, 8925, 8594, -8]
821:108.39, 10:10 [8, 8571, 8547, 8856, 8656, 8647, 8556, -8]
824:71.28, 8:10 [8, 8538, 8421, 8530, -8]
825:129.86, 10:10 [8, 8750, 8776, 8711, 8912, 8927, -8]
827:77.55, 6:10 [8, 8559, 8792, 8956, -8]
828:88.56, 10:10 [8, 8703, 8578, 8671, 8756, -8]
830:105.01, 9:10 [8, 8698, 8634, 8652, 8909, 8754, -8]
831:107.09, 10:10 [8, 8983, 8531, 8693, 8590, 8603, -8]
901:17.62, 10:10 [9, 8468, 8544, 8499, -9]
902:33.51, 6:10 [9, 8923, 8500, -9]
903:151.57, 9:10 [9, 8456, 8464, 8568, 8595, 8873, -9]
905:99.23, 10:10 [9, 8676, 8973, 8759, 8804, 8798, -9]
907:43.85, 9:10 [9, 8558, 8537, 8617, -9]
908:139.89, 10:10 [9, 9000, 8637, 8673, 8837, 8735, 8784, 8799, -9]
909:148.30, 10:10 [9, 8513, 8846, 8640, 8995, 8483, 8947, 8452, 8787, -9]
910:113.70, 9:10 [9, 8618, 8536, 8997, 8524, 8694, 8914, 9034, -9]
911:88.15, 10:10 [9, 8685, 8519, 8654, 8474, -9]
912:58.39, 8:10 [9, 8795, 8479, 8950, 8948, -9]
914:88.22, 9:10 [9, 8702, 8932, 8924, 8777, -9]
915:98.77, 10:10 [9, 8817, 8841, 8991, 8506, 8928, -9]
916:120.54, 9:10 [9, 8790, 8802, 8545, 9016, -9]
917:78.73, 10:10 [9, 8690, 8490, 8700, 8797, 8609, 8782, -9]
918:114.60, 9:10 [9, 8989, 8895, 8649, 8714, -9]
920:42.91, 10:10 [9, 8789, 8560, 8503, -9]
921:120.38, 10:10 [9, 8623, 8992, 8566, 8630, 9031, 8742, 8934, -9]
925:47.23, 10:10 [9, 8689, 8443, 8438, -9]
931:31.67, 10:10 [9, 8872, 8988, 8899, -9]
fe: 7, se: 44

Day: 1, Time: 5
Total Cost: 306.34
 11:136.01, 4:75 [1, -4, -1]
401:170.33, 4:10 [4, 10255, 13718, -4]
fe: 1, se: 1

Day: 1, Time: 5
Total Cost: 4978.65
 11:66.27, 73:75 [2, 6, -6, -2]
 12:66.27, 63:75 [2, 6, -6, -2]
 13:66.27, 53:75 [2, 6, -6, -2]
 14:66.27, 10:75 [2, -6, -2]
 15:66.27, 8:75 [2, -6, -2]
 16:145.23, 53:75 [2, 7, -7, -2]
 17:145.23, 52:75 [2, 7, -7, -2]
 19:66.27, 9:75 [2, 6, -6, -2]
 20:145.23, 16:75 [2, 7, -7, -2]
601:37.21, 7:10 [6, 8614, 8621, -6]
602:94.28, 8:10 [6, 8670, 8604, 8681, -6]
604:165.16, 10:10 [6, 8906, 8493, 8768, 8880, 8697, 8859, -6]
605:102.33, 10:10 [6, 9032, 8785, 8425, 8966, 8780, -6]
606:136.07, 10:10 [6, 8469, 8807, 8542, 8816, 8978, -6]
607:68.75, 10:10 [6, 8739, 8918, 9021, -6]
608:65.00, 10:10 [6, 8860, 8868, 8762, -6]
609:139.42, 10:10 [6, 9017, 8668, 8562, 8971, 8824, -6]
610:110.25, 10:10 [6, 8485, 8650, 8491, 8611, -6]
611:99.42, 10:10 [6, 8629, 8510, 8674, -6]
612:81.68, 9:10 [6, 8580, 8645, 8628, -6]
613:124.26, 10:10 [6, 8721, 8441, 9025, 8774, 8736, 8905, -6]
614:96.98, 10:10 [6, 8576, 8981, 8766, 9024, 9008, -6]
615:72.05, 8:10 [6, 8453, 8952, 8461, -6]
616:32.93, 7:10 [6, 8820, 8740, -6]
618:113.74, 10:10 [6, 8758, 8753, 8573, 8858, 8495, 8769, -6]
619:118.62, 10:10 [6, 9002, 8633, 8825, 8748, 8720, 8725, 8705, -6]
620:74.82, 10:10 [6, 8502, 8663, 8882, 8442, -6]
621:138.28, 9:10 [6, 8922, 8540, 8836, 8678, 8582, 8638, 8667, 8436, -6]
622:55.79, 9:10 [6, 8878, 8528, 8867, 9028, 8728, -6]
623:104.69, 9:10 [6, 9027, 9005, 8472, 8843, 8794, 8976, -6]
625:113.82, 10:10 [6, 8717, 8695, 8512, 8823, -6]
626:185.24, 10:10 [6, 8661, 8457, 8822, 8622, 8601, 8897, 8423, 8476, -6]
627:45.67, 8:10 [6, 8731, 8900, 8765, -6]
628:76.62, 9:10 [6, 8657, 8497, 8517, -6]
629:118.93, 10:10 [6, 8958, 8522, 8494, -6]
635:31.99, 8:10 [6, 9023, 8550, 8810, -6]
636:118.63, 9:10 [6, 9019, 8813, 8548, 8607, 8563, -6]
645:194.37, 10:10 [6, 8854, 8526, 8832, 8557, 8710, 8613, -6]
646:84.90, 10:10 [6, 8850, 8827, 8696, 9007, 8752, 8722, -6]
701:20.29, 10:10 [7, 8933, 8946, 8778, -7]
702:104.85, 10:10 [7, 8863, 8901, 8632, 8591, 8569, 8904, -7]
703:49.21, 9:10 [7, 8984, 8893, 8953, 8862, -7]
704:86.64, 7:10 [7, 8902, 8814, 8723, -7]
705:72.47, 10:10 [7, 8610, 8467, 8683, -7]
706:50.70, 10:10 [7, 8773, 8577, 8651, -7]
707:63.29, 10:10 [7, 8929, 8831, 8815, -7]
708:40.75, 7:10 [7, 8445, 8921, 8729, 8551, -7]
709:19.49, 7:10 [7, 8666, 8553, -7]
710:63.29, 10:10 [7, 8432, 8477, 8447, 8771, 8692, -7]
711:150.33, 10:10 [7, 8851, 8599, 8593, 8625, 8945, 8465, 8488, 8968, -7]
713:60.91, 8:10 [7, 8596, 13810, 8642, 8993, 8470, -7]
714:97.05, 9:10 [7, 8783, 8619, 8598, 8972, 8505, -7]
715:25.30, 9:10 [7, 8926, 8554, 8600, 8892, 8865, -7]
716:69.84, 10:10 [7, 8998, 8985, 8741, -7]
717:104.36, 9:10 [7, 8974, 8665, 8849, 8982, 8433, 8713, 8980, -7]
718:64.64, 10:10 [7, 8883, 8990, 8509, 8801, -7]
fe: 9, se: 47

Day: 1, Time: 15
Total Cost: 278.85
 11:66.27, 7:75 [2, -6, -2]
601:65.87, 3:10 [6, 16768, 13660, -6]
602:146.71, 4:10 [6, 9949, -6]
fe: 1, se: 2

Day: 1, Time: 45
Total Cost: 495.66
 11:136.01, 9:75 [1, -4, -1]
 12:153.31, 3:75 [1, -5, -1]
401:91.36, 9:10 [4, 9928, 12871, 14331, 11415, -4]
501:114.98, 3:10 [5, 16053, 16341, -5]
fe: 2, se: 2

Day: 1, Time: 45
Total Cost: 302.52
 11:66.27, 7:75 [2, -6, -2]
601:120.84, 4:10 [6, 15127, 10001, -6]
602:115.41, 3:10 [6, 12866, -6]
fe: 1, se: 2

Day: 1, Time: 45
Total Cost: 720.99
 11:94.59, 30:75 [3, -8, -3]
 13:90.24, 9:75 [3, -9, -3]
801:108.02, 9:10 [8, 13236, 16582, 9938, -8]
802:101.11, 7:10 [8, 9592, 16640, 12644, -8]
803:68.31, 5:10 [8, 12746, 10959, -8]
804:104.30, 9:10 [8, 11755, 14174, 14236, -8]
902:154.41, 9:10 [9, 11348, 14687, 16825, -9]
fe: 2, se: 5

Day: 1, Time: 50
Total Cost: 408.72
 11:136.01, 2:75 [1, -4, -1]
 12:153.31, 3:75 [1, -5, -1]
401:59.09, 2:10 [4, 14943, -4]
501:60.30, 3:10 [5, 13381, -5]
fe: 2, se: 2

Day: 1, Time: 50
Total Cost: 571.06
 11:66.27, 1:75 [2, -6, -2]
 12:66.27, 4:75 [2, -6, -2]
 13:66.27, 4:75 [2, -6, -2]
601:81.61, 1:10 [6, 16887, -6]
602:133.09, 4:10 [6, 15044, 16421, -6]
603:157.54, 4:10 [6, 13400, -6]
fe: 3, se: 3

Day: 1, Time: 60
Total Cost: 453.14
 11:94.59, 5:75 [3, -8, -3]
 12:90.24, 3:75 [3, -9, -3]
801:36.72, 4:10 [8, 9689, -8]
802:106.28, 1:10 [8, 16968, -8]
902:125.30, 3:10 [9, 14391, -9]
fe: 2, se: 3

Day: 1, Time: 65
Total Cost: 114.44
 11:66.27, 3:75 [2, -6, -2]
601:48.17, 3:10 [6, 9980, -6]
fe: 1, se: 1

Day: 1, Time: 70
Total Cost: 551.15
 11:66.27, 12:75 [2, -6, -2]
 12:66.27, 1:75 [2, -6, -2]
 13:66.27, 3:75 [2, -6, -2]
601:142.03, 5:10 [6, 16157, 9801, -6]
602:48.17, 1:10 [6, 10573, -6]
603:94.14, 7:10 [6, 12204, 10730, -6]
604:68.00, 3:10 [6, 14278, -6]
fe: 3, se: 4

Day: 1, Time: 75
Total Cost: 176.63
 11:153.31, 4:75 [1, -5, -1]
501:23.32, 4:10 [5, 14684, -5]
fe: 1, se: 1

Day: 1, Time: 75
Total Cost: 535.42
 11:94.59, 5:75 [3, -8, -3]
 12:113.51, 7:75 [3, -8, -9, -3]
801:87.86, 2:10 [8, 13109, -8]
802:91.51, 5:10 [8, 14914, 10917, -8]
803:78.97, 3:10 [8, 13640, 10729, -8]
901:68.96, 2:10 [9, 14568, -9]
fe: 2, se: 4

Day: 1, Time: 80
Total Cost: 323.88
 11:66.27, 6:75 [2, -6, -2]
 12:66.27, 3:75 [2, -6, -2]
601:34.06, 3:10 [6, 11615, -6]
602:127.28, 3:10 [6, 15797, -6]
603:30.00, 3:10 [6, 15682, -6]
fe: 2, se: 3

Day: 1, Time: 80
Total Cost: 178.33
 11:90.24, 3:75 [3, -9, -3]
901:88.09, 3:10 [9, 14879, -9]
fe: 1, se: 1

Day: 1, Time: 85
Total Cost: 398.29
 11:136.01, 4:75 [1, -4, -1]
 12:153.31, 1:75 [1, -5, -1]
401:34.00, 4:10 [4, 12975, -4]
501:74.97, 1:10 [5, 9551, -5]
fe: 2, se: 2

Day: 1, Time: 85
Total Cost: 310.71
 11:66.27, 3:75 [2, -6, -2]
 12:66.27, 2:75 [2, -6, -2]
601:94.59, 3:10 [6, 10232, -6]
602:83.57, 2:10 [6, 10402, -6]
fe: 2, se: 2

Day: 1, Time: 85
Total Cost: 336.94
 11:94.59, 1:75 [3, -8, -3]
 12:94.59, 3:75 [3, -8, -3]
801:73.35, 1:10 [8, 16712, -8]
802:74.40, 3:10 [8, 10330, -8]
fe: 2, se: 2

Day: 1, Time: 90
Total Cost: 160.36
 11:66.27, 3:75 [2, -6, -2]
601:94.09, 3:10 [6, 14066, -6]
fe: 1, se: 1

Day: 1, Time: 95
Total Cost: 119.94
 11:66.27, 4:75 [2, -6, -2]
601:53.67, 4:10 [6, 17076, -6]
fe: 1, se: 1

Day: 1, Time: 100
Total Cost: 487.81
 11:136.01, 6:75 [1, -4, -1]
 12:136.01, 3:75 [1, -4, -1]
401:40.25, 3:10 [4, 12045, -4]
402:68.41, 3:10 [4, 10365, -4]
403:62.00, 2:10 [4, 13423, -4]
404:45.12, 1:10 [4, 9232, -4]
fe: 2, se: 4

Day: 1, Time: 105
Total Cost: 178.37
 11:153.31, 3:75 [1, -5, -1]
501:25.06, 3:10 [5, 13976, -5]
fe: 1, se: 1

Day: 1, Time: 105
Total Cost: 278.93
 11:66.27, 5:75 [2, -6, -2]
601:93.30, 4:10 [6, 9363, -6]
602:119.36, 1:10 [6, 11432, -6]
fe: 1, se: 2

Day: 1, Time: 115
Total Cost: 558.30
 11:136.01, 5:75 [1, -4, -1]
 12:153.31, 2:75 [1, -5, -1]
401:56.36, 3:10 [4, 10245, -4]
402:109.14, 2:10 [4, 11330, -4]
501:103.48, 2:10 [5, 13901, -5]
fe: 2, se: 3

Day: 1, Time: 115
Total Cost: 135.84
 11:66.27, 3:75 [2, -6, -2]
601:69.57, 3:10 [6, 10428, -6]
fe: 1, se: 1

Day: 1, Time: 115
Total Cost: 228.95
 11:94.59, 14:75 [3, -8, -3]
801:38.32, 8:10 [8, 10407, 14769, -8]
802:25.81, 4:10 [8, 16452, 11981, -8]
803:70.23, 2:10 [8, 14826, -8]
fe: 1, se: 3

Day: 1, Time: 125
Total Cost: 256.43
 11:136.01, 3:75 [1, -4, -1]
401:120.42, 3:10 [4, 9295, -4]
fe: 1, se: 1

Day: 1, Time: 140
Total Cost: 662.18
 11:153.31, 4:75 [1, -5, -1]
 12:136.01, 1:75 [1, -4, -1]
 13:153.31, 2:75 [1, -5, -1]
401:55.17, 1:10 [4, 11826, -4]
501:76.55, 4:10 [5, 9355, -5]
502:87.82, 2:10 [5, 9149, -5]
fe: 3, se: 3

Day: 1, Time: 150
Total Cost: 235.53
 11:153.31, 2:75 [1, -5, -1]
501:82.22, 2:10 [5, 13776, -5]
fe: 1, se: 1

Day: 1, Time: 150
Total Cost: 359.91
 11:113.51, 9:75 [3, -8, -9, -3]
801:117.80, 2:10 [8, 15065, -8]
901:128.60, 7:10 [9, 10441, 10228, 13103, -9]
fe: 1, se: 2

Day: 1, Time: 155
Total Cost: 384.59
 11:66.27, 7:75 [2, -6, -2]
 12:66.27, 2:75 [2, -6, -2]
601:217.12, 7:10 [6, 11267, 14035, -6]
603:34.93, 2:10 [6, 11137, -6]
fe: 2, se: 2

Day: 1, Time: 155
Total Cost: 132.43
 11:90.24, 2:75 [3, -9, -3]
901:42.19, 2:10 [9, 14093, -9]
fe: 1, se: 1

Day: 1, Time: 160
Total Cost: 176.15
 11:66.27, 6:75 [2, -6, -2]
601:26.31, 4:10 [6, 10847, -6]
602:83.57, 2:10 [6, 9848, -6]
fe: 1, se: 2

Day: 1, Time: 165
Total Cost: 125.17
 11:90.24, 3:75 [3, -9, -3]
901:34.93, 3:10 [9, 16056, -9]
fe: 1, se: 1

Day: 1, Time: 170
Total Cost: 422.98
 11:153.31, 2:75 [1, -5, -1]
 12:136.01, 4:75 [1, -4, -1]
401:70.00, 4:10 [4, 11521, -4]
501:63.66, 2:10 [5, 15538, -5]
fe: 2, se: 2

Day: 1, Time: 170
Total Cost: 361.25
 11:66.27, 7:75 [2, -6, -2]
 12:66.27, 2:75 [2, -6, -2]
601:160.35, 7:10 [6, 15402, 16261, 12723, -6]
602:68.35, 2:10 [6, 9595, -6]
fe: 2, se: 2

Day: 1, Time: 170
Total Cost: 124.66
 11:94.59, 4:75 [3, -8, -3]
801:30.07, 4:10 [8, 15978, -8]
fe: 1, se: 1

Day: 1, Time: 175
Total Cost: 163.05
 11:90.24, 2:75 [3, -9, -3]
901:72.80, 2:10 [9, 14789, -9]
fe: 1, se: 1

Day: 1, Time: 180
Total Cost: 485.81
 11:153.31, 3:75 [1, -5, -1]
 12:153.31, 2:75 [1, -5, -1]
501:125.94, 3:10 [5, 17013, -5]
502:53.25, 2:10 [5, 14361, -5]
fe: 2, se: 2

Day: 1, Time: 180
Total Cost: 152.59
 11:94.59, 1:75 [3, -8, -3]
801:58.00, 1:10 [8, 10376, -8]
fe: 1, se: 1

Day: 1, Time: 260
Total Cost: 538.14
 11:66.27, 29:75 [2, -6, -2]
601:146.42, 9:10 [6, 10406, 16766, 13521, -6]
602:103.61, 8:10 [6, 10088, 11422, 12599, 12443, -6]
603:41.76, 4:10 [6, 11712, -6]
604:180.08, 8:10 [6, 15100, 10177, 10539, 16638, -6]
fe: 1, se: 4

Day: 1, Time: 275
Total Cost: 955.67
 11:136.01, 25:75 [1, -4, -1]
 12:153.31, 29:75 [1, -5, -1]
401:28.94, 5:10 [4, 12216, 10713, -4]
402:140.57, 10:10 [4, 15313, 16777, 15442, 14948, -4]
404:85.97, 10:10 [4, 12472, 15985, 11655, 14134, -4]
501:115.60, 9:10 [5, 15817, 12804, 10025, 16792, 11788, -5]
502:115.29, 10:10 [5, 15016, 15218, 13126, -5]
503:179.97, 10:10 [5, 11163, 14756, 11230, 10970, 15357, -5]
fe: 2, se: 6

Day: 1, Time: 285
Total Cost: 802.55
 12:94.59, 55:75 [3, -8, -3]
801:103.09, 10:10 [8, 13589, 15273, 14651, 9418, 11902, -8]
802:181.01, 10:10 [8, 12502, 15666, 15288, 12374, -8]
804:47.64, 7:10 [8, 12458, 13885, 11605, -8]
805:109.76, 10:10 [8, 10217, 10148, 11959, -8]
806:118.66, 8:10 [8, 14851, 13127, 11349, -8]
807:147.80, 10:10 [8, 9380, 15913, 14694, 9365, 11378, 9635, -8]
fe: 1, se: 6

Day: 1, Time: 295
Total Cost: 234.33
 11:66.27, 14:75 [2, -6, -2]
601:64.26, 5:10 [6, 9851, 9809, -6]
602:103.80, 9:10 [6, 10320, 13918, 10127, 9687, -6]
fe: 1, se: 2

Day: 1, Time: 300
Total Cost: 290.62
 11:90.24, 8:75 [3, -9, -3]
901:200.37, 8:10 [9, 13054, 16584, 12693, -9]
fe: 1, se: 1

Day: 1, Time: 315
Total Cost: 123.93
 11:66.27, 5:75 [2, -6, -2]
601:57.66, 5:10 [6, 13324, 10499, -6]
fe: 1, se: 1

Day: 1, Time: 360
Total Cost: 1473.33
 11:136.01, 57:75 [1, 4, -4, -1]
 12:153.31, 58:75 [1, 5, -5, -1]
401:117.58, 10:10 [4, 209, 15962, 302, 4176, 4546, -4]
402:143.57, 10:10 [4, 69, 135, 120, 236, -4]
403:31.02, 8:10 [4, 210, 182, 291, -4]
404:61.99, 10:10 [4, 337, 8386, 79, 41, 13860, -4]
405:159.54, 9:10 [4, 310, 307, 76, 7762, 2447, 52, -4]
406:82.30, 10:10 [4, 3954, 317, 177, 13665, 215, -4]
501:156.30, 9:10 [5, 252, 188, 68, -5]
502:20.59, 4:10 [5, 243, -5]
503:110.02, 10:10 [5, 35, 84, 13576, 5546, 75, -5]
504:89.56, 9:10 [5, 88, 2925, 312, 10680, 15393, -5]
505:103.14, 10:10 [5, 30, 10890, 7950, 104, 202, -5]
506:88.07, 10:10 [5, 153, 6992, 318, 126, -5]
507:20.31, 8:10 [5, 333, 172, -5]
fe: 2, se: 13

Day: 1, Time: 360
Total Cost: 730.55
 11:66.27, 19:75 [2, 6, -6, -2]
 12:145.23, 15:75 [2, 7, -7, -2]
603:77.87, 5:10 [6, 14374, 1238, 8278, 2725, 13953, -6]
604:94.47, 3:10 [6, 12919, 13095, 234, -6]
605:118.33, 8:10 [6, 15137, 309, 74, 258, 16297, 16376, 9714, -6]
606:132.10, 10:10 [6, 9731, 5484, 7892, 8022, 10540, -6]
701:81.27, 8:10 [7, 3831, 298, 2039, 4056, 9957, -7]
702:15.01, 7:10 [7, 1836, 8174, -7]
fe: 2, se: 6

Day: 1, Time: 360
Total Cost: 1371.45
 11:94.59, 47:75 [3, 8, -8, -3]
 12:90.24, 68:75 [3, 9, -9, -3]
801:124.35, 10:10 [8, 203, 286, 338, 1079, 294, -8]
802:117.01, 10:10 [8, 8078, 231, 10433, 95, 7731, 175, 9746, -8]
803:85.55, 9:10 [8, 1290, 4181, 6354, -8]
804:92.89, 10:10 [8, 50, 16784, 327, 63, 335, -8]
805:119.22, 8:10 [8, 288, 228, -8]
901:110.83, 10:10 [9, 1259, 130, 58, 46, 9346, -9]
902:78.71, 9:10 [9, 315, 256, 39, 1738, 14418, -9]
903:91.94, 9:10 [9, 331, 16550, 141, 276, 11049, -9]
904:159.10, 10:10 [9, 31, 10618, 6253, 16894, 6437, 51, 281, -9]
905:59.17, 10:10 [9, 62, 49, 168, 5641, -9]
906:82.81, 10:10 [9, 90, 262, 17109, 178, -9]
907:65.04, 10:10 [9, 137, 1311, 117, -9]
fe: 2, se: 12

Day: 1, Time: 390
Total Cost: 383.52
 11:90.24, 22:75 [3, -9, -3]
901:74.73, 6:10 [9, 10042, 11468, -9]
902:137.12, 8:10 [9, 11022, 9296, -9]
903:81.43, 8:10 [9, 15868, 14168, 15169, 11103, -9]
fe: 1, se: 3

Day: 1, Time: 395
Total Cost: 282.79
 11:66.27, 7:75 [2, -6, -2]
601:116.98, 4:10 [6, 15554, 9596, -6]
602:99.54, 3:10 [6, 10786, -6]
fe: 1, se: 2

Day: 1, Time: 400
Total Cost: 165.57
 11:66.27, 2:75 [2, -6, -2]
601:99.30, 2:10 [6, 13519, -6]
fe: 1, se: 1

Day: 1, Time: 405
Total Cost: 1240.29
 11:136.01, 57:75 [1, 4, -4, -1]
 12:153.31, 46:75 [1, 5, -5, -1]
401:105.33, 8:10 [4, 127, 16, 169, -4]
402:174.81, 10:10 [4, 154, 131, 222, 96, -4]
404:51.27, 6:10 [4, 2742, 14572, 1717, -4]
405:40.91, 6:10 [4, 116, 107, -4]
407:76.54, 10:10 [4, 289, 10, 238, 60, 92, -4]
409:68.62, 9:10 [4, 134, 2913, 216, -4]
410:59.05, 9:10 [4, 180, 170, 14363, 143, -4]
501:29.83, 8:10 [5, 6136, 105, 5376, -5]
503:27.78, 4:10 [5, 152, -5]
504:122.09, 10:10 [5, 336, 86, 87, 85, -5]
505:67.32, 10:10 [5, 12277, 237, 16337, 24, 1158, -5]
506:87.68, 8:10 [5, 7467, 78, 167, 102, -5]
507:39.73, 10:10 [5, 80, 266, 3291, -5]
fe: 2, se: 13

Day: 1, Time: 405
Total Cost: 1735.12
 11:66.27, 71:75 [2, 6, -2]
 12:66.27, 48:75 [2, 6, -2]
 13:145.23, 35:75 [2, 7, -7, -2]
601:75.63, 10:10 [6, 241, 6189, 324, 94, -6]
602:106.18, 10:10 [6, 259, 230, 7363, 4419, -6]
603:74.60, 10:10 [6, 244, 47, 101, 44, -6]
604:164.17, 10:10 [6, 275, 108, 114, 242, -6]
605:29.88, 7:10 [6, 106, 11, -6]
606:83.07, 10:10 [6, 5403, 205, 65, 12, -6]
607:28.73, 5:10 [6, 311, 267, -6]
608:132.54, 9:10 [6, 37, 269, 128, 59, -6]
609:66.92, 10:10 [6, 280, 249, 121, -6]
610:78.64, 10:10 [6, 5994, 6079, 4950, -6]
612:70.34, 10:10 [6, 270, 7651, 273, -6]
615:143.55, 9:10 [6, 45, 5286, 217, 279, -6]
617:153.77, 9:10 [6, 253, 260, 248, -6]
701:63.27, 9:10 [7, 304, 16395, 53, 341, -7]
702:67.05, 8:10 [7, 299, 322, 11688, -7]
704:74.67, 8:10 [7, 200, 157, 283, -7]
706:44.32, 10:10 [7, 340, 274, 285, 122, -7]
fe: 3, se: 17

Day: 1, Time: 405
Total Cost: 1386.78
 11:113.51, 69:75 [3, 8, -9, -3]
 12:90.24, 30:75 [3, 9, -3]
801:94.44, 10:10 [8, 89, 250, 136, -8]
802:111.94, 10:10 [8, 295, 316, 54, 277, 113, -8]
804:50.48, 9:10 [8, 4710, 42, 150, -8]
805:115.73, 10:10 [8, 4733, 184, 2157, 905, -8]
807:105.17, 10:10 [8, 323, 148, 4285, 3514, -8]
808:124.25, 10:10 [8, 187, 5028, 227, 129, 190, -8]
811:134.55, 10:10 [8, 1565, 5588, 542, 7107, -8]
902:87.27, 10:10 [9, 194, 149, 11778, 221, -9]
903:84.40, 5:10 [9, 118, 163, 22, -9]
904:121.22, 8:10 [9, 115, 12618, 339, 3136, -9]
905:153.58, 9:10 [9, 246, 254, 1542, 36, 3355, -9]
fe: 2, se: 11

Day: 1, Time: 415
Total Cost: 213.81
 11:136.01, 4:75 [1, -4, -1]
401:77.79, 4:10 [4, 12239, -4]
fe: 1, se: 1

Day: 1, Time: 420
Total Cost: 414.62
 11:66.27, 4:75 [2, -6, -2]
 12:145.23, 2:75 [2, -7, -2]
601:160.31, 4:10 [6, 14313, -6]
701:42.80, 2:10 [7, 9320, -7]
fe: 2, se: 2

Day: 1, Time: 420
Total Cost: 156.63
 11:94.59, 1:75 [3, -8, -3]
801:62.03, 1:10 [8, 13545, -8]
fe: 1, se: 1

Day: 1, Time: 440
Total Cost: 168.54
 11:153.31, 1:75 [1, -5, -1]
501:15.23, 1:10 [5, 15792, -5]
fe: 1, se: 1

Day: 1, Time: 450
Total Cost: 347.15
 12:153.31, 5:75 [1, 5, -1]
501:73.35, 2:10 [5, 124, -5]
502:38.47, 1:10 [5, 1686, -5]
503:82.02, 2:10 [5, 6099, -5]
fe: 1, se: 3

Day: 1, Time: 450
Total Cost: 950.75
 11:66.27, 42:75 [2, 6, -2]
 12:145.23, 13:75 [2, 7, -2]
601:130.03, 6:10 [6, 2640, 189, 73, 5211, -6]
602:124.95, 8:10 [6, 19, 1555, 204, 144, -6]
603:59.67, 4:10 [6, 314, -6]
604:142.83, 9:10 [6, 155, 220, 197, 296, -6]
605:77.72, 4:10 [6, 265, 77, 176, -6]
607:40.45, 4:10 [6, 343, -6]
610:84.76, 7:10 [6, 247, 213, 103, -6]
701:4.47, 4:10 [7, 2831, -7]
702:74.38, 9:10 [7, 226, 43, 29, -7]
fe: 2, se: 9

Day: 1, Time: 450
Total Cost: 843.95
 11:94.59, 22:75 [3, 8, -3]
 12:90.24, 39:75 [3, 9, -3]
801:134.16, 9:10 [8, 98, 110, 171, -8]
802:82.60, 9:10 [8, 292, 271, 181, 459, -8]
803:21.35, 4:10 [8, 212, 5671, -8]
901:59.05, 10:10 [9, 56, 40, 18, -9]
902:133.41, 9:10 [9, 284, 25, 48, 159, -9]
903:56.68, 5:10 [9, 33, 5086, -9]
904:79.23, 8:10 [9, 61, 198, 71, -9]
905:92.64, 7:10 [9, 245, 605, -9]
fe: 2, se: 8


Day	Area	ID	Time	Load	Utilization	NoOrders	AssignmentCost
1	1	26	270	 21	0.23	 8	285.00
1	1	 8	315	 82	0.91	36	895.00
1	1	27	315	 46	0.51	21	535.00
1	1	 9	360	 90	1.00	32	975.00
1	1	28	360	 16	0.18	10	235.00
1	1	15	630	 53	0.59	19	605.00
1	1	19	810	 72	1.00	34	954.00
1	1	38	810	 72	1.00	26	954.00
1	2	44	225	 11	0.12	 4	185.00
1	2	64	270	 90	1.00	45	975.00
1	2	45	270	 90	1.00	25	975.00
1	2	65	315	 50	0.56	18	575.00
1	2	66	360	 12	0.13	 6	195.00
1	2	51	540	  4	0.04	 1	92.00
1	2	53	630	 72	0.80	23	795.00
1	2	57	810	 72	1.00	30	954.00
1	2	76	810	 72	1.00	38	954.00
1	3	83	270	 34	0.38	13	415.00
1	3	163	300	 16	0.09	12	470.00
1	3	84	315	 88	0.98	28	955.00
1	3	103	315	 90	1.00	35	975.00
1	3	104	360	  3	0.03	 2	105.00
1	3	91	630	 76	0.84	23	835.00
1	3	94	765	 50	0.69	14	690.00
1	3	114	810	 72	1.00	35	954.00
1	3	95	810	 72	1.00	32	954.00


Day	Area	Time	Pickup	Delivery	Direct	FEVehicles	SEVehicles	ALNSTime	ALNSBestTime	RoutingCostArea
1	1	0	118	97	0	10	49	221.24	158.01	6860.57
1	1	5	2	0	0	1	1	0.32	0.00	306.34
1	1	45	6	0	0	2	2	0.60	0.00	495.66
1	1	50	2	0	0	2	2	0.32	0.00	408.72
1	1	75	1	0	0	1	1	0.20	0.00	176.63
1	1	85	2	0	1	2	2	0.33	0.00	898.29
1	1	100	4	0	0	2	4	0.66	0.00	487.81
1	1	105	1	0	0	1	1	0.20	0.00	178.37
1	1	115	3	0	0	2	3	0.36	0.00	558.30
1	1	125	1	0	0	1	1	0.20	0.00	256.43
1	1	140	3	0	0	3	3	0.58	0.00	662.18
1	1	150	1	0	0	1	1	0.20	0.00	235.53
1	1	160	0	0	1	0	0	0.00	0.00	500.00
1	1	170	2	0	0	2	2	0.37	0.00	422.98
1	1	180	2	0	0	2	2	0.32	0.00	485.81
1	1	275	23	0	0	2	6	1.85	0.00	955.67
1	1	360	7	46	0	2	13	20.52	17.33	1473.33
1	1	405	4	40	0	2	13	4.76	0.00	1240.29
1	1	415	1	0	0	1	1	0.20	0.00	213.81
1	1	440	1	0	0	1	1	0.19	0.00	168.54
1	1	450	0	3	0	1	3	0.36	0.00	347.15
1	2	5	115	93	0	9	47	221.60	151.42	4978.65
1	2	15	3	0	0	1	2	0.30	0.00	278.85
1	2	45	3	0	0	1	2	0.33	0.00	302.52
1	2	50	4	0	0	3	3	0.92	0.00	571.06
1	2	65	1	0	0	1	1	0.19	0.00	114.44
1	2	70	6	0	0	3	4	0.45	0.00	551.15
1	2	80	3	0	0	2	3	0.37	0.00	323.88
1	2	85	2	0	0	2	2	0.33	0.00	310.71
1	2	90	1	0	0	1	1	0.20	0.00	160.36
1	2	95	1	0	0	1	1	0.20	0.00	119.94
1	2	105	2	0	0	1	2	0.28	0.00	278.93
1	2	115	1	0	0	1	1	0.23	0.00	135.84
1	2	155	3	0	0	2	2	0.37	0.00	384.59
1	2	160	2	0	0	1	2	0.26	0.00	176.15
1	2	170	4	0	0	2	2	0.45	0.00	361.25
1	2	260	12	0	0	1	4	0.81	0.00	538.14
1	2	295	6	0	0	1	2	0.51	0.00	234.33
1	2	315	2	0	0	1	1	0.25	0.00	123.93
1	2	360	11	16	0	2	6	2.33	0.00	730.55
1	2	395	3	0	0	1	2	0.32	0.00	282.79
1	2	400	1	0	0	1	1	0.20	0.00	165.57
1	2	405	2	56	0	3	17	14.28	7.21	1735.12
1	2	420	2	0	0	2	2	0.30	0.00	414.62
1	2	450	0	24	0	2	9	1.66	0.00	950.75
1	3	0	103	90	0	7	44	213.05	145.52	4704.95
1	3	45	14	0	0	2	5	1.12	0.00	720.99
1	3	60	3	0	0	2	3	0.35	0.00	453.14
1	3	75	6	0	0	2	4	0.66	0.00	535.42
1	3	80	1	0	0	1	1	0.20	0.00	178.33
1	3	85	2	0	0	2	2	0.30	0.00	336.94
1	3	115	5	0	0	1	3	0.48	0.01	228.95
1	3	150	4	0	0	1	2	0.46	0.00	359.91
1	3	155	1	0	0	1	1	0.20	0.00	132.43
1	3	165	1	0	1	1	1	0.20	0.00	625.17
1	3	170	1	0	1	1	1	0.19	0.00	624.66
1	3	175	1	0	0	1	1	0.20	0.00	163.05
1	3	180	1	0	1	1	1	0.20	0.00	652.59
1	3	285	24	0	0	1	6	3.83	1.27	802.55
1	3	300	3	0	0	1	1	0.40	0.00	290.62
1	3	360	10	45	0	2	12	20.60	17.13	1371.45
1	3	390	8	0	0	1	3	0.82	0.07	383.52
1	3	405	2	42	0	2	11	5.94	1.61	1386.78
1	3	420	1	0	0	1	1	0.20	0.00	156.63
1	3	450	0	23	0	2	8	1.96	0.44	843.95

Day	SL	Own	DispatchTimes	AssignmentCost	RoutingCost	TotalCost
1	25	1	45	17491.00	46508.58	63999.58

Total Cost: 63999.57863908427
Cost per Day: 63999.57863908427
Running time in Seconds: 1014.0
Running time in minutes: 16.9