INSTANCE: 3hubs_A_20_x.csv
PARAMETER: tuning_loose.txt
POLICY: MIP
ALPHA: 0.387023956898126
BETA: 78
OMEGA: 586
EPSILON: 1.00597325044486

Day: 1, Time: 0
Total Cost: 6260.98
 11:136.01, 74:75 [1, 4, -4, -1]
 12:136.01, 72:75 [1, 4, -4, -1]
 13:136.01, 40:75 [1, 4, -4, -1]
 14:153.31, 74:75 [1, 5, -5, -1]
 15:153.31, 59:75 [1, 5, -5, -1]
 16:153.31, 48:75 [1, 5, -5, -1]
 17:153.31, 3:75 [1, -5, -1]
401:151.73, 10:10 [4, 8593, 8878, 8904, 8537, 8624, -4]
402:57.30, 8:10 [4, 8628, 8799, 9009, 8781, 8928, -4]
403:123.56, 7:10 [4, 8908, 8921, 8855, 8955, 8985, -4]
404:125.51, 9:10 [4, 8888, 8954, 8753, 8966, -4]
406:74.16, 5:10 [4, 8772, 9031, 8757, -4]
407:136.29, 9:10 [4, 8610, 8519, 8427, 8670, -4]
408:75.48, 10:10 [4, 8500, 8669, 8587, 8687, -4]
409:121.19, 8:10 [4, 8903, 8875, 8506, 8994, -4]
410:86.74, 9:10 [4, 8746, 8474, 8635, -4]
411:62.19, 9:10 [4, 8864, 8680, 8678, -4]
412:80.81, 9:10 [4, 8861, 8837, 8518, 8927, 8774, 8880, -4]
413:60.67, 10:10 [4, 8913, 8786, 8920, -4]
414:60.85, 8:10 [4, 8839, 8845, 8918, -4]
415:13.57, 7:10 [4, 8695, 8571, -4]
416:135.42, 10:10 [4, 8930, 8736, 8536, 8989, 8460, 8473, -4]
417:106.56, 10:10 [4, 8998, 8545, 8730, 8505, 8881, -4]
419:170.11, 8:10 [4, 8905, 8873, 8731, 8614, -4]
420:119.68, 10:10 [4, 8814, 8895, 8767, 8597, -4]
422:128.65, 7:10 [4, 8871, 8958, 8789, 8863, -4]
423:53.19, 9:10 [4, 8838, 8632, 8461, -4]
424:34.29, 8:10 [4, 9017, 8821, -4]
425:127.95, 10:10 [4, 8503, 8555, 8425, 8512, -4]
430:65.31, 9:10 [4, 8818, 8747, 8853, 9028, -4]
431:155.60, 10:10 [4, 8931, 8726, 8619, 8808, 8682, -4]
433:142.42, 10:10 [4, 8563, 8502, 8658, 8543, -4]
434:133.03, 10:10 [4, 8487, 8457, 8442, 8452, 8661, -4]
435:139.29, 10:10 [4, 8649, 8667, 8713, 8902, 8663, -4]
501:72.78, 10:10 [5, 8650, 8501, 8423, -5]
502:57.10, 10:10 [5, 8565, 8491, 8509, 9026, -5]
503:53.35, 7:10 [5, 8621, 8677, -5]
504:62.08, 10:10 [5, 8826, 8813, 8434, 8784, -5]
505:148.08, 10:10 [5, 8940, 8707, 8711, 8879, 8431, -5]
506:94.56, 9:10 [5, 8435, 8522, 8595, 8655, 9008, 8549, 8656, -5]
507:81.63, 9:10 [5, 8791, 8765, 8718, 8548, -5]
508:103.96, 10:10 [5, 8633, 8942, 8933, 8843, -5]
509:82.23, 4:10 [5, 8527, 8769, -5]
510:167.33, 10:10 [5, 8605, 8721, 8433, 8483, 8914, 8964, -5]
511:103.92, 9:10 [5, 8604, 8988, 8627, 8745, 8613, 8710, 8580, -5]
512:166.09, 10:10 [5, 8699, 8673, 8523, 8926, 8439, 8932, 9014, -5]
513:139.09, 9:10 [5, 8575, 8472, 8475, 8817, 8428, 8796, -5]
514:56.43, 10:10 [5, 8722, 8972, 8787, 8877, 8941, -5]
515:83.61, 9:10 [5, 8724, 8901, 8827, 8890, 8872, 8581, -5]
516:73.90, 10:10 [5, 9013, 8938, 8981, -5]
517:165.54, 2:10 [5, 8585, 8976, -5]
518:85.36, 10:10 [5, 8607, 8790, 8760, 8701, 9004, -5]
519:152.67, 6:10 [5, 8638, 8739, 8917, 8825, -5]
520:158.60, 9:10 [5, 8557, 8520, 8456, -5]
521:28.38, 6:10 [5, 8829, 8916, -5]
523:131.58, 3:10 [5, 8969, -5]
524:70.42, 10:10 [5, 8923, 8612, 9005, 8922, -5]
526:159.44, 10:10 [5, 8891, 8738, 8983, -5]
fe: 7, se: 51

Day: 1, Time: 0
Total Cost: 4100.88
 11:66.27, 71:75 [2, 6, -6, -2]
 12:66.27, 66:75 [2, 6, -6, -2]
 13:66.27, 46:75 [2, 6, -6, -2]
 15:145.23, 65:75 [2, 7, -7, -2]
 16:145.23, 57:75 [2, 7, -7, -2]
 17:66.27, 10:75 [2, -6, -2]
601:45.48, 9:10 [6, 8882, 8862, 8719, -6]
602:145.32, 10:10 [6, 8617, 8833, 9016, 8768, 8478, 8960, -6]
603:127.63, 10:10 [6, 8611, 8577, 9011, 9029, 8712, 8657, 8993, -6]
604:84.88, 10:10 [6, 8950, 8865, 8737, 8755, 8459, -6]
605:132.37, 10:10 [6, 8515, 8436, 8450, 8534, 8600, 8999, -6]
606:57.24, 10:10 [6, 8599, 8511, 8654, -6]
607:39.46, 8:10 [6, 8504, 8578, -6]
608:93.27, 10:10 [6, 8794, 8939, 8948, 8980, -6]
609:63.71, 10:10 [6, 8779, 9033, 8525, 8887, -6]
610:56.39, 8:10 [6, 8859, 8421, 8846, -6]
611:124.12, 10:10 [6, 8651, 8631, 8776, 8977, 8553, 8558, -6]
613:118.31, 10:10 [6, 8451, 8925, 8771, 8493, 8897, 9002, 9030, 8974, -6]
614:109.95, 10:10 [6, 8868, 8608, 8662, 8766, 8437, -6]
615:92.72, 7:10 [6, 8583, 8526, 8762, 8517, -6]
618:80.08, 10:10 [6, 8672, 8531, 8562, 8893, -6]
619:149.22, 10:10 [6, 8547, 8666, 8420, 8683, 8426, 8689, -6]
620:58.45, 10:10 [6, 8465, 8466, 8458, -6]
621:77.11, 10:10 [6, 8477, 8684, 8567, 8591, -6]
622:62.90, 9:10 [6, 8899, 8828, 8809, -6]
623:114.22, 10:10 [6, 8540, 8720, 8756, 8823, 8758, 8560, 8620, -6]
624:41.24, 8:10 [6, 8556, 8584, -6]
625:63.62, 8:10 [6, 8732, 8900, 8968, 8706, -6]
626:122.08, 10:10 [6, 8653, 8568, 8957, 8912, 9001, 8728, -6]
627:85.46, 10:10 [6, 8866, 8488, 8733, 8463, 8987, -6]
629:69.87, 10:10 [6, 9027, 8995, 9010, 8754, -6]
639:167.95, 10:10 [6, 8979, 8924, 8992, 8698, 9007, -6]
701:45.45, 8:10 [7, 8717, 9034, 8934, 8870, -7]
702:37.57, 9:10 [7, 8532, 8446, 8626, -7]
703:85.57, 10:10 [7, 8743, 8898, 8524, 9024, 8751, 8792, -7]
704:100.07, 10:10 [7, 8422, 8797, 8816, 8831, -7]
705:103.32, 10:10 [7, 8462, 8448, 8441, 8962, 8686, 8907, -7]
706:71.32, 9:10 [7, 8432, 8986, 8674, 8564, -7]
707:10.00, 4:10 [7, 8469, -7]
709:210.25, 10:10 [7, 8508, 8937, 8647, 8550, 8444, 8644, 8936, -7]
710:104.59, 9:10 [7, 8795, 8513, 8679, 8668, 8629, -7]
711:66.95, 10:10 [7, 8729, 8952, 8858, 8919, -7]
712:74.05, 10:10 [7, 8778, 8847, 8967, 8764, -7]
713:87.27, 10:10 [7, 8528, 8951, 9000, 8849, 8775, 8482, -7]
714:106.54, 10:10 [7, 8709, 8586, 8637, 8830, 8740, 8671, 8935, 8570, 8529, -7]
716:59.33, 9:10 [7, 8480, 8852, 8576, 8561, 8854, 8975, -7]
fe: 6, se: 40

Day: 1, Time: 0
Total Cost: 5388.55
 11:94.59, 57:75 [3, 8, -8, -3]
 12:94.59, 69:75 [3, 8, -8, -3]
 13:94.59, 26:75 [3, 8, -8, -3]
 14:94.59, 20:75 [3, -8, -3]
 15:90.24, 75:75 [3, 9, -9, -3]
 16:90.24, 37:75 [3, 9, -9, -3]
 18:90.24, 9:75 [3, 9, -9, -3]
 19:90.24, 75:75 [3, 9, -9, -3]
801:117.55, 10:10 [8, 8959, 8803, 8963, 8874, -8]
802:64.59, 10:10 [8, 8848, 8681, 8691, 8910, 8539, -8]
803:124.32, 10:10 [8, 8761, 8703, 8640, 8759, 8453, 8867, -8]
804:132.18, 10:10 [8, 8596, 8812, 8807, 8634, 8601, -8]
805:94.04, 10:10 [8, 8892, 8780, 8945, 8971, -8]
806:95.31, 10:10 [8, 8773, 8815, 8589, 8860, 8521, 8842, -8]
807:76.51, 10:10 [8, 8836, 8844, 9023, -8]
808:133.98, 10:10 [8, 8704, 8811, 8800, 8533, -8]
809:30.25, 8:10 [8, 8824, 9015, 8819, -8]
810:76.04, 10:10 [8, 8990, 8588, 8625, 8544, -8]
811:111.61, 10:10 [8, 8639, 8424, 8606, 8495, -8]
812:96.84, 10:10 [8, 8609, 8510, 8471, 8618, 8559, -8]
813:103.83, 8:10 [8, 8467, 8694, 8696, 8659, 8476, -8]
814:55.79, 10:10 [8, 8530, 8498, 8602, -8]
816:85.53, 10:10 [8, 9025, 8636, 8492, -8]
817:96.75, 10:10 [8, 8449, 8884, 8851, 8946, -8]
818:44.59, 10:10 [8, 8552, 8693, 8546, 8514, -8]
819:98.54, 9:10 [8, 8915, 8725, 8630, 9012, -8]
821:121.72, 10:10 [8, 8742, 8685, 8850, 8714, 8750, 8645, -8]
822:129.40, 10:10 [8, 8652, 8996, 8622, 8440, 8615, -8]
823:101.83, 10:10 [8, 8949, 8806, 8909, 8978, 8716, -8]
827:104.12, 10:10 [8, 8594, 8496, 8856, 8676, 8648, -8]
901:83.44, 9:10 [9, 8551, 8675, 8598, 8541, -9]
902:131.41, 10:10 [9, 8454, 8688, 8592, 8697, 8723, -9]
903:74.85, 9:10 [9, 8573, 8470, 8643, 8582, -9]
904:108.85, 10:10 [9, 8965, 8841, 9020, 9003, 8700, -9]
905:90.10, 9:10 [9, 8943, 8982, 9018, 8734, -9]
906:90.18, 10:10 [9, 8801, 8705, 9022, 8896, -9]
907:105.93, 10:10 [9, 8554, 8665, 8489, 8574, -9]
908:18.54, 8:10 [9, 8840, 8991, -9]
909:105.39, 9:10 [9, 8569, 8744, 8953, 8869, 8876, 8906, -9]
910:54.30, 9:10 [9, 8835, 9006, 8810, -9]
911:102.72, 10:10 [9, 8579, 8572, 8499, -9]
912:24.60, 8:10 [9, 8885, 8749, -9]
913:51.91, 10:10 [9, 8642, 8664, 8692, 8646, -9]
914:15.23, 4:10 [9, 8590, -9]
915:61.79, 9:10 [9, 8886, 8485, 8752, 8507, -9]
916:120.29, 9:10 [9, 8497, 8455, 8484, 8445, 8660, 8785, -9]
917:85.70, 10:10 [9, 8805, 8479, 8793, 8973, 8822, -9]
918:147.58, 10:10 [9, 8820, 8777, 8708, 8947, 8788, 8783, 8911, 8438, -9]
919:50.04, 4:10 [9, 8804, -9]
920:88.33, 10:10 [9, 8715, 8727, 8834, 8832, -9]
921:144.64, 10:10 [9, 8944, 8538, 8516, -9]
922:93.81, 10:10 [9, 8429, 8535, 8641, 8798, 8857, -9]
923:116.47, 9:10 [9, 8623, 8889, 8468, 8447, 9021, -9]
924:65.38, 10:10 [9, 8782, 8735, 8984, 8741, -9]
925:100.48, 9:10 [9, 8997, 8970, 8486, 8481, 8494, 8542, -9]
926:120.74, 10:10 [9, 8702, 8443, 8690, 8616, 8956, -9]
928:83.84, 10:10 [9, 8894, 8430, 8566, 8603, -9]
929:101.41, 10:10 [9, 8763, 8802, 8961, 8490, 8770, 8883, -9]
930:115.95, 10:10 [9, 9032, 8929, 9019, 8464, 8748, -9]
fe: 8, se: 51

Day: 1, Time: 25
Total Cost: 498.08
 11:136.01, 15:75 [1, -4, -1]
401:154.12, 7:10 [4, 14761, 13607, -4]
402:71.12, 4:10 [4, 13994, 14502, -4]
403:136.82, 4:10 [4, 11450, -4]
fe: 1, se: 3

Day: 1, Time: 35
Total Cost: 613.89
 11:66.27, 15:75 [2, -6, -2]
 12:66.27, 4:75 [2, -6, -2]
601:160.83, 5:10 [6, 10061, 16903, -6]
602:110.64, 6:10 [6, 15338, 12020, 15532, 12788, -6]
603:137.07, 4:10 [6, 14830, 12888, -6]
604:72.80, 4:10 [6, 13334, -6]
fe: 2, se: 4

Day: 1, Time: 40
Total Cost: 483.19
 11:136.01, 3:75 [1, -4, -1]
 12:153.31, 7:75 [1, -5, -1]
401:64.78, 3:10 [4, 16558, -4]
501:129.09, 7:10 [5, 16887, 14007, -5]
fe: 2, se: 2

Day: 1, Time: 40
Total Cost: 610.58
 11:94.59, 4:75 [3, -8, -3]
 12:94.59, 3:75 [3, -8, -3]
 13:90.24, 9:75 [3, -9, -3]
801:119.12, 4:10 [8, 14030, 16709, -8]
802:49.40, 3:10 [8, 13756, -8]
902:162.63, 9:10 [9, 16414, 9520, 10814, -9]
fe: 3, se: 3

Day: 1, Time: 45
Total Cost: 233.35
 11:66.27, 9:75 [2, -6, -2]
601:167.07, 9:10 [6, 17006, 13240, 10590, -6]
fe: 1, se: 1

Day: 1, Time: 45
Total Cost: 201.75
 11:94.59, 6:75 [3, -8, -3]
801:107.15, 6:10 [8, 9451, 9807, -8]
fe: 1, se: 1

Day: 1, Time: 50
Total Cost: 223.42
 11:66.27, 2:75 [2, -6, -2]
601:65.15, 1:10 [6, 9861, -6]
602:92.00, 1:10 [6, 10083, -6]
fe: 1, se: 2

Day: 1, Time: 55
Total Cost: 302.54
 11:66.27, 4:75 [2, -6, -2]
601:87.86, 2:10 [6, 12865, -6]
602:148.41, 2:10 [6, 15280, 9192, -6]
fe: 1, se: 2

Day: 1, Time: 55
Total Cost: 256.18
 11:90.24, 8:75 [3, -9, -3]
901:90.33, 5:10 [9, 11776, 15485, -9]
902:75.60, 3:10 [9, 13523, -9]
fe: 1, se: 2

Day: 1, Time: 60
Total Cost: 471.18
 11:136.01, 4:75 [1, -4, -1]
 12:136.01, 1:75 [1, -4, -1]
401:59.36, 4:10 [4, 13724, -4]
402:139.79, 1:10 [4, 14620, -4]
fe: 2, se: 2

Day: 1, Time: 60
Total Cost: 364.06
 11:66.27, 4:75 [2, -6, -2]
 12:66.27, 2:75 [2, -6, -2]
601:126.14, 4:10 [6, 9392, -6]
602:105.37, 2:10 [6, 9389, 16310, -6]
fe: 2, se: 2

Day: 1, Time: 70
Total Cost: 245.11
 12:153.31, 6:75 [1, -5, -1]
501:47.07, 2:10 [5, 15755, -5]
502:44.72, 4:10 [5, 14670, -5]
fe: 1, se: 2

Day: 1, Time: 70
Total Cost: 407.01
 11:66.27, 2:75 [2, -6, -2]
 12:66.27, 6:75 [2, -6, -2]
601:76.42, 1:10 [6, 14274, -6]
602:99.54, 6:10 [6, 13423, 12511, -6]
603:98.51, 1:10 [6, 16133, -6]
fe: 2, se: 3

Day: 1, Time: 75
Total Cost: 165.48
 11:153.31, 4:75 [1, -5, -1]
501:12.17, 4:10 [5, 11177, -5]
fe: 1, se: 1

Day: 1, Time: 80
Total Cost: 221.57
 11:153.31, 4:75 [1, -5, -1]
501:68.26, 4:10 [5, 16077, -5]
fe: 1, se: 1

Day: 1, Time: 80
Total Cost: 326.38
 11:90.24, 6:75 [3, -9, -3]
 12:90.24, 1:75 [3, -9, -3]
901:79.62, 6:10 [9, 12305, 12331, -9]
903:66.27, 1:10 [9, 12363, -9]
fe: 2, se: 2

Day: 1, Time: 85
Total Cost: 168.47
 11:90.24, 3:75 [3, -9, -3]
901:78.23, 3:10 [9, 10849, -9]
fe: 1, se: 1

Day: 1, Time: 90
Total Cost: 159.55
 11:94.59, 4:75 [3, -8, -3]
802:64.95, 4:10 [8, 10378, 12931, -8]
fe: 1, se: 1

Day: 1, Time: 105
Total Cost: 615.41
 11:136.01, 9:75 [1, -4, -1]
 12:153.31, 3:75 [1, -5, -1]
 13:153.31, 1:75 [1, -5, -1]
401:138.37, 9:10 [4, 11798, 16772, 12889, -4]
501:14.00, 3:10 [5, 12333, -5]
502:20.40, 1:10 [5, 16561, -5]
fe: 3, se: 3

Day: 1, Time: 105
Total Cost: 453.22
 11:66.27, 20:75 [2, -6, -2]
 13:66.27, 1:75 [2, -6, -2]
601:84.47, 6:10 [6, 11175, 11332, -6]
602:65.97, 2:10 [6, 16750, -6]
603:97.20, 4:10 [6, 10966, 10074, -6]
604:10.00, 1:10 [6, 17090, -6]
605:63.03, 8:10 [6, 16618, 9798, -6]
fe: 2, se: 5

Day: 1, Time: 110
Total Cost: 253.40
 11:136.01, 3:75 [1, -4, -1]
401:117.39, 3:10 [4, 10259, -4]
fe: 1, se: 1

Day: 1, Time: 110
Total Cost: 173.52
 11:145.23, 1:75 [2, -7, -2]
701:28.28, 1:10 [7, 16593, -7]
fe: 1, se: 1

Day: 1, Time: 115
Total Cost: 138.24
 11:66.27, 4:75 [2, -6, -2]
601:71.97, 4:10 [6, 9439, 13652, -6]
fe: 1, se: 1

Day: 1, Time: 120
Total Cost: 536.19
 11:94.59, 1:75 [3, -8, -3]
 13:90.24, 10:75 [3, -9, -3]
801:110.72, 1:10 [8, 15094, -8]
901:71.61, 4:10 [9, 11150, -9]
902:77.25, 4:10 [9, 10886, -9]
903:91.76, 2:10 [9, 13447, -9]
fe: 2, se: 4

Day: 1, Time: 125
Total Cost: 334.38
 11:90.24, 4:75 [3, -9, -3]
 12:90.24, 1:75 [3, -9, -3]
901:96.17, 4:10 [9, 12322, -9]
902:57.72, 1:10 [9, 10549, -9]
fe: 2, se: 2

Day: 1, Time: 130
Total Cost: 337.89
 11:66.27, 2:75 [2, -6, -2]
 12:145.23, 2:75 [2, -7, -2]
601:71.47, 2:10 [6, 14566, -6]
701:54.92, 2:10 [7, 12595, -7]
fe: 2, se: 2

Day: 1, Time: 135
Total Cost: 360.62
 11:136.01, 3:75 [1, -4, -1]
 12:136.01, 3:75 [1, -4, -1]
401:44.41, 3:10 [4, 11290, -4]
402:44.18, 3:10 [4, 10153, -4]
fe: 2, se: 2

Day: 1, Time: 135
Total Cost: 548.88
 11:94.59, 5:75 [3, -8, -3]
 12:94.59, 2:75 [3, -8, -3]
 13:90.24, 2:75 [3, -9, -3]
802:34.06, 2:10 [8, 17020, -8]
803:127.74, 5:10 [8, 12683, 11735, -8]
901:107.65, 2:10 [9, 11684, -9]
fe: 3, se: 3

Day: 1, Time: 140
Total Cost: 198.30
 11:136.01, 3:75 [1, -4, -1]
401:62.29, 3:10 [4, 11464, -4]
fe: 1, se: 1

Day: 1, Time: 145
Total Cost: 320.40
 11:94.59, 3:75 [3, -8, -3]
 12:94.59, 4:75 [3, -8, -3]
801:56.04, 3:10 [8, 11436, -8]
802:75.18, 4:10 [8, 12409, -8]
fe: 2, se: 2

Day: 1, Time: 150
Total Cost: 263.02
 11:94.59, 2:75 [3, -8, -3]
 12:90.24, 2:75 [3, -9, -3]
801:53.85, 2:10 [8, 13894, -8]
901:24.33, 2:10 [9, 10185, -9]
fe: 2, se: 2

Day: 1, Time: 160
Total Cost: 253.24
 11:66.27, 6:75 [2, -6, -2]
601:68.82, 4:10 [6, 10469, -6]
602:118.15, 2:10 [6, 16246, -6]
fe: 1, se: 2

Day: 1, Time: 160
Total Cost: 196.92
 11:90.24, 2:75 [3, -9, -3]
901:106.68, 2:10 [9, 10639, -9]
fe: 1, se: 1

Day: 1, Time: 170
Total Cost: 147.43
 11:94.59, 4:75 [3, -8, -3]
801:52.84, 4:10 [8, 11653, -8]
fe: 1, se: 1

Day: 1, Time: 175
Total Cost: 803.56
 11:136.01, 6:75 [1, -4, -1]
 12:136.01, 6:75 [1, -4, -1]
 13:153.31, 3:75 [1, -5, -1]
401:53.57, 6:10 [4, 11179, 14320, -4]
403:212.85, 6:10 [4, 14780, 10231, -4]
501:111.80, 3:10 [5, 10125, -5]
fe: 3, se: 3

Day: 1, Time: 190
Total Cost: 190.99
 11:94.59, 6:75 [3, -8, -3]
802:96.40, 6:10 [8, 16703, 12319, -8]
fe: 1, se: 1

Day: 1, Time: 265
Total Cost: 636.08
 11:66.27, 41:75 [2, -6, -2]
601:127.52, 10:10 [6, 13612, 14126, 12279, 14147, 10223, 12313, -6]
602:194.29, 10:10 [6, 11916, 12396, 16121, 10652, -6]
603:105.80, 10:10 [6, 16470, 17032, 11818, -6]
604:107.96, 7:10 [6, 11035, 9322, 14328, 14785, -6]
605:34.23, 4:10 [6, 9880, -6]
fe: 1, se: 5

Day: 1, Time: 285
Total Cost: 220.79
 11:66.27, 8:75 [2, -6, -2]
601:97.29, 5:10 [6, 15033, 9621, -6]
602:57.23, 3:10 [6, 11147, 14357, -6]
fe: 1, se: 2

Day: 1, Time: 290
Total Cost: 797.60
 11:136.01, 16:75 [1, -4, -1]
 12:153.31, 27:75 [1, -5, -1]
401:205.67, 10:10 [4, 10394, 16563, 12171, 9676, 16471, -4]
402:74.53, 6:10 [4, 10889, 15252, -4]
502:99.21, 9:10 [5, 15862, 16399, 9957, 10807, -5]
503:37.74, 8:10 [5, 15838, 10413, -5]
504:91.12, 10:10 [5, 15863, 13194, 15413, 15235, -5]
fe: 2, se: 5

Day: 1, Time: 290
Total Cost: 695.74
 11:90.24, 38:75 [3, -9, -3]
901:131.72, 9:10 [9, 10928, 13079, 9293, 10324, -9]
902:107.74, 7:10 [9, 15969, 13309, -9]
903:132.07, 8:10 [9, 13436, 12327, -9]
904:107.15, 5:10 [9, 15609, 9730, -9]
905:126.81, 9:10 [9, 16669, 9716, 16977, 11860, 11185, -9]
fe: 1, se: 5

Day: 1, Time: 300
Total Cost: 356.81
 11:136.01, 14:75 [1, -4, -1]
402:117.18, 8:10 [4, 12698, 10742, -4]
403:103.62, 6:10 [4, 13833, 12673, -4]
fe: 1, se: 2

Day: 1, Time: 300
Total Cost: 272.30
 11:66.27, 9:75 [2, -6, -2]
602:89.11, 2:10 [6, 12919, -6]
603:116.92, 7:10 [6, 14568, 15149, -6]
fe: 1, se: 2

Day: 1, Time: 360
Total Cost: 1687.02
 11:136.01, 37:75 [1, 4, -4, -1]
 12:153.31, 45:75 [1, 5, -5, -1]
401:136.61, 10:10 [4, 10216, 4198, 5360, 294, 3330, -4]
402:109.37, 9:10 [4, 1371, 154, 10329, 11091, 92, 11130, 239, -4]
403:110.51, 8:10 [4, 27, 52, 337, 112, 7443, 208, 26, -4]
404:84.51, 7:10 [4, 14895, 6795, 12018, -4]
406:149.50, 9:10 [4, 4098, 16526, 3086, 267, -4]
412:138.68, 9:10 [4, 12500, 16683, 2485, 13, 54, -4]
501:135.29, 10:10 [5, 4550, 15653, 3615, 29, 302, -5]
503:168.29, 8:10 [5, 180, 219, 1117, -5]
504:154.40, 10:10 [5, 8019, 256, 14163, 7498, -5]
505:111.59, 10:10 [5, 6648, 1495, 69, 129, 4962, -5]
506:98.94, 7:10 [5, 310, 4833, 6842, 38, -5]
fe: 2, se: 11

Day: 1, Time: 360
Total Cost: 720.88
 11:94.59, 24:75 [3, 8, -8, -3]
801:132.58, 10:10 [8, 8213, 5876, 249, 16955, -8]
802:124.45, 7:10 [8, 10354, 15585, 16, 1393, 6590, 699, 9257, 1171, -8]
803:104.52, 4:10 [8, 258, 9285, 10713, -8]
804:122.97, 4:10 [8, 7903, 262, 102, 12102, -8]
806:141.75, 8:10 [8, 290, 12367, 11007, 5584, 53, 16773, -8]
fe: 1, se: 5

Day: 1, Time: 365
Total Cost: 755.41
 11:66.27, 34:75 [2, 6, -6, -2]
601:179.61, 6:10 [6, 1859, 13018, 259, 10146, -6]
602:139.21, 9:10 [6, 14035, 5340, 12131, 24, 273, 179, 13692, -6]
603:129.26, 10:10 [6, 186, 216, 15456, 11624, 13992, -6]
604:134.99, 7:10 [6, 12486, 116, 15910, 193, 8330, 1688, -6]
605:106.07, 10:10 [6, 333, 10067, 263, 12038, 10286, -6]
fe: 1, se: 5

Day: 1, Time: 390
Total Cost: 351.47
 11:136.01, 9:75 [1, -4, -1]
401:146.40, 5:10 [4, 11292, 16498, -4]
402:69.05, 4:10 [4, 14445, -4]
fe: 1, se: 2

Day: 1, Time: 390
Total Cost: 263.56
 11:66.27, 6:75 [2, -6, -2]
601:78.23, 1:10 [6, 10716, -6]
602:119.05, 5:10 [6, 10288, 12463, -6]
fe: 1, se: 2

Day: 1, Time: 395
Total Cost: 182.63
 11:66.27, 4:75 [2, -6, -2]
601:116.36, 4:10 [6, 16786, -6]
fe: 1, se: 1

Day: 1, Time: 400
Total Cost: 499.29
 11:113.51, 19:75 [3, -8, -9, -3]
801:122.55, 5:10 [8, 12258, 15891, -8]
802:28.07, 1:10 [8, 10654, -8]
901:95.70, 7:10 [9, 14200, 15797, -9]
902:139.46, 6:10 [9, 11095, 15959, -9]
fe: 1, se: 4

Day: 1, Time: 405
Total Cost: 1979.03
 11:136.01, 71:75 [1, 4, -1]
 12:136.01, 29:75 [1, 4, -1]
 13:153.31, 72:75 [1, 5, -5, -1]
401:132.85, 10:10 [4, 1900, 8060, 194, 328, -4]
402:71.36, 8:10 [4, 277, 7928, -4]
403:93.42, 7:10 [4, 107, 339, 177, -4]
404:30.62, 7:10 [4, 278, 61, -4]
405:35.67, 9:10 [4, 39, 15, 150, -4]
406:43.64, 10:10 [4, 64, 329, 2642, -4]
408:65.32, 10:10 [4, 2963, 271, 59, -4]
412:81.33, 9:10 [4, 133, 66, 5204, 22, -4]
413:59.07, 10:10 [4, 35, 132, 25, 142, 78, -4]
414:151.89, 10:10 [4, 172, 344, 269, 4757, -4]
416:112.45, 10:10 [4, 89, 281, 44, 4241, -4]
501:73.50, 9:10 [5, 209, 51, 90, -5]
502:99.25, 10:10 [5, 244, 80, 312, -5]
503:99.67, 10:10 [5, 30, 749, 85, 130, 332, -5]
504:136.04, 9:10 [5, 98, 2460, 301, -5]
505:78.75, 10:10 [5, 157, 83, 160, -5]
506:68.23, 7:10 [5, 261, 3641, -5]
507:41.40, 8:10 [5, 225, 222, 9904, -5]
508:79.22, 9:10 [5, 321, 4175, 68, 2196, -5]
fe: 3, se: 19

Day: 1, Time: 405
Total Cost: 2062.01
 11:66.27, 59:75 [2, 6, -2]
 12:66.27, 39:75 [2, 6, -2]
 13:145.23, 54:75 [2, 7, -2]
 14:66.27, 10:75 [2, 6, -6, -2]
601:36.74, 10:10 [6, 145, 173, 91, -6]
602:74.62, 10:10 [6, 115, 121, 282, 131, -6]
603:133.73, 10:10 [6, 184, 233, 8197, -6]
604:133.54, 9:10 [6, 275, 338, 319, 165, -6]
605:149.82, 10:10 [6, 316, 2774, 16800, 283, -6]
606:67.02, 10:10 [6, 134, 195, 170, -6]
608:168.32, 10:10 [6, 152, 97, 5980, -6]
609:108.66, 10:10 [6, 206, 2760, 125, -6]
615:136.66, 10:10 [6, 137, 73, 341, 93, 63, 37, -6]
616:83.81, 9:10 [6, 230, 161, 218, -6]
619:110.55, 10:10 [6, 10, 113, 255, 18, 253, -6]
701:79.46, 8:10 [7, 7387, 34, 2159, -7]
702:67.62, 6:10 [7, 96, 120, 70, -7]
703:55.42, 8:10 [7, 100, 202, 103, -7]
704:78.25, 9:10 [7, 87, 32, 3719, 110, -7]
705:88.69, 7:10 [7, 276, 5812, 1482, -7]
706:65.49, 6:10 [7, 1463, 252, -7]
707:79.59, 10:10 [7, 295, 153, 84, 198, -7]
fe: 4, se: 18

Day: 1, Time: 405
Total Cost: 1685.10
 11:113.51, 50:75 [3, 8, -9, -3]
 12:90.24, 75:75 [3, 9, -3]
 13:90.24, 10:75 [3, 9, -3]
801:112.00, 10:10 [8, 171, 235, 3643, 119, 1384, -8]
802:5.66, 4:10 [8, 175, -8]
804:95.36, 10:10 [8, 42, 232, 138, -8]
806:79.18, 7:10 [8, 210, 187, 169, -8]
807:92.93, 9:10 [8, 289, 211, 251, 99, 268, -8]
808:129.18, 10:10 [8, 279, 5034, 260, 147, 284, -8]
901:127.26, 10:10 [9, 67, 231, 320, -9]
902:102.89, 10:10 [9, 305, 163, 238, 143, -9]
903:94.74, 10:10 [9, 159, 181, 109, 243, 9243, 343, -9]
904:89.77, 10:10 [9, 223, 82, 14338, 141, 207, -9]
905:130.96, 9:10 [9, 315, 326, 6071, -9]
906:80.27, 10:10 [9, 265, 11, 88, 47, 2276, 128, -9]
907:28.25, 6:10 [9, 1108, 340, -9]
908:108.39, 10:10 [9, 5317, 2487, 3905, -9]
912:114.25, 10:10 [9, 81, 314, 7065, 200, 264, 237, -9]
fe: 3, se: 15

Day: 1, Time: 410
Total Cost: 362.34
 11:113.51, 9:75 [3, -8, -9, -3]
801:96.19, 4:10 [8, 13337, 14978, -8]
901:152.65, 5:10 [9, 16285, 13120, -9]
fe: 1, se: 2

Day: 1, Time: 420
Total Cost: 179.50
 11:66.27, 4:75 [2, -6, -2]
601:113.23, 4:10 [6, 15207, -6]
fe: 1, se: 1

Day: 1, Time: 425
Total Cost: 182.24
 11:136.01, 4:75 [1, -4, -1]
401:46.23, 4:10 [4, 13636, 14831, -4]
fe: 1, se: 1

Day: 1, Time: 425
Total Cost: 142.64
 11:94.59, 4:75 [3, -8, -3]
801:48.04, 4:10 [8, 12148, -8]
fe: 1, se: 1

Day: 1, Time: 450
Total Cost: 308.34
 11:136.01, 5:75 [1, 4, -1]
401:70.94, 2:10 [4, 7556, -4]
402:101.39, 3:10 [4, 7724, -4]
fe: 1, se: 2

Day: 1, Time: 450
Total Cost: 816.27
 11:66.27, 50:75 [2, 6, -2]
601:129.53, 8:10 [6, 308, 48, 21, -6]
602:163.00, 7:10 [6, 250, 205, 123, -6]
603:65.32, 7:10 [6, 94, 77, -6]
604:132.45, 8:10 [6, 183, 2994, 139, 241, -6]
605:98.22, 10:10 [6, 1569, 185, 49, 17, -6]
606:79.87, 7:10 [6, 215, 40, 75, -6]
607:81.61, 3:10 [6, 41, -6]
fe: 1, se: 7

Day: 1, Time: 450
Total Cost: 681.58
 11:94.59, 35:75 [3, 8, -3]
 12:90.24, 6:75 [3, 9, -3]
801:96.81, 8:10 [8, 155, 5630, 2489, -8]
802:131.17, 8:10 [8, 28, 248, 124, -8]
803:102.08, 9:10 [8, 149, 286, 136, -8]
804:74.13, 9:10 [8, 228, 226, 36, 101, -8]
805:24.41, 1:10 [8, 213, -8]
901:68.15, 6:10 [9, 1779, 323, -9]
fe: 2, se: 6

Day: 1, Time: 460
Total Cost: 141.45
 11:66.27, 2:75 [2, 6, -2]
601:75.18, 2:10 [6, 4199, -6]
fe: 1, se: 1

Day: 1, Time: 460
Total Cost: 330.25
 12:90.24, 10:75 [3, 9, -3]
901:116.52, 3:10 [9, 1435, -9]
902:123.49, 7:10 [9, 8082, 3108, -9]
fe: 1, se: 2

Day: 1, Time: 525
Total Cost: 101.88
 11:66.27, 4:75 [2, 6, -2]
601:35.61, 4:10 [6, 8013, -6]
fe: 1, se: 1


Day	Area	ID	Time	Load	Utilization	NoOrders	AssignmentCost
1	1	 8	315	 90	1.00	36	975.00
1	1	27	315	 67	0.74	29	745.00
1	1	28	360	 85	0.94	34	925.00
1	1	119	400	 12	0.07	 4	390.00
1	1	13	540	 16	0.15	 5	188.00
1	1	17	720	 47	0.65	18	654.00
1	1	19	810	 72	1.00	40	954.00
1	1	38	810	 72	1.00	20	954.00
1	2	44	225	 10	0.11	 5	175.00
1	2	45	270	 16	0.18	10	235.00
1	2	145	300	 29	0.16	20	730.00
1	2	65	315	 55	0.61	25	625.00
1	2	46	315	 90	1.00	31	975.00
1	2	66	360	  6	0.07	 2	135.00
1	2	51	540	  9	0.08	 3	132.00
1	2	53	630	 72	0.80	21	795.00
1	2	57	810	 72	1.00	31	954.00
1	2	76	810	 72	1.00	36	954.00
1	3	102	270	 48	0.53	20	555.00
1	3	163	300	 26	0.14	15	670.00
1	3	103	315	 79	0.88	31	865.00
1	3	84	315	 88	0.98	30	955.00
1	3	104	360	  5	0.06	 2	125.00
1	3	106	450	  4	0.04	 1	92.00
1	3	89	540	 19	0.18	 5	212.00
1	3	91	630	 72	0.80	24	795.00
1	3	114	810	 72	1.00	34	954.00
1	3	95	810	 72	1.00	29	954.00


Day	Area	Time	Pickup	Delivery	Direct	FEVehicles	SEVehicles	ALNSTime	ALNSBestTime	RoutingCostArea
1	1	0	119	89	0	7	51	231.13	177.42	6260.98
1	1	25	5	0	0	1	3	0.43	0.00	498.08
1	1	40	3	0	0	2	2	0.36	0.00	483.19
1	1	60	2	0	0	2	2	0.30	0.00	471.18
1	1	70	2	0	0	1	2	0.32	0.00	245.11
1	1	75	1	0	0	1	1	0.18	0.00	165.48
1	1	80	1	0	0	1	1	0.18	0.00	221.57
1	1	105	5	0	0	3	3	0.84	0.00	615.41
1	1	110	1	0	0	1	1	0.20	0.00	253.40
1	1	135	2	0	0	2	2	0.29	0.00	360.62
1	1	140	1	0	0	1	1	0.18	0.00	198.30
1	1	175	5	0	1	3	3	0.61	0.00	1303.56
1	1	290	17	0	0	2	5	1.29	0.00	797.60
1	1	300	4	0	0	1	2	0.41	0.00	356.81
1	1	360	11	41	0	2	11	18.03	9.26	1687.02
1	1	390	3	0	0	1	2	0.30	0.00	351.47
1	1	405	1	62	0	3	19	11.99	8.29	1979.03
1	1	425	2	0	0	1	1	0.24	0.00	182.24
1	1	450	0	2	0	1	2	0.30	0.00	308.34
1	2	0	100	88	0	6	40	167.83	122.57	4100.88
1	2	35	9	0	0	2	4	0.92	0.00	613.89
1	2	45	3	0	0	1	1	0.36	0.00	233.35
1	2	50	2	0	0	1	2	0.24	0.00	223.42
1	2	55	3	0	0	1	2	0.32	0.00	302.54
1	2	60	3	0	0	2	2	0.36	0.00	364.06
1	2	70	4	0	0	2	3	0.45	0.00	407.01
1	2	105	8	0	0	2	5	0.61	0.00	453.22
1	2	110	1	0	0	1	1	0.18	0.00	173.52
1	2	115	2	0	0	1	1	0.24	0.00	138.24
1	2	130	2	0	0	2	2	0.29	0.00	337.89
1	2	150	0	0	1	0	0	0.00	0.00	500.00
1	2	160	2	0	0	1	2	0.24	0.00	253.24
1	2	265	18	0	0	1	5	1.76	0.26	636.08
1	2	285	4	0	0	1	2	0.37	0.00	220.79
1	2	300	3	0	0	1	2	0.33	0.00	272.30
1	2	365	13	14	0	1	5	2.29	0.17	755.41
1	2	390	3	0	0	1	2	0.26	0.00	263.56
1	2	395	1	0	0	1	1	0.18	0.00	182.63
1	2	405	1	62	0	4	18	14.10	10.63	2062.01
1	2	420	1	0	0	1	1	0.18	0.00	179.50
1	2	450	0	20	0	1	7	1.62	0.27	816.27
1	2	460	0	1	0	1	1	0.18	0.00	141.45
1	2	525	0	1	0	1	1	0.18	0.00	101.88
1	3	0	116	103	0	8	51	188.78	129.69	5388.55
1	3	40	6	0	0	3	3	0.55	0.00	610.58
1	3	45	2	0	0	1	1	0.28	0.00	201.75
1	3	55	3	0	0	1	2	0.34	0.00	256.18
1	3	80	3	0	0	2	2	0.38	0.00	326.38
1	3	85	1	0	0	1	1	0.18	0.00	168.47
1	3	90	2	0	0	1	1	0.24	0.00	159.55
1	3	120	4	0	0	2	4	0.44	0.26	536.19
1	3	125	2	0	0	2	2	0.33	0.00	334.38
1	3	135	4	0	0	3	3	0.60	0.00	548.88
1	3	145	2	0	0	2	2	0.30	0.00	320.40
1	3	150	2	0	0	2	2	0.32	0.00	263.02
1	3	160	1	0	1	1	1	0.18	0.00	696.92
1	3	170	1	0	0	1	1	0.18	0.00	147.43
1	3	190	2	0	0	1	1	0.24	0.00	190.99
1	3	290	15	0	0	1	5	2.18	0.71	695.74
1	3	360	10	15	0	1	5	2.06	0.12	720.88
1	3	400	7	0	0	1	4	0.55	0.00	499.29
1	3	405	2	58	0	3	15	10.66	0.00	1685.10
1	3	410	4	0	0	1	2	0.51	0.00	362.34
1	3	425	1	0	0	1	1	0.17	0.00	142.64
1	3	450	0	16	0	2	6	1.41	0.35	681.58
1	3	460	0	3	0	1	2	0.30	0.00	330.25

Day	SL	Own	DispatchTimes	AssignmentCost	RoutingCost	TotalCost
1	25	3	43	17672.00	45740.02	63412.02

Total Cost: 63412.01542200389
Cost per Day: 63412.01542200389
Running time in Seconds: 907.417
Running time in minutes: 15.123616666666667