INSTANCE: 4hubs_MND_A_19_x.csv
PARAMETER: tuning_standard.txt
POLICY: MIP
ALPHA: 0.0877891485046246
BETA: 65
OMEGA: 586
EPSILON: 1.1090465860297

Day: 1, Time: 0
Total Cost: 8666.71
 11:136.01, 74:75 [1, 5, -5, -1]
 12:136.01, 64:75 [1, 5, -5, -1]
 13:136.01, 52:75 [1, 5, -5, -1]
 14:136.01, 73:75 [1, 5, -5, -1]
 15:136.01, 46:75 [1, 5, -5, -1]
 16:153.31, 73:75 [1, 6, -6, -1]
 17:153.31, 75:75 [1, 6, -6, -1]
 18:153.31, 48:75 [1, 6, -6, -1]
 19:153.31, 53:75 [1, 6, -6, -1]
 20:153.31, 3:75 [1, -6, -1]
501:79.11, 9:10 [5, 16885, 17366, 16542, 16824, -5]
502:28.85, 10:10 [5, 16934, 17487, 16544, 17192, 16530, -5]
503:127.43, 10:10 [5, 16972, 16583, 17029, 17485, 17093, -5]
504:42.25, 8:10 [5, 17433, 16664, -5]
505:71.72, 10:10 [5, 17325, 17624, 17610, -5]
506:78.49, 8:10 [5, 16747, 17340, 16993, 17376, -5]
508:127.28, 10:10 [5, 16509, 17300, 16836, 17750, 16953, -5]
509:110.40, 9:10 [5, 17517, 17103, 17100, 16448, -5]
510:99.11, 10:10 [5, 16820, 16749, 16662, 16781, 17611, 17221, 17378, -5]
511:110.99, 10:10 [5, 17812, 17627, 16752, 17209, -5]
512:17.89, 4:10 [5, 17698, -5]
513:127.38, 9:10 [5, 16640, 17783, 17504, 17101, -5]
514:246.56, 10:10 [5, 17780, 16461, 17186, 16501, 17589, 16515, 17057, 17394, -5]
515:80.23, 10:10 [5, 17788, 16475, 16589, 16712, 17810, 17425, -5]
516:78.12, 8:10 [5, 17036, 16884, 17255, 16655, 17513, 17164, -5]
517:139.15, 10:10 [5, 16639, 17685, 17056, 17158, 17159, 17352, -5]
518:158.39, 8:10 [5, 16532, 16615, 16537, -5]
519:116.79, 10:10 [5, 17076, 16954, 17731, 17109, 17595, 16857, -5]
520:53.57, 10:10 [5, 17322, 17547, 17241, 17271, -5]
522:59.10, 4:10 [5, 16449, 17228, -5]
523:87.83, 9:10 [5, 16986, 16565, 16722, -5]
524:59.90, 9:10 [5, 17471, 16611, 17132, -5]
525:168.31, 10:10 [5, 17177, 17090, 17337, 17160, 17684, 16551, 17182, 17046, -5]
526:96.12, 10:10 [5, 17570, 17249, 16897, 17739, 17201, 17240, 16695, -5]
527:113.86, 10:10 [5, 17779, 16797, 17824, 16996, -5]
528:136.37, 10:10 [5, 16703, 17797, 17066, 16555, 17386, 16761, -5]
529:179.37, 10:10 [5, 16394, 17301, 16596, 17432, 16390, -5]
530:56.52, 9:10 [5, 16755, 16649, 16403, -5]
531:47.18, 8:10 [5, 16377, 17323, 17563, 16859, -5]
532:126.76, 10:10 [5, 16825, 16524, 16533, 17236, 17481, 16872, 17766, -5]
533:98.96, 9:10 [5, 17841, 17274, 17462, -5]
534:88.70, 10:10 [5, 16486, 16638, 16770, 16936, 17296, 16666, -5]
536:73.72, 9:10 [5, 16602, 16956, 17701, 16992, -5]
537:189.05, 10:10 [5, 16917, 17515, 17299, 16507, 16874, 16667, 16869, -5]
538:147.05, 10:10 [5, 16713, 16975, 17483, 17554, 17543, 17072, -5]
539:79.14, 9:10 [5, 16527, 16848, 16886, 17414, 16541, -5]
541:53.10, 9:10 [5, 17250, 16832, 17194, 17113, -5]
542:53.34, 8:10 [5, 17602, 17333, 16979, 17178, -5]
543:117.18, 10:10 [5, 16419, 16735, 16875, 17681, 16466, 17342, -5]
544:100.75, 10:10 [5, 16915, 17294, 17643, 17061, 17262, 16478, 17757, 17317, -5]
545:53.35, 8:10 [5, 16451, 16463, 16601, 17272, -5]
546:75.54, 8:10 [5, 17038, 16943, -5]
548:30.07, 6:10 [5, 17185, 17397, 17435, -5]
601:59.11, 10:10 [6, 17447, 17411, 17358, 16409, -6]
602:97.28, 10:10 [6, 17082, 17155, 17661, 16707, 16645, 16443, -6]
603:162.91, 10:10 [6, 16807, 16957, 16775, 17659, 17497, 16605, -6]
604:54.38, 8:10 [6, 16777, 16726, 16385, 16904, -6]
605:91.56, 10:10 [6, 17047, 17676, 16725, 17043, 17529, -6]
606:143.01, 10:10 [6, 16946, 16593, 17662, 16560, 17334, 16570, 17261, -6]
607:98.93, 10:10 [6, 17821, 17564, 17291, 16732, -6]
608:185.36, 9:10 [6, 16670, 16844, 17723, 16577, 17062, 17363, -6]
609:170.39, 10:10 [6, 17070, 16759, 17538, 17085, 16706, 16926, -6]
610:145.72, 8:10 [6, 16810, 17792, 16911, 17180, 17740, 17584, -6]
611:87.11, 10:10 [6, 16772, 17843, 17129, 17575, 16677, 17446, -6]
612:111.46, 10:10 [6, 17555, 17140, 16816, -6]
613:121.16, 10:10 [6, 16684, 17091, 16522, 17053, 16932, 17384, 17079, 17786, -6]
614:55.74, 10:10 [6, 16485, 16518, 17149, -6]
615:43.47, 8:10 [6, 16502, 16528, -6]
616:86.80, 10:10 [6, 17791, 17217, 16750, 17830, 17408, -6]
617:149.45, 3:10 [6, 17196, -6]
618:187.94, 10:10 [6, 17486, 17102, 17528, 16804, 17580, 17232, 17473, 17151, -6]
619:57.53, 10:10 [6, 16960, 16950, 16893, -6]
621:36.60, 6:10 [6, 16386, 16424, -6]
622:70.85, 10:10 [6, 16861, 17229, 16476, 16914, 16393, -6]
623:55.25, 7:10 [6, 16715, 16653, 17105, -6]
624:107.27, 10:10 [6, 17617, 16510, 17347, 17444, 16415, -6]
625:40.44, 10:10 [6, 17174, 17803, 17614, 16949, 17671, 17212, -6]
626:40.15, 10:10 [6, 17622, 17690, 17743, -6]
627:79.68, 7:10 [6, 17045, 17654, 17244, 16391, -6]
628:95.00, 10:10 [6, 16428, 17302, 16910, 16878, 16951, -6]
629:67.76, 10:10 [6, 17134, 16922, 16785, 17603, 17688, 17426, 17213, -6]
630:99.37, 10:10 [6, 17781, 17469, 16624, 16944, -6]
631:84.76, 10:10 [6, 17648, 17530, 17710, 16890, 17636, -6]
633:148.66, 10:10 [6, 16862, 17834, 16417, 17128, 16746, 17367, 16945, 17765, -6]
fe: 10, se: 74

Day: 1, Time: 0
Total Cost: 8426.04
 11:66.27, 75:75 [2, 7, -7, -2]
 12:66.27, 67:75 [2, 7, -7, -2]
 13:66.27, 61:75 [2, 7, -7, -2]
 14:66.27, 70:75 [2, 7, -7, -2]
 15:66.27, 59:75 [2, 7, -7, -2]
 16:66.27, 19:75 [2, 7, -7, -2]
 17:66.27, 45:75 [2, 7, -7, -2]
 18:66.27, 9:75 [2, 7, -7, -2]
 19:66.27, 10:75 [2, 7, -2]
 21:151.76, 75:75 [2, 8, 7, -7, -2]
 23:145.23, 68:75 [2, 8, -8, -2]
 25:145.23, 45:75 [2, 8, -8, -2]
 41:66.27, 8:75 [2, 7, -2]
701:161.71, 10:10 [7, 17075, 16549, 17726, 17051, 17357, 16433, 17136, -7]
702:114.24, 10:10 [7, 17026, 17116, 17361, 17720, 17350, -7]
703:78.24, 9:10 [7, 17594, 16796, 17081, -7]
704:151.14, 10:10 [7, 16582, 17827, 16763, 17087, 16980, 17460, -7]
705:150.67, 10:10 [7, 16526, 16858, 17578, 16630, 17398, 16716, -7]
706:93.59, 9:10 [7, 16724, 17370, 16442, 16887, -7]
707:69.84, 10:10 [7, 17702, 17362, 17585, -7]
708:154.63, 10:10 [7, 16468, 16791, 17531, 17502, 17108, 17430, 16626, -7]
709:76.02, 10:10 [7, 16616, 17188, 16912, -7]
710:169.70, 10:10 [7, 17375, 17761, 16908, 17332, 17498, 17203, -7]
711:70.93, 10:10 [7, 16823, 16512, 16977, -7]
712:153.25, 9:10 [7, 16672, 17354, 16462, 17768, 17704, 17496, -7]
713:126.01, 10:10 [7, 17161, 17769, 17190, 17431, 16779, 17007, 17527, -7]
714:133.98, 10:10 [7, 17014, 17147, 17553, 17491, 16595, -7]
715:87.63, 10:10 [7, 17078, 17455, 17520, 16465, 16860, 17346, 17579, -7]
716:86.30, 10:10 [7, 17037, 16607, 17348, 16948, 16599, -7]
717:95.46, 9:10 [7, 16837, 16378, 16981, 16727, 17508, -7]
718:90.55, 10:10 [7, 16517, 17581, 16742, 17501, 16543, 17278, 17125, -7]
719:81.90, 10:10 [7, 17126, 16845, 17031, 17733, 16680, -7]
720:62.34, 10:10 [7, 16769, 17416, 16698, 16411, -7]
721:84.35, 10:10 [7, 17510, 17742, 17148, -7]
722:152.33, 9:10 [7, 16709, 17127, 16654, 17829, 17388, 16898, 17545, -7]
723:151.86, 10:10 [7, 16841, 16839, 17123, 16965, 28118, 17252, 17063, -7]
724:29.49, 6:10 [7, 17561, 17758, -7]
725:140.29, 10:10 [7, 16488, 17647, 17133, 17098, 17285, 17429, 17823, -7]
726:84.00, 9:10 [7, 16758, 17805, 16665, 16568, 17667, -7]
727:71.80, 10:10 [7, 16782, 17339, 17111, 17424, 17277, -7]
728:34.13, 10:10 [7, 16800, 17157, 16687, -7]
729:153.45, 10:10 [7, 17406, 16564, 17385, 17163, 16990, 17549, 17744, -7]
731:120.52, 10:10 [7, 16484, 16567, 17368, 23659, 16736, 17441, -7]
732:68.01, 9:10 [7, 17284, 17753, 17604, 16585, -7]
733:109.67, 10:10 [7, 16737, 17210, 16637, 17022, 17461, 16498, -7]
734:102.08, 9:10 [7, 17559, 17088, 16795, 16982, 17653, -7]
735:106.59, 10:10 [7, 17601, 16647, 16792, 17747, 16494, -7]
738:157.10, 9:10 [7, 16967, 17374, 17669, 16812, 17734, 16636, 17565, 17286, -7]
740:161.58, 10:10 [7, 16694, 16930, 16892, 17226, 17628, 17567, 16751, -7]
741:38.63, 4:10 [7, 17552, -7]
744:117.91, 9:10 [7, 17202, 16720, 17660, 16906, 17283, 17099, 17826, -7]
745:123.71, 10:10 [7, 16978, 16457, 17695, 17086, 17809, 17141, 16903, 17267, -7]
746:141.56, 10:10 [7, 16913, 17265, 17214, 17714, -7]
747:156.98, 10:10 [7, 17162, 16786, 17059, 16657, -7]
748:130.38, 10:10 [7, 16723, 17583, 17587, 17539, 16580, 17392, -7]
749:122.88, 10:10 [7, 17176, 16748, 16450, 17218, 17751, 17445, 16702, 17706, -7]
750:136.79, 10:10 [7, 17073, 16427, 16870, 17566, 16600, 16550, -7]
751:29.42, 9:10 [7, 17673, 17402, 17467, -7]
752:106.88, 10:10 [7, 17143, 17306, 16590, 16621, 17251, 17181, 17618, -7]
754:128.64, 10:10 [7, 16733, 17415, 16829, 17694, 17682, 16413, 17630, -7]
755:108.89, 10:10 [7, 16918, 16833, 16536, 17466, 16864, 17641, 17428, -7]
757:84.23, 8:10 [7, 16444, 16627, -7]
758:85.28, 10:10 [7, 16459, 16985, 17387, 16685, 16557, 17674, 17482, -7]
759:121.02, 10:10 [7, 16883, 16895, 17089, 17711, 17130, 17204, -7]
760:103.88, 10:10 [7, 16591, 17616, 17060, 16826, 17577, 16929, 17816, 17281, 16940, -7]
761:69.38, 8:10 [7, 16705, 16803, -7]
777:136.53, 10:10 [7, 16429, 17344, 17476, 16395, 16855, 16569, -7]
801:27.90, 9:10 [8, 17525, 16764, 17165, 17139, -8]
802:93.09, 10:10 [8, 16780, 17419, 17458, 17571, 17293, -8]
803:61.74, 10:10 [8, 16941, 17119, 16606, 17418, -8]
804:88.27, 9:10 [8, 17759, 16470, 16482, 17297, -8]
805:66.65, 10:10 [8, 16401, 17503, 17405, 17335, 16852, -8]
806:124.92, 9:10 [8, 16673, 16658, 17778, 17040, 17782, 16435, 17536, -8]
807:55.39, 9:10 [8, 17021, 16790, 17092, -8]
808:39.74, 8:10 [8, 16891, 16531, 16686, -8]
809:12.32, 7:10 [8, 17257, 16506, -8]
810:54.71, 10:10 [8, 16762, 16538, 17135, 16520, -8]
811:112.32, 10:10 [8, 17304, 17693, 17058, 17741, 16489, 17835, -8]
812:87.09, 10:10 [8, 16815, 17506, 17349, 17484, 17289, 17629, -8]
813:47.96, 6:10 [8, 17771, 17012, -8]
814:81.73, 10:10 [8, 16612, 16868, 17708, 16830, 17495, 17023, 17173, 16757, -8]
815:81.83, 9:10 [8, 16969, 17011, 17732, 17719, 17754, 16696, -8]
816:17.41, 8:10 [8, 17039, 17050, -8]
817:72.01, 10:10 [8, 16440, 17590, 16458, 16610, 17184, -8]
818:80.61, 10:10 [8, 16445, 16921, 17775, 16529, 17319, 16598, 16835, -8]
819:66.83, 10:10 [8, 17755, 17280, 17572, 17626, 17219, -8]
821:40.10, 9:10 [8, 17631, 17451, 17170, 17612, -8]
824:104.07, 10:10 [8, 16454, 16995, 17131, 17665, 17825, 17730, 16481, -8]
825:26.00, 4:10 [8, 17638, -8]
fe: 13, se: 76

Day: 1, Time: 0
Total Cost: 8078.75
 11:94.59, 75:75 [3, 9, -9, -3]
 12:94.59, 64:75 [3, 9, -9, -3]
 13:94.59, 46:75 [3, 9, -9, -3]
 14:94.59, 32:75 [3, 9, -9, -3]
 15:90.24, 73:75 [3, 10, -10, -3]
 16:94.59, 18:75 [3, 9, -9, -3]
 17:90.24, 62:75 [3, 10, -10, -3]
 18:90.24, 71:75 [3, 10, -10, -3]
 19:90.24, 57:75 [3, 10, -10, -3]
 20:90.24, 51:75 [3, 10, -10, -3]
 22:90.24, 20:75 [3, -10, -3]
 25:94.59, 10:75 [3, 9, -3]
901:119.48, 10:10 [9, 16548, 17756, 17478, 16379, 17144, 16865, -9]
902:74.22, 9:10 [9, 17175, 16925, 16563, 17356, 16873, -9]
903:55.20, 9:10 [9, 16963, 17696, 16562, 16561, -9]
904:70.07, 9:10 [9, 16788, 17442, 17205, 16646, -9]
906:72.17, 10:10 [9, 17355, 17819, 16838, -9]
907:41.16, 10:10 [9, 17152, 16721, 16947, 17457, -9]
908:58.23, 10:10 [9, 17264, 16420, 16689, 17512, -9]
909:125.21, 10:10 [9, 16575, 16608, 17811, 17748, 17020, 16545, 17735, 17276, -9]
910:49.12, 10:10 [9, 17389, 17800, 17154, -9]
911:111.74, 10:10 [9, 16773, 16668, 17606, 17400, 17391, 17762, -9]
912:95.10, 8:10 [9, 17095, 17197, 17360, 17752, 16771, 17494, -9]
913:106.68, 10:10 [9, 16587, 17718, 17380, 16909, 17298, -9]
914:80.91, 10:10 [9, 17206, 16491, 16973, -9]
915:69.73, 10:10 [9, 17593, 17033, 17787, 16452, -9]
916:105.12, 10:10 [9, 16740, 16889, 17505, 16618, 16882, 17018, -9]
917:36.84, 10:10 [9, 17381, 16613, 16511, -9]
918:31.07, 10:10 [9, 17592, 17124, 16406, -9]
919:66.24, 10:10 [9, 16798, 17006, 16430, -9]
920:116.41, 10:10 [9, 17311, 16998, 16962, 17372, 16710, 17770, -9]
921:72.97, 8:10 [9, 16784, 16521, 17234, 17802, 17032, -9]
922:122.82, 10:10 [9, 16877, 17540, 16818, 17233, 16842, -9]
923:75.49, 10:10 [9, 17703, 16701, 16768, 16412, -9]
925:62.09, 10:10 [9, 17724, 17269, 17541, -9]
926:90.23, 9:10 [9, 17573, 17183, 17083, -9]
927:120.25, 10:10 [9, 17106, 16794, 17069, 17637, 17028, 17371, -9]
929:100.08, 10:10 [9, 17568, 17179, 16896, 16729, 17675, -9]
930:71.70, 9:10 [9, 17307, 17459, 16676, -9]
931:75.36, 8:10 [9, 16700, 17048, 16811, -9]
932:102.03, 9:10 [9, 17030, 17142, 17807, 17556, 17256, 17645, -9]
933:112.57, 8:10 [9, 16994, 17713, 16437, 17422, 16959, 16525, 17215, -9]
934:91.12, 10:10 [9, 17621, 16493, 17613, 17521, 16447, 17318, 17420, -9]
936:17.08, 6:10 [9, 17663, 17652, -9]
938:134.43, 10:10 [9, 17523, 17084, 16469, 17341, 17138, 17725, 17608, 17027, 17776, -9]
939:110.88, 9:10 [9, 16968, 16641, 16539, 17672, 17187, -9]
941:139.90, 10:10 [9, 17599, 16497, 16937, 17488, 17324, 16774, -9]
942:61.67, 7:10 [9, 17558, 16471, 17646, -9]
1001:103.90, 10:10 [10, 17270, 16455, 17052, 17721, 17005, -10]
1002:133.24, 9:10 [10, 16809, 17709, 16690, 16834, 16434, 17605, -10]
1003:131.17, 9:10 [10, 16408, 17211, 16663, 16741, 16778, 16422, -10]
1004:85.27, 10:10 [10, 17818, 17396, 17804, 17705, -10]
1005:105.85, 10:10 [10, 16745, 17790, 16827, 16894, 17820, -10]
1006:99.62, 10:10 [10, 16594, 16822, 17475, 16514, 16410, 17774, -10]
1007:111.10, 10:10 [10, 17009, 17207, 17243, 17423, 16642, 17490, 17837, -10]
1008:87.56, 10:10 [10, 17474, 16970, 16776, 17168, -10]
1009:103.85, 10:10 [10, 17519, 16400, 17096, 17364, 17795, 16708, 16678, -10]
1010:166.11, 10:10 [10, 16453, 16499, 16704, 17707, 16817, 17789, 17216, 16821, 17815, -10]
1011:105.11, 10:10 [10, 17034, 17480, 16805, 17393, 17263, 17550, 16728, 17266, -10]
1012:88.79, 8:10 [10, 17042, 16396, 17499, 17456, -10]
1013:112.90, 10:10 [10, 17839, 16387, 17656, 16456, 16553, -10]
1014:43.95, 10:10 [10, 16604, 16999, 17727, 16927, -10]
1015:75.09, 10:10 [10, 17329, 16880, 17683, 16699, 17440, -10]
1016:118.34, 10:10 [10, 16813, 16519, 17465, 16534, 16473, 17576, 16504, 17785, -10]
1017:51.65, 9:10 [10, 17199, 17303, 17680, -10]
1018:82.61, 10:10 [10, 17773, 17008, 16418, -10]
1019:77.51, 8:10 [10, 16743, 17248, 17115, -10]
1020:66.99, 9:10 [10, 17237, 16964, 17273, 17315, 16961, 17840, -10]
1021:95.90, 9:10 [10, 16495, 16739, 16691, -10]
1022:110.20, 10:10 [10, 16688, 17279, 16439, 16472, 16734, -10]
1023:125.70, 10:10 [10, 16467, 16831, 16586, 16650, 16991, 17287, 17328, -10]
1024:68.98, 8:10 [10, 16500, 16871, 16789, -10]
1025:144.94, 10:10 [10, 17024, 17035, 17122, 17526, 17729, 17282, 17832, -10]
1026:91.67, 10:10 [10, 16414, 16584, 17080, 16492, -10]
1027:98.47, 10:10 [10, 17691, 17699, 17434, 16397, 17013, 17065, -10]
1028:66.20, 9:10 [10, 16952, 16801, 17784, 16919, -10]
1029:142.05, 10:10 [10, 16901, 17687, 16711, 17842, 17309, 16793, -10]
1030:38.66, 7:10 [10, 17452, 16754, -10]
1032:99.54, 10:10 [10, 16632, 17619, 16556, 16730, 17794, 16643, 17379, -10]
1033:154.11, 10:10 [10, 16958, 16578, 16656, 17532, 16464, 16516, 17464, -10]
1034:74.67, 10:10 [10, 17635, 17644, 17314, 17746, -10]
1036:117.86, 10:10 [10, 17225, 16609, 17836, 16955, 17198, 17666, 16431, 17305, 17664, -10]
1037:86.80, 10:10 [10, 17071, 17003, 16907, 17463, 16388, 17828, 17436, -10]
1038:104.95, 10:10 [10, 17437, 17359, 17449, 17600, 17044, -10]
1039:135.64, 10:10 [10, 17120, 17171, 17777, 16942, 17382, 16628, 16399, -10]
1040:94.90, 10:10 [10, 17320, 17156, 17191, 17220, 16847, -10]
1041:122.49, 10:10 [10, 16376, 17692, 17806, 16802, 17677, -10]
fe: 12, se: 75

Day: 1, Time: 0
Total Cost: 7868.70
 11:64.00, 75:75 [4, 12, -12, -4]
 12:64.00, 74:75 [4, 12, -12, -4]
 13:64.00, 74:75 [4, 12, -12, -4]
 14:64.00, 42:75 [4, 12, -12, -4]
 15:64.00, 8:75 [4, 12, -4]
 16:64.00, 26:75 [4, 12, -12, -4]
 17:64.00, 10:75 [4, 12, -4]
 18:64.00, 9:75 [4, 12, -12, -4]
 19:120.02, 75:75 [4, 11, -11, -4]
 20:64.00, 10:75 [4, 12, -12, -4]
 21:120.02, 73:75 [4, 11, -11, -4]
 22:120.02, 30:75 [4, 11, -11, -4]
1101:93.88, 9:10 [11, 17591, 16682, 16679, 17833, -11]
1102:14.14, 3:10 [11, 16547, -11]
1103:64.59, 8:10 [11, 17738, 16617, -11]
1104:106.29, 9:10 [11, 17470, 16989, 16554, 17651, 16496, 17453, -11]
1105:84.43, 10:10 [11, 17049, 16503, 17068, 17551, 17239, 17518, 17712, -11]
1106:184.52, 9:10 [11, 16614, 17831, 17019, 17546, 16535, -11]
1107:103.38, 10:10 [11, 16933, 17588, 16635, 17146, 17338, 16983, 17390, -11]
1108:65.17, 10:10 [11, 17290, 17409, 17227, 17246, -11]
1109:155.94, 10:10 [11, 17054, 17107, 16421, 16697, -11]
1110:72.15, 8:10 [11, 16819, 16579, -11]
1111:41.39, 10:10 [11, 17427, 17443, 17796, -11]
1112:62.79, 8:10 [11, 17112, 16487, -11]
1113:60.74, 10:10 [11, 17395, 17224, 16760, 17689, -11]
1114:169.52, 9:10 [11, 16692, 16479, 16432, 16767, 17607, -11]
1115:118.11, 10:10 [11, 16574, 17369, 16799, 17327, 17760, 17016, 16900, -11]
1116:99.67, 9:10 [11, 17308, 17717, 17231, 16566, -11]
1117:97.17, 10:10 [11, 17292, 17716, 17383, 16765, -11]
1119:98.97, 9:10 [11, 16867, 16490, 17118, -11]
1120:84.62, 9:10 [11, 17649, 17439, 17562, -11]
1121:121.40, 10:10 [11, 17331, 17200, 17336, 17401, -11]
1122:77.65, 10:10 [11, 16899, 16659, 16581, 16806, 16731, -11]
1123:101.00, 10:10 [11, 17002, 17715, 17137, 17110, 17844, 17438, -11]
1124:85.54, 10:10 [11, 16997, 17507, 16671, 17172, -11]
1126:105.77, 10:10 [11, 16866, 17450, 16483, 16651, 16719, 16592, -11]
1127:65.42, 10:10 [11, 17479, 16623, 17404, 17448, 17793, 17417, -11]
1129:94.45, 10:10 [11, 16407, 16546, 17074, 16851, 17634, -11]
1131:112.29, 10:10 [11, 16902, 17310, 17258, 17477, 17472, -11]
1201:61.72, 10:10 [12, 17801, 17814, 17114, -12]
1202:120.84, 10:10 [12, 17625, 16392, 16389, 17010, 17632, 16924, 16423, -12]
1203:132.77, 10:10 [12, 16681, 16669, 16843, 17330, 16631, 17345, 16854, 17596, 17413, -12]
1204:99.01, 10:10 [12, 17321, 17574, 16881, 16425, 17316, 17822, 16633, -12]
1205:97.02, 10:10 [12, 17737, 16629, 16814, 17247, 17533, 17238, -12]
1206:156.07, 10:10 [12, 16935, 16383, 17145, 17275, 17166, 16480, 17642, 17353, -12]
1207:84.64, 10:10 [12, 16619, 17017, 16974, 16756, 17343, -12]
1208:82.85, 10:10 [12, 16718, 16416, 16597, 16384, -12]
1209:84.15, 10:10 [12, 16474, 17295, 16540, 17067, -12]
1210:68.81, 10:10 [12, 17097, 17569, 17658, 17326, -12]
1211:110.64, 10:10 [12, 17697, 17763, 16572, 17412, 16928, 17657, -12]
1212:115.29, 10:10 [12, 16588, 16513, 16652, 17015, -12]
1213:121.33, 10:10 [12, 16446, 16404, 16856, 17537, -12]
1214:56.51, 10:10 [12, 17639, 17678, 17764, -12]
1215:139.90, 10:10 [12, 16717, 16559, 16380, 17500, 16787, 17001, 16523, 17668, -12]
1216:87.23, 9:10 [12, 17524, 16398, 16375, 16879, 17511, 17492, 17208, -12]
1217:107.11, 9:10 [12, 16622, 17582, 17313, 16923, -12]
1218:116.85, 10:10 [12, 17094, 16840, 17493, 17055, 16808, 17195, 17548, 17670, -12]
1219:116.96, 10:10 [12, 16644, 16648, 17655, 17064, 16783, 17544, -12]
1220:126.64, 10:10 [12, 17167, 16603, 17189, 17245, 17312, 16558, 17509, -12]
1221:91.66, 8:10 [12, 16402, 17121, 17230, 16971, 17259, -12]
1222:62.62, 9:10 [12, 16938, 17838, 17542, 17557, -12]
1225:46.12, 10:10 [12, 16987, 17597, 16508, 16571, 17077, -12]
1226:133.72, 10:10 [12, 16675, 17150, 16460, 17798, 17403, 17222, 17522, 17535, -12]
1228:103.01, 10:10 [12, 16966, 16984, 17025, 17620, 17817, 17193, 16660, -12]
1229:67.52, 10:10 [12, 17799, 16405, 17041, 16931, -12]
1230:51.25, 9:10 [12, 17489, 17623, 17407, 16620, 17650, -12]
1232:108.19, 10:10 [12, 17004, 17615, 16441, 16850, -12]
1234:86.04, 10:10 [12, 17421, 17410, 16505, 17235, -12]
1235:96.77, 10:10 [12, 16876, 17772, 16381, 17560, 17169, -12]
1236:104.28, 8:10 [12, 17700, 17373, 17808, 17000, -12]
1237:111.85, 10:10 [12, 17767, 17153, 16625, 17516, 17749, 17117, 17514, 16552, -12]
1238:133.16, 10:10 [12, 16674, 16573, 17254, 17722, 16920, 16916, 17365, -12]
1239:161.19, 9:10 [12, 17468, 16738, 16661, 17679, 16426, 17454, -12]
1240:82.59, 9:10 [12, 16846, 17534, 17268, 16853, 17640, -12]
1241:104.52, 10:10 [12, 17399, 17686, 17288, 16693, -12]
1242:180.19, 10:10 [12, 16863, 16683, 17351, 17598, 17633, 16988, 16436, 17609, -12]
1243:107.07, 9:10 [12, 16828, 16438, 17104, -12]
1244:120.97, 9:10 [12, 17586, 16888, 16714, 17242, 17728, 17260, -12]
1245:153.89, 10:10 [12, 16905, 16939, 17745, 16766, 17253, 16477, 16976, 17813, 16744, -12]
1246:37.41, 10:10 [12, 16576, 16634, 16849, -12]
1261:161.32, 10:10 [12, 16382, 17736, 17377, 16753, 17223, -12]
fe: 12, se: 69

Day: 1, Time: 25
Total Cost: 1039.63
 11:136.01, 2:75 [1, -5, -1]
 12:136.01, 16:75 [1, -5, -1]
 13:153.31, 10:75 [1, -6, -1]
501:122.41, 2:10 [5, 18279, -5]
503:186.30, 10:10 [5, 28233, 22203, 21184, 19548, -5]
504:158.79, 6:10 [5, 27528, 23649, -5]
601:73.35, 3:10 [6, 28509, -6]
602:73.43, 7:10 [6, 26392, 23441, -6]
fe: 3, se: 5

Day: 1, Time: 50
Total Cost: 739.52
 11:136.01, 5:75 [1, -5, -1]
 12:153.31, 3:75 [1, -6, -1]
 13:153.31, 2:75 [1, -6, -1]
501:121.23, 5:10 [5, 26510, 18896, -5]
601:86.10, 3:10 [6, 28018, 27578, -6]
602:89.55, 2:10 [6, 19486, -6]
fe: 3, se: 3

Day: 1, Time: 50
Total Cost: 761.71
 11:66.27, 12:75 [2, -7, -2]
 12:66.27, 26:75 [2, -7, -2]
701:61.88, 5:10 [7, 27320, 31355, -7]
702:77.00, 10:10 [7, 23889, 25506, 27021, 31381, -7]
703:149.85, 7:10 [7, 18149, 22379, -7]
704:115.08, 9:10 [7, 20632, 28005, 30245, -7]
705:225.36, 7:10 [7, 20731, 32801, 28261, -7]
fe: 2, se: 5

Day: 1, Time: 50
Total Cost: 739.57
 12:94.59, 14:75 [3, -9, -3]
 13:90.24, 25:75 [3, -10, -3]
901:102.04, 5:10 [9, 21361, 28222, -9]
902:119.41, 9:10 [9, 25774, 24324, 25488, 21173, -9]
1001:13.40, 5:10 [10, 32702, 20636, -10]
1002:198.25, 10:10 [10, 25875, 32600, 23560, 22817, 18634, -10]
1004:121.63, 10:10 [10, 25174, 23216, 32561, 31844, -10]
fe: 2, se: 5

Day: 1, Time: 55
Total Cost: 864.90
 12:64.00, 34:75 [4, -12, -4]
 13:64.00, 14:75 [4, -12, -4]
1201:172.54, 9:10 [12, 27661, 23374, 24123, 20527, -12]
1202:120.74, 7:10 [12, 32254, 22532, -12]
1203:103.48, 9:10 [12, 28735, 23976, 27447, -12]
1204:134.63, 8:10 [12, 18883, 18922, 18855, -12]
1205:121.82, 10:10 [12, 23117, 19849, 19050, 27758, 27179, -12]
1206:83.69, 5:10 [12, 30436, 25274, -12]
fe: 2, se: 6

Day: 1, Time: 60
Total Cost: 167.32
 11:64.00, 2:75 [4, -12, -4]
1201:103.32, 2:10 [12, 32336, -12]
fe: 1, se: 1

Day: 1, Time: 65
Total Cost: 365.64
 11:179.78, 10:75 [1, -5, -6, -1]
501:10.20, 2:10 [5, 31884, -5]
602:175.67, 8:10 [6, 26883, 19434, 26172, -6]
fe: 1, se: 2

Day: 1, Time: 65
Total Cost: 600.82
 11:113.51, 12:75 [3, -9, -10, -3]
 12:90.24, 7:75 [3, -10, -3]
901:110.25, 4:10 [9, 19565, 30322, -9]
1001:112.45, 3:10 [10, 27066, -10]
1002:77.82, 4:10 [10, 28841, -10]
1003:96.54, 8:10 [10, 19498, 32004, -10]
fe: 2, se: 4

Day: 1, Time: 75
Total Cost: 685.18
 11:64.00, 17:75 [4, -12, -4]
 12:64.00, 8:75 [4, -12, -4]
1201:124.44, 8:10 [12, 21808, 21176, -12]
1202:203.60, 8:10 [12, 23318, 21188, -12]
1203:139.84, 4:10 [12, 29267, -12]
1204:89.30, 5:10 [12, 22252, 27082, -12]
fe: 2, se: 4

Day: 1, Time: 80
Total Cost: 721.54
 11:90.24, 4:75 [3, -10, -3]
 12:94.59, 7:75 [3, -9, -3]
 13:90.24, 5:75 [3, -10, -3]
901:68.26, 3:10 [9, 25709, -9]
902:76.24, 4:10 [9, 31821, -9]
1001:96.83, 4:10 [10, 28136, -10]
1002:93.23, 4:10 [10, 27264, -10]
1003:111.89, 1:10 [10, 32205, -10]
fe: 3, se: 5

Day: 1, Time: 100
Total Cost: 837.30
 11:66.27, 15:75 [2, -7, -2]
 12:66.27, 10:75 [2, -7, -2]
 13:66.27, 5:75 [2, -7, -2]
701:203.06, 9:10 [7, 32774, 32358, 27207, 28315, -7]
702:133.72, 9:10 [7, 27107, 30190, 27693, 33317, -7]
703:106.95, 5:10 [7, 21275, 20944, -7]
704:20.40, 1:10 [7, 20025, -7]
705:174.35, 6:10 [7, 32451, 19433, 26620, 30547, -7]
fe: 3, se: 5

Day: 1, Time: 100
Total Cost: 566.41
 11:94.59, 6:75 [3, -9, -3]
 12:94.59, 4:75 [3, -9, -3]
 13:90.24, 4:75 [3, -10, -3]
901:146.85, 6:10 [9, 26476, 30474, 22848, -9]
902:72.47, 4:10 [9, 32794, -9]
1001:67.66, 4:10 [10, 23382, 31552, -10]
fe: 3, se: 3

Day: 1, Time: 105
Total Cost: 169.36
 11:66.27, 3:75 [2, -7, -2]
701:103.09, 3:10 [7, 31551, -7]
fe: 1, se: 1

Day: 1, Time: 105
Total Cost: 726.58
 11:64.00, 27:75 [4, -12, -4]
 12:64.00, 3:75 [4, -12, -4]
1201:137.23, 10:10 [12, 19160, 19801, 19595, -12]
1202:14.56, 1:10 [12, 24178, -12]
1203:208.72, 8:10 [12, 24566, 19482, 30622, 27029, -12]
1204:132.96, 9:10 [12, 32913, 18460, 33149, -12]
1205:105.11, 2:10 [12, 19351, -12]
fe: 2, se: 5

Day: 1, Time: 130
Total Cost: 434.11
 11:64.00, 6:75 [4, -12, -4]
 12:64.00, 12:75 [4, -12, -4]
1201:67.71, 5:10 [12, 27929, 24547, -12]
1203:162.62, 6:10 [12, 29206, 32916, 21401, -12]
1204:75.78, 7:10 [12, 24232, 21843, 32992, -12]
fe: 2, se: 3

Day: 1, Time: 135
Total Cost: 651.62
 11:94.59, 6:75 [3, -9, -3]
 12:94.59, 10:75 [3, -9, -3]
 13:90.24, 2:75 [3, -10, -3]
901:17.89, 2:10 [9, 23435, -9]
902:168.53, 10:10 [9, 30106, 26666, 26415, 26514, 31310, -9]
904:82.29, 4:10 [9, 20844, -9]
1001:103.48, 2:10 [10, 18416, 29028, -10]
fe: 3, se: 4

Day: 1, Time: 135
Total Cost: 280.91
 11:64.00, 2:75 [4, -12, -4]
 12:64.00, 1:75 [4, -12, -4]
1201:55.71, 2:10 [12, 25312, -12]
1202:97.20, 1:10 [12, 28520, -12]
fe: 2, se: 2

Day: 1, Time: 140
Total Cost: 595.41
 11:66.27, 13:75 [2, -7, -2]
 12:145.23, 13:75 [2, -8, -2]
701:139.16, 7:10 [7, 23803, 23125, -7]
702:108.52, 6:10 [7, 30272, 32867, -7]
801:53.58, 5:10 [8, 20398, 25144, 26014, -8]
802:82.64, 8:10 [8, 19983, 29437, -8]
fe: 2, se: 4

Day: 1, Time: 140
Total Cost: 567.49
 11:120.02, 1:75 [4, -11, -4]
 12:64.00, 7:75 [4, -12, -4]
 13:64.00, 4:75 [4, -12, -4]
1101:60.73, 1:10 [11, 30368, -11]
1201:58.24, 4:10 [12, 30467, -12]
1202:200.51, 7:10 [12, 18130, 22128, 27733, -12]
fe: 3, se: 3

Day: 1, Time: 145
Total Cost: 231.32
 11:94.59, 5:75 [3, -9, -3]
901:58.14, 4:10 [9, 28043, -9]
902:78.59, 1:10 [9, 22359, -9]
fe: 1, se: 2

Day: 1, Time: 150
Total Cost: 1148.62
 11:136.01, 7:75 [1, -5, -1]
 12:136.01, 35:75 [1, -5, -1]
 13:153.31, 3:75 [1, -6, -1]
501:50.99, 3:10 [5, 18491, -5]
502:130.26, 9:10 [5, 26238, 21333, 24645, 31710, -5]
503:141.45, 4:10 [5, 27931, 25969, -5]
504:141.36, 10:10 [5, 25399, 30610, 22625, 27707, -5]
506:179.90, 10:10 [5, 22349, 28914, 30745, -5]
507:37.94, 6:10 [5, 20232, 26024, -5]
601:41.38, 3:10 [6, 30228, 24187, -6]
fe: 3, se: 7

Day: 1, Time: 155
Total Cost: 451.12
 11:125.25, 13:75 [4, -11, -12, -4]
1101:84.38, 2:10 [11, 23743, -11]
1201:161.61, 4:10 [12, 19750, 26474, -12]
1202:79.88, 7:10 [12, 29954, 21855, -12]
fe: 1, se: 3

Day: 1, Time: 160
Total Cost: 670.41
 11:136.01, 3:75 [1, -5, -1]
 12:153.31, 15:75 [1, -6, -1]
501:86.37, 3:10 [5, 20789, -5]
601:54.68, 5:10 [6, 21849, 24313, 19286, -6]
602:240.04, 10:10 [6, 28202, 30625, 24795, -6]
fe: 2, se: 3

Day: 1, Time: 160
Total Cost: 256.06
 11:66.27, 1:75 [2, -7, -2]
 12:66.27, 6:75 [2, -7, -2]
701:42.19, 1:10 [7, 20056, -7]
702:81.33, 6:10 [7, 32736, 20968, -7]
fe: 2, se: 2

Day: 1, Time: 165
Total Cost: 362.06
 11:136.01, 3:75 [1, -5, -1]
 12:136.01, 2:75 [1, -5, -1]
501:20.00, 3:10 [5, 19805, -5]
502:70.03, 2:10 [5, 24951, -5]
fe: 2, se: 2

Day: 1, Time: 165
Total Cost: 242.31
 11:66.27, 4:75 [2, -7, -2]
 12:66.27, 4:75 [2, -7, -2]
701:46.52, 4:10 [7, 22864, -7]
702:63.25, 4:10 [7, 28748, -7]
fe: 2, se: 2

Day: 1, Time: 170
Total Cost: 444.64
 11:136.01, 3:75 [1, -5, -1]
 12:153.31, 2:75 [1, -6, -1]
501:70.23, 3:10 [5, 28111, -5]
601:85.09, 2:10 [6, 24783, -6]
fe: 2, se: 2

Day: 1, Time: 175
Total Cost: 509.36
 11:94.59, 8:75 [3, -9, -3]
 12:94.59, 11:75 [3, -9, -3]
901:178.42, 8:10 [9, 28063, 21345, 26808, -9]
902:58.40, 8:10 [9, 21541, 30367, -9]
903:83.35, 3:10 [9, 22949, -9]
fe: 2, se: 3

Day: 1, Time: 185
Total Cost: 360.23
 11:66.27, 4:75 [2, -7, -2]
 12:66.27, 4:75 [2, -7, -2]
701:44.94, 4:10 [7, 23579, -7]
702:182.74, 4:10 [7, 19420, 27475, -7]
fe: 2, se: 2

Day: 1, Time: 190
Total Cost: 541.40
 11:64.00, 23:75 [4, -12, -4]
 12:64.00, 4:75 [4, -12, -4]
1201:128.27, 9:10 [12, 26158, 27785, 26661, -12]
1202:82.80, 6:10 [12, 26251, 29554, -12]
1203:64.14, 4:10 [12, 30139, 20480, -12]
1204:138.20, 8:10 [12, 21051, 22456, 20458, -12]
fe: 2, se: 4

Day: 1, Time: 205
Total Cost: 716.05
 11:136.01, 9:75 [1, -5, -1]
 12:153.31, 26:75 [1, -6, -1]
502:95.58, 9:10 [5, 31382, 32324, 20003, 30200, 29293, -5]
601:183.05, 8:10 [6, 21840, 25807, 27973, -6]
602:100.08, 8:10 [6, 25273, 28845, 31053, -6]
603:48.03, 10:10 [6, 22505, 20332, 32521, -6]
fe: 2, se: 4

Day: 1, Time: 280
Total Cost: 946.60
 11:136.01, 38:75 [1, -5, -1]
 12:153.31, 9:75 [1, -6, -1]
501:55.53, 7:10 [5, 23341, 32968, -5]
502:125.38, 8:10 [5, 21915, 21130, -5]
503:111.56, 8:10 [5, 24882, 28034, -5]
504:114.69, 9:10 [5, 32206, 29830, 26102, 20727, -5]
505:64.49, 6:10 [5, 27116, 18080, -5]
601:185.62, 9:10 [6, 26843, 20404, 28064, 20531, -6]
fe: 2, se: 6

Day: 1, Time: 285
Total Cost: 842.44
 11:64.00, 61:75 [4, -12, -4]
1201:148.15, 10:10 [12, 24005, 24487, 19488, -12]
1202:207.49, 10:10 [12, 22582, 27436, 27625, 33109, 18114, -12]
1203:56.27, 10:10 [12, 19357, 28020, 20120, -12]
1204:4.00, 3:10 [12, 29306, -12]
1205:126.52, 10:10 [12, 18832, 21695, 18539, -12]
1206:115.27, 8:10 [12, 25202, 31671, 32038, 25530, -12]
1207:120.74, 10:10 [12, 20933, 20146, 18144, 29816, -12]
fe: 1, se: 7

Day: 1, Time: 290
Total Cost: 1101.05
 11:66.27, 56:75 [2, -7, -2]
 12:145.23, 28:75 [2, -8, -2]
701:130.20, 10:10 [7, 32134, 19704, 22014, -7]
702:123.51, 10:10 [7, 32371, 23095, 22916, 21941, -7]
703:50.32, 9:10 [7, 19155, 32770, 28504, -7]
704:117.55, 8:10 [7, 20756, 20684, 24328, -7]
705:152.79, 10:10 [7, 29172, 28486, 29864, -7]
706:80.41, 9:10 [7, 18729, 29568, 28024, -7]
801:85.01, 8:10 [8, 32284, 29367, 30928, 23705, -8]
802:54.79, 7:10 [8, 20730, 28521, 21918, -8]
803:46.13, 6:10 [8, 25682, 21349, -8]
804:48.84, 7:10 [8, 26199, 27224, 19542, -8]
fe: 2, se: 10

Day: 1, Time: 290
Total Cost: 1056.64
 11:94.59, 49:75 [3, -9, -3]
 12:90.24, 40:75 [3, -10, -3]
901:107.24, 10:10 [9, 32494, 23264, 32541, 20837, -9]
902:51.23, 9:10 [9, 26054, 19105, 19225, -9]
903:100.09, 10:10 [9, 33475, 32200, 27550, -9]
904:77.14, 10:10 [9, 26648, 21321, 19611, -9]
906:115.79, 10:10 [9, 26056, 27005, 32930, -9]
1001:128.31, 9:10 [10, 21531, 29793, 29085, 25724, -10]
1002:11.66, 4:10 [10, 21323, -10]
1003:59.67, 9:10 [10, 19808, 30812, 28617, -10]
1004:127.90, 8:10 [10, 22202, 31912, 33529, 33433, 23561, -10]
1005:92.76, 10:10 [10, 20915, 25885, 32491, -10]
fe: 2, se: 10

Day: 1, Time: 300
Total Cost: 678.71
 11:136.01, 22:75 [1, -5, -1]
 12:153.31, 9:75 [1, -6, -1]
501:100.93, 10:10 [5, 18398, 27479, 23353, -5]
502:64.56, 4:10 [5, 24701, -5]
503:112.58, 8:10 [5, 31602, 21831, -5]
601:111.32, 9:10 [6, 22527, 24185, 32041, -6]
fe: 2, se: 4

Day: 1, Time: 300
Total Cost: 147.68
 11:66.27, 3:75 [2, -7, -2]
701:81.41, 3:10 [7, 23821, -7]
fe: 1, se: 1

Day: 1, Time: 300
Total Cost: 253.97
 11:64.00, 5:75 [4, -12, -4]
1202:189.97, 5:10 [12, 20708, 19784, -12]
fe: 1, se: 1

Day: 1, Time: 330
Total Cost: 617.92
 11:136.01, 30:75 [1, 5, -5, -1]
501:36.00, 2:10 [5, 20870, -5]
502:134.67, 8:10 [5, 27768, 132, 23910, -5]
503:152.64, 10:10 [5, 24988, 28921, 21515, 30202, -5]
504:158.60, 10:10 [5, 28329, 25740, 523, 30468, 31429, -5]
fe: 1, se: 4

Day: 1, Time: 330
Total Cost: 404.71
 12:90.24, 20:75 [3, -10, -3]
1001:152.13, 10:10 [10, 19156, 23050, 20320, 23794, -10]
1002:162.33, 10:10 [10, 30885, 23325, 19767, 31360, -10]
fe: 1, se: 2

Day: 1, Time: 360
Total Cost: 899.39
 11:136.01, 13:75 [1, 5, -5, -1]
 12:153.31, 14:75 [1, 6, -6, -1]
501:129.86, 9:10 [5, 27871, 192, 6839, -5]
502:93.74, 5:10 [5, 21584, 18171, 18494, -5]
503:119.19, 9:10 [5, 20043, 338, 616, -5]
601:137.20, 9:10 [6, 23163, 431, 302, 28794, -6]
603:130.08, 8:10 [6, 33251, 25165, 20100, -6]
fe: 2, se: 5

Day: 1, Time: 390
Total Cost: 1105.52
 11:120.02, 33:75 [4, 11, -11, -4]
 12:64.00, 42:75 [4, -12, -4]
1101:28.84, 3:10 [11, 30225, -11]
1102:83.28, 10:10 [11, 18320, 29940, 20876, -11]
1103:72.62, 9:10 [11, 28536, 20559, 30201, 31409, 21355, -11]
1104:96.44, 8:10 [11, 24243, 21399, 27248, 564, -11]
1105:103.98, 10:10 [11, 32388, 214, 24305, 32147, 622, -11]
1201:34.47, 6:10 [12, 27467, 31204, -12]
1202:106.99, 9:10 [12, 28163, 27510, 30732, 21835, -12]
1204:160.89, 9:10 [12, 29964, 29973, 23903, -12]
1205:100.69, 8:10 [12, 28123, 32669, 31601, 18446, -12]
1206:133.31, 10:10 [12, 31930, 22076, 32242, 22508, -12]
fe: 2, se: 10

Day: 1, Time: 400
Total Cost: 718.49
 11:136.01, 14:75 [1, -5, -1]
 12:153.31, 3:75 [1, -6, -1]
501:127.90, 9:10 [5, 22891, 19314, 18315, -5]
502:121.45, 3:10 [5, 29110, 31624, -5]
503:67.91, 2:10 [5, 21909, -5]
601:111.91, 3:10 [6, 25411, 27079, -6]
fe: 2, se: 4

Day: 1, Time: 405
Total Cost: 1827.33
 11:136.01, 68:75 [1, 5, -1]
 13:153.31, 72:75 [1, 6, -6, -1]
501:89.76, 9:10 [5, 6253, 389, 225, 369, -5]
502:69.91, 9:10 [5, 10747, 437, 44, -5]
503:74.47, 10:10 [5, 656, 491, 290, -5]
504:69.69, 7:10 [5, 967, 150, -5]
505:44.94, 4:10 [5, 370, -5]
506:140.39, 9:10 [5, 110, 368, 11040, 655, -5]
507:165.37, 10:10 [5, 15612, 241, 65, 10823, -5]
510:86.80, 10:10 [5, 7365, 422, 654, 2169, 101, -5]
601:56.45, 8:10 [6, 351, 457, -6]
602:95.98, 10:10 [6, 15154, 1701, 340, 14369, -6]
603:61.39, 7:10 [6, 257, 245, 324, -6]
604:138.94, 10:10 [6, 6200, 198, 83, 167, -6]
605:150.15, 10:10 [6, 7142, 74, 446, 538, -6]
606:5.66, 4:10 [6, 261, -6]
607:144.68, 8:10 [6, 116, 515, 444, -6]
608:83.91, 8:10 [6, 11553, 163, 614, -6]
609:59.51, 10:10 [6, 27594, 57, 456, -6]
fe: 2, se: 17

Day: 1, Time: 405
Total Cost: 1920.91
 11:66.27, 71:75 [2, 7, -7, -2]
 13:145.23, 44:75 [2, 8, -8, -2]
 15:66.27, 29:75 [2, 7, -7, -2]
701:143.32, 10:10 [7, 639, 7050, 18476, 601, 134, 636, -7]
702:72.88, 9:10 [7, 12085, 30611, 31982, 5350, 30582, -7]
703:143.68, 10:10 [7, 14370, 475, 22211, 40, 507, -7]
704:136.87, 10:10 [7, 497, 30585, 144, 381, -7]
705:113.59, 10:10 [7, 2667, 13, 30956, 32703, 24896, 89, 16, -7]
706:46.85, 10:10 [7, 659, 462, 187, -7]
707:74.10, 9:10 [7, 67, 1740, 87, 28639, -7]
708:72.20, 10:10 [7, 6794, 8527, 329, 25313, -7]
709:117.16, 6:10 [7, 21990, 382, 42, 23988, 33152, -7]
710:83.73, 10:10 [7, 17, 61, 21341, 213, 127, -7]
718:123.97, 9:10 [7, 411, 3994, 4179, 23431, -7]
801:67.47, 7:10 [8, 141, 388, 23966, 29908, 295, -8]
802:15.65, 6:10 [8, 26003, 26860, -8]
803:73.46, 10:10 [8, 32760, 121, 11327, -8]
804:29.28, 10:10 [8, 221, 25081, 5935, 10082, -8]
805:67.26, 5:10 [8, 3662, 27406, 19330, -8]
806:59.14, 10:10 [8, 18, 510, 506, -8]
807:83.62, 4:10 [8, 29818, 621, -8]
808:60.68, 7:10 [8, 22150, 27630, -8]
809:58.24, 9:10 [8, 24965, 35, 154, 28229, -8]
fe: 3, se: 20

Day: 1, Time: 405
Total Cost: 2112.20
 11:94.59, 62:75 [3, 9, -9, -3]
 12:90.24, 75:75 [3, 10, -10, -3]
 14:90.24, 19:75 [3, 10, -3]
902:133.13, 9:10 [9, 27895, 139, 31806, 6996, 15554, -9]
903:85.11, 10:10 [9, 581, 385, 30998, 520, 487, -9]
904:99.89, 10:10 [9, 149, 266, 18183, 468, 552, 561, -9]
906:72.26, 10:10 [9, 20, 168, 366, 28601, 18310, 441, -9]
907:127.07, 10:10 [9, 13285, 8130, 24483, 533, -9]
908:121.45, 9:10 [9, 24510, 26265, 642, 297, 9839, -9]
910:107.53, 10:10 [9, 230, 14, 576, -9]
1001:115.86, 10:10 [10, 180, 26039, 205, 555, -10]
1002:81.45, 9:10 [10, 186, 641, 103, -10]
1003:124.77, 8:10 [10, 1097, 640, 597, -10]
1004:99.37, 8:10 [10, 33178, 357, 4661, 26840, 6477, -10]
1005:67.47, 10:10 [10, 28827, 30184, 496, 76, 22253, -10]
1006:105.86, 10:10 [10, 579, 488, 534, 244, -10]
1007:94.13, 10:10 [10, 392, 3762, 582, 31738, -10]
1008:50.46, 8:10 [10, 222, 23016, 3450, -10]
1009:117.75, 9:10 [10, 13186, 648, 9210, 578, 15072, -10]
1010:116.04, 9:10 [10, 102, 30149, 10576, 4626, -10]
1020:117.52, 10:10 [10, 571, 9900, 26520, 29917, 440, 201, 59, -10]
fe: 3, se: 18

Day: 1, Time: 405
Total Cost: 1358.04
 12:125.25, 73:75 [4, 12, 11, -4]
 13:64.00, 17:75 [4, 12, -12, -4]
1101:22.09, 4:10 [11, 625, -11]
1102:27.84, 8:10 [11, 442, 339, 505, -11]
1103:77.94, 9:10 [11, 573, 115, 179, -11]
1104:86.21, 4:10 [11, 347, 109, -11]
1201:65.63, 6:10 [12, 463, 31, 6707, 15023, -12]
1202:123.38, 10:10 [12, 32, 298, 316, 211, -12]
1203:110.66, 10:10 [12, 9328, 81, 75, 10861, 32217, -12]
1204:174.01, 10:10 [12, 11566, 220, 660, -12]
1205:50.99, 3:10 [12, 644, -12]
1206:141.19, 9:10 [12, 390, 2304, 359, -12]
1209:142.79, 10:10 [12, 557, 26220, 397, 379, 577, -12]
1210:146.05, 10:10 [12, 19817, 4093, 280, 9884, -12]
fe: 2, se: 12

Day: 1, Time: 410
Total Cost: 298.78
 11:66.27, 10:75 [2, -7, -2]
701:132.07, 6:10 [7, 27481, 25419, 27922, -7]
702:100.44, 4:10 [7, 24139, -7]
fe: 1, se: 2

Day: 1, Time: 415
Total Cost: 296.40
 11:113.51, 8:75 [3, -9, -10, -3]
901:82.22, 4:10 [9, 28858, -9]
1001:100.67, 4:10 [10, 26359, 18516, -10]
fe: 1, se: 2

Day: 1, Time: 420
Total Cost: 340.82
 11:125.25, 9:75 [4, -11, -12, -4]
1101:50.12, 3:10 [11, 33037, -11]
1201:89.84, 4:10 [12, 18518, 26590, -12]
1202:75.60, 2:10 [12, 21599, -12]
fe: 1, se: 3

Day: 1, Time: 430
Total Cost: 290.73
 11:179.78, 4:75 [1, -5, -6, -1]
501:48.66, 2:10 [5, 18797, -5]
601:62.29, 2:10 [6, 23377, -6]
fe: 1, se: 2

Day: 1, Time: 435
Total Cost: 117.18
 11:66.27, 4:75 [2, -7, -2]
701:50.91, 4:10 [7, 22146, -7]
fe: 1, se: 1

Day: 1, Time: 450
Total Cost: 283.15
 11:151.76, 16:75 [2, 7, 8, -2]
702:100.37, 8:10 [7, 143, 92, -7]
801:31.01, 8:10 [8, 1714, 251, -8]
fe: 1, se: 2

Day: 1, Time: 450
Total Cost: 324.44
 11:90.24, 12:75 [3, 10, -3]
1001:52.35, 4:10 [10, 6397, -10]
1002:145.63, 5:10 [10, 7005, 516, -10]
1003:36.22, 3:10 [10, 15685, -10]
fe: 1, se: 3

Day: 1, Time: 450
Total Cost: 494.96
 11:64.00, 30:75 [4, 12, -4]
1201:129.70, 6:10 [12, 3607, 13090, -12]
1202:71.69, 4:10 [12, 140, -12]
1203:78.03, 4:10 [12, 421, -12]
1204:75.91, 7:10 [12, 2623, 2843, 10929, -12]
1205:26.68, 4:10 [12, 6621, -12]
1206:48.95, 5:10 [12, 10511, 609, -12]
fe: 1, se: 6

Day: 1, Time: 460
Total Cost: 427.15
 11:136.01, 8:75 [1, 5, -1]
501:113.23, 2:10 [5, 157, -5]
502:83.57, 2:10 [5, 399, -5]
503:94.34, 4:10 [5, 547, -5]
fe: 1, se: 3

Day: 1, Time: 460
Total Cost: 289.85
 11:66.27, 11:75 [2, 7, -2]
701:143.05, 4:10 [7, 646, 566, -7]
702:45.60, 4:10 [7, 173, 267, -7]
703:34.93, 3:10 [7, 177, -7]
fe: 1, se: 3

Day: 1, Time: 460
Total Cost: 245.86
 11:94.59, 8:75 [3, 9, -3]
901:41.76, 2:10 [9, 319, -9]
902:109.50, 6:10 [9, 617, 320, -9]
fe: 1, se: 2

Day: 1, Time: 460
Total Cost: 317.42
 11:64.00, 15:75 [4, 12, -4]
1201:136.17, 7:10 [12, 514, 512, -12]
1202:117.26, 8:10 [12, 95, 242, -12]
fe: 1, se: 2

Day: 1, Time: 495
Total Cost: 460.16
 11:136.01, 14:75 [1, 5, -1]
 12:153.31, 2:75 [1, 6, -1]
501:41.76, 4:10 [5, 352, -5]
502:42.05, 1:10 [5, 86, -5]
503:22.36, 4:10 [5, 281, -5]
504:12.17, 3:10 [5, 2568, -5]
505:31.62, 2:10 [5, 12957, -5]
601:20.88, 2:10 [6, 15734, -6]
fe: 2, se: 6

Day: 1, Time: 495
Total Cost: 555.74
 11:66.27, 22:75 [2, 7, -2]
701:77.27, 6:10 [7, 15, 4359, -7]
702:70.71, 4:10 [7, 252, 410, -7]
703:64.78, 3:10 [7, 658, -7]
704:87.32, 3:10 [7, 501, -7]
705:79.40, 3:10 [7, 255, -7]
706:110.00, 3:10 [7, 100, -7]
fe: 1, se: 6

Day: 1, Time: 495
Total Cost: 135.82
 11:94.59, 3:75 [3, 9, -3]
901:41.23, 3:10 [9, 420, -9]
fe: 1, se: 1

Day: 1, Time: 495
Total Cost: 527.94
 11:64.00, 11:75 [4, 12, -4]
1201:84.40, 3:10 [12, 1309, -12]
1202:102.63, 1:10 [12, 344, -12]
1203:99.30, 1:10 [12, 151, -12]
1204:83.02, 3:10 [12, 1234, 10749, -12]
1205:94.59, 3:10 [12, 5767, -12]
fe: 1, se: 5

Day: 1, Time: 525
Total Cost: 119.64
 11:66.27, 3:75 [2, 7, -2]
701:53.37, 3:10 [7, 80, -7]
fe: 1, se: 1

Day: 1, Time: 525
Total Cost: 208.37
 11:94.59, 1:75 [3, 9, -3]
 12:90.24, 3:75 [3, 10, -3]
901:17.20, 1:10 [9, 472, -9]
1001:6.32, 3:10 [10, 348, -10]
fe: 2, se: 2

Day: 1, Time: 525
Total Cost: 86.09
 11:64.00, 2:75 [4, 12, -4]
1201:22.09, 2:10 [12, 7601, -12]
fe: 1, se: 1


Day	Area	ID	Time	Load	Utilization	NoOrders	AssignmentCost
1	1	 8	315	 75	1.00	31	825.00
1	1	28	360	 41	0.55	12	485.00
1	1	10	405	  9	0.12	 4	165.00
1	1	30	450	 70	0.78	21	620.00
1	1	13	540	 55	0.61	19	500.00
1	1	53	630	 75	1.00	24	825.00
1	1	15	630	 75	1.00	26	825.00
1	1	34	630	 75	1.00	28	825.00
1	1	37	765	 35	0.58	13	510.00
1	1	38	810	 60	1.00	27	810.00
1	1	19	810	 60	1.00	30	810.00
1	1	57	810	 60	1.00	28	810.00
1	2	259	300	  7	0.05	 4	290.00
1	2	84	315	 75	1.00	32	825.00
1	2	103	315	 75	1.00	20	825.00
1	2	66	360	 17	0.23	 6	245.00
1	2	260	400	 21	0.14	 7	570.00
1	2	70	540	 89	0.99	27	772.00
1	2	110	630	 75	1.00	26	825.00
1	2	72	630	 75	1.00	25	825.00
1	2	91	630	 75	1.00	25	825.00
1	2	94	765	 53	0.88	14	726.00
1	2	95	810	 60	1.00	34	810.00
1	2	76	810	 60	1.00	34	810.00
1	2	114	810	 60	1.00	32	810.00
1	3	139	225	 19	0.25	 7	265.00
1	3	286	300	  6	0.04	 2	270.00
1	3	122	315	 52	0.69	25	595.00
1	3	160	315	 45	0.60	13	525.00
1	3	287	400	 19	0.13	 7	530.00
1	3	124	405	 47	0.63	16	545.00
1	3	165	540	 90	1.00	26	780.00
1	3	147	585	 74	0.99	25	815.00
1	3	148	630	 73	0.97	22	805.00
1	3	167	630	 74	0.99	25	815.00
1	3	151	765	 57	0.95	16	774.00
1	3	133	810	 60	1.00	36	810.00
1	3	152	810	 60	1.00	33	810.00
1	3	171	810	 60	1.00	34	810.00
1	4	313	300	  4	0.03	 1	230.00
1	4	217	315	 74	0.99	22	815.00
1	4	179	315	 53	0.71	24	605.00
1	4	198	315	 75	1.00	29	825.00
1	4	314	400	  2	0.01	 1	190.00
1	4	200	405	 12	0.16	 5	195.00
1	4	203	540	 90	1.00	27	780.00
1	4	224	630	 74	0.99	25	815.00
1	4	186	630	 74	0.99	25	815.00
1	4	205	630	 74	0.99	22	815.00
1	4	189	765	 36	0.60	10	522.00
1	4	190	810	 60	1.00	42	810.00
1	4	228	810	 60	1.00	25	810.00
1	4	209	810	 60	1.00	38	810.00


Day	Area	Time	Pickup	Delivery	Direct	FEVehicles	SEVehicles	ALNSTime	ALNSBestTime	RoutingCostArea
1	1	0	144	207	0	10	74	480.49	324.28	8666.71
1	1	25	10	0	0	3	5	1.60	1.14	1039.63
1	1	50	5	0	0	3	3	0.67	0.00	739.52
1	1	65	4	0	0	1	2	0.45	0.00	365.64
1	1	150	18	0	0	3	7	1.52	0.01	1148.62
1	1	160	7	0	0	2	3	0.76	0.41	670.41
1	1	165	2	0	0	2	2	0.39	0.00	362.06
1	1	170	2	0	0	2	2	0.41	0.00	444.64
1	1	205	14	0	0	2	4	1.33	0.00	716.05
1	1	280	16	0	0	2	6	1.32	0.00	946.60
1	1	300	9	0	0	2	4	1.01	0.00	678.71
1	1	330	11	2	0	1	4	1.30	0.00	617.92
1	1	360	10	6	0	2	5	1.48	0.00	899.39
1	1	400	8	0	0	2	4	1.07	0.00	718.49
1	1	405	1	52	0	2	17	9.47	0.56	1827.33
1	1	430	2	0	0	1	2	0.52	0.00	290.73
1	1	460	0	3	0	1	3	0.36	0.00	427.15
1	1	495	0	6	0	2	6	0.62	0.00	460.16
1	2	0	173	218	0	13	76	784.06	601.23	8426.04
1	2	50	14	0	0	2	5	1.32	0.18	761.71
1	2	100	15	0	0	3	5	1.21	0.00	837.30
1	2	105	1	0	0	1	1	0.27	0.00	169.36
1	2	140	9	0	0	2	4	0.78	0.00	595.41
1	2	160	3	0	0	2	2	0.30	0.00	256.06
1	2	165	2	0	0	2	2	0.31	0.00	242.31
1	2	185	3	0	0	2	2	0.37	0.00	360.23
1	2	290	31	0	0	2	10	2.67	0.00	1101.05
1	2	300	1	0	0	1	1	0.19	0.00	147.68
1	2	405	29	51	0	3	20	28.56	14.96	1920.91
1	2	410	4	0	0	1	2	0.45	0.00	298.78
1	2	435	1	0	0	1	1	0.25	0.00	117.18
1	2	450	0	4	0	1	2	0.49	0.00	283.15
1	2	460	0	5	0	1	3	0.41	0.00	289.85
1	2	495	0	8	0	1	6	0.90	0.00	555.74
1	2	525	0	1	0	1	1	0.19	0.00	119.64
1	3	0	172	207	0	12	75	594.94	402.25	8078.75
1	3	50	17	0	0	2	5	1.66	0.30	739.57
1	3	65	6	0	0	2	4	0.63	0.00	600.82
1	3	80	5	0	0	3	5	0.87	0.03	721.54
1	3	100	6	0	0	3	3	0.62	0.00	566.41
1	3	135	9	0	0	3	4	0.88	0.00	651.62
1	3	145	2	0	0	1	2	0.36	0.00	231.32
1	3	175	6	0	1	2	3	0.48	0.00	1009.36
1	3	290	32	0	0	2	10	3.96	2.48	1056.64
1	3	330	8	0	0	1	2	0.92	0.00	404.71
1	3	405	20	61	0	3	18	35.99	21.72	2112.20
1	3	415	3	0	0	1	2	0.36	0.00	296.40
1	3	450	0	4	0	1	3	0.56	0.02	324.44
1	3	460	0	3	0	1	2	0.35	0.00	245.86
1	3	495	0	1	0	1	1	0.28	0.00	135.82
1	3	525	0	2	0	2	2	0.37	0.00	208.37
1	4	0	163	188	0	12	69	664.88	495.10	7868.70
1	4	55	19	0	0	2	6	2.16	1.27	864.90
1	4	60	1	0	0	1	1	0.31	0.00	167.32
1	4	75	7	0	0	2	4	0.80	0.04	685.18
1	4	105	12	0	0	2	5	1.15	0.00	726.58
1	4	130	8	0	0	2	3	0.89	0.00	434.11
1	4	135	2	0	0	2	2	0.31	0.00	280.91
1	4	140	5	0	0	3	3	0.83	0.00	567.49
1	4	155	5	0	0	1	3	0.50	0.00	451.12
1	4	190	10	0	0	2	4	0.94	0.00	541.40
1	4	285	23	0	0	1	7	3.01	0.82	842.44
1	4	300	2	0	0	1	1	0.32	0.00	253.97
1	4	390	32	3	0	2	10	5.89	3.41	1105.52
1	4	405	3	35	0	2	12	4.69	0.75	1358.04
1	4	420	4	0	0	1	3	0.53	0.00	340.82
1	4	450	0	10	0	1	6	1.25	0.11	494.96
1	4	460	0	4	0	1	2	0.51	0.00	317.42
1	4	495	0	6	0	1	5	0.66	0.00	527.94
1	4	525	0	1	1	1	1	0.21	0.00	586.09

Day	SL	Own	DispatchTimes	AssignmentCost	RoutingCost	TotalCost
1	47	6	35	35354.00	73300.92	108654.92

Total Cost: 108654.92429477832
Cost per Day: 108654.92429477832
Running time in Seconds: 4891.802
Running time in minutes: 81.53003333333334