INSTANCE: 2hubs_A_27_x.csv
PARAMETER: tuning_loose.txt
POLICY: MIP
ALPHA: 0.0204306493354931
BETA: 51
OMEGA: 586
EPSILON: 1.52906075255563

Day: 1, Time: 0
Total Cost: 3097.07
 11:136.01, 27:75 [1, 3, -3, -1]
 12:136.01, 30:75 [1, 3, -3, -1]
 13:153.31, 39:75 [1, 4, -4, -1]
 14:153.31, 40:75 [1, 4, -4, -1]
301:51.33, 8:10 [3, 3195, 3149, -3]
302:113.04, 10:10 [3, 3315, 3308, 3118, 3127, -3]
303:62.28, 10:10 [3, 3305, 3306, 3224, 3291, 3288, -3]
304:110.54, 8:10 [3, 3136, 3155, 3292, 3157, -3]
305:90.84, 10:10 [3, 3129, 3126, 3183, 3222, 3121, -3]
306:114.51, 8:10 [3, 3248, 3219, 3312, 3218, 3265, -3]
307:150.53, 10:10 [3, 3156, 3179, 3211, 3092, 3109, -3]
308:130.35, 10:10 [3, 3100, 3123, 3120, 3111, -3]
309:131.22, 5:10 [3, 3191, 3307, 3132, -3]
312:74.70, 10:10 [3, 3202, 3253, 3223, 3104, -3]
401:152.65, 9:10 [4, 3150, 3301, 3269, 3162, -4]
402:101.15, 10:10 [4, 3215, 3262, 3311, 3281, 3139, -4]
403:68.03, 10:10 [4, 3182, 3220, 3213, 3274, 3263, -4]
404:150.54, 10:10 [4, 3270, 3158, 3194, 3091, -4]
405:69.13, 10:10 [4, 3170, 3271, 3240, 3272, -4]
406:34.23, 4:10 [4, 3140, -4]
407:24.17, 4:10 [4, 3297, -4]
409:74.55, 10:10 [4, 3161, 3122, 3250, 3289, 3276, -4]
410:146.59, 8:10 [4, 3197, 3108, 3221, 3186, 3209, 3203, -4]
411:95.15, 9:10 [4, 3210, 3190, 3273, 3264, 3180, 3233, -4]
412:150.20, 9:10 [4, 3196, 3251, 3151, 3228, 3239, -4]
413:134.60, 10:10 [4, 3093, 3167, 3096, 3166, 3113, 3193, -4]
415:179.54, 10:10 [4, 3175, 3187, 3103, 3168, 3094, -4]
417:108.55, 8:10 [4, 3304, 3279, 3277, 3087, -4]
fe: 4, se: 24

Day: 1, Time: 10
Total Cost: 4150.66
 11:66.27, 69:75 [2, 5, -5, -2]
 12:66.27, 38:75 [2, 5, -5, -2]
 13:66.27, 37:75 [2, 5, -5, -2]
 14:66.27, 1:75 [2, -5, -2]
 15:145.23, 27:75 [2, 6, -6, -2]
 16:66.27, 3:75 [2, -5, -2]
 17:145.23, 36:75 [2, 6, -6, -2]
 18:145.23, 4:75 [2, -6, -2]
 19:66.27, 1:75 [2, -5, -2]
 20:66.27, 1:75 [2, -5, -2]
 21:66.27, 3:75 [2, -5, -2]
501:95.71, 10:10 [5, 3302, 3258, 3257, -5]
502:36.06, 4:10 [5, 3116, -5]
503:96.55, 9:10 [5, 3299, 3309, 3282, 3227, -5]
504:111.89, 1:10 [5, 3295, -5]
505:122.07, 10:10 [5, 3128, 3117, 3115, 3259, 3255, 3165, -5]
506:85.90, 10:10 [5, 3204, 3266, 3212, 3303, -5]
507:142.62, 1:10 [5, 3252, -5]
508:134.13, 3:10 [5, 3226, -5]
509:126.63, 9:10 [5, 3130, 3293, 3235, 3145, 3178, -5]
510:126.57, 1:10 [5, 3287, -5]
511:116.28, 1:10 [5, 3267, -5]
512:115.55, 3:10 [5, 3241, -5]
514:91.49, 9:10 [5, 3163, 3169, 3148, 3110, -5]
515:65.34, 7:10 [5, 3310, 3164, 3300, -5]
516:89.55, 10:10 [5, 3133, 3237, 3125, 3231, 3097, 3247, 3296, -5]
518:135.60, 10:10 [5, 3275, 3101, 3216, 3143, 3138, 3153, -5]
520:165.50, 10:10 [5, 3176, 3285, 3284, 3090, 3147, -5]
521:97.11, 9:10 [5, 3261, 3217, 3105, 3201, -5]
522:97.12, 10:10 [5, 3174, 3146, 3089, 3098, 3088, -5]
523:119.96, 9:10 [5, 3095, 3177, 3181, 3206, 3249, -5]
524:107.13, 10:10 [5, 3192, 3188, 3106, 3256, 3141, -5]
526:191.89, 10:10 [5, 3173, 3119, 3124, 3114, 3205, 3107, 3314, -5]
528:86.51, 10:10 [5, 3234, 3134, 3198, 3159, 3142, 3229, 3313, 3099, -5]
601:34.18, 3:10 [6, 3236, -6]
602:18.44, 1:10 [6, 3230, -6]
603:33.25, 9:10 [6, 3268, 3214, 3246, -6]
604:72.46, 9:10 [6, 3172, 3135, 3519, 3137, 3152, -6]
605:55.06, 8:10 [6, 3189, 3245, 3112, -6]
606:26.75, 9:10 [6, 3283, 3208, 3294, -6]
607:77.73, 10:10 [6, 3238, 3278, 3286, 3243, 3244, -6]
608:70.57, 9:10 [6, 3207, 3260, 3185, 3144, -6]
609:101.57, 10:10 [6, 3199, 3225, 3160, 3184, 3280, -6]
610:48.66, 8:10 [6, 3232, 3254, 3290, 3154, 3200, -6]
611:88.96, 9:10 [6, 3242, 3131, 3298, 3102, 3171, -6]
fe: 11, se: 34

Day: 1, Time: 30
Total Cost: 421.20
 11:66.27, 4:75 [2, -5, -2]
 12:66.27, 6:75 [2, -5, -2]
501:74.03, 4:10 [5, 3815, -5]
502:99.86, 3:10 [5, 4548, -5]
503:114.77, 3:10 [5, 6243, -5]
fe: 2, se: 3

Day: 1, Time: 45
Total Cost: 234.34
 11:66.27, 7:75 [2, -5, -2]
501:58.00, 4:10 [5, 3498, -5]
502:110.07, 3:10 [5, 4084, -5]
fe: 1, se: 2

Day: 1, Time: 65
Total Cost: 274.88
 11:66.27, 8:75 [2, -5, -2]
501:90.97, 4:10 [5, 4187, -5]
502:72.69, 3:10 [5, 3663, -5]
503:44.94, 1:10 [5, 4414, -5]
fe: 1, se: 3

Day: 1, Time: 95
Total Cost: 439.15
 11:66.27, 6:75 [2, -5, -2]
 12:66.27, 5:75 [2, -5, -2]
501:140.73, 6:10 [5, 4599, 5458, -5]
502:105.85, 4:10 [5, 5286, -5]
503:60.03, 1:10 [5, 3457, -5]
fe: 2, se: 3

Day: 1, Time: 100
Total Cost: 721.42
 11:136.01, 5:75 [1, -3, -1]
 12:136.01, 4:75 [1, -3, -1]
 13:153.31, 3:75 [1, -4, -1]
301:187.73, 5:10 [3, 4581, 6074, 3978, -3]
302:34.00, 4:10 [3, 6094, -3]
401:26.31, 1:10 [4, 3906, -4]
403:48.04, 2:10 [4, 4076, -4]
fe: 3, se: 4

Day: 1, Time: 125
Total Cost: 244.03
 11:136.01, 5:75 [1, -3, -1]
301:48.08, 2:10 [3, 5692, -3]
302:59.93, 3:10 [3, 4168, -3]
fe: 1, se: 2

Day: 1, Time: 125
Total Cost: 331.83
 11:66.27, 3:75 [2, -5, -2]
 12:66.27, 3:75 [2, -5, -2]
501:70.71, 3:10 [5, 4547, -5]
502:128.58, 3:10 [5, 4419, -5]
fe: 2, se: 2

Day: 1, Time: 140
Total Cost: 177.39
 11:153.31, 2:75 [1, -4, -1]
401:24.08, 2:10 [4, 5596, -4]
fe: 1, se: 1

Day: 1, Time: 155
Total Cost: 446.30
 11:66.27, 10:75 [2, -5, -2]
 12:66.27, 1:75 [2, -5, -2]
501:250.99, 10:10 [5, 6232, 3918, 4891, 4368, 4353, -5]
502:62.77, 1:10 [5, 3348, -5]
fe: 2, se: 2

Day: 1, Time: 175
Total Cost: 276.40
 11:136.01, 7:75 [1, -3, -1]
302:140.39, 7:10 [3, 5642, 4287, -3]
fe: 1, se: 1

Day: 1, Time: 180
Total Cost: 274.95
 11:66.27, 1:75 [2, -5, -2]
 12:66.27, 1:75 [2, -5, -2]
501:78.00, 1:10 [5, 4255, -5]
502:64.40, 1:10 [5, 4516, -5]
fe: 2, se: 2

Day: 1, Time: 290
Total Cost: 614.06
 11:66.27, 38:75 [2, -5, -2]
501:199.76, 10:10 [5, 5688, 5820, 3537, 4571, -5]
502:112.23, 10:10 [5, 5967, 5682, 3787, 6107, 5624, -5]
503:97.18, 9:10 [5, 5919, 5113, 5727, -5]
504:138.62, 9:10 [5, 4383, 5233, 4862, -5]
fe: 1, se: 4

Day: 1, Time: 310
Total Cost: 883.64
 11:136.01, 18:75 [1, -3, -1]
 12:153.31, 29:75 [1, -4, -1]
302:109.03, 8:10 [3, 3428, 5168, 4708, -3]
303:158.57, 10:10 [3, 5533, 4257, 5842, -3]
401:69.90, 10:10 [4, 4981, 5498, 5933, -4]
402:121.31, 9:10 [4, 3395, 4473, 4094, -4]
403:135.50, 10:10 [4, 5750, 5337, 5570, -4]
fe: 2, se: 5

Day: 1, Time: 320
Total Cost: 979.82
 11:179.78, 67:75 [1, 3, 4, -4, -1]
301:102.39, 9:10 [3, 62, 894, 11, 68, -3]
302:67.51, 7:10 [3, 1224, 36, 473, -3]
303:137.63, 9:10 [3, 14, 40, 120, 27, -3]
304:21.54, 4:10 [3, 67, -3]
306:191.20, 9:10 [3, 97, 77, 46, 22, -3]
401:112.15, 10:10 [4, 5021, 110, 71, 113, -4]
402:58.07, 7:10 [4, 112, 76, -4]
403:96.76, 8:10 [4, 105, 1358, 625, -4]
404:12.80, 6:10 [4, 3053, 51, -4]
fe: 1, se: 9

Day: 1, Time: 360
Total Cost: 475.61
 11:136.01, 8:75 [1, 3, -3, -1]
301:173.76, 4:10 [3, 5946, 1987, -3]
302:165.83, 8:10 [3, 3808, 3633, 158, -3]
fe: 1, se: 2

Day: 1, Time: 405
Total Cost: 1496.18
 11:136.01, 40:75 [1, 3, -3, -1]
 12:153.31, 28:75 [1, 4, -4, -1]
301:102.52, 9:10 [3, 26, 78, 109, 41, -3]
302:72.53, 10:10 [3, 2096, 100, 93, -3]
303:106.62, 4:10 [3, 5003, -3]
304:136.37, 9:10 [3, 95, 1326, 24, -3]
305:76.80, 5:10 [3, 5067, 123, 85, -3]
306:102.49, 2:10 [3, 44, 37, -3]
307:80.79, 6:10 [3, 64, 18, -3]
308:11.31, 2:10 [3, 3694, -3]
309:83.57, 4:10 [3, 57, 4720, -3]
401:108.21, 6:10 [4, 5424, 4994, -4]
402:129.89, 5:10 [4, 8, 104, 94, -4]
403:7.77, 4:10 [4, 96, 106, -4]
404:113.82, 9:10 [4, 42, 267, 39, 119, -4]
406:74.15, 10:10 [4, 88, 92, 10, -4]
fe: 2, se: 14

Day: 1, Time: 405
Total Cost: 1293.02
 11:66.27, 68:75 [2, 5, -5, -2]
501:147.82, 8:10 [5, 73, 2406, 2920, 122, 23, -5]
502:73.05, 10:10 [5, 6052, 4209, 34, 3958, -5]
503:164.96, 10:10 [5, 101, 87, 3757, 29, 50, -5]
504:125.27, 8:10 [5, 3719, 5291, 83, 28, -5]
505:99.96, 10:10 [5, 107, 3814, 5630, 2904, 4912, -5]
506:95.93, 9:10 [5, 82, 20, 30, -5]
508:123.03, 9:10 [5, 5774, 4661, 6150, 2502, 716, -5]
509:145.76, 10:10 [5, 5353, 5575, 75, 43, 84, 5723, -5]
510:112.67, 9:10 [5, 886, 114, 5790, 978, 125, -5]
511:138.30, 10:10 [5, 58, 117, 89, 5802, 74, 115, -5]
fe: 1, se: 10

Day: 1, Time: 430
Total Cost: 158.62
 11:66.27, 3:75 [2, -5, -2]
501:92.35, 3:10 [5, 6138, -5]
fe: 1, se: 1

Day: 1, Time: 450
Total Cost: 192.10
 11:179.78, 3:75 [1, 3, -4, -1]
301:6.32, 3:10 [3, 1229, -3]
401:6.00, 3:10 [4, 4624, -4]
fe: 1, se: 2

Day: 1, Time: 450
Total Cost: 459.49
 11:66.27, 22:75 [2, 5, -2]
501:128.99, 3:10 [5, 91, 25, -5]
502:105.78, 7:10 [5, 111, 31, 61, -5]
503:124.38, 8:10 [5, 7, 99, 79, -5]
505:34.06, 4:10 [5, 72, -5]
fe: 1, se: 4


Day	Area	ID	Time	Load	Utilization	NoOrders	AssignmentCost
1	1	 8	315	 68	0.76	31	755.00
1	1	 9	360	 22	0.24	 9	295.00
1	1	15	630	 84	0.93	28	915.00
1	1	19	810	 53	0.74	21	726.00
1	2	25	225	 67	0.74	26	745.00
1	2	51	300	  4	0.02	 2	230.00
1	2	27	315	 68	0.76	29	755.00
1	2	28	360	  3	0.03	 1	105.00
1	2	34	630	 86	0.96	27	935.00
1	2	37	765	 21	0.29	 6	342.00
1	2	38	810	 72	1.00	34	954.00


Day	Area	Time	Pickup	Delivery	Direct	FEVehicles	SEVehicles	ALNSTime	ALNSBestTime	RoutingCostArea
1	1	0	51	51	0	4	24	57.51	32.09	3097.07
1	1	100	6	0	0	3	4	0.50	0.00	721.42
1	1	125	2	0	0	1	2	0.32	0.00	244.03
1	1	140	1	0	0	1	1	0.20	0.00	177.39
1	1	175	2	0	1	1	1	0.25	0.00	776.40
1	1	310	15	0	0	2	5	1.13	0.00	883.64
1	1	320	1	26	0	1	9	3.13	2.14	979.82
1	1	360	3	2	0	1	2	0.61	0.00	475.61
1	1	405	6	29	0	2	14	3.82	0.00	1496.18
1	1	450	1	1	0	1	2	0.31	0.00	192.10
1	2	10	69	59	0	11	34	65.07	46.95	4150.66
1	2	30	3	0	0	2	3	0.50	0.00	421.20
1	2	45	2	0	0	1	2	0.32	0.00	234.34
1	2	65	3	0	0	1	3	0.43	0.00	274.88
1	2	95	4	0	0	2	3	0.47	0.00	439.15
1	2	125	2	0	0	2	2	0.33	0.00	331.83
1	2	155	6	0	0	2	2	0.61	0.00	446.30
1	2	165	0	0	1	0	0	0.00	0.00	500.00
1	2	180	2	0	0	2	2	0.31	0.00	274.95
1	2	290	15	0	0	1	4	1.08	0.00	614.06
1	2	405	17	31	0	1	10	9.90	4.31	1293.02
1	2	430	1	0	0	1	1	0.20	0.00	158.62
1	2	450	0	9	0	1	4	0.42	0.00	459.49

Day	SL	Own	DispatchTimes	AssignmentCost	RoutingCost	TotalCost
1	10	1	23	6757.00	18642.17	25399.17

Total Cost: 25399.166412475242
Cost per Day: 25399.166412475242
Running time in Seconds: 185.721
Running time in minutes: 3.09535