INSTANCE: 2hubs_A_48_x.csv
PARAMETER: tuning_loose.txt
POLICY: MIP
ALPHA: 0.0204306493354931
BETA: 51
OMEGA: 586
EPSILON: 1.52906075255563

Day: 1, Time: 5
Total Cost: 3502.81
 11:136.01, 49:75 [1, 3, -3, -1]
 12:136.01, 37:75 [1, 3, -3, -1]
 13:153.31, 54:75 [1, 4, -4, -1]
 14:153.31, 4:75 [1, -4, -1]
 15:136.01, 38:75 [1, 3, -3, -1]
301:25.67, 7:10 [3, 3306, 3287, 3094, -3]
302:128.78, 8:10 [3, 3286, 3255, -3]
303:157.75, 10:10 [3, 3123, 3265, 3220, 3160, -3]
304:159.40, 10:10 [3, 3179, 3234, 3246, 3148, 3113, 3091, -3]
305:80.37, 10:10 [3, 3269, 3307, 3261, 3259, 3289, -3]
306:147.43, 10:10 [3, 3145, 3103, 3304, 3216, 3193, 3147, -3]
307:173.30, 9:10 [3, 3253, 3308, 3107, -3]
308:57.42, 9:10 [3, 3156, 3186, 3139, 3212, -3]
309:76.71, 5:10 [3, 3236, 3227, -3]
310:137.66, 10:10 [3, 3136, 3104, 3239, 3171, 3167, 3142, -3]
311:131.40, 10:10 [3, 3122, 3217, 3315, 3190, 3164, 3252, -3]
312:104.84, 9:10 [3, 3115, 3277, 3266, 3100, 3095, -3]
313:139.94, 10:10 [3, 3302, 3126, 3278, 3263, 3303, 3200, -3]
314:211.69, 10:10 [3, 3194, 3187, 3168, 3228, 3152, 3267, -3]
316:106.34, 9:10 [3, 3178, 3291, 3283, 3297, 3240, 3211, -3]
401:158.40, 4:10 [4, 3204, -4]
402:38.06, 6:10 [4, 3118, 3189, -4]
403:75.61, 9:10 [4, 3230, 3301, 3282, 3264, 3280, -4]
404:58.66, 10:10 [4, 3134, 3245, 3223, 3279, 3127, -4]
405:89.52, 10:10 [4, 3138, 3158, 3141, -4]
406:78.90, 9:10 [4, 3109, 3093, 3143, -4]
407:107.29, 7:10 [4, 3183, 3284, 3244, -4]
408:71.54, 9:10 [4, 3121, 3314, 3222, 3250, -4]
411:115.87, 10:10 [4, 3101, 3096, 3116, 3102, 3195, 3176, -4]
413:155.58, 10:10 [4, 3125, 3098, 3119, 3149, -4]
fe: 5, se: 25

Day: 1, Time: 5
Total Cost: 3392.06
 11:66.27, 70:75 [2, 5, -5, -2]
 12:66.27, 37:75 [2, 5, -5, -2]
 13:66.27, 14:75 [2, 5, -5, -2]
 14:66.27, 24:75 [2, 5, -5, -2]
 15:145.23, 47:75 [2, 6, -6, -2]
 17:66.27, 11:75 [2, -5, -2]
 19:66.27, 9:75 [2, 5, -5, -2]
501:114.20, 9:10 [5, 3154, 3285, 3169, 3165, 3090, -5]
502:116.99, 10:10 [5, 3184, 3166, 3188, 3105, 3210, -5]
503:61.30, 9:10 [5, 3097, 3089, 3133, 3131, -5]
504:111.68, 5:10 [5, 3262, 3311, -5]
505:105.87, 10:10 [5, 3174, 3271, 3312, 3177, 3281, -5]
506:144.94, 1:10 [5, 3305, -5]
507:108.65, 5:10 [5, 3232, 3209, -5]
508:123.16, 10:10 [5, 3192, 3229, 3112, 3201, 3130, 3161, -5]
509:65.50, 10:10 [5, 3295, 3268, 3224, 3309, -5]
511:73.60, 9:10 [5, 3258, 3163, 3207, 3292, 3206, -5]
513:126.73, 10:10 [5, 3235, 3111, 3185, 3260, 3313, 3231, 3275, -5]
514:83.95, 10:10 [5, 3175, 3221, 3198, 3294, -5]
515:54.99, 9:10 [5, 3137, 3182, 3146, 3247, -5]
516:131.98, 8:10 [5, 3237, 3197, 3208, 3162, 3248, -5]
517:22.46, 7:10 [5, 3300, 3226, -5]
518:112.61, 4:10 [5, 3110, 3270, -5]
519:123.44, 10:10 [5, 3099, 3272, 3249, 3124, 3215, 3218, 3172, -5]
521:97.22, 9:10 [5, 3196, 3191, 3106, 3181, 3140, -5]
522:101.64, 10:10 [5, 3290, 3254, 3092, -5]
524:169.79, 10:10 [5, 3205, 3214, 3213, 3135, 3243, 3288, 3128, 3238, -5]
525:137.13, 10:10 [5, 3144, 3151, 3241, 3117, 3256, 3088, 3296, -5]
601:71.98, 10:10 [6, 3242, 3203, 3225, -6]
602:97.01, 9:10 [6, 3170, 3180, 3129, -6]
603:59.95, 9:10 [6, 3299, 3276, 3257, 3233, -6]
604:31.17, 10:10 [6, 3173, 3108, 3114, -6]
605:83.34, 10:10 [6, 3157, 3273, 3199, 3293, -6]
606:18.11, 3:10 [6, 3251, -6]
607:73.66, 9:10 [6, 3219, 3298, 3159, -6]
609:127.64, 10:10 [6, 3155, 3087, 3150, 3132, -6]
611:98.52, 10:10 [6, 3274, 3153, 3120, 3310, 3202, -6]
fe: 7, se: 30

Day: 1, Time: 45
Total Cost: 438.95
 11:66.27, 1:75 [2, -5, -2]
 13:66.27, 13:75 [2, -5, -2]
501:92.97, 1:10 [5, 5929, -5]
502:94.25, 4:10 [5, 4706, -5]
503:58.82, 3:10 [5, 4716, -5]
504:60.35, 6:10 [5, 4458, 5706, -5]
fe: 2, se: 4

Day: 1, Time: 50
Total Cost: 139.07
 11:66.27, 3:75 [2, -5, -2]
501:72.80, 3:10 [5, 5013, -5]
fe: 1, se: 1

Day: 1, Time: 55
Total Cost: 787.13
 11:136.01, 2:75 [1, -3, -1]
 12:153.31, 4:75 [1, -4, -1]
 13:153.31, 4:75 [1, -4, -1]
301:63.66, 2:10 [3, 4340, -3]
401:122.65, 4:10 [4, 3901, -4]
402:158.19, 4:10 [4, 4438, 5666, -4]
fe: 3, se: 3

Day: 1, Time: 60
Total Cost: 214.52
 11:179.78, 2:75 [1, -3, -4, -1]
301:22.09, 1:10 [3, 5142, -3]
401:12.65, 1:10 [4, 5915, -4]
fe: 1, se: 2

Day: 1, Time: 75
Total Cost: 748.31
 11:136.01, 6:75 [1, -3, -1]
 12:136.01, 1:75 [1, -3, -1]
 13:153.31, 4:75 [1, -4, -1]
301:40.45, 6:10 [3, 4764, 4001, -3]
302:117.05, 1:10 [3, 4643, -3]
401:165.47, 4:10 [4, 4715, -4]
fe: 3, se: 3

Day: 1, Time: 90
Total Cost: 232.94
 12:153.31, 7:75 [1, -4, -1]
401:22.36, 3:10 [4, 3873, -4]
402:57.27, 4:10 [4, 5256, -4]
fe: 1, se: 2

Day: 1, Time: 115
Total Cost: 526.59
 11:153.31, 3:75 [1, -4, -1]
 12:136.01, 3:75 [1, -3, -1]
301:103.25, 3:10 [3, 5300, -3]
401:72.28, 1:10 [4, 5748, -4]
402:61.74, 2:10 [4, 4704, -4]
fe: 2, se: 3

Day: 1, Time: 115
Total Cost: 580.06
 11:66.27, 3:75 [2, -5, -2]
 12:66.27, 8:75 [2, -5, -2]
501:190.22, 3:10 [5, 5488, 5845, -5]
502:114.53, 3:10 [5, 4386, 4248, -5]
504:82.61, 1:10 [5, 4088, -5]
505:60.17, 4:10 [5, 5041, -5]
fe: 2, se: 4

Day: 1, Time: 120
Total Cost: 188.36
 11:136.01, 2:75 [1, -3, -1]
301:52.35, 2:10 [3, 3524, -3]
fe: 1, se: 1

Day: 1, Time: 150
Total Cost: 477.32
 11:66.27, 10:75 [2, -5, -2]
 12:66.27, 1:75 [2, -5, -2]
501:165.36, 6:10 [5, 3766, 3775, -5]
502:136.89, 4:10 [5, 3986, -5]
504:42.52, 1:10 [5, 4991, -5]
fe: 2, se: 3

Day: 1, Time: 155
Total Cost: 490.03
 11:136.01, 7:75 [1, -3, -1]
 12:153.31, 3:75 [1, -4, -1]
301:146.06, 7:10 [3, 3718, 3676, -3]
401:54.64, 3:10 [4, 4754, 5731, -4]
fe: 2, se: 2

Day: 1, Time: 170
Total Cost: 164.65
 11:136.01, 2:75 [1, -3, -1]
301:28.64, 2:10 [3, 5369, -3]
fe: 1, se: 1

Day: 1, Time: 295
Total Cost: 731.85
 11:179.78, 13:75 [1, -3, -4, -1]
 12:153.31, 10:75 [1, -4, -1]
301:144.18, 8:10 [3, 3402, 4659, 4404, -3]
302:49.03, 2:10 [3, 3581, -3]
401:163.18, 10:10 [4, 5895, 3704, 3500, 5574, -4]
402:42.38, 3:10 [4, 5334, -4]
fe: 2, se: 4

Day: 1, Time: 300
Total Cost: 626.47
 11:66.27, 18:75 [2, -5, -2]
 12:145.23, 11:75 [2, -6, -2]
502:148.14, 8:10 [5, 3442, 4871, 5110, -5]
504:118.35, 10:10 [5, 5883, 5726, 4351, 5336, -5]
601:45.69, 4:10 [6, 3889, -6]
602:57.27, 1:10 [6, 4633, -6]
603:45.51, 6:10 [6, 3847, 5355, -6]
fe: 2, se: 5

Day: 1, Time: 335
Total Cost: 873.14
 11:136.01, 16:75 [1, 3, -3, -1]
 12:153.31, 35:75 [1, 4, -1]
301:117.04, 8:10 [3, 104, 121, 115, 4362, -3]
302:165.05, 8:10 [3, 31, 34, 119, 3519, -3]
401:12.39, 6:10 [4, 2516, 1823, -4]
402:66.50, 10:10 [4, 1268, 1526, 78, -4]
403:95.50, 10:10 [4, 80, 105, 1516, -4]
404:127.34, 9:10 [4, 42, 8, 72, 19, -4]
fe: 2, se: 6

Day: 1, Time: 365
Total Cost: 669.67
 11:136.01, 32:75 [1, 3, -3, -1]
301:146.71, 8:10 [3, 68, 123, 3618, 18, -3]
302:167.70, 10:10 [3, 81, 5697, 1801, 5049, 70, 47, -3]
303:53.64, 7:10 [3, 91, 41, 85, 5164, 3569, -3]
304:165.60, 9:10 [3, 102, 45, 58, 17, -3]
fe: 1, se: 4

Day: 1, Time: 395
Total Cost: 746.88
 11:66.27, 33:75 [2, 5, -5, -2]
501:97.35, 7:10 [5, 3589, 2718, 3409, -5]
503:139.30, 6:10 [5, 5548, 4544, 5762, -5]
504:152.49, 5:10 [5, 5249, 599, 4755, -5]
505:132.55, 5:10 [5, 1150, 3927, 295, 4998, -5]
506:158.92, 10:10 [5, 5624, 5685, 4486, -5]
fe: 1, se: 5

Day: 1, Time: 405
Total Cost: 1437.31
 11:136.01, 34:75 [1, 3, -3, -1]
 12:153.31, 28:75 [1, 4, -4, -1]
301:137.92, 10:10 [3, 4260, 109, 53, 103, -3]
302:59.75, 9:10 [3, 83, 25, 13, -3]
303:73.10, 9:10 [3, 4446, 24, 4288, 29, -3]
307:150.45, 6:10 [3, 4408, 5405, -3]
308:86.01, 7:10 [3, 67, 23, 120, -3]
309:103.78, 9:10 [3, 1851, 108, 15, -3]
401:67.12, 6:10 [4, 9, 36, -4]
402:47.16, 2:10 [4, 898, 28, -4]
403:63.66, 4:10 [4, 4360, -4]
404:162.23, 10:10 [4, 59, 1058, 110, 12, -4]
405:78.94, 4:10 [4, 43, 3501, 82, -4]
406:117.88, 9:10 [4, 6170, 35, 1196, -4]
fe: 2, se: 12

Day: 1, Time: 405
Total Cost: 1175.62
 11:66.27, 60:75 [2, 5, -2]
 12:145.23, 18:75 [2, 6, -2]
501:111.60, 9:10 [5, 71, 14, 683, -5]
502:112.77, 10:10 [5, 1574, 1514, 96, -5]
503:26.08, 4:10 [5, 116, -5]
504:51.96, 7:10 [5, 107, 94, -5]
505:117.89, 10:10 [5, 811, 32, 334, 76, -5]
510:135.22, 10:10 [5, 60, 79, 124, 117, -5]
511:173.85, 10:10 [5, 55, 87, 97, 2066, -5]
601:82.34, 4:10 [6, 54, 33, -6]
602:42.19, 1:10 [6, 101, -6]
603:53.71, 6:10 [6, 90, 40, 711, -6]
604:56.49, 7:10 [6, 69, 92, -6]
fe: 2, se: 11

Day: 1, Time: 445
Total Cost: 275.38
 11:151.76, 6:75 [2, -5, -6, -2]
501:86.26, 5:10 [5, 4910, 5426, -5]
601:37.36, 1:10 [6, 5232, -6]
fe: 1, se: 2

Day: 1, Time: 450
Total Cost: 639.38
 11:66.27, 36:75 [2, 5, -2]
501:157.71, 4:10 [5, 73, 112, 63, -5]
502:109.47, 6:10 [5, 27, 125, -5]
503:78.49, 4:10 [5, 1564, 1453, 2541, -5]
504:106.18, 8:10 [5, 118, 30, -5]
505:53.07, 8:10 [5, 1525, 88, -5]
506:68.18, 6:10 [5, 75, 2179, -5]
fe: 1, se: 6

Day: 1, Time: 460
Total Cost: 191.31
 11:153.31, 4:75 [1, -4, -1]
401:38.00, 4:10 [4, 4119, -4]
fe: 1, se: 1

Day: 1, Time: 495
Total Cost: 156.90
 11:136.01, 4:75 [1, 3, -1]
301:20.88, 4:10 [3, 796, -3]
fe: 1, se: 1


Day	Area	ID	Time	Load	Utilization	NoOrders	AssignmentCost
1	1	 6	225	  9	0.10	 4	165.00
1	1	 8	315	 78	0.87	29	855.00
1	1	 9	360	 36	0.40	14	435.00
1	1	15	630	 69	0.77	26	765.00
1	1	19	810	 72	1.00	28	954.00
1	2	25	225	 51	0.57	18	585.00
1	2	26	270	 32	0.36	14	395.00
1	2	27	315	 62	0.69	26	695.00
1	2	29	405	  4	0.04	 1	115.00
1	2	34	630	 50	0.56	16	575.00
1	2	38	810	 72	1.00	34	954.00


Day	Area	Time	Pickup	Delivery	Direct	FEVehicles	SEVehicles	ALNSTime	ALNSBestTime	RoutingCostArea
1	1	5	52	54	0	5	25	58.59	44.67	3502.81
1	1	55	4	0	0	3	3	0.71	0.00	787.13
1	1	60	2	0	1	1	2	0.28	0.00	714.52
1	1	75	4	0	0	3	3	0.53	0.00	748.31
1	1	90	2	0	1	1	2	0.33	0.00	732.94
1	1	115	3	0	0	2	3	0.29	0.00	526.59
1	1	120	1	0	0	1	1	0.19	0.00	188.36
1	1	155	4	0	0	2	2	0.47	0.00	490.03
1	1	170	1	0	1	1	1	0.19	0.00	664.65
1	1	295	9	0	0	2	4	0.79	0.00	731.85
1	1	335	2	18	0	2	6	2.14	0.59	873.14
1	1	365	5	14	0	1	4	1.36	0.00	669.67
1	1	405	8	26	0	2	12	3.19	0.00	1437.31
1	1	460	1	0	0	1	1	0.21	0.00	191.31
1	1	495	0	1	0	1	1	0.20	0.00	156.90
1	2	5	67	56	0	7	30	63.31	32.48	3392.06
1	2	45	5	0	0	2	4	0.51	0.00	438.95
1	2	50	1	0	0	1	1	0.20	0.00	139.07
1	2	115	6	0	0	2	4	0.39	0.00	580.06
1	2	150	4	0	0	2	3	0.55	0.00	477.32
1	2	300	11	0	0	2	5	0.87	0.00	626.47
1	2	395	12	4	0	1	5	1.98	0.43	746.88
1	2	405	0	29	0	2	11	1.93	0.00	1175.62
1	2	445	3	0	0	1	2	0.39	0.00	275.38
1	2	450	0	14	0	1	6	1.17	0.06	639.38

Day	SL	Own	DispatchTimes	AssignmentCost	RoutingCost	TotalCost
1	11	0	25	6493.00	20906.69	27399.69

Total Cost: 27399.693456446596
Cost per Day: 27399.693456446596
Running time in Seconds: 174.336
Running time in minutes: 2.9056