INSTANCE: 4hubs_MND_A_41_x.csv
PARAMETER: tuning_loose.txt
POLICY: MIP
ALPHA: 0.387023956898126
BETA: 78
OMEGA: 586
EPSILON: 1.00597325044486

Day: 1, Time: 0
Total Cost: 8019.55
 11:136.01, 75:75 [1, 5, -5, -1]
 12:136.01, 73:75 [1, 5, -5, -1]
 13:136.01, 71:75 [1, 5, -5, -1]
 14:136.01, 21:75 [1, 5, -5, -1]
 15:153.31, 74:75 [1, 6, -6, -1]
 16:153.31, 74:75 [1, 6, -6, -1]
 17:153.31, 75:75 [1, 6, -6, -1]
 18:153.31, 35:75 [1, 6, -6, -1]
501:169.39, 10:10 [5, 17137, 17488, 17171, 16873, 16530, 16934, 16588, 17274, -5]
502:137.83, 10:10 [5, 17569, 17247, 17769, 16439, 17213, 16516, 17811, -5]
503:130.72, 10:10 [5, 17791, 16450, 16969, 16965, 17364, 17396, -5]
504:138.72, 10:10 [5, 16787, 17505, 16948, 16520, 17278, 17221, 17781, -5]
505:152.65, 10:10 [5, 16966, 16547, 16647, 16527, 17294, 17212, 17252, -5]
506:121.28, 8:10 [5, 17737, 17311, 17419, 16946, 17740, -5]
507:145.31, 10:10 [5, 17290, 16861, 16786, 17388, 16913, 17756, 17183, 16624, -5]
508:130.27, 10:10 [5, 16542, 17801, 17497, 16735, 17222, 17635, -5]
509:83.11, 8:10 [5, 16567, 16957, 17026, -5]
510:71.56, 8:10 [5, 16425, 16806, 16422, -5]
511:136.13, 9:10 [5, 16802, 17174, 16667, -5]
512:71.42, 8:10 [5, 17668, 16820, 17333, -5]
513:99.87, 10:10 [5, 16808, 16486, 17445, 17033, -5]
514:81.72, 10:10 [5, 17777, 16838, 17187, 16417, 16875, -5]
515:93.35, 10:10 [5, 17034, 17573, 17269, 17832, -5]
516:102.40, 10:10 [5, 17200, 17561, 16443, -5]
517:73.13, 8:10 [5, 17211, 16784, 16975, -5]
518:188.34, 10:10 [5, 16759, 16386, 16428, 16709, 16749, 17370, 17296, -5]
519:60.38, 6:10 [5, 17155, 17514, 17138, -5]
520:91.74, 9:10 [5, 16814, 17334, 17641, 17590, -5]
521:143.88, 10:10 [5, 17449, 16853, 17473, 16534, 16473, 17622, 16931, -5]
522:20.00, 3:10 [5, 17636, -5]
523:77.74, 9:10 [5, 16885, 17650, 17665, 17634, 17605, -5]
524:119.10, 9:10 [5, 17621, 17403, 17112, 17626, -5]
525:77.99, 5:10 [5, 16549, 16765, 17691, -5]
526:100.44, 10:10 [5, 16424, 16391, 17837, 17782, 16408, 17055, -5]
527:77.88, 10:10 [5, 17508, 17042, 17720, 17759, 16509, -5]
528:78.43, 10:10 [5, 16457, 17640, 17457, 16823, 16990, -5]
529:97.79, 10:10 [5, 31451, 17810, 17517, 16782, 17323, 17512, -5]
530:92.69, 10:10 [5, 17456, 17217, 16985, 17435, 17444, 17405, 17228, -5]
531:70.49, 10:10 [5, 16555, 17566, 16831, 16492, -5]
534:68.71, 8:10 [5, 16898, 16768, 17236, 16811, 17760, 17805, 17421, 17470, -5]
535:115.07, 10:10 [5, 16628, 17833, 16562, 16762, 16868, 17297, -5]
536:130.46, 10:10 [5, 16734, 17372, 16889, 17578, 16681, 17775, 16655, -5]
537:71.19, 10:10 [5, 17347, 16434, 16807, 17209, 16844, -5]
538:72.25, 10:10 [5, 17397, 16627, 16987, -5]
601:95.21, 10:10 [6, 17551, 16693, 16382, 17608, 17648, 17637, 17459, -6]
602:130.45, 10:10 [6, 17128, 17599, 16692, 17583, 16714, 17251, -6]
603:105.81, 10:10 [6, 17253, 16392, 17425, 17713, 16548, 16468, 17706, -6]
604:95.46, 10:10 [6, 16679, 16377, 17344, 16445, 17642, 17533, 17656, 17215, -6]
605:38.00, 8:10 [6, 17536, 17328, -6]
606:13.28, 7:10 [6, 17770, 16560, -6]
607:133.20, 10:10 [6, 16864, 16581, 16576, 17581, 17406, 16962, 17279, 17362, -6]
608:25.69, 8:10 [6, 16866, 16447, -6]
609:47.44, 10:10 [6, 17817, 17480, 16505, -6]
610:100.75, 10:10 [6, 17326, 17009, 17619, 16717, 16399, 16583, 17799, -6]
612:173.68, 10:10 [6, 16737, 16771, 17571, 17142, 17645, 16769, -6]
613:140.13, 10:10 [6, 16720, 17353, 17687, 16911, 16659, -6]
614:117.96, 10:10 [6, 16629, 16741, 17017, 17478, -6]
615:53.72, 10:10 [6, 17037, 17796, 17067, 16595, 17054, 17655, 17724, -6]
616:62.85, 10:10 [6, 17129, 16577, 17395, 17577, 16593, 17700, -6]
617:157.74, 10:10 [6, 17427, 16619, 17462, 17161, 17511, 16816, 16435, -6]
618:56.96, 10:10 [6, 17257, 16744, 16739, 16574, 16537, 17813, 17246, -6]
620:125.13, 9:10 [6, 16535, 16857, 17250, 16968, 17270, -6]
621:60.18, 10:10 [6, 16847, 16758, 17105, 16544, -6]
622:53.28, 10:10 [6, 17520, 17226, 16470, -6]
623:96.49, 10:10 [6, 16747, 17371, 16826, 17686, 17348, 16722, 17443, -6]
624:119.96, 9:10 [6, 16865, 17776, 17628, 16573, -6]
625:58.98, 7:10 [6, 17567, 17540, 17404, -6]
627:131.53, 10:10 [6, 17100, 16952, 17454, 16664, 17664, -6]
628:27.49, 9:10 [6, 17716, 17016, 16988, -6]
629:43.71, 9:10 [6, 17752, 17786, 16556, 17113, 16630, -6]
630:203.65, 9:10 [6, 16766, 17284, 16796, 16921, 17485, 17673, 17689, 16923, -6]
631:149.12, 10:10 [6, 16801, 17631, 16582, 16730, 17688, 17768, -6]
632:76.67, 10:10 [6, 17712, 16878, 16589, 17543, -6]
633:159.78, 10:10 [6, 16707, 16676, 16767, 16558, 17595, -6]
635:78.09, 10:10 [6, 16389, 16699, 16774, -6]
636:80.03, 10:10 [6, 17331, 16697, 16643, 17164, -6]
637:61.23, 10:10 [6, 16511, 17597, 17467, 16751, 16526, 16716, -6]
638:95.17, 10:10 [6, 16778, 16703, 16683, 17005, -6]
fe: 8, se: 70

Day: 1, Time: 0
Total Cost: 7001.57
 11:66.27, 75:75 [2, 7, -7, -2]
 12:66.27, 72:75 [2, 7, -7, -2]
 13:66.27, 71:75 [2, 7, -7, -2]
 14:66.27, 75:75 [2, 7, -7, -2]
 15:145.23, 48:75 [2, 8, -8, -2]
 16:151.76, 75:75 [2, 7, 8, -8, -2]
 17:66.27, 15:75 [2, 7, -2]
 18:145.23, 70:75 [2, 8, -8, -2]
 19:66.27, 10:75 [2, 7, -7, -2]
 20:66.27, 8:75 [2, 7, -2]
 21:66.27, 15:75 [2, 7, -7, -2]
701:92.81, 9:10 [7, 17186, 16394, 17521, 16565, -7]
702:127.47, 9:10 [7, 17162, 17507, 17332, 17065, 16905, 17357, 17792, 17355, -7]
703:149.69, 10:10 [7, 16963, 17141, 17075, 17243, 17672, 17158, 17741, 17047, -7]
704:67.25, 9:10 [7, 16621, 17192, 16850, -7]
705:129.59, 9:10 [7, 17077, 17073, 16431, 17742, -7]
706:135.00, 10:10 [7, 17819, 16406, 17774, 16481, 17730, 17136, 17629, -7]
707:156.33, 10:10 [7, 16477, 16836, 16748, 17308, 17707, 16926, 17431, -7]
708:166.17, 10:10 [7, 17052, 17051, 17245, 17260, 16896, 17351, -7]
709:137.62, 10:10 [7, 16971, 17118, 17148, 17535, 17415, 17499, 16414, 17669, 16638, 17446, -7]
710:48.63, 9:10 [7, 16892, 16691, 17120, 16521, -7]
711:97.21, 10:10 [7, 16674, 17509, 16724, 16452, 17719, 16536, -7]
712:69.56, 7:10 [7, 17102, 17624, 17714, -7]
713:56.98, 7:10 [7, 16743, 16418, 16944, -7]
714:21.92, 10:10 [7, 17494, 16644, 16678, -7]
715:116.37, 10:10 [7, 16568, 16437, 17646, 17758, 16834, 17525, 17477, 17214, -7]
716:125.76, 9:10 [7, 17409, 16484, 16753, 17046, 17358, 17625, 17824, -7]
717:90.81, 10:10 [7, 16523, 17134, 16777, 16731, 17387, 16959, -7]
718:44.56, 10:10 [7, 17330, 17318, 16794, -7]
719:94.08, 10:10 [7, 17711, 16578, 17377, 17291, 17553, 17778, -7]
720:98.98, 10:10 [7, 16712, 16494, 16564, -7]
721:37.62, 10:10 [7, 16503, 16791, 16835, -7]
722:79.25, 10:10 [7, 16612, 17320, 17826, 16958, 17702, 17452, -7]
723:174.39, 10:10 [7, 16789, 17766, 16996, 16485, 17562, 16376, 17080, 17708, -7]
725:107.63, 10:10 [7, 16827, 17190, 17159, 17271, 17762, 17265, 16648, 17064, -7]
726:81.67, 10:10 [7, 17235, 17244, 17420, 17050, 17272, 16901, -7]
727:91.68, 10:10 [7, 16421, 17515, 17031, 17015, 16669, 17448, -7]
728:82.20, 10:10 [7, 16721, 16539, 17329, 16764, 17293, -7]
729:101.38, 10:10 [7, 17169, 16658, 16702, 16613, 16704, -7]
730:81.59, 10:10 [7, 16490, 17490, 17765, 16675, 17276, 17524, -7]
731:122.35, 10:10 [7, 17285, 16977, 17045, 17659, 16390, 16663, 17529, -7]
732:92.23, 10:10 [7, 17476, 16522, 17472, 16974, 17715, 17780, -7]
734:76.28, 10:10 [7, 16502, 16862, 17292, 17115, 17658, -7]
735:100.96, 10:10 [7, 16673, 17565, 16518, 17400, 17393, 16493, -7]
736:65.40, 10:10 [7, 17807, 17041, 17615, 17607, -7]
737:86.00, 10:10 [7, 17131, 16813, 16798, 16932, -7]
738:24.32, 8:10 [7, 17559, 17487, 16541, -7]
739:149.86, 10:10 [7, 16894, 16803, 16839, 16384, 17744, 17731, 17018, 16733, -7]
740:82.15, 10:10 [7, 16388, 17327, 16893, 17179, 17575, -7]
741:122.10, 10:10 [7, 17825, 16625, 17527, 16793, 17548, 17024, 17143, 17373, 17341, -7]
743:84.98, 9:10 [7, 16872, 17368, 16455, 17423, 17453, -7]
746:118.06, 10:10 [7, 17140, 16563, 16546, 17234, 16571, 16757, 17528, 17534, -7]
747:80.10, 7:10 [7, 17623, 17149, 17568, -7]
749:157.40, 10:10 [7, 17638, 17074, 17784, 16538, 17300, 16846, 17757, -7]
750:137.48, 9:10 [7, 16622, 16652, 16954, 17242, 16960, 17082, -7]
752:114.99, 10:10 [7, 17139, 16466, 17676, 17170, 17132, 17589, -7]
754:150.41, 9:10 [7, 17076, 17317, 17429, 16665, 17772, 16605, 16930, -7]
755:66.13, 10:10 [7, 17728, 17176, 17127, 17084, 17237, 17020, -7]
801:44.33, 10:10 [8, 17460, 16899, 17542, 17584, -8]
802:68.06, 9:10 [8, 16513, 17483, 16615, 17181, 16601, -8]
803:89.34, 10:10 [8, 16909, 17022, 17367, 16912, 17277, 17173, 17225, -8]
805:72.97, 10:10 [8, 16407, 17337, 17627, 16840, 16657, 16444, 17360, -8]
806:31.94, 5:10 [8, 16545, 16398, -8]
807:58.76, 9:10 [8, 16474, 17550, 17753, 17458, -8]
808:68.26, 10:10 [8, 17000, 17305, 16830, 16995, 17699, 16852, -8]
809:61.96, 9:10 [8, 17545, 16792, 17030, 16533, 17531, 17101, 17633, 17248, 17530, -8]
810:48.38, 9:10 [8, 17725, 17027, 17729, 17616, 17418, -8]
811:63.13, 10:10 [8, 16863, 17153, 16763, 16383, -8]
812:72.30, 10:10 [8, 17048, 16594, 17424, 17663, 16433, 16809, -8]
813:38.46, 9:10 [8, 17513, 17696, 17268, 17044, -8]
814:85.66, 8:10 [8, 16715, 16746, 16708, 17239, 16984, -8]
815:90.55, 10:10 [8, 17816, 17144, 17249, 16620, 17495, 16459, 17802, -8]
817:41.72, 9:10 [8, 17771, 17518, 17165, -8]
818:108.91, 10:10 [8, 16881, 17538, 17736, 16500, 17104, 17554, 17662, -8]
819:22.21, 9:10 [8, 17107, 17092, 16800, -8]
820:59.92, 10:10 [8, 16610, 17338, 17004, 17029, 17262, 17502, -8]
825:89.57, 10:10 [8, 16465, 17386, 17750, 16512, 16761, -8]
828:52.99, 10:10 [8, 16668, 16732, 16591, 17194, 17121, -8]
829:64.36, 8:10 [8, 16453, 16819, 17002, 17602, 17451, -8]
fe: 11, se: 68

Day: 1, Time: 0
Total Cost: 7475.37
 11:94.59, 74:75 [3, 9, -9, -3]
 12:94.59, 75:75 [3, 9, -9, -3]
 13:94.59, 70:75 [3, 9, -9, -3]
 14:94.59, 53:75 [3, 9, -9, -3]
 15:90.24, 72:75 [3, 10, -10, -3]
 16:90.24, 69:75 [3, 10, -10, -3]
 17:90.24, 70:75 [3, 10, -10, -3]
 18:90.24, 29:75 [3, 10, -10, -3]
 19:90.24, 19:75 [3, 10, -10, -3]
 21:94.59, 22:75 [3, 9, -9, -3]
 37:90.24, 8:75 [3, 10, -3]
901:92.90, 10:10 [9, 16653, 17557, 16726, 16656, 16822, 16961, 17678, -9]
902:13.16, 6:10 [9, 17666, 17546, -9]
903:109.23, 10:10 [9, 16401, 16480, 17773, 16462, 16395, 16650, 17440, -9]
904:100.93, 10:10 [9, 16832, 16967, 17841, 17008, 16945, -9]
905:91.74, 9:10 [9, 16833, 16387, 17479, 16430, 17384, 16608, 16917, -9]
906:88.15, 10:10 [9, 16525, 17408, 16482, 16646, 17032, 17818, 17111, -9]
907:130.76, 10:10 [9, 17836, 16785, 16403, 17436, -9]
908:49.11, 9:10 [9, 16633, 16879, 16740, -9]
909:132.13, 9:10 [9, 16938, 16979, 17003, 16559, 17677, 17697, -9]
910:147.41, 10:10 [9, 16903, 16742, 17361, 16821, 16694, 16810, 17345, 17498, 17407, -9]
911:76.50, 10:10 [9, 17555, 17306, 17339, 16637, -9]
912:90.88, 10:10 [9, 17491, 16464, 17206, 17844, 17167, 17572, -9]
913:62.12, 10:10 [9, 17346, 17227, 17787, 17273, 16631, -9]
914:125.46, 10:10 [9, 16950, 17135, 17240, 16446, 16992, 17788, -9]
915:58.41, 10:10 [9, 17835, 16590, 17178, -9]
916:59.40, 10:10 [9, 17682, 17224, 17698, 17592, -9]
917:121.16, 10:10 [9, 16773, 16978, 17598, 17416, 17123, 16561, 17748, -9]
918:46.52, 10:10 [9, 17391, 17789, 16499, -9]
919:2.83, 3:10 [9, 16456, -9]
920:117.01, 10:10 [9, 16504, 17230, 16783, 17617, 17315, 17006, 17839, -9]
921:80.40, 9:10 [9, 16854, 17392, 16553, 17814, 17150, -9]
922:105.58, 9:10 [9, 16618, 16993, 17079, 17356, 17705, 16935, 16569, 17199, -9]
923:91.96, 10:10 [9, 16851, 17316, 17058, 17322, 16760, 17586, -9]
924:81.25, 10:10 [9, 17840, 16723, 16543, 16557, 17547, -9]
925:77.10, 10:10 [9, 16597, 17119, 17544, 17794, 17643, 17116, 17202, -9]
926:76.66, 10:10 [9, 17797, 17402, 16745, 17685, 16754, -9]
928:47.70, 6:10 [9, 17468, 16416, -9]
929:115.29, 10:10 [9, 17085, 17097, 17281, 17175, 16617, -9]
930:30.20, 6:10 [9, 17145, 16824, -9]
931:28.38, 9:10 [9, 17830, 17282, 17133, -9]
932:100.85, 10:10 [9, 16670, 16475, 17695, 16415, 16904, 16396, 17232, -9]
933:105.81, 10:10 [9, 16849, 16943, 16718, -9]
934:102.94, 10:10 [9, 17319, 16797, 17596, 16927, 16939, 17063, -9]
935:98.94, 10:10 [9, 16409, 16515, 16599, 16519, 17160, 17298, 17743, -9]
936:131.87, 10:10 [9, 17191, 17838, 17103, 17399, 17040, 17241, -9]
937:133.03, 10:10 [9, 17068, 16592, 17761, 16412, 17070, 17196, 16471, 17652, 16998, -9]
939:123.04, 9:10 [9, 16514, 17437, 17039, 17154, 16877, 17727, 17059, 17522, -9]
1001:92.12, 10:10 [10, 16729, 17690, 16440, 16925, 17657, -10]
1002:101.08, 10:10 [10, 17745, 17057, 17324, 17049, 16856, 16884, 17587, 17433, 16951, -10]
1003:126.97, 10:10 [10, 16858, 17704, 16438, 17726, 17749, 17563, 16837, -10]
1004:73.94, 10:10 [10, 16982, 17496, 17035, 17434, 16671, -10]
1005:155.19, 10:10 [10, 16775, 16566, 17188, 16696, 17342, 17504, 17254, -10]
1006:127.67, 10:10 [10, 17489, 16528, 17231, 17295, 16609, 17021, 17441, -10]
1007:77.94, 10:10 [10, 16606, 17612, 17800, 17412, 16906, -10]
1008:151.17, 10:10 [10, 17168, 16427, 17207, 16940, 16941, 17574, -10]
1009:63.44, 10:10 [10, 16804, 17552, 17828, 16690, -10]
1010:91.29, 6:10 [10, 16585, 17078, 16790, 16973, 17455, -10]
1011:86.02, 10:10 [10, 16472, 16487, 17365, 16454, 16397, 17722, 17369, 17632, -10]
1012:43.71, 10:10 [10, 17289, 17307, 17822, -10]
1013:68.04, 9:10 [10, 17798, 16385, 17693, 16449, -10]
1014:132.10, 10:10 [10, 16687, 17414, 17001, 17182, 17779, 21842, 17820, -10]
1015:47.86, 9:10 [10, 16579, 16432, 17660, 16400, 17606, -10]
1016:37.62, 8:10 [10, 17564, 17094, -10]
1017:107.68, 10:10 [10, 17376, 17644, 17069, 17152, 17411, 16672, 17208, -10]
1018:77.01, 10:10 [10, 17350, 17363, 17110, 17604, 16876, 16698, -10]
1019:114.58, 10:10 [10, 17464, 17259, 17151, 16489, 17679, 17692, 16738, -10]
1020:18.25, 6:10 [10, 17829, 17594, -10]
1021:112.08, 9:10 [10, 17099, 16436, 17381, 16929, -10]
1022:67.62, 10:10 [10, 16855, 16902, 16476, -10]
1023:107.69, 10:10 [10, 16991, 17090, 17147, 16867, 16405, 17560, -10]
1024:15.83, 8:10 [10, 17610, 17299, -10]
1025:105.40, 10:10 [10, 16869, 16883, 17172, 16688, -10]
1026:129.07, 10:10 [10, 16410, 16375, 17389, 17267, 17086, 17593, -10]
1027:138.55, 10:10 [10, 17114, 16711, 16654, 17280, 17755, 17609, 17314, -10]
1028:100.64, 10:10 [10, 16575, 16843, 17010, 17746, 17219, 16680, 17763, -10]
1029:108.94, 10:10 [10, 16980, 16393, 17261, 16891, 16682, 17185, 17790, -10]
1030:35.93, 9:10 [10, 16508, 16970, 16956, -10]
1031:116.20, 10:10 [10, 16381, 17600, 16616, 16604, 17193, -10]
1035:146.72, 10:10 [10, 16842, 17654, 16983, 17471, 16772, 17093, 17549, 17096, 17808, -10]
1051:82.89, 10:10 [10, 17661, 17089, 17122, 16507, -10]
1055:152.87, 10:10 [10, 16829, 17382, 17651, 17263, 17537, 16895, 17216, -10]
fe: 11, se: 71

Day: 1, Time: 0
Total Cost: 6781.28
 11:120.02, 74:75 [4, 11, -11, -4]
 12:64.00, 73:75 [4, 12, -12, -4]
 13:125.25, 71:75 [4, 12, 11, -11, -4]
 14:120.02, 73:75 [4, 11, -11, -4]
 15:64.00, 75:75 [4, 12, -12, -4]
 16:64.00, 75:75 [4, 12, -12, -4]
 17:64.00, 58:75 [4, 12, -12, -4]
 18:64.00, 17:75 [4, 12, -4]
1101:38.82, 8:10 [11, 17066, 16701, -11]
1102:79.07, 10:10 [11, 17189, 17023, 17809, 17432, 16976, 17442, 16845, -11]
1103:41.64, 10:10 [11, 17613, 17354, 16736, -11]
1104:73.95, 10:10 [11, 17526, 16488, 17667, 17380, 17653, 17588, -11]
1105:10.00, 4:10 [11, 17481, -11]
1106:80.54, 9:10 [11, 16378, 17335, 16848, 17072, 17717, -11]
1107:97.43, 9:10 [11, 16828, 16404, 16914, 17198, 17287, 17349, 17413, -11]
1108:96.31, 10:10 [11, 16685, 16825, 17539, 16550, 17374, 17313, -11]
1109:97.86, 10:10 [11, 16928, 17038, 17130, 17312, 17751, 17739, 16634, 17843, -11]
1110:79.05, 10:10 [11, 16818, 16795, 17486, 16719, 17375, -11]
1111:34.06, 9:10 [11, 16695, 16572, 16501, -11]
1114:68.08, 9:10 [11, 16953, 17510, 17383, 16815, 17723, 17649, -11]
1115:69.70, 10:10 [11, 16841, 16752, 17783, 17450, 16922, 16611, 17218, -11]
1116:86.70, 10:10 [11, 17556, 17062, 17309, 17197, 16529, 17061, 16600, -11]
1117:95.57, 10:10 [11, 17036, 16799, 16997, 16684, 16479, -11]
1118:115.45, 9:10 [11, 16580, 17438, 17201, 17422, 16442, 17366, -11]
1119:49.50, 9:10 [11, 17430, 16750, 17013, 17806, -11]
1120:113.75, 10:10 [11, 16495, 17043, 17582, 16994, 17256, 16907, 17701, -11]
1121:97.44, 10:10 [11, 17492, 17283, 16413, 17394, 17821, -11]
1122:83.01, 10:10 [11, 17675, 17767, 16554, 17493, 17671, 17205, -11]
1123:64.87, 10:10 [11, 16460, 16755, 16660, -11]
1124:51.92, 8:10 [11, 17180, 16491, -11]
1126:117.23, 9:10 [11, 17709, 17060, 17091, 16641, 17812, 17275, -11]
1127:51.68, 10:10 [11, 16642, 17747, 17301, 17310, 17734, 16441, 17007, -11]
1129:32.76, 10:10 [11, 16780, 16552, 16897, 17109, -11]
1201:82.95, 10:10 [12, 16467, 16570, 17523, 17390, 16713, -12]
1202:63.44, 10:10 [12, 17343, 16689, 17117, 17541, 17519, -12]
1203:82.10, 10:10 [12, 16908, 16540, 17095, 16920, 16756, 16478, -12]
1204:167.85, 10:10 [12, 17428, 16651, 17681, 17614, 17025, 17684, 16551, 17591, -12]
1205:115.39, 10:10 [12, 17146, 17482, 16498, 17733, 16937, 17585, 17795, 17754, -12]
1206:71.45, 10:10 [12, 16640, 17620, 16586, 17083, 17359, 31838, 17466, 16900, -12]
1207:6.00, 2:10 [12, 16463, -12]
1208:88.48, 10:10 [12, 17516, 17011, 17352, 16423, 17503, 16710, -12]
1209:78.23, 10:10 [12, 16859, 17266, 16598, 16623, 17210, 17603, -12]
1210:117.75, 10:10 [12, 17087, 17647, 17469, 17028, 17302, -12]
1211:20.88, 4:10 [12, 16411, -12]
1212:169.53, 10:10 [12, 17417, 16584, 16919, 17088, 16706, 17223, 17506, -12]
1213:169.77, 10:10 [12, 16870, 17831, 17255, 16524, 17304, 16781, 17823, -12]
1214:127.51, 10:10 [12, 17053, 16686, 17683, 16700, 16871, 17558, 17630, 17842, -12]
1215:137.78, 10:10 [12, 16607, 16603, 17126, 16626, 17803, 17258, 17732, 17721, -12]
1216:87.44, 10:10 [12, 16635, 16666, 16532, 16888, -12]
1217:124.06, 10:10 [12, 16918, 17401, 16955, 16770, -12]
1218:132.63, 10:10 [12, 16887, 16483, 16510, 17718, 17325, 17124, 16649, 17336, 16860, -12]
1219:53.12, 10:10 [12, 17570, 17184, 17815, 17793, 16779, -12]
1220:93.77, 10:10 [12, 16661, 16725, 16947, 16964, -12]
1221:86.86, 10:10 [12, 17156, 17694, 16989, 16639, 17106, -12]
1222:72.76, 10:10 [12, 17233, 16662, 16986, -12]
1223:36.64, 7:10 [12, 17611, 17764, 16788, -12]
1225:103.80, 10:10 [12, 16496, 16426, 16531, 16420, -12]
1226:159.97, 10:10 [12, 17014, 17203, 16949, 16458, 17378, 17426, 16933, 17321, -12]
1227:66.52, 5:10 [12, 17827, 17238, -12]
1228:150.71, 10:10 [12, 17398, 17125, 17465, 16636, 17532, 17474, 16727, 17340, -12]
1229:108.93, 10:10 [12, 16936, 17670, 17177, 17166, 16380, 16916, -12]
1230:175.33, 10:10 [12, 17108, 17639, 16451, 17618, 17056, 16805, 17738, 17379, 17229, -12]
1231:65.58, 7:10 [12, 16776, 17071, 17576, -12]
1232:83.84, 10:10 [12, 17785, 17674, 16596, 16728, 16506, -12]
1233:105.39, 10:10 [12, 16379, 17385, 16915, 17019, 17463, -12]
1234:102.86, 10:10 [12, 16429, 16817, 17163, 16632, 17204, -12]
1235:53.11, 9:10 [12, 17804, 16461, 16910, -12]
1239:147.24, 9:10 [12, 17157, 16517, 16587, 16882, 17501, -12]
1241:105.50, 10:10 [12, 16812, 17500, 17475, 16999, -12]
1242:102.86, 9:10 [12, 16448, 16886, 16614, 17410, 16880, 17834, 17447, 17484, -12]
1243:111.62, 10:10 [12, 16402, 16890, 16705, 17286, 17195, 17680, 17220, -12]
1244:152.94, 10:10 [12, 16874, 17580, 16981, 16924, 17601, 17710, 16972, 17303, -12]
1245:176.37, 10:10 [12, 17081, 16602, 16469, 17439, 17264, 17012, 16942, 17288, 16419, -12]
1246:110.64, 10:10 [12, 17098, 17579, 17461, 16677, 16497, 16645, 17735, 17703, -12]
fe: 8, se: 66

Day: 1, Time: 30
Total Cost: 720.14
 11:136.01, 17:75 [1, -5, -1]
 12:153.31, 8:75 [1, -6, -1]
501:75.33, 8:10 [5, 18162, 24026, -5]
502:105.55, 3:10 [5, 22962, -5]
503:130.99, 6:10 [5, 28648, 30677, 25959, -5]
601:64.36, 3:10 [6, 20019, 24842, -6]
603:54.58, 5:10 [6, 30286, 33490, -6]
fe: 2, se: 5

Day: 1, Time: 30
Total Cost: 787.78
 11:66.27, 23:75 [2, -7, -2]
 12:66.27, 12:75 [2, -7, -2]
701:151.16, 10:10 [7, 32966, 32002, 26173, 32705, -7]
702:119.04, 3:10 [7, 31821, 28902, -7]
703:120.60, 8:10 [7, 27395, 20309, 26098, -7]
704:142.41, 5:10 [7, 24865, 22451, 24592, -7]
705:122.02, 9:10 [7, 26061, 26732, 20260, 20708, -7]
fe: 2, se: 5

Day: 1, Time: 35
Total Cost: 486.25
 11:66.27, 8:75 [2, -7, -2]
 12:66.27, 7:75 [2, -7, -2]
701:225.51, 8:10 [7, 22167, 29208, 20413, -7]
702:128.20, 7:10 [7, 33498, 32351, -7]
fe: 2, se: 2

Day: 1, Time: 35
Total Cost: 710.47
 11:94.59, 12:75 [3, -9, -3]
 12:90.24, 12:75 [3, -10, -3]
901:217.35, 8:10 [9, 26882, 27442, 20491, 20312, 32762, -9]
902:109.51, 4:10 [9, 31435, 21416, 20385, -9]
1002:87.78, 6:10 [10, 24145, 18359, 23859, -10]
1003:111.00, 6:10 [10, 19612, 32720, 23159, -10]
fe: 2, se: 4

Day: 1, Time: 40
Total Cost: 514.31
 11:153.31, 3:75 [1, -6, -1]
 12:136.01, 1:75 [1, -5, -1]
502:117.20, 1:10 [5, 27979, -5]
601:107.78, 3:10 [6, 27746, 25475, -6]
fe: 2, se: 2

Day: 1, Time: 45
Total Cost: 249.44
 11:94.59, 4:75 [3, -9, -3]
901:21.54, 2:10 [9, 33247, -9]
902:133.30, 2:10 [9, 29570, 30777, -9]
fe: 1, se: 2

Day: 1, Time: 45
Total Cost: 732.45
 11:64.00, 20:75 [4, -12, -4]
 12:64.00, 17:75 [4, -12, -4]
1201:193.69, 10:10 [12, 32156, 29060, 25911, 32203, -12]
1202:111.91, 7:10 [12, 27983, 27921, -12]
1203:134.25, 10:10 [12, 32120, 18495, 22436, -12]
1204:164.61, 10:10 [12, 32806, 18788, 31899, -12]
fe: 2, se: 4

Day: 1, Time: 55
Total Cost: 612.72
 11:136.01, 4:75 [1, -5, -1]
 12:136.01, 1:75 [1, -5, -1]
 13:153.31, 2:75 [1, -6, -1]
501:11.66, 4:10 [5, 28600, -5]
502:52.50, 1:10 [5, 31648, -5]
601:123.22, 2:10 [6, 21571, -6]
fe: 3, se: 3

Day: 1, Time: 55
Total Cost: 318.56
 11:64.00, 4:75 [4, -12, -4]
 12:64.00, 10:75 [4, -12, -4]
1201:64.62, 4:10 [12, 25327, -12]
1202:125.94, 10:10 [12, 25486, 27675, 31810, -12]
fe: 2, se: 2

Day: 1, Time: 60
Total Cost: 355.35
 11:66.27, 14:75 [2, -7, -2]
701:163.32, 8:10 [7, 21606, 23568, 23916, 23521, -7]
702:125.76, 6:10 [7, 31892, 30018, 28546, -7]
fe: 1, se: 2

Day: 1, Time: 60
Total Cost: 443.78
 11:125.25, 10:75 [4, -11, -12, -4]
 12:64.00, 4:75 [4, -12, -4]
1101:14.59, 8:10 [11, 21752, 20912, -11]
1201:117.16, 4:10 [12, 27132, 19760, -12]
1202:122.78, 2:10 [12, 18945, -12]
fe: 2, se: 3

Day: 1, Time: 65
Total Cost: 453.58
 11:136.01, 3:75 [1, -5, -1]
 12:136.01, 4:75 [1, -5, -1]
501:69.66, 3:10 [5, 27333, -5]
502:111.89, 4:10 [5, 24018, -5]
fe: 2, se: 2

Day: 1, Time: 65
Total Cost: 370.12
 11:90.24, 3:75 [3, -10, -3]
 12:90.24, 3:75 [3, -10, -3]
1001:100.19, 3:10 [10, 24555, 26993, -10]
1002:89.44, 3:10 [10, 33139, -10]
fe: 2, se: 2

Day: 1, Time: 70
Total Cost: 667.54
 11:136.01, 3:75 [1, -5, -1]
 12:153.31, 2:75 [1, -6, -1]
 13:153.31, 3:75 [1, -6, -1]
501:125.54, 3:10 [5, 25185, -5]
601:59.67, 2:10 [6, 22066, -6]
602:39.70, 3:10 [6, 30585, -6]
fe: 3, se: 3

Day: 1, Time: 75
Total Cost: 425.09
 11:66.27, 9:75 [2, -7, -2]
 12:145.23, 3:75 [2, -8, -2]
702:150.03, 9:10 [7, 30698, 22815, 21142, 27691, -7]
801:63.56, 3:10 [8, 23781, -8]
fe: 2, se: 2

Day: 1, Time: 80
Total Cost: 478.62
 11:66.27, 3:75 [2, -7, -2]
 12:66.27, 2:75 [2, -7, -2]
 13:66.27, 1:75 [2, -7, -2]
701:139.15, 3:10 [7, 25667, 24035, -7]
702:98.89, 2:10 [7, 31331, 20771, -7]
703:41.76, 1:10 [7, 22422, -7]
fe: 3, se: 3

Day: 1, Time: 80
Total Cost: 481.80
 11:64.00, 6:75 [4, -12, -4]
 12:64.00, 8:75 [4, -12, -4]
1201:83.74, 4:10 [12, 25253, -12]
1202:206.92, 6:10 [12, 30270, 31874, -12]
1203:63.15, 4:10 [12, 33237, -12]
fe: 2, se: 3

Day: 1, Time: 85
Total Cost: 439.07
 11:94.59, 5:75 [3, -9, -3]
 12:90.24, 10:75 [3, -10, -3]
903:83.27, 5:10 [9, 19832, 28378, 20322, -9]
1001:170.96, 10:10 [10, 23863, 30451, 20887, 19217, -10]
fe: 2, se: 2

Day: 1, Time: 90
Total Cost: 913.41
 11:136.01, 7:75 [1, -5, -1]
 12:153.31, 10:75 [1, -6, -1]
 13:136.01, 3:75 [1, -5, -1]
501:119.88, 3:10 [5, 29215, 33243, -5]
503:36.06, 3:10 [5, 24090, -5]
504:124.52, 4:10 [5, 33317, 22233, -5]
601:207.61, 10:10 [6, 28749, 19616, 19410, -6]
fe: 3, se: 4

Day: 1, Time: 95
Total Cost: 135.19
 11:64.00, 2:75 [4, -12, -4]
1201:71.19, 2:10 [12, 23452, 31427, -12]
fe: 1, se: 1

Day: 1, Time: 105
Total Cost: 549.53
 11:66.27, 14:75 [2, -7, -2]
 12:66.27, 2:75 [2, -7, -2]
701:157.10, 6:10 [7, 24576, 25273, -7]
702:136.50, 2:10 [7, 33185, -7]
703:123.39, 8:10 [7, 20048, 28168, 19037, -7]
fe: 2, se: 3

Day: 1, Time: 110
Total Cost: 669.83
 11:136.01, 20:75 [1, -5, -1]
 12:136.01, 3:75 [1, -5, -1]
501:92.79, 10:10 [5, 29085, 26887, 26802, -5]
503:188.65, 10:10 [5, 31833, 20242, 19520, 22033, 28550, -5]
504:116.36, 3:10 [5, 28623, -5]
fe: 2, se: 3

Day: 1, Time: 110
Total Cost: 328.59
 11:66.27, 4:75 [2, -7, -2]
 12:145.23, 2:75 [2, -8, -2]
701:86.56, 4:10 [7, 24509, -7]
801:30.53, 2:10 [8, 20490, -8]
fe: 2, se: 2

Day: 1, Time: 120
Total Cost: 612.27
 11:94.59, 15:75 [3, -9, -3]
 13:94.59, 5:75 [3, -9, -3]
901:91.75, 5:10 [9, 24505, 18343, -9]
902:72.11, 3:10 [9, 19826, -9]
903:163.89, 10:10 [9, 33459, 32208, 25020, 18878, -9]
904:95.33, 2:10 [9, 18139, 29903, -9]
fe: 2, se: 4

Day: 1, Time: 125
Total Cost: 387.61
 11:90.24, 2:75 [3, -10, -3]
 12:94.59, 4:75 [3, -9, -3]
901:122.15, 4:10 [9, 21706, -9]
1001:80.62, 2:10 [10, 18228, -10]
fe: 2, se: 2

Day: 1, Time: 130
Total Cost: 210.84
 11:145.23, 3:75 [2, -8, -2]
801:65.60, 3:10 [8, 20468, -8]
fe: 1, se: 1

Day: 1, Time: 135
Total Cost: 415.16
 11:136.01, 14:75 [1, -5, -1]
501:68.72, 5:10 [5, 22168, 31791, -5]
502:210.43, 9:10 [5, 25752, 20439, 18712, -5]
fe: 1, se: 2

Day: 1, Time: 135
Total Cost: 273.07
 11:66.27, 3:75 [2, -7, -2]
 12:66.27, 2:75 [2, -7, -2]
701:111.89, 3:10 [7, 19311, -7]
702:28.64, 2:10 [7, 22457, -7]
fe: 2, se: 2

Day: 1, Time: 135
Total Cost: 385.63
 11:64.00, 11:75 [4, -12, -4]
 12:64.00, 1:75 [4, -12, -4]
1201:160.57, 8:10 [12, 18038, 31540, 30976, -12]
1202:74.43, 3:10 [12, 32375, -12]
1203:22.63, 1:10 [12, 25296, -12]
fe: 2, se: 3

Day: 1, Time: 140
Total Cost: 135.22
 11:64.00, 4:75 [4, -12, -4]
1201:71.22, 4:10 [12, 31543, -12]
fe: 1, se: 1

Day: 1, Time: 145
Total Cost: 403.45
 11:66.27, 3:75 [2, -7, -2]
 12:66.27, 3:75 [2, -7, -2]
701:171.27, 3:10 [7, 25592, 22860, -7]
702:99.64, 3:10 [7, 18790, -7]
fe: 2, se: 2

Day: 1, Time: 150
Total Cost: 675.34
 11:153.31, 10:75 [1, -6, -1]
 13:153.31, 7:75 [1, -6, -1]
601:85.44, 5:10 [6, 23475, 18525, -6]
602:214.46, 10:10 [6, 25962, 29789, 33046, -6]
603:68.82, 2:10 [6, 21621, -6]
fe: 2, se: 3

Day: 1, Time: 150
Total Cost: 284.39
 11:90.24, 4:75 [3, -10, -3]
1001:194.15, 4:10 [10, 28474, 23464, -10]
fe: 1, se: 1

Day: 1, Time: 160
Total Cost: 164.30
 11:136.01, 3:75 [1, -5, -1]
501:28.28, 3:10 [5, 23666, -5]
fe: 1, se: 1

Day: 1, Time: 160
Total Cost: 377.82
 11:66.27, 3:75 [2, -7, -2]
 12:66.27, 8:75 [2, -7, -2]
701:59.36, 3:10 [7, 22311, -7]
702:185.91, 8:10 [7, 18403, 19824, -7]
fe: 2, se: 2

Day: 1, Time: 165
Total Cost: 566.74
 11:64.00, 24:75 [4, -12, -4]
1202:153.37, 7:10 [12, 31997, 21980, 23825, -12]
1203:234.15, 9:10 [12, 26174, 23130, 22853, 18153, -12]
1204:115.22, 8:10 [12, 27633, 29593, -12]
fe: 1, se: 3

Day: 1, Time: 170
Total Cost: 349.16
 11:66.27, 3:75 [2, -7, -2]
 12:145.23, 7:75 [2, -8, -2]
701:90.42, 3:10 [7, 31253, 21608, -7]
801:47.23, 7:10 [8, 29992, 33307, -8]
fe: 2, se: 2

Day: 1, Time: 175
Total Cost: 209.99
 11:66.27, 3:75 [2, -7, -2]
701:143.72, 3:10 [7, 27033, 18090, -7]
fe: 1, se: 1

Day: 1, Time: 175
Total Cost: 280.22
 11:90.24, 14:75 [3, -10, -3]
1001:48.83, 6:10 [10, 31685, 18397, -10]
1002:141.15, 8:10 [10, 31421, 18729, -10]
fe: 1, se: 2

Day: 1, Time: 175
Total Cost: 383.96
 11:120.02, 4:75 [4, -11, -4]
 12:64.00, 1:75 [4, -12, -4]
1101:81.22, 4:10 [11, 26771, -11]
1201:118.73, 1:10 [12, 24907, -12]
fe: 2, se: 2

Day: 1, Time: 180
Total Cost: 392.88
 11:66.27, 2:75 [2, -7, -2]
 12:66.27, 5:75 [2, -7, -2]
701:100.00, 2:10 [7, 25216, -7]
702:160.33, 5:10 [7, 28914, 26467, -7]
fe: 2, se: 2

Day: 1, Time: 180
Total Cost: 118.32
 11:90.24, 4:75 [3, -10, -3]
1001:28.07, 4:10 [10, 27512, -10]
fe: 1, se: 1

Day: 1, Time: 180
Total Cost: 168.40
 11:64.00, 4:75 [4, -12, -4]
1201:104.40, 4:10 [12, 30888, -12]
fe: 1, se: 1

Day: 1, Time: 185
Total Cost: 387.75
 11:179.78, 15:75 [1, -5, -6, -1]
501:104.38, 7:10 [5, 27234, 28485, -5]
601:103.59, 8:10 [6, 32502, 31413, 26156, -6]
fe: 1, se: 2

Day: 1, Time: 270
Total Cost: 906.74
 11:90.24, 27:75 [3, -10, -3]
 12:94.59, 37:75 [3, -9, -3]
901:99.74, 8:10 [9, 31498, 31262, -9]
902:77.67, 9:10 [9, 24352, 22683, 28044, 24522, -9]
903:134.51, 10:10 [9, 22956, 31420, 30778, 31025, 31417, -9]
904:97.88, 10:10 [9, 20375, 29799, 26778, -9]
1001:115.82, 7:10 [10, 20743, 32640, -10]
1002:69.66, 9:10 [10, 20722, 21807, 32917, -10]
1003:113.81, 7:10 [10, 32231, 19218, 24218, -10]
1004:12.81, 4:10 [10, 25017, -10]
fe: 2, se: 8

Day: 1, Time: 280
Total Cost: 192.68
 11:94.59, 2:75 [3, -9, -3]
901:98.08, 2:10 [9, 20624, -9]
fe: 1, se: 1

Day: 1, Time: 290
Total Cost: 881.95
 11:66.27, 29:75 [2, -7, -2]
 12:145.23, 21:75 [2, -8, -2]
702:146.92, 10:10 [7, 30652, 31174, 31063, 27375, 31269, 26073, -7]
703:159.79, 10:10 [7, 25371, 26195, 27408, 18141, 32813, -7]
704:76.07, 9:10 [7, 21539, 24112, 23828, 31399, 25673, -7]
801:142.10, 10:10 [8, 28740, 25818, 26000, 32594, -8]
802:109.45, 5:10 [8, 27036, 29223, 33306, -8]
803:36.12, 6:10 [8, 31974, 31265, 19230, -8]
fe: 2, se: 6

Day: 1, Time: 290
Total Cost: 1148.48
 11:120.02, 33:75 [4, -11, -4]
 12:64.00, 68:75 [4, -12, -4]
1101:44.18, 5:10 [11, 22987, 32523, 23742, -11]
1102:104.58, 9:10 [11, 26894, 22258, 24628, 32563, -11]
1103:49.72, 9:10 [11, 22586, 24023, 19607, -11]
1104:63.20, 10:10 [11, 24212, 21597, 21951, -11]
1201:102.33, 9:10 [12, 20028, 27520, 33536, 26451, -12]
1202:123.03, 10:10 [12, 33448, 29422, 32250, 20750, -12]
1203:53.10, 9:10 [12, 25212, 26622, 19980, 25424, -12]
1204:164.81, 10:10 [12, 19868, 25123, 23222, 33516, 25989, -12]
1205:40.78, 10:10 [12, 31808, 25183, 25530, -12]
1207:123.35, 10:10 [12, 29275, 21847, 21427, -12]
1208:95.38, 10:10 [12, 20268, 21603, 26366, 29839, -12]
fe: 2, se: 11

Day: 1, Time: 295
Total Cost: 1113.01
 11:136.01, 24:75 [1, -5, -1]
 12:153.31, 45:75 [1, -6, -1]
501:98.71, 9:10 [5, 27551, 25841, 27207, -5]
502:154.00, 10:10 [5, 25915, 21336, 18672, -5]
503:73.33, 5:10 [5, 20593, 29239, -5]
601:149.15, 10:10 [6, 23026, 30737, 23821, 33131, 24127, 22432, -6]
602:55.79, 9:10 [6, 22948, 23591, 19551, -6]
603:73.13, 7:10 [6, 23082, 28351, -6]
604:110.06, 10:10 [6, 32811, 18559, 25405, -6]
605:109.50, 9:10 [6, 22260, 21144, 23516, -6]
fe: 2, se: 8

Day: 1, Time: 305
Total Cost: 326.69
 11:66.27, 9:75 [2, -7, -2]
701:102.65, 6:10 [7, 27161, 23874, -7]
702:157.77, 3:10 [7, 23961, 31298, -7]
fe: 1, se: 2

Day: 1, Time: 320
Total Cost: 413.35
 11:90.24, 24:75 [3, 10, -10, -3]
1001:87.30, 6:10 [10, 18957, 24696, 25276, -10]
1002:96.47, 8:10 [10, 1247, 27723, 30062, -10]
1003:139.33, 10:10 [10, 23679, 14466, 19461, 24490, -10]
fe: 1, se: 3

Day: 1, Time: 325
Total Cost: 501.63
 11:136.01, 7:75 [1, -5, -1]
 12:153.31, 8:75 [1, -6, -1]
501:140.74, 7:10 [5, 25039, 29688, 32797, -5]
601:71.56, 8:10 [6, 24994, 19743, -6]
fe: 2, se: 2

Day: 1, Time: 360
Total Cost: 980.50
 11:136.01, 28:75 [1, 5, -5, -1]
501:101.21, 9:10 [5, 23902, 16316, 24661, 33083, 325, -5]
502:137.35, 8:10 [5, 20619, 27229, 19, -5]
503:141.67, 9:10 [5, 529, 31876, 447, 371, 489, 105, -5]
504:133.63, 6:10 [5, 11720, 24665, 14281, 20535, -5]
505:166.60, 6:10 [5, 637, 30470, 6963, -5]
507:164.03, 4:10 [5, 585, 28879, 21911, 23, -5]
fe: 1, se: 6

Day: 1, Time: 360
Total Cost: 634.81
 11:66.27, 32:75 [2, 7, -7, -2]
701:128.78, 9:10 [7, 25208, 310, 32295, 1177, 31222, -7]
702:187.39, 9:10 [7, 28642, 19639, 27608, 15538, -7]
703:92.61, 7:10 [7, 2430, 26974, 32702, -7]
704:159.77, 9:10 [7, 6270, 22986, 24491, 20824, -7]
fe: 1, se: 4

Day: 1, Time: 360
Total Cost: 515.25
 12:90.24, 16:75 [3, 10, -10, -3]
1001:143.24, 6:10 [10, 8114, 28658, 32540, 23375, 150, -10]
1002:134.33, 6:10 [10, 527, 18756, 8879, 311, 22829, -10]
1003:147.43, 5:10 [10, 30161, 29901, 580, 25904, -10]
fe: 1, se: 3

Day: 1, Time: 360
Total Cost: 873.12
 11:64.00, 43:75 [4, 12, -12, -4]
1201:96.41, 6:10 [12, 7660, 31293, 30162, 5240, -12]
1202:143.64, 10:10 [12, 3078, 26102, 22131, 31458, 9550, 28079, -12]
1203:119.01, 9:10 [12, 25635, 18205, 6677, 24216, -12]
1204:181.05, 8:10 [12, 238, 12388, 31936, 13104, 19867, 14639, -12]
1205:155.89, 10:10 [12, 26716, 26543, 2837, 16065, 576, 32497, 12110, -12]
1206:113.12, 10:10 [12, 21856, 19837, 22751, 23183, -12]
fe: 1, se: 6

Day: 1, Time: 375
Total Cost: 483.85
 11:179.78, 11:75 [1, -5, -6, -1]
501:69.72, 2:10 [5, 21599, 21147, -5]
601:158.32, 8:10 [6, 29765, 23250, 29610, -6]
602:76.03, 1:10 [6, 32985, -6]
fe: 1, se: 3

Day: 1, Time: 390
Total Cost: 601.36
 11:136.01, 18:75 [1, -5, -1]
 12:153.31, 2:75 [1, -6, -1]
501:122.74, 7:10 [5, 19314, 20715, 31689, -5]
502:68.19, 7:10 [5, 25566, 28821, -5]
503:48.41, 4:10 [5, 30812, -5]
601:72.69, 2:10 [6, 28797, -6]
fe: 2, se: 4

Day: 1, Time: 390
Total Cost: 511.52
 11:64.00, 20:75 [4, -12, -4]
1201:110.58, 6:10 [12, 30391, 18098, -12]
1202:145.30, 4:10 [12, 25059, 23637, -12]
1203:122.78, 6:10 [12, 20157, 21130, 29370, -12]
1204:68.86, 4:10 [12, 20129, 22820, -12]
fe: 1, se: 4

Day: 1, Time: 395
Total Cost: 634.21
 11:66.27, 13:75 [2, -7, -2]
 12:145.23, 20:75 [2, -8, -2]
701:158.43, 5:10 [7, 18068, 29701, -7]
702:94.90, 8:10 [7, 26573, 18207, 25114, 23968, -7]
801:21.63, 3:10 [8, 18644, -8]
802:69.73, 8:10 [8, 22200, 27082, -8]
803:78.01, 9:10 [8, 20923, 32961, 28626, -8]
fe: 2, se: 5

Day: 1, Time: 400
Total Cost: 620.09
 11:94.59, 37:75 [3, -9, -3]
901:104.09, 8:10 [9, 21349, 26804, 23677, -9]
902:103.17, 9:10 [9, 25419, 29322, 19617, -9]
903:93.18, 8:10 [9, 33122, 21854, 33187, -9]
904:113.28, 9:10 [9, 31589, 29792, 31730, -9]
905:111.78, 3:10 [9, 33095, 27739, -9]
fe: 1, se: 5

Day: 1, Time: 405
Total Cost: 1400.62
 11:136.01, 75:75 [1, 5, -5, -1]
 13:153.31, 49:75 [1, 6, -1]
501:65.52, 8:10 [5, 367, 14361, 363, -5]
502:72.78, 10:10 [5, 8304, 183, 499, 233, -5]
503:69.16, 10:10 [5, 83, 172, 14938, -5]
504:65.54, 10:10 [5, 571, 117, 2117, -5]
506:28.41, 9:10 [5, 493, 186, 548, -5]
507:75.05, 10:10 [5, 313, 596, 53, 368, -5]
508:54.83, 8:10 [5, 66, 161, 24811, -5]
509:91.08, 10:10 [5, 540, 625, 344, 208, -5]
601:156.78, 10:10 [6, 3140, 364, 1608, 573, 14, -6]
602:70.65, 8:10 [6, 425, 164, -6]
603:88.33, 8:10 [6, 302, 63, 532, -6]
604:34.06, 5:10 [6, 67, 469, -6]
605:162.46, 10:10 [6, 2650, 196, 630, 167, -6]
606:76.62, 8:10 [6, 649, 567, 433, 89, -6]
fe: 2, se: 14

Day: 1, Time: 405
Total Cost: 1393.55
 11:66.27, 75:75 [2, 7, -7, -2]
 12:145.23, 45:75 [2, 8, -2]
701:105.76, 10:10 [7, 289, 26291, 262, 613, 639, -7]
702:103.51, 9:10 [7, 426, 13495, 122, 265, -7]
703:125.74, 9:10 [7, 42, 558, 618, 551, -7]
704:130.23, 7:10 [7, 462, 23341, 648, 73, -7]
705:145.12, 10:10 [7, 2644, 228, 564, -7]
706:104.89, 10:10 [7, 1763, 385, 255, 146, -7]
707:88.55, 10:10 [7, 627, 553, 427, -7]
708:57.97, 10:10 [7, 375, 358, 284, -7]
801:31.56, 7:10 [8, 391, 16055, -8]
802:70.50, 10:10 [8, 246, 545, 370, 309, -8]
803:56.25, 9:10 [8, 81, 8071, 582, -8]
806:71.52, 10:10 [8, 98, 10151, 431, -8]
807:90.44, 9:10 [8, 572, 48, 354, 35, 4389, -8]
fe: 2, se: 13

Day: 1, Time: 405
Total Cost: 1230.70
 11:113.51, 59:75 [3, 9, -10, -3]
 12:90.24, 53:75 [3, 10, -3]
901:97.24, 10:10 [9, 3730, 90, 8485, -9]
902:89.37, 10:10 [9, 300, 129, 502, 189, -9]
903:46.46, 9:10 [9, 578, 466, 299, -9]
904:83.78, 10:10 [9, 240, 477, 468, 54, 14656, -9]
905:107.50, 10:10 [9, 397, 5129, 62, 7327, -9]
906:111.14, 10:10 [9, 195, 239, 6908, 290, 175, -9]
1001:14.42, 3:10 [10, 650, -10]
1002:91.86, 10:10 [10, 279, 452, 486, 166, -10]
1003:97.62, 10:10 [10, 276, 21, 147, 429, -10]
1004:86.26, 10:10 [10, 237, 87, 10797, 504, -10]
1005:91.10, 10:10 [10, 294, 555, 10801, -10]
1008:110.19, 10:10 [10, 471, 177, 26031, 78, 343, -10]
fe: 2, se: 12

Day: 1, Time: 405
Total Cost: 1300.80
 12:64.00, 68:75 [4, 12, -12, -4]
 13:125.25, 38:75 [4, 12, 11, -4]
1101:69.62, 10:10 [11, 230, 100, 592, 634, -11]
1102:6.00, 4:10 [11, 646, -11]
1103:62.56, 8:10 [11, 6599, 369, 500, -11]
1201:145.52, 8:10 [12, 11196, 640, 103, -12]
1202:114.59, 10:10 [12, 37, 516, 16003, -12]
1203:73.96, 10:10 [12, 308, 194, 107, 610, -12]
1205:80.43, 10:10 [12, 13403, 222, 176, 18944, 200, -12]
1208:97.74, 10:10 [12, 3286, 487, 454, 32245, -12]
1209:79.86, 10:10 [12, 957, 7373, 45, 241, 435, -12]
1210:65.51, 10:10 [12, 109, 428, 24, -12]
1211:154.19, 10:10 [12, 423, 125, 522, 355, 430, -12]
1214:161.57, 6:10 [12, 484, 32357, 288, 450, -12]
fe: 2, se: 12

Day: 1, Time: 410
Total Cost: 259.50
 11:113.51, 6:75 [3, -9, -10, -3]
901:107.36, 5:10 [9, 29174, 23410, -9]
1001:38.63, 1:10 [10, 29238, -10]
fe: 1, se: 2

Day: 1, Time: 410
Total Cost: 323.41
 11:64.00, 7:75 [4, -12, -4]
1201:122.59, 4:10 [12, 25653, 29751, -12]
1202:136.82, 3:10 [12, 32033, -12]
fe: 1, se: 2

Day: 1, Time: 415
Total Cost: 284.38
 11:66.27, 9:75 [2, -7, -2]
701:141.74, 7:10 [7, 32807, 22689, 24399, -7]
702:76.37, 2:10 [7, 22219, -7]
fe: 1, se: 2

Day: 1, Time: 420
Total Cost: 276.75
 11:179.78, 6:75 [1, -5, -6, -1]
501:56.92, 3:10 [5, 24437, -5]
601:40.05, 3:10 [6, 31763, -6]
fe: 1, se: 2

Day: 1, Time: 420
Total Cost: 230.32
 11:125.25, 4:75 [4, -11, -12, -4]
1101:66.60, 3:10 [11, 30768, -11]
1201:38.47, 1:10 [12, 29006, -12]
fe: 1, se: 2

Day: 1, Time: 450
Total Cost: 134.24
 11:66.27, 8:75 [2, 7, -2]
701:52.35, 4:10 [7, 13706, -7]
702:15.62, 4:10 [7, 4524, -7]
fe: 1, se: 2

Day: 1, Time: 450
Total Cost: 316.26
 11:94.59, 13:75 [3, 9, -3]
901:126.47, 7:10 [9, 8003, 9589, -9]
902:95.19, 6:10 [9, 5780, 16125, -9]
fe: 1, se: 2

Day: 1, Time: 450
Total Cost: 364.39
 11:64.00, 10:75 [4, 12, -4]
1202:139.29, 5:10 [12, 2129, 8034, -12]
1203:161.11, 5:10 [12, 11441, 12033, 5051, -12]
fe: 1, se: 2

Day: 1, Time: 460
Total Cost: 242.56
 11:136.01, 4:75 [1, 5, -1]
501:82.22, 2:10 [5, 312, -5]
502:24.33, 2:10 [5, 14710, -5]
fe: 1, se: 2

Day: 1, Time: 460
Total Cost: 354.92
 11:66.27, 7:75 [2, 7, -2]
701:127.93, 4:10 [7, 619, 614, -7]
703:160.72, 3:10 [7, 171, 351, -7]
fe: 1, se: 2

Day: 1, Time: 460
Total Cost: 245.92
 12:90.24, 6:75 [3, 10, -3]
1001:104.91, 2:10 [10, 162, 243, -10]
1002:50.77, 4:10 [10, 213, 395, -10]
fe: 1, se: 2

Day: 1, Time: 460
Total Cost: 280.63
 11:64.00, 8:75 [4, 12, -4]
1202:87.48, 3:10 [12, 305, -12]
1203:129.16, 5:10 [12, 387, 148, -12]
fe: 1, se: 2

Day: 1, Time: 495
Total Cost: 200.06
 11:66.27, 4:75 [2, 7, -2]
701:58.82, 2:10 [7, 587, -7]
702:74.97, 2:10 [7, 323, -7]
fe: 1, se: 2

Day: 1, Time: 495
Total Cost: 196.29
 11:94.59, 8:75 [3, 9, -3]
901:34.23, 3:10 [9, 505, -9]
902:36.22, 3:10 [9, 446, -9]
903:31.24, 2:10 [9, 65, -9]
fe: 1, se: 3

Day: 1, Time: 495
Total Cost: 396.69
 11:120.02, 3:75 [4, 11, -4]
 12:64.00, 15:75 [4, 12, -4]
1101:53.85, 3:10 [11, 594, -11]
1202:87.39, 7:10 [12, 182, 315, -12]
1203:71.43, 8:10 [12, 538, 298, -12]
fe: 2, se: 3

Day: 1, Time: 525
Total Cost: 112.45
 11:66.27, 4:75 [2, 7, -2]
701:46.17, 4:10 [7, 190, -7]
fe: 1, se: 1

Day: 1, Time: 525
Total Cost: 189.52
 11:64.00, 12:75 [4, 12, -4]
1202:35.25, 6:10 [12, 6293, 4439, -12]
1203:42.73, 5:10 [12, 168, 379, -12]
1204:47.54, 1:10 [12, 11292, -12]
fe: 1, se: 3


Day	Area	ID	Time	Load	Utilization	NoOrders	AssignmentCost
1	1	44	225	  7	0.08	 5	145.00
1	1	 8	315	 90	1.00	35	975.00
1	1	 9	360	 11	0.12	 5	185.00
1	1	233	400	 14	0.08	 9	430.00
1	1	10	405	 30	0.33	10	375.00
1	1	11	450	 13	0.12	 4	164.00
1	1	51	540	 34	0.31	10	332.00
1	1	15	630	 90	1.00	28	975.00
1	1	53	630	 90	1.00	27	975.00
1	1	54	675	 58	0.81	21	786.00
1	1	36	720	 45	0.63	15	630.00
1	1	19	810	 72	1.00	39	954.00
1	1	38	810	 72	1.00	25	954.00
1	1	57	810	 72	1.00	45	954.00
1	2	83	270	 16	0.18	 7	235.00
1	2	259	300	 13	0.07	10	410.00
1	2	65	315	 73	0.81	29	805.00
1	2	103	315	 58	0.64	16	655.00
1	2	85	360	  8	0.09	 3	155.00
1	2	260	400	 11	0.06	 4	370.00
1	2	91	630	 89	0.99	31	965.00
1	2	72	630	 90	1.00	27	975.00
1	2	75	765	 71	0.99	20	942.00
1	2	94	765	 44	0.61	12	618.00
1	2	114	810	 72	1.00	39	954.00
1	2	76	810	 72	1.00	44	954.00
1	2	95	810	 72	1.00	44	954.00
1	3	159	270	 17	0.19	 8	245.00
1	3	122	315	 89	0.99	38	965.00
1	3	141	315	 38	0.42	14	455.00
1	3	123	360	  4	0.04	 1	115.00
1	3	144	450	  3	0.03	 2	84.00
1	3	127	540	 36	0.33	10	348.00
1	3	148	630	 89	0.99	27	965.00
1	3	167	630	 89	0.99	27	965.00
1	3	129	630	 24	0.27	 8	315.00
1	3	170	765	 72	1.00	19	954.00
1	3	152	810	 72	1.00	37	954.00
1	3	171	810	 72	1.00	35	954.00
1	3	133	810	 72	1.00	44	954.00
1	4	313	300	 14	0.08	10	430.00
1	4	179	315	 28	0.31	17	355.00
1	4	217	315	 86	0.96	27	935.00
1	4	180	360	  8	0.09	 2	155.00
1	4	222	540	 45	0.42	13	420.00
1	4	205	630	 89	0.99	29	965.00
1	4	186	630	 82	0.91	31	895.00
1	4	227	765	 54	0.75	15	738.00
1	4	189	765	 72	1.00	19	954.00
1	4	228	810	 72	1.00	36	954.00
1	4	209	810	 72	1.00	42	954.00
1	4	190	810	 72	1.00	40	954.00


Day	Area	Time	Pickup	Delivery	Direct	FEVehicles	SEVehicles	ALNSTime	ALNSBestTime	RoutingCostArea
1	1	0	165	189	0	8	70	814.06	629.41	8019.55
1	1	30	10	0	0	2	5	1.00	0.09	720.14
1	1	40	3	0	0	2	2	0.56	0.00	514.31
1	1	55	3	0	0	3	3	0.56	0.00	612.72
1	1	65	2	0	0	2	2	0.44	0.00	453.58
1	1	70	3	0	0	3	3	0.51	0.00	667.54
1	1	90	8	0	0	3	4	0.80	0.00	913.41
1	1	110	9	0	0	2	3	0.92	0.00	669.83
1	1	135	5	0	0	1	2	0.57	0.00	415.16
1	1	150	6	0	0	2	3	0.60	0.00	675.34
1	1	160	1	0	1	1	1	0.29	0.00	664.30
1	1	185	5	0	0	1	2	0.53	0.00	387.75
1	1	295	25	0	0	2	8	2.15	0.07	1113.01
1	1	325	5	0	0	2	2	0.60	0.00	501.63
1	1	360	11	14	0	1	6	3.13	0.80	980.50
1	1	375	6	0	0	1	3	0.79	0.00	483.85
1	1	390	7	0	0	2	4	0.61	0.00	601.36
1	1	405	1	46	0	2	14	5.90	3.74	1400.62
1	1	420	2	0	0	1	2	0.44	0.00	276.75
1	1	460	0	2	0	1	2	0.24	0.00	242.56
1	2	0	162	214	0	11	68	1240.45	978.49	7001.57
1	2	30	16	0	0	2	5	1.25	0.00	787.78
1	2	35	5	0	0	2	2	0.48	0.00	486.25
1	2	60	7	0	0	1	2	0.61	0.00	355.35
1	2	75	5	0	0	2	2	0.52	0.00	425.09
1	2	80	5	0	0	3	3	0.60	0.00	478.62
1	2	105	6	0	0	2	3	0.60	0.00	549.53
1	2	110	2	0	0	2	2	0.33	0.00	328.59
1	2	130	1	0	0	1	1	0.20	0.00	210.84
1	2	135	2	0	0	2	2	0.31	0.00	273.07
1	2	145	3	0	0	2	2	0.44	0.00	403.45
1	2	160	3	0	0	2	2	0.38	0.00	377.82
1	2	170	4	0	0	2	2	0.54	0.00	349.16
1	2	175	2	0	1	1	1	0.27	0.00	709.99
1	2	180	3	0	0	2	2	0.37	0.00	392.88
1	2	290	26	0	0	2	6	3.49	1.10	881.95
1	2	305	4	0	0	1	2	0.63	0.00	326.69
1	2	360	11	5	0	1	4	1.33	0.00	634.81
1	2	395	12	0	0	2	5	1.07	0.00	634.21
1	2	405	2	45	0	2	13	6.42	4.20	1393.55
1	2	415	4	0	0	1	2	0.54	0.00	284.38
1	2	450	0	2	0	1	2	0.23	0.00	134.24
1	2	460	0	4	0	1	2	0.48	0.00	354.92
1	2	495	0	2	0	1	2	0.23	0.00	200.06
1	2	525	0	1	0	1	1	0.19	0.00	112.45
1	3	0	165	217	0	11	71	1354.34	1031.68	7475.37
1	3	35	14	0	0	2	4	1.27	0.06	710.47
1	3	45	3	0	0	1	2	0.31	0.00	249.44
1	3	65	3	0	0	2	2	0.38	0.00	370.12
1	3	85	7	0	0	2	2	0.74	0.00	439.07
1	3	120	9	0	0	2	4	1.26	0.42	612.27
1	3	125	2	0	0	2	2	0.36	0.00	387.61
1	3	150	2	0	0	1	1	0.30	0.00	284.39
1	3	175	4	0	1	1	2	0.70	0.17	780.22
1	3	180	1	0	1	1	1	0.20	0.00	618.32
1	3	270	23	0	0	2	8	2.76	1.90	906.74
1	3	280	1	0	0	1	1	0.20	0.00	192.68
1	3	320	8	2	0	1	3	1.55	0.00	413.35
1	3	360	8	6	0	1	3	1.60	0.00	515.25
1	3	400	14	0	0	1	5	1.54	0.37	620.09
1	3	405	1	44	0	2	12	5.84	3.62	1230.70
1	3	410	3	0	0	1	2	0.37	0.00	259.50
1	3	450	0	4	0	1	2	0.42	0.00	316.26
1	3	460	0	4	0	1	2	0.62	0.00	245.92
1	3	495	0	3	0	1	3	0.39	0.00	196.29
1	4	0	161	200	0	8	66	1320.05	1100.20	6781.28
1	4	45	12	0	0	2	4	1.12	0.00	732.45
1	4	55	4	0	0	2	2	0.49	0.00	318.56
1	4	60	5	0	0	2	3	0.55	0.00	443.78
1	4	80	4	0	0	2	3	0.48	0.00	481.80
1	4	95	2	0	0	1	1	0.27	0.00	135.19
1	4	135	5	0	0	2	3	0.66	0.01	385.63
1	4	140	1	0	0	1	1	0.20	0.00	135.22
1	4	165	9	0	0	1	3	0.72	0.00	566.74
1	4	175	2	0	0	2	2	0.31	0.00	383.96
1	4	180	1	0	0	1	1	0.33	0.00	168.40
1	4	290	40	0	0	2	11	10.09	8.04	1148.48
1	4	360	18	13	0	1	6	4.16	0.06	873.12
1	4	390	9	0	0	1	4	0.75	0.02	511.52
1	4	405	3	41	0	2	12	6.11	3.16	1300.80
1	4	410	3	0	0	1	2	0.39	0.00	323.41
1	4	420	2	0	0	1	2	0.28	0.00	230.32
1	4	450	0	5	0	1	2	0.60	0.00	364.39
1	4	460	0	3	0	1	2	0.31	0.00	280.63
1	4	495	0	5	0	2	3	0.48	0.00	396.69
1	4	525	0	5	0	1	3	0.42	0.00	189.52

Day	SL	Own	DispatchTimes	AssignmentCost	RoutingCost	TotalCost
1	48	4	45	34808.00	71377.12	106185.12

Total Cost: 106185.12491320842
Cost per Day: 106185.12491320842
Running time in Seconds: 6656.681
Running time in minutes: 110.94468333333333