INSTANCE: 3hubs_MND_A_8_x.csv
PARAMETER: ldp_tight.txt
POLICY: LATEST DEPARTURE
ALPHA: 0.0
BETA: 64
OMEGA: 586
EPSILON: 1.0

Day: 1, Time: 0
Total Cost: 6359.52
 11:136.01, 75:75 [1, 4, -4, -1]
 12:136.01, 69:75 [1, 4, -4, -1]
 13:153.31, 74:75 [1, 5, -5, -1]
 14:153.31, 71:75 [1, 5, -5, -1]
 15:136.01, 58:75 [1, 4, -4, -1]
 16:153.31, 3:75 [1, -5, -1]
 17:153.31, 31:75 [1, 5, -5, -1]
 22:136.01, 10:75 [1, 4, -1]
401:42.55, 7:10 [4, 8603, 9009, 8513, -4]
402:38.10, 10:10 [4, 8375, 8892, 9032, 8796, 8656, -4]
403:75.64, 10:10 [4, 8671, 8746, 8569, 8373, 8425, 8795, -4]
404:86.37, 10:10 [4, 8814, 8610, 8347, 8609, 8839, 8548, 8757, 8983, -4]
405:91.85, 9:10 [4, 8644, 8608, 8534, -4]
406:95.21, 9:10 [4, 8597, 8748, 8773, 8879, 8816, -4]
407:148.00, 10:10 [4, 8497, 8766, 8472, 8891, 8372, 8368, -4]
408:120.96, 10:10 [4, 9017, 8917, 8651, 8456, 8758, 8815, -4]
409:53.15, 7:10 [4, 8855, 8626, -4]
410:56.07, 9:10 [4, 8331, 8410, 8578, -4]
411:88.69, 10:10 [4, 8655, 8947, 8360, 8292, 8750, 8452, -4]
412:97.00, 9:10 [4, 8894, 8640, 8470, 8424, -4]
413:52.38, 10:10 [4, 8594, 8458, 8296, 8665, -4]
414:110.37, 10:10 [4, 8605, 8432, 8715, 8469, 8613, -4]
415:52.70, 7:10 [4, 8638, 8350, -4]
416:178.64, 9:10 [4, 8554, 8865, 8476, 8365, 8464, 8290, -4]
417:65.60, 10:10 [4, 8343, 8777, 8979, 8561, -4]
418:184.79, 9:10 [4, 8645, 8552, 8966, 8387, 8825, 8536, 8926, -4]
419:119.50, 9:10 [4, 8716, 8768, 8447, 8872, 8831, -4]
420:61.50, 10:10 [4, 8575, 8612, 8672, 8396, -4]
422:20.79, 8:10 [4, 8980, 8954, -4]
423:125.36, 10:10 [4, 8317, 8924, 8550, 8722, 8682, 8697, -4]
424:73.19, 10:10 [4, 8824, 8895, 8419, 8479, -4]
427:170.27, 9:10 [4, 8673, 8946, 8858, 8323, 8780, -4]
432:102.19, 10:10 [4, 8782, 8940, 8503, -4]
433:92.68, 9:10 [4, 8374, 8315, 8402, 8920, 9004, 8441, 8827, -4]
434:72.52, 10:10 [4, 8646, 8657, 8919, 8812, 8417, 8467, -4]
435:139.33, 10:10 [4, 8694, 8434, 8541, 8686, 8948, 8483, 8882, -4]
436:154.76, 10:10 [4, 8563, 8620, 8301, 8738, 8619, 8957, 8704, -4]
501:189.39, 10:10 [5, 8908, 8381, 8981, 8720, 8518, -5]
502:66.43, 8:10 [5, 8353, 8991, 8491, 8984, -5]
503:112.58, 10:10 [5, 8830, 8442, 8719, 8376, 8436, -5]
504:142.24, 3:10 [5, 8763, -5]
505:110.21, 8:10 [5, 8345, 8502, 8881, 9025, 8859, -5]
506:148.53, 10:10 [5, 8687, 8978, 8756, 8504, 8999, 8352, 8913, -5]
507:99.66, 9:10 [5, 8615, 8805, 8669, 8942, 8636, 8928, -5]
508:90.01, 10:10 [5, 8862, 8540, 8910, 8460, 8435, -5]
509:172.43, 10:10 [5, 8321, 8325, 8551, 8525, 8807, 8901, 8840, 8846, -5]
510:95.59, 10:10 [5, 8508, 8324, 8606, 9010, 8944, -5]
511:25.91, 6:10 [5, 8828, 8408, -5]
512:100.27, 9:10 [5, 8628, 8611, 8931, 8322, 8820, -5]
513:142.54, 10:10 [5, 8516, 8708, 8584, 8385, 8883, 8770, 9007, -5]
514:90.36, 9:10 [5, 8632, 8749, 8506, 8762, 8529, 8767, 8679, -5]
515:172.15, 10:10 [5, 8703, 8826, 8473, 8440, 8395, -5]
516:112.75, 9:10 [5, 8549, 9016, 8659, 8486, -5]
517:97.38, 7:10 [5, 9015, 8572, 8897, 8545, 8438, 8755, -5]
518:69.83, 10:10 [5, 8692, 8684, 8378, 8580, -5]
519:118.37, 10:10 [5, 8298, 8629, 8302, 8726, 8885, 8941, -5]
520:62.07, 10:10 [5, 8390, 8423, 8809, 8543, 8366, 8912, -5]
521:36.05, 7:10 [5, 8772, 8837, -5]
523:146.15, 10:10 [5, 8663, 8519, 8507, 8745, 8319, 8512, -5]
524:31.15, 10:10 [5, 8431, 8332, 8675, -5]
fe: 8, se: 52

Day: 1, Time: 0
Total Cost: 5313.93
 11:66.27, 75:75 [2, 6, -6, -2]
 12:66.27, 72:75 [2, 6, -6, -2]
 13:145.23, 38:75 [2, 7, -7, -2]
 14:66.27, 50:75 [2, 6, -6, -2]
 16:66.27, 19:75 [2, 6, -6, -2]
 17:66.27, 16:75 [2, 6, -2]
 18:145.23, 67:75 [2, 7, -7, -2]
 19:66.27, 8:75 [2, 6, -2]
 22:66.27, 17:75 [2, 6, -2]
 27:66.27, 10:75 [2, 6, -6, -2]
601:143.34, 10:10 [6, 8329, 8557, 8925, 8743, 8850, -6]
602:89.12, 9:10 [6, 8893, 8587, 8596, 8328, -6]
603:79.71, 8:10 [6, 8637, 8598, -6]
604:73.37, 10:10 [6, 8397, 8305, 8733, 8832, 8581, -6]
605:97.92, 10:10 [6, 8450, 8454, 8398, -6]
606:90.23, 10:10 [6, 8843, 8747, 8588, 8533, -6]
607:67.48, 10:10 [6, 8873, 8430, 8382, 8698, 8721, -6]
608:58.18, 10:10 [6, 8774, 8961, 8972, 8818, -6]
609:103.25, 9:10 [6, 8806, 8582, 8560, 8699, 8625, -6]
610:76.89, 10:10 [6, 8351, 8759, 8585, 8921, 8421, 9022, 8616, -6]
611:72.44, 7:10 [6, 8691, 8412, 8741, 8864, -6]
612:33.53, 8:10 [6, 8484, 8528, -6]
613:87.02, 9:10 [6, 8511, 8909, 8705, 8765, -6]
614:109.30, 10:10 [6, 8389, 8595, 8639, 9018, 8802, 8334, -6]
615:24.34, 6:10 [6, 8566, 8393, -6]
616:86.28, 8:10 [6, 8771, 8760, 8622, 8489, -6]
618:132.81, 10:10 [6, 8853, 8544, 8776, 8867, 8490, 8998, 8480, -6]
619:105.68, 10:10 [6, 8515, 8866, 8362, 8680, 8953, 8724, 8621, -6]
621:135.65, 10:10 [6, 8500, 8662, 8848, 8775, 8564, -6]
622:123.29, 10:10 [6, 8915, 8427, 8627, 8878, 8753, 8306, -6]
623:103.60, 10:10 [6, 8801, 8314, 8677, 8524, -6]
625:91.67, 10:10 [6, 8960, 8426, 8330, 8737, 8887, -6]
626:121.58, 10:10 [6, 9026, 8994, 8359, 8988, 8471, -6]
627:162.28, 10:10 [6, 8304, 8735, 8356, 9023, 8935, 8520, 8340, 8869, -6]
628:118.07, 10:10 [6, 8973, 8420, 8929, 8833, 8488, 8787, 8800, -6]
629:103.24, 10:10 [6, 8693, 8845, 8678, 8449, 8336, -6]
630:116.42, 10:10 [6, 8871, 8868, 8335, 8607, 8631, -6]
631:83.44, 9:10 [6, 8556, 8532, 8689, 8725, 8902, 8906, -6]
632:125.02, 10:10 [6, 8394, 8890, 8714, 9019, -6]
634:119.18, 10:10 [6, 8713, 8509, 8446, 8905, 9033, 8963, -6]
635:94.25, 10:10 [6, 8342, 8327, 8487, 8316, 8414, 8418, -6]
636:75.50, 10:10 [6, 8967, 8522, 9006, 8690, 8478, 8547, 8785, -6]
638:114.02, 10:10 [6, 8310, 8403, 8838, 8797, 8641, 8987, -6]
645:184.02, 9:10 [6, 8337, 8444, 8650, 8810, 8635, 8789, 8971, 8482, 8348, 8754, -6]
646:171.28, 10:10 [6, 8294, 8299, 9034, 8466, 8604, 8734, 8485, 8764, -6]
702:40.80, 10:10 [7, 8634, 9008, 8505, 8407, -7]
703:73.15, 9:10 [7, 8896, 8696, 8377, 8792, 8861, -7]
704:60.10, 10:10 [7, 8813, 9001, 8736, 8751, -7]
706:133.84, 9:10 [7, 8601, 8568, 8593, 8688, 8997, 8804, -7]
707:46.09, 9:10 [7, 8821, 8923, 8380, 8674, 8742, -7]
708:89.34, 10:10 [7, 8574, 8338, 8730, 8367, 8364, 8949, 8649, -7]
709:55.21, 10:10 [7, 8799, 9024, 8711, 8462, 9020, -7]
711:72.73, 10:10 [7, 8477, 8739, 8498, 8559, 8668, 8363, 8955, 8457, -7]
712:77.76, 10:10 [7, 8965, 8535, 9029, 9031, 8786, -7]
715:93.61, 9:10 [7, 8399, 8633, 9027, 9012, 8661, 8570, -7]
716:108.86, 10:10 [7, 8383, 8707, 8695, 8589, 8899, -7]
717:68.41, 10:10 [7, 8521, 8790, 8411, 8405, 8969, 8985, -7]
fe: 10, se: 47

Day: 1, Time: 0
Total Cost: 4802.43
 11:90.24, 75:75 [3, 9, -9, -3]
 12:94.59, 75:75 [3, 8, -8, -3]
 13:94.59, 63:75 [3, 8, -8, -3]
 14:90.24, 46:75 [3, 9, -9, -3]
 16:90.24, 65:75 [3, 9, -9, -3]
 31:94.59, 10:75 [3, 8, -3]
 32:90.24, 10:75 [3, 9, -3]
801:67.49, 10:10 [8, 8914, 8710, 8834, 8836, -8]
802:107.19, 10:10 [8, 8964, 8886, 8496, 8683, 8729, -8]
803:151.19, 10:10 [8, 8386, 8433, 8943, 8761, 8681, 8439, 8817, 8898, 8875, -8]
804:94.48, 8:10 [8, 8945, 8652, 8876, 8309, 8900, -8]
805:99.98, 7:10 [8, 8358, 8303, 8308, 8295, 8907, 8624, 8851, 8388, -8]
806:70.25, 10:10 [8, 8445, 8537, 8586, -8]
807:86.63, 9:10 [8, 8455, 8429, 9000, 8648, 8553, 8995, 8937, -8]
808:109.73, 10:10 [8, 8712, 8717, 8863, 8492, 8667, -8]
809:97.96, 10:10 [8, 8583, 8523, 8889, 8877, 8369, 8822, -8]
810:77.42, 10:10 [8, 8416, 8542, 8849, 8744, 9002, 8752, -8]
811:112.64, 10:10 [8, 8643, 8709, 8461, 8413, 8293, 8670, 8854, -8]
812:33.29, 9:10 [8, 8579, 8592, 8660, -8]
813:131.50, 10:10 [8, 8732, 8977, 8531, 8653, 8788, 8819, 8982, -8]
814:145.86, 10:10 [8, 8468, 8495, 8501, 8779, 8823, 8291, 8784, 8970, -8]
815:125.23, 10:10 [8, 8437, 8783, 8463, 8571, 8993, 8406, 8989, -8]
816:101.01, 10:10 [8, 8591, 8475, 8781, 8453, 8880, 8630, -8]
817:104.59, 10:10 [8, 8903, 8956, 8728, -8]
822:100.27, 10:10 [8, 8565, 8577, 8451, 8856, 8539, -8]
827:76.07, 10:10 [8, 8959, 8996, 8357, -8]
901:20.90, 6:10 [9, 8647, 8349, -9]
902:94.09, 10:10 [9, 8602, 8355, 8857, 8950, 8555, 8958, -9]
903:123.95, 10:10 [9, 8676, 8974, 8952, 8666, 8700, 8904, -9]
904:50.44, 9:10 [9, 8312, 8576, 8847, 8803, 8493, 8320, 8793, 8870, 8918, -9]
905:128.59, 10:10 [9, 8379, 8975, 8459, 8614, 8798, 8860, -9]
906:85.01, 9:10 [9, 8562, 8811, 9030, 8600, 8794, -9]
907:83.53, 10:10 [9, 8510, 8392, 8791, 8297, 8318, -9]
908:94.30, 10:10 [9, 8428, 8911, 8344, 8361, 8930, 8573, -9]
909:122.73, 10:10 [9, 8664, 8939, 8968, 8526, 8341, 9003, -9]
911:134.25, 7:10 [9, 8590, 8530, 8829, 8874, 8685, 8701, 8976, 8922, -9]
912:96.65, 10:10 [9, 8642, 8546, 8400, 8986, 8841, 8706, -9]
913:129.49, 10:10 [9, 8422, 8409, 8808, 9013, 8527, 8933, 8844, -9]
914:88.05, 10:10 [9, 8494, 9014, 8370, 8443, 9021, -9]
916:151.19, 10:10 [9, 8558, 9011, 8517, 8852, 8371, 8835, 8778, -9]
918:113.48, 10:10 [9, 8339, 9028, 8990, 8938, 8658, 8932, -9]
919:137.63, 10:10 [9, 8307, 8567, 8731, 8300, 8962, 8992, 8311, -9]
921:86.99, 10:10 [9, 8538, 8951, 8888, 8514, 8927, -9]
923:118.54, 9:10 [9, 8499, 8718, 8842, 8740, 8916, -9]
924:99.65, 10:10 [9, 8618, 8333, 8936, 8723, 8354, 8727, -9]
926:66.69, 10:10 [9, 8401, 8346, 8404, 8769, 8702, 8448, -9]
929:135.76, 10:10 [9, 8623, 8617, 8599, 8654, 8934, 8474, 8884, 8384, 8391, -9]
930:102.97, 10:10 [9, 8415, 8465, 8481, 8313, 8326, 9005, -9]
fe: 7, se: 41

Day: 1, Time: 35
Total Cost: 586.88
 11:136.01, 7:75 [1, -4, -1]
 12:179.78, 6:75 [1, -4, -5, -1]
401:71.74, 7:10 [4, 15183, 15202, -4]
402:61.75, 4:10 [4, 13440, 16897, -4]
501:137.59, 2:10 [5, 15365, -5]
fe: 2, se: 3

Day: 1, Time: 50
Total Cost: 531.93
 11:94.59, 1:75 [3, -8, -3]
 12:90.24, 19:75 [3, -9, -3]
801:37.20, 1:10 [8, 14737, -8]
901:98.55, 8:10 [9, 10525, 15203, 11739, -9]
902:111.50, 3:10 [9, 12977, 15111, -9]
903:99.84, 8:10 [9, 9941, 10695, 13174, -9]
fe: 2, se: 4

Day: 1, Time: 55
Total Cost: 509.97
 11:66.27, 9:75 [2, -6, -2]
 12:66.27, 15:75 [2, -6, -2]
602:114.28, 9:10 [6, 12498, 9382, 9188, -6]
603:134.34, 8:10 [6, 10291, 9600, -6]
604:128.80, 7:10 [6, 9825, 10049, 13557, -6]
fe: 2, se: 3

Day: 1, Time: 60
Total Cost: 298.68
 11:113.51, 3:75 [3, -8, -9, -3]
801:93.23, 1:10 [8, 9711, -8]
901:91.93, 2:10 [9, 11082, -9]
fe: 1, se: 2

Day: 1, Time: 75
Total Cost: 396.76
 11:136.01, 6:75 [1, -4, -1]
 12:153.31, 3:75 [1, -5, -1]
401:49.12, 6:10 [4, 11160, 10615, 15444, -4]
501:58.31, 3:10 [5, 10379, -5]
fe: 2, se: 2

Day: 1, Time: 95
Total Cost: 664.71
 11:66.27, 8:75 [2, -6, -2]
 12:66.27, 2:75 [2, -6, -2]
 13:66.27, 3:75 [2, -6, -2]
601:176.96, 8:10 [6, 9266, 13104, 15727, -6]
602:109.14, 2:10 [6, 13772, -6]
603:179.79, 3:10 [6, 15067, 12113, 15970, -6]
fe: 3, se: 3

Day: 1, Time: 145
Total Cost: 944.94
 11:90.24, 2:75 [3, -9, -3]
 12:94.59, 20:75 [3, -8, -3]
 14:90.24, 15:75 [3, -9, -3]
801:186.78, 10:10 [8, 9556, 13954, 12521, 14793, -8]
802:72.85, 10:10 [8, 16321, 14504, 9221, -8]
901:106.91, 5:10 [9, 10689, 13527, -9]
902:93.20, 5:10 [9, 15519, 13857, -9]
903:76.03, 1:10 [9, 12321, -9]
904:29.12, 2:10 [9, 9649, -9]
905:104.98, 4:10 [9, 14545, 9311, -9]
fe: 3, se: 7

Day: 1, Time: 155
Total Cost: 732.53
 11:66.27, 11:75 [2, -6, -2]
 12:66.27, 17:75 [2, -6, -2]
601:115.67, 9:10 [6, 11333, 14081, 10781, -6]
602:136.89, 1:10 [6, 12349, -6]
603:136.32, 7:10 [6, 16900, 12296, 14307, 10949, 14193, -6]
604:72.25, 1:10 [6, 9967, -6]
605:138.85, 10:10 [6, 12655, 12490, 16684, 12737, -6]
fe: 2, se: 5

Day: 1, Time: 165
Total Cost: 964.91
 11:136.01, 8:75 [1, -4, -1]
 12:136.01, 17:75 [1, -4, -1]
 13:153.31, 4:75 [1, -5, -1]
401:116.02, 4:10 [4, 12935, -4]
402:66.60, 4:10 [4, 9571, -4]
403:174.40, 10:10 [4, 14159, 9744, 13794, 16703, -4]
404:79.84, 7:10 [4, 9626, 14631, 13020, -4]
502:102.72, 4:10 [5, 16052, 13874, 12664, -5]
fe: 3, se: 5

Day: 1, Time: 165
Total Cost: 270.42
 11:66.27, 8:75 [2, -6, -2]
 12:66.27, 4:75 [2, -6, -2]
601:90.67, 8:10 [6, 13424, 15061, -6]
602:47.20, 4:10 [6, 9985, -6]
fe: 2, se: 2

Day: 1, Time: 170
Total Cost: 241.16
 11:94.59, 8:75 [3, -8, -3]
802:146.56, 8:10 [8, 10816, 12836, 11076, -8]
fe: 1, se: 1

Day: 1, Time: 175
Total Cost: 278.43
 11:136.01, 5:75 [1, -4, -1]
401:142.42, 5:10 [4, 13077, 9355, -4]
fe: 1, se: 1

Day: 1, Time: 185
Total Cost: 190.38
 11:90.24, 4:75 [3, -9, -3]
901:100.14, 4:10 [9, 13037, 13229, -9]
fe: 1, se: 1

Day: 1, Time: 280
Total Cost: 988.98
 11:136.01, 37:75 [1, -4, -1]
 12:153.31, 23:75 [1, -5, -1]
401:143.96, 9:10 [4, 9174, 11368, 10043, 13818, -4]
402:56.88, 10:10 [4, 12857, 12988, 16209, -4]
403:47.34, 8:10 [4, 13745, 14611, 15924, -4]
404:169.55, 10:10 [4, 9354, 15358, 11022, 16412, -4]
501:125.58, 10:10 [5, 11522, 9309, 12085, -5]
502:142.21, 9:10 [5, 14919, 15421, 9692, -5]
503:14.14, 4:10 [5, 16930, -5]
fe: 2, se: 7

Day: 1, Time: 285
Total Cost: 755.65
 12:90.24, 48:75 [3, -9, -3]
901:180.07, 10:10 [9, 11996, 11768, 11650, 11225, -9]
902:133.76, 9:10 [9, 14326, 16782, 16078, -9]
903:71.52, 8:10 [9, 14161, 10827, 16375, -9]
904:112.00, 8:10 [9, 16204, 16701, -9]
905:127.57, 9:10 [9, 15493, 15602, 11208, 13426, 16422, -9]
906:40.50, 4:10 [9, 16513, -9]
fe: 1, se: 6

Day: 1, Time: 295
Total Cost: 342.85
 11:136.01, 5:75 [1, -4, -1]
401:206.83, 5:10 [4, 11761, 15562, -4]
fe: 1, se: 1

Day: 1, Time: 300
Total Cost: 850.53
 11:66.27, 38:75 [2, -6, -2]
 12:145.23, 27:75 [2, -7, -2]
601:79.41, 10:10 [6, 11134, 11551, 9670, 16288, 12315, -6]
602:83.30, 10:10 [6, 10973, 12300, 15050, 9359, -6]
604:71.07, 8:10 [6, 14926, 16000, 12541, 14357, -6]
605:147.73, 10:10 [6, 13324, 13960, 12581, 10975, 11124, -6]
701:44.79, 10:10 [7, 9409, 9405, 15986, -7]
702:99.51, 9:10 [7, 10373, 11192, 9622, -7]
703:113.22, 8:10 [7, 9854, 14053, 14870, -7]
fe: 2, se: 7

Day: 1, Time: 305
Total Cost: 384.58
 11:94.59, 16:75 [3, -8, -3]
801:101.50, 6:10 [8, 13587, 14994, -8]
802:188.48, 10:10 [8, 14833, 10657, 16357, 14715, -8]
fe: 1, se: 2

Day: 1, Time: 360
Total Cost: 1190.82
 11:136.01, 5:75 [1, 4, -4, -1]
 12:153.31, 14:75 [1, 5, -5, -1]
401:140.12, 7:10 [4, 11025, 14981, 219, -4]
402:134.83, 1:10 [4, 159, -4]
501:153.37, 5:10 [5, 16642, 10, 1835, -5]
502:96.58, 5:10 [5, 9470, 13886, 16219, 9220, -5]
503:157.58, 4:10 [5, 214, -5]
504:159.55, 5:10 [5, 12408, 13552, -5]
505:59.46, 3:10 [5, 10450, -5]
fe: 2, se: 7

Day: 1, Time: 395
Total Cost: 763.75
 11:136.01, 15:75 [1, -4, -1]
 12:153.31, 5:75 [1, -5, -1]
401:141.48, 8:10 [4, 16587, 12906, 13141, 11696, -4]
402:113.63, 4:10 [4, 12551, 15423, -4]
403:50.99, 3:10 [4, 11651, -4]
501:114.47, 4:10 [5, 10799, 13921, -5]
502:53.85, 1:10 [5, 13867, -5]
fe: 2, se: 5

Day: 1, Time: 405
Total Cost: 994.98
 11:136.01, 20:75 [1, 4, -4, -1]
 12:153.31, 12:75 [1, 5, -5, -1]
401:83.43, 4:10 [4, 312, 171, -4]
402:91.76, 1:10 [4, 63, -4]
403:65.12, 9:10 [4, 75, 1251, 199, -4]
404:42.58, 3:10 [4, 262, 13432, -4]
405:71.76, 3:10 [4, 24, 14997, -4]
501:75.39, 2:10 [5, 12501, -5]
502:81.44, 1:10 [5, 157, -5]
503:41.23, 1:10 [5, 128, -5]
504:152.94, 10:10 [5, 329, 81, 341, -5]
fe: 2, se: 9

Day: 1, Time: 405
Total Cost: 1387.50
 11:66.27, 41:75 [2, 6, -6, -2]
 12:145.23, 21:75 [2, 7, -7, -2]
601:120.92, 8:10 [6, 16730, 294, 9760, -6]
602:105.61, 8:10 [6, 15278, 10183, 13365, 2014, -6]
603:113.10, 7:10 [6, 248, 187, -6]
605:118.26, 10:10 [6, 11463, 257, 58, 113, 12588, -6]
607:135.66, 7:10 [6, 11394, 237, 12463, -6]
608:111.35, 10:10 [6, 14664, 9456, 10264, 11175, -6]
613:114.07, 10:10 [6, 9534, 14637, 300, 16, -6]
614:141.31, 8:10 [6, 16951, 959, 15242, -6]
701:66.98, 6:10 [7, 301, 42, 11852, -7]
702:48.31, 5:10 [7, 284, 12136, 16663, -7]
704:51.32, 8:10 [7, 141, 314, -7]
705:49.10, 6:10 [7, 9593, 6249, 220, 16911, -7]
fe: 2, se: 12

Day: 1, Time: 405
Total Cost: 1308.13
 11:94.59, 29:75 [3, 8, -8, -3]
 12:90.24, 30:75 [3, 9, -9, -3]
801:108.38, 3:10 [8, 319, 15973, -8]
802:59.48, 7:10 [8, 16030, 13804, 16297, -8]
803:123.92, 3:10 [8, 10383, 239, -8]
804:97.31, 8:10 [8, 188, 143, 11107, -8]
805:90.78, 4:10 [8, 69, 333, 11534, -8]
806:100.05, 10:10 [8, 16446, 12990, 12894, 15516, -8]
901:83.34, 10:10 [9, 13283, 14423, 5082, -9]
902:76.84, 7:10 [9, 9349, 12967, -9]
903:75.15, 7:10 [9, 15709, 73, 283, -9]
904:100.20, 8:10 [9, 23, 47, 126, 14909, -9]
905:102.40, 10:10 [9, 9639, 11986, 15021, 11303, -9]
907:105.45, 7:10 [9, 115, 13036, 332, -9]
fe: 2, se: 12

Day: 1, Time: 415
Total Cost: 343.59
 11:113.51, 12:75 [3, -8, -9, -3]
801:118.45, 7:10 [8, 15946, 11415, 11159, -8]
901:111.63, 5:10 [9, 9920, 16882, -9]
fe: 1, se: 2

Day: 1, Time: 420
Total Cost: 161.29
 11:66.27, 3:75 [2, -6, -2]
601:95.02, 3:10 [6, 10483, -6]
fe: 1, se: 1

Day: 1, Time: 430
Total Cost: 224.28
 11:136.01, 3:75 [1, -4, -1]
401:88.27, 3:10 [4, 12359, 10952, -4]
fe: 1, se: 1

Day: 1, Time: 440
Total Cost: 134.65
 11:90.24, 1:75 [3, -9, -3]
901:44.41, 1:10 [9, 15439, -9]
fe: 1, se: 1

Day: 1, Time: 450
Total Cost: 632.47
 11:136.01, 3:75 [1, 4, -1]
 12:153.31, 5:75 [1, 5, -1]
401:118.27, 3:10 [4, 274, -4]
501:108.26, 2:10 [5, 339, -5]
502:116.62, 3:10 [5, 261, -5]
fe: 2, se: 3

Day: 1, Time: 450
Total Cost: 212.44
 11:66.27, 4:75 [2, 6, -2]
601:63.78, 1:10 [6, 6513, -6]
602:82.39, 3:10 [6, 296, -6]
fe: 1, se: 2

Day: 1, Time: 450
Total Cost: 439.98
 11:94.59, 8:75 [3, 8, -3]
 12:90.24, 8:75 [3, 9, -3]
801:45.61, 4:10 [8, 6371, -8]
802:55.32, 1:10 [8, 189, -8]
803:48.37, 3:10 [8, 84, -8]
901:46.17, 4:10 [9, 43, -9]
902:59.67, 4:10 [9, 147, -9]
fe: 2, se: 5

Day: 1, Time: 460
Total Cost: 930.01
 11:136.01, 13:75 [1, 4, -1]
 12:153.31, 33:75 [1, 5, -1]
401:96.61, 7:10 [4, 321, 161, -4]
402:77.82, 1:10 [4, 3659, -4]
403:92.55, 5:10 [4, 4837, 103, -4]
502:78.55, 4:10 [5, 225, 3631, -5]
503:43.93, 3:10 [5, 273, 1277, -5]
504:76.00, 5:10 [5, 160, 1021, -5]
505:56.32, 9:10 [5, 217, 5391, 123, 5167, -5]
506:50.16, 3:10 [5, 197, -5]
508:68.75, 9:10 [5, 2392, 272, 38, -5]
fe: 2, se: 9

Day: 1, Time: 460
Total Cost: 624.99
 11:66.27, 32:75 [2, 6, -2]
601:62.80, 3:10 [6, 149, -6]
602:154.42, 7:10 [6, 290, 151, 124, -6]
603:44.72, 2:10 [6, 196, -6]
604:141.47, 7:10 [6, 340, 6675, 4750, -6]
605:51.42, 3:10 [6, 162, -6]
606:63.25, 4:10 [6, 324, -6]
607:40.64, 6:10 [6, 186, 5855, -6]
fe: 1, se: 7

Day: 1, Time: 460
Total Cost: 503.94
 11:94.59, 5:75 [3, 8, -3]
 12:90.24, 8:75 [3, 9, -3]
801:90.56, 5:10 [8, 230, 264, -8]
901:115.57, 3:10 [9, 70, 15, -9]
902:112.97, 5:10 [9, 66, 7037, 218, -9]
fe: 2, se: 3

Day: 1, Time: 495
Total Cost: 368.82
 11:136.01, 18:75 [1, 4, -1]
401:42.52, 4:10 [4, 6829, -4]
402:34.41, 3:10 [4, 4414, -4]
403:18.44, 4:10 [4, 271, -4]
404:32.56, 1:10 [4, 302, -4]
405:40.25, 4:10 [4, 206, -4]
406:26.00, 1:10 [4, 621, -4]
407:38.63, 1:10 [4, 255, -4]
fe: 1, se: 7

Day: 1, Time: 495
Total Cost: 889.25
 11:66.27, 16:75 [2, 6, -2]
 12:145.23, 9:75 [2, 7, -2]
601:76.16, 1:10 [6, 6421, -6]
602:87.86, 3:10 [6, 1689, -6]
603:93.06, 3:10 [6, 121, -6]
604:97.69, 1:10 [6, 26, -6]
605:93.38, 1:10 [6, 41, -6]
606:75.29, 4:10 [6, 881, -6]
607:100.18, 3:10 [6, 241, -6]
701:24.08, 1:10 [7, 1999, -7]
702:14.42, 4:10 [7, 132, -7]
703:15.62, 4:10 [7, 213, -7]
fe: 2, se: 10

Day: 1, Time: 495
Total Cost: 885.18
 11:94.59, 22:75 [3, 8, -3]
 12:90.24, 16:75 [3, 9, -3]
801:77.79, 2:10 [8, 1359, -8]
802:54.15, 4:10 [8, 576, -8]
803:74.98, 5:10 [8, 18, 36, -8]
804:65.78, 7:10 [8, 270, 82, -8]
805:77.20, 4:10 [8, 21, -8]
901:50.64, 4:10 [9, 304, -9]
902:62.04, 5:10 [9, 1601, 109, -9]
904:82.46, 1:10 [9, 311, -9]
905:86.83, 4:10 [9, 235, -9]
907:68.47, 2:10 [9, 282, -9]
fe: 2, se: 10

Day: 1, Time: 525
Total Cost: 202.94
 11:66.27, 10:75 [2, 6, -2]
601:49.19, 2:10 [6, 288, -6]
602:37.00, 6:10 [6, 4245, 33, -6]
603:50.48, 2:10 [6, 252, -6]
fe: 1, se: 3

Day: 1, Time: 525
Total Cost: 285.38
 11:94.59, 4:75 [3, 8, -3]
 12:90.24, 8:75 [3, 9, -3]
801:11.66, 2:10 [8, 334, -8]
802:20.59, 2:10 [8, 4387, -8]
901:27.20, 3:10 [9, 8207, -9]
902:12.81, 3:10 [9, 182, -9]
903:28.28, 2:10 [9, 5184, -9]
fe: 2, se: 5


Day	Area	ID	Time	Load	Utilization	NoOrders	AssignmentCost
1	1	 8	315	 39	0.65	12	465.00
1	1	 9	360	  5	0.08	 2	125.00
1	1	119	400	 20	0.17	 9	550.00
1	1	10	405	 19	0.32	 7	265.00
1	1	11	450	 18	0.25	 7	204.00
1	1	18	765	 48	1.00	23	666.00
1	1	37	765	 18	0.38	 9	306.00
1	1	123	800	 96	1.00	35	2484.00
1	1	132	800	 96	1.00	37	2484.00
1	1	19	810	 48	1.00	17	666.00
1	1	38	810	 48	1.00	20	666.00
1	2	136	300	  4	0.03	 1	230.00
1	2	46	315	 47	0.78	18	545.00
1	2	47	360	 13	0.22	 4	205.00
1	2	137	400	 24	0.20	11	630.00
1	2	48	405	 41	0.68	13	485.00
1	2	49	450	  2	0.03	 1	76.00
1	2	56	765	 48	1.00	21	666.00
1	2	75	765	 21	0.44	 8	342.00
1	2	141	800	 96	1.00	38	2484.00
1	2	150	800	 96	1.00	41	2484.00
1	2	57	810	 48	1.00	18	666.00
1	2	76	810	 48	1.00	21	666.00
1	3	154	300	  9	0.08	 4	330.00
1	3	84	315	 40	0.67	15	475.00
1	3	85	360	 10	0.17	 4	175.00
1	3	155	400	 47	0.39	18	1090.00
1	3	86	405	 21	0.35	10	285.00
1	3	87	450	  6	0.08	 2	108.00
1	3	94	765	 48	1.00	17	666.00
1	3	113	765	 29	0.60	13	438.00
1	3	159	800	 96	1.00	41	2484.00
1	3	168	800	 96	1.00	35	2484.00
1	3	95	810	 48	1.00	21	666.00
1	3	114	810	 48	1.00	20	666.00


Day	Area	Time	Pickup	Delivery	Direct	FEVehicles	SEVehicles	ALNSTime	ALNSBestTime	RoutingCostArea
1	1	0	106	149	0	8	52	373.08	300.78	6359.52
1	1	35	5	0	0	2	3	0.54	0.00	586.88
1	1	75	4	0	0	2	2	0.43	0.00	396.76
1	1	165	12	0	0	3	5	1.04	0.00	964.91
1	1	170	0	0	1	0	0	0.00	0.00	500.00
1	1	175	2	0	0	1	1	0.28	0.00	278.43
1	1	280	21	0	0	2	7	1.65	0.04	988.98
1	1	295	2	0	0	1	1	0.27	0.00	342.85
1	1	360	10	5	0	2	7	1.43	0.00	1190.82
1	1	395	10	0	0	2	5	0.99	0.00	763.75
1	1	405	3	13	0	2	9	1.51	0.06	994.98
1	1	430	2	0	0	1	1	0.29	0.00	224.28
1	1	450	0	3	0	2	3	0.39	0.00	632.47
1	1	460	0	19	0	2	9	1.86	0.39	930.01
1	1	495	0	7	0	1	7	0.37	0.00	368.82
1	2	0	113	136	0	10	47	489.59	299.82	5313.93
1	2	55	8	0	0	2	3	0.64	0.00	509.97
1	2	95	7	0	0	3	3	0.66	0.00	664.71
1	2	155	14	0	0	2	5	1.15	0.00	732.53
1	2	165	3	0	0	2	2	0.31	0.00	270.42
1	2	300	27	0	0	2	7	2.76	1.68	850.53
1	2	405	22	18	0	2	12	5.41	1.16	1387.50
1	2	420	1	0	0	1	1	0.19	0.00	161.29
1	2	450	0	2	0	1	2	0.22	0.00	212.44
1	2	460	0	12	0	1	7	0.78	0.00	624.99
1	2	495	0	10	0	2	10	0.73	0.00	889.25
1	2	525	0	4	1	1	3	0.31	0.00	702.94
1	3	0	116	125	0	7	41	375.50	200.18	4802.43
1	3	50	9	0	0	2	4	0.74	0.00	531.93
1	3	60	2	0	0	1	2	0.29	0.00	298.68
1	3	145	15	0	0	3	7	1.81	0.51	944.94
1	3	170	3	0	1	1	1	0.32	0.00	741.16
1	3	185	2	0	0	1	1	0.27	0.00	190.38
1	3	285	18	0	0	1	6	3.22	1.27	755.65
1	3	305	6	0	0	1	2	0.47	0.00	384.58
1	3	405	22	14	0	2	12	6.05	3.55	1308.13
1	3	415	5	0	0	1	2	0.60	0.00	343.59
1	3	440	1	0	0	1	1	0.19	0.00	134.65
1	3	450	0	5	0	2	5	0.54	0.00	439.98
1	3	460	0	7	0	2	3	0.53	0.00	503.94
1	3	495	0	13	0	2	10	0.91	0.00	885.18
1	3	525	0	5	0	2	5	0.61	0.00	285.38

Day	SL	Own	DispatchTimes	AssignmentCost	RoutingCost	TotalCost
1	24	11	27	28227.00	40394.58	68621.58

Total Cost: 68621.58363275578
Cost per Day: 68621.58363275578
Running time in Seconds: 1397.05
Running time in minutes: 23.284166666666668