INSTANCE: 3hubs_MSD_A_49_x.csv
PARAMETER: tuning_tight.txt
POLICY: MIP
ALPHA: 0.285609962862699
BETA: 52
OMEGA: 586
EPSILON: 1.02479357612294

Day: 1, Time: 0
Total Cost: 5060.70
 11:136.01, 75:75 [1, 4, -4, -1]
 12:136.01, 27:75 [1, 4, -4, -1]
 13:136.01, 40:75 [1, 4, -4, -1]
 15:136.01, 40:75 [1, 4, -4, -1]
 17:153.31, 64:75 [1, 5, -5, -1]
 20:136.01, 8:75 [1, 4, -4, -1]
401:86.01, 8:10 [4, 8700, 8607, 8916, 8844, 8923, -4]
402:62.46, 10:10 [4, 8773, 8791, 8908, 8707, -4]
403:164.44, 3:10 [4, 8849, -4]
404:85.68, 10:10 [4, 8976, 8794, 8894, -4]
405:104.26, 8:10 [4, 8716, 8778, 8543, -4]
406:133.82, 8:10 [4, 8771, 8989, 8817, -4]
407:68.24, 7:10 [4, 8893, 8940, 8869, -4]
408:68.90, 6:10 [4, 8859, 8754, 8674, 8981, 8984, -4]
409:122.83, 10:10 [4, 8838, 8809, 8723, 8795, 8526, -4]
410:112.65, 10:10 [4, 8827, 8996, 8892, 8945, 8702, -4]
411:152.40, 10:10 [4, 8616, 8622, 8675, 8687, 8590, -4]
412:126.44, 10:10 [4, 8808, 8785, 8534, 8939, -4]
413:183.54, 10:10 [4, 8830, 8793, 8867, 8564, 8567, -4]
414:61.10, 10:10 [4, 8710, 8966, 8985, 9008, -4]
415:92.13, 9:10 [4, 8620, 8599, 8520, 8560, -4]
416:85.97, 10:10 [4, 8521, 8677, 8605, 8639, -4]
417:116.53, 10:10 [4, 8663, 8542, 8563, -4]
418:171.17, 10:10 [4, 8609, 8631, 8611, 8979, 8630, 8612, -4]
419:82.35, 10:10 [4, 8912, 8857, 8797, 8541, -4]
420:153.37, 10:10 [4, 8569, 8913, 8618, 8583, -4]
421:136.02, 10:10 [4, 8947, 8800, 8983, 8924, -4]
422:40.45, 1:10 [4, 8615, -4]
423:147.79, 10:10 [4, 8575, 8650, 8657, -4]
424:129.63, 8:10 [4, 8905, 8990, 8547, -4]
425:91.99, 9:10 [4, 8718, 8731, 8770, -4]
427:134.37, 7:10 [4, 8955, 8586, 8956, -4]
430:108.92, 7:10 [4, 8854, 8772, -4]
501:102.32, 9:10 [5, 8805, 8644, 8720, 8792, -5]
502:125.87, 10:10 [5, 8654, 8539, 8666, 8610, -5]
503:172.49, 10:10 [5, 8600, 8592, 8682, 8683, 8591, 8580, -5]
504:61.49, 10:10 [5, 8806, 8902, 8816, -5]
505:26.08, 3:10 [5, 8653, -5]
507:113.09, 10:10 [5, 8974, 8769, 8705, -5]
508:114.20, 9:10 [5, 8588, 8689, 8625, 8552, -5]
509:98.37, 8:10 [5, 8747, 8807, 8928, 8750, -5]
510:111.31, 10:10 [5, 8529, 8533, 8566, -5]
512:91.84, 10:10 [5, 8952, 8815, 8749, 8963, -5]
513:89.37, 10:10 [5, 8864, 8777, 8898, 8602, -5]
516:97.44, 10:10 [5, 8997, 8789, 8798, 8891, -5]
fe: 6, se: 39

Day: 1, Time: 5
Total Cost: 6855.43
 11:66.27, 75:75 [2, 6, -6, -2]
 12:66.27, 51:75 [2, 6, -6, -2]
 13:66.27, 39:75 [2, 6, -6, -2]
 14:66.27, 69:75 [2, -6, -2]
 15:66.27, 35:75 [2, 6, -6, -2]
 16:66.27, 15:75 [2, 6, -6, -2]
 17:145.23, 14:75 [2, 7, -7, -2]
 18:145.23, 15:75 [2, -7, -2]
 19:145.23, 18:75 [2, 7, -7, -2]
 20:145.23, 3:75 [2, -7, -2]
 21:66.27, 4:75 [2, -6, -2]
 22:66.27, 1:75 [2, -6, -2]
 23:66.27, 1:75 [2, -6, -2]
601:143.15, 10:10 [6, 8756, 8878, 9000, 8942, -6]
602:82.97, 10:10 [6, 8994, 8752, 8953, 8712, -6]
603:111.43, 10:10 [6, 8640, 8676, 8627, 8573, -6]
604:141.61, 10:10 [6, 8715, 8961, 8823, 8578, 8921, 8546, 8938, -6]
605:18.00, 4:10 [6, 8810, -6]
606:118.53, 8:10 [6, 8784, 8877, 8728, -6]
607:77.49, 10:10 [6, 8751, 8991, 8840, 8839, -6]
608:82.93, 8:10 [6, 8628, 8532, -6]
609:62.38, 10:10 [6, 9001, 8988, 8746, -6]
610:116.41, 10:10 [6, 8801, 8992, 8738, 8881, -6]
611:145.89, 1:10 [6, 8884, -6]
612:96.07, 10:10 [6, 8696, 8671, 8523, 8632, -6]
613:102.61, 9:10 [6, 8768, 8958, 8946, -6]
614:45.91, 9:10 [6, 8648, 8668, 8685, -6]
615:74.58, 10:10 [6, 8843, 8706, 8933, -6]
616:127.20, 1:10 [6, 8841, -6]
617:31.30, 4:10 [6, 8637, -6]
618:139.23, 9:10 [6, 8670, 8581, 8647, 8623, 8660, -6]
619:107.29, 10:10 [6, 8722, 8883, 8907, 8943, -6]
620:110.47, 7:10 [6, 8986, 8833, -6]
621:90.44, 10:10 [6, 8813, 8851, 8799, 8889, -6]
622:98.21, 9:10 [6, 8698, 8673, 8537, -6]
623:158.79, 10:10 [6, 8544, 8555, 8528, 8658, 8695, -6]
624:118.81, 9:10 [6, 8597, 8629, 8525, 8594, 8527, -6]
625:96.08, 10:10 [6, 8579, 8582, 8664, 8651, -6]
626:110.73, 10:10 [6, 8709, 8968, 9003, -6]
627:142.27, 6:10 [6, 8744, 8895, -6]
628:75.68, 10:10 [6, 8853, 8763, 8724, 8714, -6]
629:106.67, 9:10 [6, 8530, 8936, 8957, 8914, -6]
630:131.59, 9:10 [6, 8694, 8531, 8681, -6]
632:119.90, 5:10 [6, 8776, 8860, -6]
633:96.95, 9:10 [6, 8729, 8951, 8948, 8601, 8931, -6]
634:117.84, 8:10 [6, 8730, 8982, -6]
635:123.49, 10:10 [6, 8626, 8688, 8643, 8678, -6]
636:41.60, 10:10 [6, 8757, 8897, 8836, 8848, -6]
637:95.47, 10:10 [6, 8925, 8635, 8858, 8855, -6]
638:78.52, 9:10 [6, 8558, 8656, 8684, -6]
639:138.01, 10:10 [6, 8732, 8608, 8758, 8571, 8888, 8804, -6]
640:119.10, 10:10 [6, 8522, 8667, 8690, -6]
641:110.69, 6:10 [6, 8783, 8960, -6]
642:109.10, 10:10 [6, 8824, 8779, 8879, 8875, -6]
643:78.19, 10:10 [6, 8780, 8890, 8954, -6]
644:64.20, 7:10 [6, 9004, 8708, 8967, -6]
645:159.98, 10:10 [6, 8691, 8659, 8619, 8655, -6]
646:161.04, 10:10 [6, 8697, 8661, 8624, 8561, -6]
647:112.25, 8:10 [6, 8918, 8727, -6]
648:129.52, 4:10 [6, 8748, -6]
701:92.31, 6:10 [7, 8978, 8704, -7]
702:84.28, 8:10 [7, 8570, 8550, 8636, 8553, -7]
703:96.99, 6:10 [7, 8929, 9006, 8850, -7]
704:76.59, 10:10 [7, 8820, 8899, 8832, -7]
705:82.16, 8:10 [7, 8755, 8701, 8887, 8551, 9002, -7]
706:108.81, 4:10 [7, 8742, -7]
707:78.82, 3:10 [7, 8787, -7]
708:64.30, 6:10 [7, 8540, 8604, 8595, -7]
709:73.24, 3:10 [7, 8822, -7]
fe: 13, se: 56

Day: 1, Time: 5
Total Cost: 6569.33
 11:94.59, 61:75 [3, 8, -8, -3]
 12:90.24, 3:75 [3, -9, -3]
 13:94.59, 65:75 [3, 8, -8, -3]
 14:94.59, 22:75 [3, -8, -3]
 15:90.24, 66:75 [3, 9, -9, -3]
 16:90.24, 38:75 [3, -9, -3]
 17:94.59, 27:75 [3, -8, -3]
 18:90.24, 47:75 [3, 9, -9, -3]
 19:94.59, 3:75 [3, -8, -3]
 20:94.59, 4:75 [3, -8, -3]
 21:94.59, 2:75 [3, -8, -3]
 22:94.59, 4:75 [3, -8, -3]
 23:90.24, 1:75 [3, -9, -3]
 24:94.59, 2:75 [3, -8, -3]
801:136.80, 10:10 [8, 8593, 8606, 8649, 8782, 8679, -8]
802:187.27, 10:10 [8, 8545, 8845, 8596, 8585, 8574, 8556, -8]
803:94.22, 10:10 [8, 8977, 8941, 8993, -8]
804:119.80, 10:10 [8, 8693, 8548, 8577, 8692, 8646, -8]
805:97.25, 10:10 [8, 8835, 8909, 8975, 8903, 8922, -8]
806:82.27, 8:10 [8, 8950, 8944, -8]
807:102.22, 3:10 [8, 8803, -8]
808:114.88, 10:10 [8, 8734, 8645, 8872, 8837, 8995, -8]
809:111.09, 1:10 [8, 8739, -8]
810:138.82, 9:10 [8, 8930, 8686, 8846, 8852, 8736, 8669, -8]
811:84.44, 5:10 [8, 8969, 8826, -8]
812:77.63, 7:10 [8, 8987, 8906, 8904, -8]
813:100.66, 4:10 [8, 8743, -8]
814:50.17, 7:10 [8, 8766, 8717, 8786, -8]
815:126.82, 3:10 [8, 8999, -8]
816:133.75, 10:10 [8, 8662, 8562, 8737, 8672, -8]
817:53.67, 7:10 [8, 8949, 8861, -8]
818:102.49, 2:10 [8, 8703, -8]
819:106.84, 10:10 [8, 8549, 8680, 8538, 8559, -8]
820:93.04, 10:10 [8, 8741, 8896, 8788, 8818, 8735, -8]
821:67.73, 6:10 [8, 8965, 8765, -8]
822:78.41, 5:10 [8, 8937, 8740, -8]
823:109.12, 2:10 [8, 8915, -8]
824:94.98, 9:10 [8, 8568, 8621, 8665, -8]
825:111.23, 10:10 [8, 8917, 9005, 14962, 8721, -8]
826:104.65, 4:10 [8, 8831, -8]
827:84.99, 7:10 [8, 8781, 8796, -8]
828:40.01, 7:10 [8, 8762, 8584, -8]
901:137.47, 10:10 [9, 8863, 8900, 8829, 8598, 8882, 8753, -9]
902:156.03, 10:10 [9, 8614, 8633, 8524, 8642, 8603, 8576, -9]
903:56.47, 8:10 [9, 8911, 8814, 8880, 8865, -9]
904:129.13, 9:10 [9, 8870, 13807, 8971, 8970, 8802, -9]
905:97.53, 3:10 [9, 8959, -9]
906:110.36, 10:10 [9, 8964, 9007, 8711, 8733, -9]
907:119.66, 10:10 [9, 8536, 8825, 8980, 8962, -9]
908:120.96, 8:10 [9, 8565, 8587, 8554, -9]
909:84.70, 10:10 [9, 8926, 16681, 8828, 8847, -9]
910:124.40, 1:10 [9, 8842, -9]
911:95.80, 10:10 [9, 8759, 8811, 8719, 8932, 8885, 8876, -9]
912:44.85, 8:10 [9, 8919, 8774, 8874, -9]
913:103.03, 9:10 [9, 8862, 8935, 8901, -9]
914:63.98, 10:10 [9, 8638, 8641, 8535, -9]
915:119.16, 10:10 [9, 8557, 8589, 8652, -9]
916:66.81, 6:10 [9, 8613, 8634, -9]
917:113.08, 10:10 [9, 8745, 8973, 8760, 8790, 8572, 8767, 8699, -9]
918:80.36, 10:10 [9, 8617, 8910, 8856, 8998, 8871, 8726, -9]
919:93.38, 2:10 [9, 8834, -9]
920:87.54, 6:10 [9, 8886, 8934, -9]
921:81.03, 10:10 [9, 8713, 8920, 8866, 8761, -9]
923:94.85, 2:10 [9, 8972, -9]
924:134.01, 9:10 [9, 8819, 8873, 8868, 8812, -9]
925:70.65, 10:10 [9, 8725, 8775, 9009, -9]
928:76.28, 10:10 [9, 8764, 8821, 8927, -9]
fe: 14, se: 53

Day: 1, Time: 10
Total Cost: 262.61
 11:66.27, 6:75 [2, -6, -2]
601:99.46, 3:10 [6, 15396, -6]
602:96.88, 3:10 [6, 12580, 14384, -6]
fe: 1, se: 2

Day: 1, Time: 25
Total Cost: 436.11
 11:66.27, 5:75 [2, -6, -2]
 12:145.23, 7:75 [2, -7, -2]
601:96.90, 5:10 [6, 12841, 15985, -6]
701:97.44, 5:10 [7, 9427, 9186, -7]
702:30.27, 2:10 [7, 10802, -7]
fe: 2, se: 3

Day: 1, Time: 40
Total Cost: 362.15
 11:66.27, 2:75 [2, -6, -2]
 12:66.27, 5:75 [2, -6, -2]
602:92.13, 2:10 [6, 10089, -6]
603:137.48, 5:10 [6, 14818, 10355, -6]
fe: 2, se: 2

Day: 1, Time: 40
Total Cost: 547.61
 11:113.51, 4:75 [3, -8, -9, -3]
 12:94.59, 4:75 [3, -8, -3]
 13:90.24, 7:75 [3, -9, -3]
801:43.86, 2:10 [8, 13579, -8]
802:18.11, 4:10 [8, 9667, -8]
901:73.97, 7:10 [9, 11528, 16631, -9]
902:113.31, 2:10 [9, 11008, 13872, -9]
fe: 3, se: 4

Day: 1, Time: 45
Total Cost: 196.78
 11:66.27, 8:75 [2, -6, -2]
601:33.11, 4:10 [6, 16070, -6]
602:97.41, 4:10 [6, 11841, -6]
fe: 1, se: 2

Day: 1, Time: 45
Total Cost: 424.35
 12:94.59, 3:75 [3, -8, -3]
 13:90.24, 3:75 [3, -9, -3]
802:100.66, 3:10 [8, 9236, -8]
901:61.19, 2:10 [9, 13795, -9]
902:77.67, 1:10 [9, 13840, -9]
fe: 2, se: 3

Day: 1, Time: 50
Total Cost: 769.99
 11:136.01, 9:75 [1, -4, -1]
 12:153.31, 7:75 [1, -5, -1]
401:136.93, 3:10 [4, 13475, 11150, -4]
402:137.75, 6:10 [4, 9221, 14855, -4]
501:80.62, 5:10 [5, 10872, 13880, -5]
502:125.36, 2:10 [5, 14065, -5]
fe: 2, se: 4

Day: 1, Time: 50
Total Cost: 304.15
 11:66.27, 3:75 [2, -6, -2]
 12:145.23, 3:75 [2, -7, -2]
601:53.81, 3:10 [6, 16624, -6]
701:38.83, 3:10 [7, 12598, -7]
fe: 2, se: 2

Day: 1, Time: 60
Total Cost: 359.12
 11:94.59, 4:75 [3, -8, -3]
 12:90.24, 1:75 [3, -9, -3]
801:92.28, 4:10 [8, 14929, -8]
901:82.00, 1:10 [9, 12848, -9]
fe: 2, se: 2

Day: 1, Time: 65
Total Cost: 413.76
 11:136.01, 2:75 [1, -4, -1]
 12:153.31, 1:75 [1, -5, -1]
401:97.75, 2:10 [4, 9909, -4]
501:26.68, 1:10 [5, 13008, -5]
fe: 2, se: 2

Day: 1, Time: 85
Total Cost: 740.14
 11:90.24, 7:75 [3, -9, -3]
 12:94.59, 8:75 [3, -8, -3]
 13:90.24, 2:75 [3, -9, -3]
801:100.02, 3:10 [8, 13827, -8]
802:86.65, 3:10 [8, 16294, -8]
803:89.55, 2:10 [8, 14916, -8]
901:34.06, 4:10 [9, 14862, -9]
902:49.52, 3:10 [9, 11263, -9]
903:105.26, 2:10 [9, 14446, -9]
fe: 3, se: 6

Day: 1, Time: 90
Total Cost: 449.13
 11:66.27, 6:75 [2, -6, -2]
 12:66.27, 7:75 [2, -6, -2]
601:50.99, 4:10 [6, 16245, -6]
602:114.49, 3:10 [6, 10879, 9801, -6]
603:88.81, 4:10 [6, 15794, -6]
604:62.29, 2:10 [6, 9491, -6]
fe: 2, se: 4

Day: 1, Time: 95
Total Cost: 656.02
 11:136.01, 11:75 [1, -4, -1]
 12:153.31, 4:75 [1, -5, -1]
401:50.26, 3:10 [4, 9214, 12170, -4]
402:142.50, 6:10 [4, 16191, 17040, -4]
403:114.77, 2:10 [4, 14082, -4]
501:59.16, 4:10 [5, 16561, 10481, -5]
fe: 2, se: 4

Day: 1, Time: 95
Total Cost: 127.46
 11:66.27, 3:75 [2, -6, -2]
601:61.19, 3:10 [6, 17056, -6]
fe: 1, se: 1

Day: 1, Time: 95
Total Cost: 410.27
 11:94.59, 8:75 [3, -8, -3]
 12:94.59, 6:75 [3, -8, -3]
801:11.66, 4:10 [8, 17113, -8]
802:83.26, 4:10 [8, 16155, -8]
803:45.12, 4:10 [8, 10745, -8]
804:81.04, 2:10 [8, 12149, -8]
fe: 2, se: 4

Day: 1, Time: 105
Total Cost: 117.54
 11:66.27, 1:75 [2, -6, -2]
601:51.26, 1:10 [6, 11577, -6]
fe: 1, se: 1

Day: 1, Time: 120
Total Cost: 400.75
 11:136.01, 3:75 [1, -4, -1]
 12:153.31, 3:75 [1, -5, -1]
401:66.48, 3:10 [4, 16955, -4]
501:44.94, 3:10 [5, 14407, -5]
fe: 2, se: 2

Day: 1, Time: 120
Total Cost: 310.78
 11:90.24, 11:75 [3, -9, -3]
901:86.82, 6:10 [9, 9592, 13528, -9]
902:52.50, 4:10 [9, 13062, -9]
903:81.22, 1:10 [9, 15749, -9]
fe: 1, se: 3

Day: 1, Time: 125
Total Cost: 590.21
 11:66.27, 12:75 [2, -6, -2]
 13:145.23, 6:75 [2, -7, -2]
601:102.23, 5:10 [6, 13014, 14192, -6]
602:81.26, 3:10 [6, 17198, 17161, -6]
603:90.41, 4:10 [6, 16035, 10778, -6]
701:24.08, 2:10 [7, 11489, -7]
702:80.72, 4:10 [7, 10171, -7]
fe: 2, se: 5

Day: 1, Time: 125
Total Cost: 332.37
 11:90.24, 2:75 [3, -9, -3]
 12:90.24, 3:75 [3, -9, -3]
901:48.17, 2:10 [9, 14372, -9]
902:103.71, 3:10 [9, 16146, -9]
fe: 2, se: 2

Day: 1, Time: 135
Total Cost: 660.15
 11:136.01, 7:75 [1, -4, -1]
 12:153.31, 7:75 [1, -5, -1]
401:121.10, 7:10 [4, 17115, 10238, -4]
501:103.18, 4:10 [5, 17209, 10776, -5]
502:70.94, 2:10 [5, 16727, -5]
503:75.60, 1:10 [5, 9710, -5]
fe: 2, se: 4

Day: 1, Time: 140
Total Cost: 176.05
 11:66.27, 4:75 [2, -6, -2]
601:61.61, 2:10 [6, 9522, -6]
602:48.17, 2:10 [6, 16584, -6]
fe: 1, se: 2

Day: 1, Time: 140
Total Cost: 107.33
 11:90.24, 3:75 [3, -9, -3]
901:17.09, 3:10 [9, 11535, -9]
fe: 1, se: 1

Day: 1, Time: 150
Total Cost: 329.17
 11:66.27, 1:75 [2, -6, -2]
 12:145.23, 2:75 [2, -7, -2]
601:83.26, 1:10 [6, 13102, -6]
701:34.41, 2:10 [7, 12484, -7]
fe: 2, se: 2

Day: 1, Time: 150
Total Cost: 206.19
 11:94.59, 5:75 [3, -8, -3]
801:111.60, 5:10 [8, 11082, 10372, -8]
fe: 1, se: 1

Day: 1, Time: 155
Total Cost: 369.76
 11:136.01, 4:75 [1, -4, -1]
 12:153.31, 3:75 [1, -5, -1]
401:28.28, 4:10 [4, 9361, -4]
501:52.15, 3:10 [5, 11351, -5]
fe: 2, se: 2

Day: 1, Time: 155
Total Cost: 284.24
 11:94.59, 2:75 [3, -8, -3]
 12:90.24, 6:75 [3, -9, -3]
801:31.05, 2:10 [8, 12112, -8]
901:68.36, 6:10 [9, 12630, 10669, -9]
fe: 2, se: 2

Day: 1, Time: 160
Total Cost: 269.79
 11:136.01, 2:75 [1, -4, -1]
401:133.78, 2:10 [4, 13254, -4]
fe: 1, se: 1

Day: 1, Time: 160
Total Cost: 95.12
 11:66.27, 1:75 [2, -6, -2]
601:28.84, 1:10 [6, 14496, -6]
fe: 1, se: 1

Day: 1, Time: 160
Total Cost: 408.22
 11:90.24, 4:75 [3, -9, -3]
 12:94.59, 2:75 [3, -8, -3]
 13:94.59, 1:75 [3, -8, -3]
801:40.50, 2:10 [8, 13040, -8]
802:18.44, 1:10 [8, 16615, -8]
901:69.86, 4:10 [9, 15836, -9]
fe: 3, se: 3

Day: 1, Time: 170
Total Cost: 540.15
 11:136.01, 5:75 [1, -4, -1]
 12:153.31, 3:75 [1, -5, -1]
401:124.87, 2:10 [4, 11000, -4]
402:83.95, 3:10 [4, 13674, -4]
501:42.00, 3:10 [5, 14077, -5]
fe: 2, se: 3

Day: 1, Time: 175
Total Cost: 86.67
 11:66.27, 2:75 [2, -6, -2]
601:20.40, 2:10 [6, 11962, -6]
fe: 1, se: 1

Day: 1, Time: 175
Total Cost: 457.57
 11:90.24, 1:75 [3, -9, -3]
 12:94.59, 3:75 [3, -8, -3]
 13:90.24, 1:75 [3, -9, -3]
801:55.79, 3:10 [8, 13162, -8]
901:54.59, 1:10 [9, 11056, -9]
902:72.11, 1:10 [9, 10005, -9]
fe: 3, se: 3

Day: 1, Time: 195
Total Cost: 479.67
 11:179.78, 11:75 [1, -4, -5, -1]
 12:136.01, 2:75 [1, -4, -1]
401:85.29, 8:10 [4, 12343, 11350, 10222, -4]
402:58.00, 2:10 [4, 16333, -4]
501:20.59, 3:10 [5, 11046, -5]
fe: 2, se: 3

Day: 1, Time: 200
Total Cost: 312.86
 11:94.59, 5:75 [3, -8, -3]
 12:94.59, 2:75 [3, -8, -3]
801:114.72, 5:10 [8, 11410, 13065, -8]
802:8.94, 2:10 [8, 10193, -8]
fe: 2, se: 2

Day: 1, Time: 285
Total Cost: 1174.86
 11:136.01, 43:75 [1, 4, -4, -1]
 12:153.31, 18:75 [1, 5, -5, -1]
401:97.00, 9:10 [4, 9856, 6706, 12341, 14245, -4]
402:70.87, 9:10 [4, 10512, 14874, 13134, -4]
403:160.12, 9:10 [4, 9433, 15243, 10599, 10662, -4]
404:148.56, 10:10 [4, 10794, 3890, 10191, 13284, -4]
405:89.25, 6:10 [4, 14268, 132, 15661, -4]
501:69.81, 10:10 [5, 12114, 7934, 264, -5]
502:130.68, 6:10 [5, 14797, 16885, 11732, -5]
503:119.24, 8:10 [5, 12083, 15419, 13668, -5]
fe: 2, se: 8

Day: 1, Time: 305
Total Cost: 788.76
 11:90.24, 47:75 [3, 9, -9, -3]
901:65.96, 10:10 [9, 14696, 9584, 15788, -9]
902:46.39, 9:10 [9, 16365, 16097, 10410, -9]
903:110.47, 4:10 [9, 14687, 90, 13760, -9]
904:157.44, 10:10 [9, 12573, 270, 9225, 93, 15887, 10277, -9]
905:168.17, 8:10 [9, 15063, 11175, 10731, 16582, -9]
906:150.10, 8:10 [9, 17148, 10480, 10936, 5694, -9]
fe: 1, se: 6

Day: 1, Time: 310
Total Cost: 602.47
 11:66.27, 36:75 [2, -6, -2]
601:104.36, 10:10 [6, 15496, 11387, 9591, 13130, -6]
602:107.61, 10:10 [6, 16167, 14036, 13928, 13562, 17136, -6]
603:171.50, 10:10 [6, 14084, 11492, 13628, 11186, 9757, -6]
604:152.73, 6:10 [6, 12620, 16829, 10432, 13989, -6]
fe: 1, se: 4

Day: 1, Time: 325
Total Cost: 1602.44
 11:136.01, 57:75 [1, 4, -4, -1]
 12:153.31, 66:75 [1, 5, -5, -1]
401:75.41, 10:10 [4, 247, 14, 3151, 9766, -4]
402:142.45, 10:10 [4, 7941, 243, 17147, 2838, -4]
403:131.92, 10:10 [4, 170, 13, 109, 13739, 296, 16182, 5150, -4]
404:42.74, 8:10 [4, 131, 260, -4]
405:137.23, 9:10 [4, 78, 11305, 279, 84, 152, -4]
406:39.52, 10:10 [4, 97, 37, 7295, -4]
501:77.80, 10:10 [5, 18, 73, 35, 1399, 15430, -5]
502:60.83, 4:10 [5, 13694, -5]
503:149.30, 10:10 [5, 61, 49, 144, 4158, 141, -5]
504:122.77, 10:10 [5, 184, 196, 91, 10452, -5]
505:57.97, 10:10 [5, 225, 53, 16473, 75, -5]
506:106.69, 10:10 [5, 113, 12908, 106, 309, -5]
507:74.41, 9:10 [5, 12596, 228, 199, 151, -5]
509:94.10, 10:10 [5, 136, 27, 301, -5]
fe: 2, se: 14

Day: 1, Time: 360
Total Cost: 1513.27
 11:136.01, 69:75 [1, 4, -4, -1]
 12:153.31, 57:75 [1, 5, -5, -1]
401:71.59, 10:10 [4, 63, 121, 124, 2826, 7059, 15613, 211, -4]
402:93.94, 9:10 [4, 38, 278, 311, 5806, -4]
403:114.13, 10:10 [4, 195, 29, 4372, 70, 5117, -4]
404:98.78, 10:10 [4, 100, 200, 23, 304, 11442, -4]
405:24.81, 10:10 [4, 7555, 56, 3459, -4]
406:106.09, 10:10 [4, 6172, 902, 143, -4]
407:195.94, 10:10 [4, 2318, 2596, 546, 496, 48, -4]
501:81.76, 10:10 [5, 191, 8366, 6226, 181, -5]
502:80.09, 10:10 [5, 6239, 4889, 313, 302, -5]
503:96.33, 8:10 [5, 281, 14954, 157, 298, 186, -5]
504:77.75, 10:10 [5, 19, 832, 120, -5]
505:124.29, 10:10 [5, 22, 16, 16649, 192, 129, -5]
507:58.44, 9:10 [5, 123, 193, 94, 32, -5]
fe: 2, se: 13

Day: 1, Time: 365
Total Cost: 1514.90
 11:94.59, 58:75 [3, 8, -8, -3]
 12:90.24, 58:75 [3, 9, -9, -3]
801:134.86, 10:10 [8, 7894, 205, 288, 11054, 13479, 263, -8]
802:143.05, 10:10 [8, 314, 4341, 62, 10036, 153, -8]
803:128.50, 10:10 [8, 149, 13290, 150, 316, 6785, 86, -8]
804:62.23, 10:10 [8, 217, 165, 58, -8]
805:86.77, 9:10 [8, 6604, 168, 239, 1219, 13611, -8]
809:89.60, 9:10 [8, 737, 160, 256, 10083, 187, 12587, 3272, -8]
901:119.44, 10:10 [9, 161, 268, 4151, 14321, -9]
902:74.21, 9:10 [9, 194, 6128, 24, -9]
903:108.01, 9:10 [9, 163, 3908, 16646, 7380, -9]
904:139.23, 10:10 [9, 34, 2112, 17137, 54, 801, 277, -9]
905:18.87, 4:10 [9, 253, -9]
907:108.28, 7:10 [9, 111, 3836, 12433, 16910, -9]
908:117.03, 9:10 [9, 2887, 52, 235, -9]
fe: 2, se: 13

Day: 1, Time: 370
Total Cost: 1281.43
 11:145.23, 17:75 [2, 7, -7, -2]
 12:66.27, 73:75 [2, 6, -6, -2]
601:79.24, 10:10 [6, 2573, 5182, 96, 112, 317, 15826, 237, -6]
602:140.29, 10:10 [6, 282, 236, 229, 269, -6]
603:125.34, 10:10 [6, 244, 15779, 319, 230, 214, 9682, -6]
604:94.69, 9:10 [6, 50, 5105, 16985, 216, 183, -6]
605:82.49, 10:10 [6, 9212, 2055, 74, -6]
606:137.26, 9:10 [6, 297, 76, 254, 7925, -6]
607:71.80, 10:10 [6, 21, 5682, 85, 283, -6]
608:80.04, 7:10 [6, 8423, 220, 190, -6]
701:75.93, 7:10 [7, 9375, 3422, 2845, 180, -7]
702:97.91, 9:10 [7, 13487, 275, 16724, 210, 43, -7]
704:84.94, 10:10 [7, 10521, 55, 13391, 221, 36, 4350, -7]
fe: 2, se: 11

Day: 1, Time: 400
Total Cost: 426.18
 11:179.78, 14:75 [1, -4, -5, -1]
401:82.61, 1:10 [4, 15094, -4]
501:154.67, 7:10 [5, 15128, 11381, -5]
502:9.12, 6:10 [5, 9149, 15940, -5]
fe: 1, se: 3

Day: 1, Time: 405
Total Cost: 1746.36
 11:136.01, 57:75 [1, 4, -1]
 12:153.31, 55:75 [1, 5, -1]
401:161.98, 10:10 [4, 251, 5502, 4324, 3794, -4]
402:50.26, 4:10 [4, 122, 114, -4]
403:138.67, 9:10 [4, 7104, 2366, 51, 312, -4]
404:66.51, 9:10 [4, 130, 280, 66, -4]
405:52.95, 6:10 [4, 4412, 1481, 146, -4]
406:86.13, 10:10 [4, 77, 68, 4472, -4]
407:88.54, 9:10 [4, 25, 6272, 175, -4]
501:98.87, 5:10 [5, 1111, 158, 11, -5]
502:97.83, 9:10 [5, 69, 89, 272, 8508, -5]
503:151.00, 10:10 [5, 8471, 44, 261, 134, -5]
504:87.08, 6:10 [5, 128, 188, 224, -5]
505:70.23, 4:10 [5, 207, -5]
506:89.26, 5:10 [5, 162, 213, -5]
507:72.01, 6:10 [5, 176, 227, -5]
508:83.76, 6:10 [5, 242, 2088, 45, -5]
509:61.96, 4:10 [5, 145, 6714, -5]
fe: 2, se: 16

Day: 1, Time: 405
Total Cost: 1633.94
 11:66.27, 72:75 [2, 6, -6, -2]
 13:145.23, 37:75 [2, 7, -2]
 16:66.27, 19:75 [2, 6, -2]
601:126.05, 10:10 [6, 7604, 156, 71, 167, 232, -6]
602:106.58, 9:10 [6, 300, 294, 202, 159, 222, -6]
603:134.21, 10:10 [6, 7465, 5137, 99, -6]
604:6.32, 3:10 [6, 3940, -6]
605:152.51, 9:10 [6, 318, 7871, 16846, 154, 139, -6]
606:139.11, 10:10 [6, 303, 290, 10809, 174, 1979, -6]
607:109.34, 10:10 [6, 182, 46, 169, 64, 7456, 14122, -6]
608:95.31, 10:10 [6, 138, 166, 226, 57, 1503, -6]
609:76.62, 10:10 [6, 308, 4785, 147, 307, 7991, -6]
613:147.47, 10:10 [6, 238, 79, 10517, 2460, 206, -6]
701:45.71, 10:10 [7, 219, 291, 671, 105, -7]
702:71.57, 8:10 [7, 107, 81, 1791, -7]
703:79.40, 6:10 [7, 60, 315, 255, 250, -7]
705:40.33, 9:10 [7, 171, 173, 31, -7]
706:25.61, 4:10 [7, 179, -7]
fe: 3, se: 15

Day: 1, Time: 405
Total Cost: 1815.63
 11:94.59, 61:75 [3, 8, -8, -3]
 12:90.24, 48:75 [3, 9, -9, -3]
801:97.07, 9:10 [8, 201, 273, 2799, -8]
802:79.95, 10:10 [8, 148, 133, 4318, 11131, 15497, 33, 189, -8]
803:91.51, 10:10 [8, 2182, 108, 271, 267, 203, -8]
804:118.32, 8:10 [8, 67, 13247, 15335, 209, -8]
805:107.94, 10:10 [8, 95, 10250, 119, 198, -8]
806:130.76, 10:10 [8, 65, 125, 286, 39, -8]
809:96.40, 10:10 [8, 7345, 197, 218, 82, 252, -8]
901:113.06, 8:10 [9, 2189, 87, 12, -9]
902:114.20, 6:10 [9, 310, 10672, 6165, 9323, -9]
903:131.05, 7:10 [9, 12111, 295, 40, -9]
904:88.94, 4:10 [9, 258, 16234, 5190, 12758, -9]
905:117.84, 8:10 [9, 11854, 276, 185, -9]
906:124.21, 7:10 [9, 127, 12594, 59, 9721, 241, -9]
907:89.86, 10:10 [9, 13642, 306, 117, 531, 115, -9]
908:129.68, 10:10 [9, 5375, 14090, 101, 142, 42, -9]
fe: 2, se: 15

Day: 1, Time: 410
Total Cost: 294.86
 11:153.31, 1:75 [1, -5, -1]
501:141.55, 1:10 [5, 13785, -5]
fe: 1, se: 1

Day: 1, Time: 410
Total Cost: 214.46
 11:66.27, 1:75 [2, -6, -2]
601:148.19, 1:10 [6, 10531, -6]
fe: 1, se: 1

Day: 1, Time: 430
Total Cost: 245.05
 11:113.51, 8:75 [3, -8, -9, -3]
801:45.44, 6:10 [8, 16393, 15633, -8]
901:86.09, 2:10 [9, 16552, -9]
fe: 1, se: 2

Day: 1, Time: 440
Total Cost: 322.12
 11:151.76, 8:75 [2, -6, -7, -2]
601:68.35, 4:10 [6, 12709, -6]
602:62.61, 1:10 [6, 12006, -6]
701:39.40, 3:10 [7, 15075, -7]
fe: 1, se: 3

Day: 1, Time: 445
Total Cost: 244.51
 11:179.78, 3:75 [1, -4, -5, -1]
401:58.41, 2:10 [4, 13645, -4]
501:6.32, 1:10 [5, 12684, -5]
fe: 1, se: 2

Day: 1, Time: 450
Total Cost: 413.07
 11:179.78, 18:75 [1, 4, 5, -1]
401:100.19, 7:10 [4, 2392, 172, -4]
402:113.00, 7:10 [4, 98, 259, -4]
501:20.10, 4:10 [5, 287, -5]
fe: 1, se: 3

Day: 1, Time: 450
Total Cost: 1012.53
 11:66.27, 72:75 [2, 6, -2]
 12:66.27, 6:75 [2, 6, -2]
601:106.03, 10:10 [6, 524, 7146, 274, -6]
602:74.43, 3:10 [6, 249, -6]
603:45.30, 7:10 [6, 20, 1315, 5387, -6]
604:95.20, 8:10 [6, 8265, 215, 3480, -6]
605:69.76, 10:10 [6, 233, 10, 240, -6]
606:125.99, 8:10 [6, 118, 285, -6]
607:70.55, 8:10 [6, 102, 104, -6]
608:106.36, 10:10 [6, 135, 116, 7501, -6]
609:112.04, 8:10 [6, 245, 204, -6]
610:74.32, 6:10 [6, 4838, 1682, -6]
fe: 2, se: 10

Day: 1, Time: 450
Total Cost: 895.38
 11:94.59, 34:75 [3, 8, -3]
 12:90.24, 23:75 [3, 9, -3]
801:116.99, 9:10 [8, 8519, 7643, 8350, 83, -8]
802:82.53, 8:10 [8, 262, 284, -8]
803:61.90, 9:10 [8, 212, 8037, 2086, -8]
804:128.48, 8:10 [8, 15, 1020, 5717, -8]
901:41.18, 4:10 [9, 164, -9]
902:117.78, 7:10 [9, 137, 126, -9]
903:53.85, 2:10 [9, 208, -9]
905:107.83, 10:10 [9, 5392, 299, 30, -9]
fe: 2, se: 8

Day: 1, Time: 460
Total Cost: 213.86
 11:66.27, 7:75 [2, 6, -2]
601:147.59, 7:10 [6, 110, 41, -6]
fe: 1, se: 1

Day: 1, Time: 460
Total Cost: 285.81
 11:94.59, 4:75 [3, 8, -3]
801:90.55, 1:10 [8, 80, -8]
802:100.66, 3:10 [8, 293, -8]
fe: 1, se: 2

Day: 1, Time: 495
Total Cost: 661.45
 11:66.27, 29:75 [2, 6, -2]
 12:145.23, 6:75 [2, 7, -2]
601:92.55, 5:10 [6, 26, 8425, -6]
602:59.44, 6:10 [6, 2310, 266, -6]
603:63.33, 7:10 [6, 103, 4984, -6]
604:22.80, 2:10 [6, 234, -6]
605:74.05, 6:10 [6, 257, 28, -6]
606:78.10, 3:10 [6, 265, -6]
701:25.61, 2:10 [7, 4564, -7]
702:34.06, 4:10 [7, 1548, -7]
fe: 2, se: 8

Day: 1, Time: 495
Total Cost: 313.24
 11:94.59, 8:75 [3, 8, -3]
801:72.11, 4:10 [8, 88, -8]
802:70.11, 2:10 [8, 140, -8]
803:76.42, 2:10 [8, 177, -8]
fe: 1, se: 3


Day	Area	ID	Time	Load	Utilization	NoOrders	AssignmentCost
1	1	 7	270	  8	0.13	 4	155.00
1	1	27	315	 60	1.00	25	675.00
1	1	 8	315	 60	1.00	33	675.00
1	1	28	360	 59	0.98	19	665.00
1	1	 9	360	 45	0.75	15	525.00
1	1	128	400	 11	0.09	 4	370.00
1	1	29	405	 43	0.72	15	505.00
1	1	17	720	 45	0.94	15	630.00
1	1	19	810	 48	1.00	17	666.00
1	1	38	810	 48	1.00	21	666.00
1	2	144	200	 24	0.20	 9	630.00
1	2	44	225	 60	1.00	20	675.00
1	2	63	225	 60	1.00	24	675.00
1	2	45	270	 60	1.00	21	675.00
1	2	64	270	 58	0.97	21	655.00
1	2	65	315	 52	0.87	17	595.00
1	2	46	315	 57	0.95	29	645.00
1	2	57	810	 48	1.00	21	666.00
1	2	76	810	 48	1.00	20	666.00
1	3	82	225	 60	1.00	22	675.00
1	3	101	225	 57	0.95	21	645.00
1	3	83	270	 34	0.57	13	415.00
1	3	163	300	 58	0.48	37	1310.00
1	3	84	315	 60	1.00	24	675.00
1	3	103	315	 60	1.00	23	675.00
1	3	104	360	 49	0.82	14	565.00
1	3	110	630	 59	0.98	19	665.00
1	3	114	810	 48	1.00	21	666.00
1	3	95	810	 48	1.00	19	666.00


Day	Area	Time	Pickup	Delivery	Direct	FEVehicles	SEVehicles	ALNSTime	ALNSBestTime	RoutingCostArea
1	1	0	85	58	0	6	39	81.98	58.45	5060.70
1	1	50	7	0	0	2	4	0.72	0.00	769.99
1	1	65	2	0	0	2	2	0.31	0.00	413.76
1	1	95	7	0	0	2	4	0.78	0.00	656.02
1	1	120	2	0	0	2	2	0.30	0.00	400.75
1	1	135	6	0	1	2	4	0.65	0.00	1160.15
1	1	155	2	0	0	2	2	0.31	0.00	369.76
1	1	160	1	0	1	1	1	0.22	0.00	769.79
1	1	170	3	0	1	2	3	0.45	0.00	1040.15
1	1	195	5	0	0	2	3	0.61	0.00	479.67
1	1	285	22	5	0	2	8	2.43	0.00	1174.86
1	1	325	11	44	0	2	14	11.27	8.15	1602.44
1	1	360	4	53	0	2	13	13.29	4.08	1513.27
1	1	400	5	0	0	1	3	0.67	0.00	426.18
1	1	405	0	46	0	2	16	4.24	2.34	1746.36
1	1	410	1	0	0	1	1	0.19	0.00	294.86
1	1	445	2	0	0	1	2	0.28	0.00	244.51
1	1	450	0	5	0	1	3	0.44	0.00	413.07
1	2	5	107	72	0	13	56	118.11	0.36	6855.43
1	2	10	3	0	0	1	2	0.32	0.00	262.61
1	2	25	5	0	0	2	3	0.62	0.00	436.11
1	2	40	3	0	0	2	2	0.47	0.00	362.15
1	2	45	2	0	0	1	2	0.28	0.00	196.78
1	2	50	2	0	0	2	2	0.33	0.00	304.15
1	2	90	5	0	0	2	4	0.43	0.00	449.13
1	2	95	1	0	0	1	1	0.19	0.00	127.46
1	2	105	1	0	0	1	1	0.18	0.00	117.54
1	2	125	8	0	0	2	5	0.67	0.00	590.21
1	2	140	2	0	0	1	2	0.25	0.00	176.05
1	2	150	2	0	0	2	2	0.32	0.00	329.17
1	2	160	1	0	0	1	1	0.18	0.00	95.12
1	2	165	0	0	1	0	0	0.00	0.00	500.00
1	2	175	1	0	2	1	1	0.18	0.00	1086.67
1	2	310	18	0	0	1	4	1.31	0.00	602.47
1	2	370	10	41	0	2	11	16.34	13.84	1281.43
1	2	405	4	56	0	3	15	11.44	8.36	1633.94
1	2	410	1	0	0	1	1	0.19	0.00	214.46
1	2	440	3	0	0	1	3	0.36	0.00	322.12
1	2	450	0	24	0	2	10	1.88	0.06	1012.53
1	2	460	0	2	0	1	1	0.22	0.00	213.86
1	2	495	0	12	0	2	8	1.24	0.33	661.45
1	3	5	121	50	0	14	53	118.52	81.30	6569.33
1	3	40	6	0	0	3	4	0.69	0.00	547.61
1	3	45	3	0	0	2	3	0.41	0.00	424.35
1	3	60	2	0	0	2	2	0.28	0.00	359.12
1	3	85	6	0	0	3	6	0.83	0.11	740.14
1	3	95	4	0	0	2	4	0.44	0.00	410.27
1	3	120	4	0	0	1	3	0.49	0.00	310.78
1	3	125	2	0	0	2	2	0.29	0.00	332.37
1	3	140	1	0	0	1	1	0.19	0.00	107.33
1	3	150	2	0	0	1	1	0.24	0.00	206.19
1	3	155	3	0	0	2	2	0.38	0.00	284.24
1	3	160	3	0	0	3	3	0.47	0.00	408.22
1	3	175	3	0	1	3	3	0.46	0.00	957.57
1	3	200	3	0	0	2	2	0.42	0.00	312.86
1	3	305	19	4	0	1	6	4.34	2.83	788.76
1	3	365	12	45	0	2	13	9.57	3.47	1514.90
1	3	405	15	49	0	2	15	14.66	10.98	1815.63
1	3	430	3	0	0	1	2	0.33	0.00	245.05
1	3	450	0	19	0	2	8	1.12	0.00	895.38
1	3	460	0	2	0	1	2	0.29	0.00	285.81
1	3	495	0	3	0	1	3	0.34	0.00	313.24

Day	SL	Own	DispatchTimes	AssignmentCost	RoutingCost	TotalCost
1	26	3	41	18371.00	54196.28	72567.28

Total Cost: 72567.27614634688
Cost per Day: 72567.27614634688
Running time in Seconds: 680.983
Running time in minutes: 11.349716666666666