INSTANCE: 3hubs_MSD_A_41_x.csv
PARAMETER: tuning_tight.txt
POLICY: MIP
ALPHA: 0.285609962862699
BETA: 52
OMEGA: 586
EPSILON: 1.02479357612294

Day: 1, Time: 0
Total Cost: 5462.56
 11:136.01, 66:75 [1, 4, -4, -1]
 12:136.01, 29:75 [1, 4, -4, -1]
 13:153.31, 62:75 [1, 5, -5, -1]
 14:153.31, 30:75 [1, -5, -1]
 17:136.01, 53:75 [1, 4, -4, -1]
 18:153.31, 17:75 [1, 5, -5, -1]
 20:136.01, 20:75 [1, -4, -1]
401:83.30, 9:10 [4, 8794, 8719, 8925, -4]
402:44.38, 8:10 [4, 8862, 8985, 8838, -4]
403:142.80, 6:10 [4, 8782, 8754, 8702, -4]
404:86.48, 9:10 [4, 8675, 8611, 8614, 8625, -4]
405:102.01, 10:10 [4, 8822, 8566, 8923, 8802, 8848, -4]
406:137.19, 4:10 [4, 8725, 8763, -4]
407:173.72, 8:10 [4, 8731, 8915, 8624, -4]
408:40.78, 9:10 [4, 8879, 8748, 8959, 8993, 8779, -4]
409:92.04, 10:10 [4, 8836, 8865, 8790, 8947, -4]
410:74.58, 9:10 [4, 8887, 8942, 8760, 8772, 8973, -4]
411:79.72, 10:10 [4, 8996, 8850, 8746, 8935, 8792, -4]
412:134.81, 10:10 [4, 8975, 8583, 8953, 8943, 8788, -4]
413:105.28, 10:10 [4, 8580, 8826, 8978, 8911, 8913, 8798, -4]
414:82.22, 10:10 [4, 8693, 8552, 8562, -4]
415:38.54, 9:10 [4, 8620, 8610, 8649, -4]
416:95.87, 10:10 [4, 8695, 8561, 8648, 8657, 8680, -4]
417:133.59, 7:10 [4, 8885, 8958, 8957, -4]
418:102.06, 10:10 [4, 8849, 8916, 8981, 8842, -4]
419:112.81, 10:10 [4, 8553, 8811, 8931, 8954, 8871, 9008, -4]
420:124.25, 10:10 [4, 8937, 8575, 8810, 8894, -4]
421:75.69, 10:10 [4, 8773, 8714, 8840, 8691, -4]
422:156.27, 10:10 [4, 8950, 8806, 8853, -4]
423:172.53, 1:10 [4, 8941, -4]
424:93.76, 10:10 [4, 9002, 9009, 8976, 8927, -4]
426:42.38, 4:10 [4, 8619, -4]
431:136.04, 10:10 [4, 8573, 8581, 8660, 8679, 8688, -4]
501:56.00, 8:10 [5, 8706, 8705, 8755, -5]
502:111.61, 8:10 [5, 8522, 8628, 8596, 8549, 8622, -5]
503:115.71, 9:10 [5, 8775, 8918, 8786, -5]
504:85.71, 10:10 [5, 8902, 8997, 8799, 8932, -5]
505:124.87, 4:10 [5, 8753, -5]
506:117.54, 8:10 [5, 8556, 8662, 8565, -5]
507:67.46, 10:10 [5, 9000, 8968, 8866, -5]
508:89.48, 10:10 [5, 8898, 8940, 8718, 8989, 8751, -5]
509:146.91, 10:10 [5, 8612, 8673, 8589, 8685, 8576, -5]
510:143.23, 10:10 [5, 8577, 8683, 8635, -5]
511:159.12, 9:10 [5, 8712, 8904, 8651, -5]
512:117.91, 10:10 [5, 8586, 8659, 8671, 8584, -5]
513:82.03, 10:10 [5, 8621, 8645, 8669, 8642, -5]
515:60.55, 10:10 [5, 8987, 8819, 8900, -5]
516:88.45, 9:10 [5, 8537, 8854, 8532, 8955, 8895, 8703, -5]
518:60.62, 10:10 [5, 8833, 8971, 8856, -5]
519:110.03, 10:10 [5, 8998, 8804, 8743, 8781, -5]
520:58.24, 10:10 [5, 8741, 8801, 8928, 8738, 8991, -5]
fe: 7, se: 44

Day: 1, Time: 5
Total Cost: 5389.87
 11:66.27, 65:75 [2, 6, -6, -2]
 12:66.27, 3:75 [2, -6, -2]
 13:66.27, 48:75 [2, 6, -6, -2]
 14:66.27, 19:75 [2, 6, -6, -2]
 15:145.23, 46:75 [2, 7, -7, -2]
 16:145.23, 3:75 [2, -7, -2]
 17:151.76, 11:75 [2, -7, 6, -2]
 18:66.27, 3:75 [2, -6, -2]
 19:66.27, 10:75 [2, -6, -2]
 20:66.27, 9:75 [2, -6, -2]
 23:66.27, 9:75 [2, -6, -2]
 24:66.27, 20:75 [2, 6, -6, -2]
 39:151.76, 12:75 [2, -7, 6, -2]
601:41.14, 7:10 [6, 8967, 8949, -6]
602:149.21, 10:10 [6, 8629, 8634, 8639, -6]
603:84.37, 10:10 [6, 8818, 8965, 8789, 8835, -6]
604:136.48, 3:10 [6, 8920, -6]
605:93.43, 9:10 [6, 8641, 8609, 8699, -6]
606:110.61, 4:10 [6, 8852, 8739, -6]
607:153.92, 10:10 [6, 8533, 8587, 8692, 8636, 8646, -6]
608:130.29, 1:10 [6, 8832, -6]
609:110.04, 7:10 [6, 8872, 8846, -6]
610:110.41, 10:10 [6, 8886, 8870, 9004, 8722, -6]
611:57.75, 9:10 [6, 8908, 8845, 8749, 8948, -6]
612:135.35, 3:10 [6, 8878, -6]
613:146.87, 6:10 [6, 8558, 8664, 8617, -6]
614:61.93, 9:10 [6, 8574, 8658, 8547, -6]
615:103.60, 10:10 [6, 8869, 8720, 8724, 8936, -6]
616:121.80, 10:10 [6, 8969, 8723, 8821, 8638, 8708, 8972, -6]
617:107.96, 9:10 [6, 8734, 8868, 10360, -6]
618:101.64, 10:10 [6, 8650, 8527, 8653, 8546, -6]
619:141.98, 10:10 [6, 8979, 8809, 8676, 8678, -6]
621:116.17, 10:10 [6, 8526, 8602, 8606, 8541, -6]
622:125.10, 10:10 [6, 8637, 8670, 8603, 8570, 8551, -6]
623:85.30, 10:10 [6, 8735, 8910, 8855, 8729, -6]
624:161.15, 9:10 [6, 8539, 8899, 8728, 8807, 8877, -6]
625:91.81, 9:10 [6, 8777, 8793, 8963, -6]
626:58.18, 9:10 [6, 8732, 8709, 8847, 8768, -6]
627:106.27, 10:10 [6, 8946, 8980, 8828, -6]
628:95.90, 10:10 [6, 8661, 8863, 8867, 8785, -6]
629:63.68, 8:10 [6, 8952, 8761, -6]
630:96.23, 8:10 [6, 8984, 8912, 8815, -6]
631:96.96, 10:10 [6, 8875, 8858, 8814, 8627, 8805, 8666, -6]
632:131.30, 10:10 [6, 8917, 8860, 8884, 8924, 8851, -6]
634:57.62, 9:10 [6, 8597, 8888, 8776, 8956, -6]
640:86.76, 10:10 [6, 8571, 8640, 8608, -6]
701:63.10, 9:10 [7, 8812, 8758, 8816, 8607, 8745, -7]
702:75.30, 10:10 [7, 8762, 8961, 8983, 8825, -7]
703:82.11, 9:10 [7, 8626, 8694, 8554, 8616, -7]
704:53.85, 2:10 [7, 8921, -7]
705:46.17, 1:10 [7, 8966, -7]
706:66.03, 3:10 [7, 9007, -7]
707:31.74, 6:10 [7, 8595, 8531, -7]
708:75.69, 10:10 [7, 8563, 8521, 8698, 8593, 8591, -7]
709:32.59, 10:10 [7, 8668, 8647, 8588, -7]
711:85.79, 10:10 [7, 8765, 8520, 8926, 8857, 8977, -7]
713:80.11, 9:10 [7, 8841, 8861, 8882, 8951, 8672, -7]
714:35.74, 9:10 [7, 8830, 8876, 8929, -7]
fe: 13, se: 45

Day: 1, Time: 5
Total Cost: 6014.92
 11:94.59, 74:75 [3, 8, -8, -3]
 12:94.59, 20:75 [3, -8, -3]
 13:90.24, 4:75 [3, -9, -3]
 14:113.51, 73:75 [3, 8, -8, 9, -3]
 15:90.24, 75:75 [3, 9, -9, -3]
 16:90.24, 25:75 [3, 9, -9, -3]
 17:94.59, 22:75 [3, -8, -3]
 18:94.59, 19:75 [3, -8, -3]
 19:94.59, 16:75 [3, -8, -3]
 20:90.24, 10:75 [3, 9, -9, -3]
 21:90.24, 2:75 [3, -9, -3]
 23:90.24, 3:75 [3, -9, -3]
801:107.07, 3:10 [8, 8752, -8]
802:70.59, 6:10 [8, 8901, 8988, -8]
803:114.92, 10:10 [8, 8557, 8585, 8674, 8613, 8791, -8]
804:40.16, 7:10 [8, 8769, 8844, 8784, 8770, -8]
805:98.51, 6:10 [8, 8892, 8774, -8]
806:100.69, 10:10 [8, 8644, 8524, 8568, 8604, 8559, -8]
807:120.75, 10:10 [8, 8992, 8759, 8974, 8710, 8880, -8]
808:82.20, 10:10 [8, 8823, 8891, 8834, 8930, -8]
809:16.49, 2:10 [8, 8906, -8]
810:124.42, 10:10 [8, 8536, 8560, 8545, 8663, 8582, -8]
811:110.94, 4:10 [8, 8713, -8]
812:140.41, 10:10 [8, 8643, 8543, 8630, 8667, 8843, 8530, -8]
813:97.20, 2:10 [8, 8873, -8]
814:110.40, 10:10 [8, 8538, 8618, 8529, 8684, 8633, -8]
815:77.39, 10:10 [8, 8590, 8555, 8665, -8]
816:89.75, 8:10 [8, 8750, 9003, 8922, -8]
817:55.63, 9:10 [8, 8742, 8820, 8744, 8999, -8]
818:99.16, 4:10 [8, 9005, -8]
819:121.81, 4:10 [8, 8787, 8778, -8]
820:125.16, 10:10 [8, 8827, 8795, 8767, 8623, 8831, -8]
821:56.66, 8:10 [8, 9001, 8736, 8733, -8]
822:112.07, 2:10 [8, 8704, -8]
823:93.80, 10:10 [8, 8740, 8757, 8970, 8994, -8]
824:84.41, 6:10 [8, 8797, 8903, -8]
825:62.32, 8:10 [8, 8654, 8682, -8]
826:83.87, 4:10 [8, 8808, 8824, -8]
827:24.06, 10:10 [8, 8681, 8598, 8601, -8]
828:67.32, 10:10 [8, 9006, 8944, 8962, -8]
830:34.95, 6:10 [8, 8859, 8837, -8]
831:107.02, 8:10 [8, 8711, 8696, 8599, -8]
832:114.67, 10:10 [8, 8919, 8771, 8839, 8747, -8]
901:106.59, 9:10 [9, 8540, 8632, 8690, 8656, -9]
902:120.93, 4:10 [9, 8933, -9]
903:104.86, 2:10 [9, 8783, -9]
904:85.55, 10:10 [9, 8535, 8548, 8600, 8572, -9]
905:113.39, 10:10 [9, 8579, 8796, 8964, 8780, 8960, -9]
906:38.65, 10:10 [9, 8938, 8726, 8727, 8934, -9]
907:77.62, 10:10 [9, 8594, 8631, 8578, -9]
908:24.14, 6:10 [9, 8701, 8800, -9]
909:88.80, 8:10 [9, 8905, 8544, 8817, 8715, -9]
910:105.53, 10:10 [9, 8756, 8914, 8995, 8700, 8883, -9]
911:107.41, 9:10 [9, 14588, 8707, 8897, 8896, 10208, -9]
912:98.18, 3:10 [9, 8945, -9]
913:16.97, 4:10 [9, 8982, -9]
914:146.16, 10:10 [9, 8737, 8528, 8803, 8874, 8893, 8717, 8813, -9]
915:92.59, 10:10 [9, 8907, 8829, 8730, 8864, 8990, -9]
916:110.53, 8:10 [9, 8939, 8986, 14954, 8889, -9]
917:83.35, 9:10 [9, 8909, 8890, 8721, -9]
918:72.34, 10:10 [9, 8764, 8542, 8881, 8716, 8766, -9]
920:108.85, 10:10 [9, 8550, 8689, 8652, 8655, -9]
921:57.38, 8:10 [9, 8525, 8615, -9]
922:113.22, 7:10 [9, 8686, 8677, -9]
924:119.16, 10:10 [9, 8567, 8569, 8523, -9]
926:149.96, 10:10 [9, 8592, 8605, 8534, 8687, 8697, 8564, -9]
fe: 12, se: 54

Day: 1, Time: 20
Total Cost: 404.04
 11:113.51, 14:75 [3, -8, -9, -3]
801:17.89, 1:10 [8, 11854, -8]
901:106.95, 3:10 [9, 11401, 13525, -9]
902:107.69, 6:10 [9, 16857, 15813, -9]
903:58.00, 4:10 [9, 15992, -9]
fe: 1, se: 4

Day: 1, Time: 30
Total Cost: 232.40
 11:66.27, 8:75 [2, -6, -2]
601:116.13, 5:10 [6, 13468, 14703, -6]
602:50.00, 3:10 [6, 10214, -6]
fe: 1, se: 2

Day: 1, Time: 35
Total Cost: 320.74
 11:66.27, 5:75 [2, -6, -2]
601:80.32, 2:10 [6, 11310, -6]
602:65.30, 1:10 [6, 11691, -6]
603:108.85, 2:10 [6, 13476, -6]
fe: 1, se: 3

Day: 1, Time: 35
Total Cost: 176.89
 11:94.59, 4:75 [3, -8, -3]
801:82.29, 4:10 [8, 9534, -8]
fe: 1, se: 1

Day: 1, Time: 40
Total Cost: 177.79
 11:66.27, 2:75 [2, -6, -2]
601:111.52, 2:10 [6, 15678, -6]
fe: 1, se: 1

Day: 1, Time: 50
Total Cost: 777.82
 11:136.01, 16:75 [1, -4, -1]
 12:153.31, 6:75 [1, -5, -1]
401:76.13, 3:10 [4, 10878, 11278, -4]
402:157.50, 6:10 [4, 11092, 10434, -4]
403:59.37, 7:10 [4, 15828, 10886, -4]
501:146.40, 2:10 [5, 10568, 14072, -5]
502:49.10, 4:10 [5, 11713, 14329, -5]
fe: 2, se: 5

Day: 1, Time: 55
Total Cost: 477.42
 11:136.01, 2:75 [1, -4, -1]
 12:153.31, 4:75 [1, -5, -1]
401:84.85, 2:10 [4, 10153, 10029, -4]
501:103.25, 4:10 [5, 16325, -5]
fe: 2, se: 2

Day: 1, Time: 60
Total Cost: 268.76
 11:136.01, 5:75 [1, -4, -1]
401:96.52, 3:10 [4, 12120, -4]
402:36.22, 2:10 [4, 13301, -4]
fe: 1, se: 2

Day: 1, Time: 60
Total Cost: 523.46
 11:94.59, 4:75 [3, -8, -3]
 13:90.24, 12:75 [3, -9, -3]
801:112.92, 2:10 [8, 16035, -8]
802:112.09, 2:10 [8, 12362, -8]
902:58.43, 10:10 [9, 11091, 12774, 9999, -9]
903:55.17, 2:10 [9, 10755, -9]
fe: 2, se: 4

Day: 1, Time: 65
Total Cost: 287.88
 11:66.27, 2:75 [2, -6, -2]
 12:66.27, 1:75 [2, -6, -2]
601:78.92, 2:10 [6, 9368, -6]
602:76.42, 1:10 [6, 11101, -6]
fe: 2, se: 2

Day: 1, Time: 95
Total Cost: 762.86
 11:136.01, 7:75 [1, -4, -1]
 12:136.01, 4:75 [1, -4, -1]
 13:153.31, 4:75 [1, -5, -1]
401:175.04, 7:10 [4, 12484, 11790, 10496, -4]
402:97.41, 4:10 [4, 11969, -4]
501:65.08, 4:10 [5, 14293, 12899, -5]
fe: 3, se: 3

Day: 1, Time: 100
Total Cost: 596.46
 11:94.59, 19:75 [3, -8, -3]
 12:90.24, 4:75 [3, -9, -3]
801:84.43, 8:10 [8, 10986, 16614, -8]
802:87.97, 8:10 [8, 14516, 9525, 15891, -8]
803:110.92, 3:10 [8, 16011, -8]
901:62.51, 1:10 [9, 15882, -9]
902:65.79, 3:10 [9, 11254, -9]
fe: 2, se: 5

Day: 1, Time: 105
Total Cost: 430.91
 11:136.01, 3:75 [1, -4, -1]
 12:153.31, 3:75 [1, -5, -1]
401:90.44, 3:10 [4, 13618, -4]
501:51.14, 3:10 [5, 14711, 12542, -5]
fe: 2, se: 2

Day: 1, Time: 105
Total Cost: 708.48
 11:66.27, 11:75 [2, -6, -2]
 12:66.27, 10:75 [2, -6, -2]
 13:66.27, 4:75 [2, -6, -2]
601:64.40, 2:10 [6, 12316, -6]
602:192.41, 10:10 [6, 16558, 9900, 9912, -6]
603:43.08, 3:10 [6, 14641, -6]
604:109.42, 4:10 [6, 9947, -6]
605:60.96, 2:10 [6, 11008, -6]
606:39.40, 4:10 [6, 10841, -6]
fe: 3, se: 6

Day: 1, Time: 105
Total Cost: 164.49
 11:90.24, 1:75 [3, -9, -3]
901:74.24, 1:10 [9, 13270, -9]
fe: 1, se: 1

Day: 1, Time: 110
Total Cost: 483.22
 11:94.59, 4:75 [3, -8, -3]
 12:90.24, 7:75 [3, -9, -3]
801:79.40, 3:10 [8, 9596, -8]
802:114.77, 1:10 [8, 14765, -8]
901:104.22, 7:10 [9, 14948, 11910, -9]
fe: 2, se: 3

Day: 1, Time: 115
Total Cost: 328.81
 11:66.27, 6:75 [2, -6, -2]
 12:66.27, 2:75 [2, -6, -2]
601:17.89, 2:10 [6, 15697, -6]
602:111.89, 4:10 [6, 14028, -6]
603:66.48, 2:10 [6, 12814, -6]
fe: 2, se: 3

Day: 1, Time: 125
Total Cost: 542.08
 11:90.24, 6:75 [3, -9, -3]
 12:90.24, 5:75 [3, -9, -3]
 13:90.24, 2:75 [3, -9, -3]
901:120.57, 6:10 [9, 10555, 10676, -9]
902:22.63, 2:10 [9, 12344, -9]
903:45.69, 3:10 [9, 16573, -9]
904:82.46, 2:10 [9, 16008, -9]
fe: 3, se: 4

Day: 1, Time: 130
Total Cost: 255.52
 11:153.31, 5:75 [1, -5, -1]
501:102.21, 5:10 [5, 9758, 11155, -5]
fe: 1, se: 1

Day: 1, Time: 130
Total Cost: 135.19
 11:90.24, 3:75 [3, -9, -3]
901:44.94, 3:10 [9, 17176, -9]
fe: 1, se: 1

Day: 1, Time: 135
Total Cost: 223.21
 11:136.01, 5:75 [1, -4, -1]
401:87.20, 5:10 [4, 13255, 11667, -4]
fe: 1, se: 1

Day: 1, Time: 140
Total Cost: 149.07
 11:90.24, 1:75 [3, -9, -3]
901:58.82, 1:10 [9, 10470, -9]
fe: 1, se: 1

Day: 1, Time: 150
Total Cost: 623.25
 11:136.01, 5:75 [1, -4, -1]
 12:136.01, 3:75 [1, -4, -1]
 13:153.31, 4:75 [1, -5, -1]
401:83.21, 5:10 [4, 17174, 15469, -4]
402:90.62, 3:10 [4, 14956, -4]
501:24.08, 4:10 [5, 13928, -5]
fe: 3, se: 3

Day: 1, Time: 150
Total Cost: 412.91
 11:66.27, 7:75 [2, -6, -2]
 12:66.27, 3:75 [2, -6, -2]
601:126.67, 4:10 [6, 11593, 12055, -6]
602:39.29, 3:10 [6, 12417, -6]
603:114.40, 3:10 [6, 12861, -6]
fe: 2, se: 3

Day: 1, Time: 150
Total Cost: 197.75
 12:90.24, 6:75 [3, -9, -3]
901:33.11, 4:10 [9, 11745, -9]
902:74.40, 2:10 [9, 14406, -9]
fe: 1, se: 2

Day: 1, Time: 155
Total Cost: 191.19
 11:136.01, 2:75 [1, -4, -1]
401:55.17, 2:10 [4, 14354, -4]
fe: 1, se: 1

Day: 1, Time: 155
Total Cost: 148.55
 11:90.24, 3:75 [3, -9, -3]
901:58.31, 3:10 [9, 13633, -9]
fe: 1, se: 1

Day: 1, Time: 165
Total Cost: 154.52
 11:90.24, 4:75 [3, -9, -3]
901:64.28, 4:10 [9, 15190, -9]
fe: 1, se: 1

Day: 1, Time: 170
Total Cost: 223.08
 11:153.31, 4:75 [1, -5, -1]
501:69.77, 4:10 [5, 13052, -5]
fe: 1, se: 1

Day: 1, Time: 170
Total Cost: 332.23
 11:66.27, 5:75 [2, -6, -2]
 12:66.27, 3:75 [2, -6, -2]
601:59.23, 1:10 [6, 13636, -6]
602:92.09, 3:10 [6, 9858, -6]
603:48.37, 4:10 [6, 14791, -6]
fe: 2, se: 3

Day: 1, Time: 175
Total Cost: 139.27
 11:90.24, 3:75 [3, -9, -3]
901:49.03, 3:10 [9, 13833, -9]
fe: 1, se: 1

Day: 1, Time: 180
Total Cost: 177.94
 11:136.01, 5:75 [1, -4, -1]
401:41.93, 5:10 [4, 13601, 17008, -4]
fe: 1, se: 1

Day: 1, Time: 180
Total Cost: 644.55
 11:94.59, 2:75 [3, -8, -3]
 12:90.24, 5:75 [3, -9, -3]
 13:94.59, 3:75 [3, -8, -3]
 14:94.59, 3:75 [3, -8, -3]
801:22.36, 2:10 [8, 12305, -8]
802:84.76, 3:10 [8, 14424, -8]
803:98.51, 3:10 [8, 15513, -8]
901:21.63, 3:10 [9, 15030, -9]
902:43.27, 2:10 [9, 14733, -9]
fe: 4, se: 5

Day: 1, Time: 290
Total Cost: 830.72
 11:66.27, 53:75 [2, -6, -2]
601:120.82, 8:10 [6, 9384, 13466, 9270, 16355, 13793, -6]
602:49.13, 7:10 [6, 13211, 12708, -6]
603:157.51, 8:10 [6, 14158, 9450, 12125, 14634, -6]
604:150.56, 10:10 [6, 15219, 10556, 9162, 9406, -6]
605:134.82, 10:10 [6, 15335, 17082, 9965, -6]
607:151.61, 10:10 [6, 13094, 11546, 14192, 10236, -6]
fe: 1, se: 6

Day: 1, Time: 315
Total Cost: 1173.49
 11:90.24, 37:75 [3, 9, -9, -3]
 12:94.59, 36:75 [3, 8, -8, -3]
801:124.64, 10:10 [8, 4786, 198, 1670, 266, 13693, 13891, 12859, -8]
803:83.35, 10:10 [8, 678, 9508, 1524, 11300, 230, -8]
804:129.59, 10:10 [8, 6013, 317, 86, 16969, -8]
805:123.71, 10:10 [8, 16876, 165, 10145, 246, 15326, -8]
901:72.95, 10:10 [9, 15059, 10967, 155, -9]
902:155.16, 10:10 [9, 231, 15189, 178, 6988, 16957, 125, 11506, 9150, -9]
903:136.03, 9:10 [9, 277, 15662, 99, 14895, 15854, 11369, 142, -9]
905:69.16, 8:10 [9, 103, 11492, 9478, 44, 13015, -9]
906:94.05, 10:10 [9, 95, 258, 294, 9288, 34, 10271, -9]
fe: 2, se: 9

Day: 1, Time: 340
Total Cost: 1829.35
 11:136.01, 74:75 [1, 4, -4, -1]
 13:153.31, 40:75 [1, 5, -5, -1]
401:123.09, 9:10 [4, 188, 10184, 81, 17041, 156, -4]
402:150.38, 10:10 [4, 4084, 4835, 13021, 19, 216, -4]
403:95.10, 10:10 [4, 7302, 59, 16642, 11294, 202, 276, -4]
404:25.61, 4:10 [4, 11240, -4]
405:139.89, 10:10 [4, 15554, 477, 15957, 220, 162, 30, 179, 13249, -4]
406:138.17, 10:10 [4, 3001, 13555, 256, 10403, 182, 128, -4]
407:95.74, 8:10 [4, 78, 26, 145, 42, 16527, 16157, -4]
408:153.32, 10:10 [4, 219, 93, 12819, 39, 311, 9830, -4]
409:137.12, 10:10 [4, 4778, 177, 213, 49, -4]
501:139.98, 10:10 [5, 43, 2065, 2401, 290, 14563, 218, 11704, -5]
503:163.66, 10:10 [5, 138, 9230, 183, 14849, 1309, -5]
506:72.72, 10:10 [5, 45, 87, 15544, 315, 11980, 11424, -5]
507:105.25, 10:10 [5, 2620, 157, 273, 12641, 12135, 110, 10603, -5]
fe: 2, se: 13

Day: 1, Time: 360
Total Cost: 1624.92
 11:136.01, 42:75 [1, 4, -4, -1]
 12:153.31, 38:75 [1, 5, -5, -1]
401:64.19, 7:10 [4, 222, 5951, -4]
402:151.44, 10:10 [4, 4580, 173, 3615, 170, -4]
403:141.08, 10:10 [4, 68, 7345, 16028, 254, 3626, 3654, -4]
404:107.60, 4:10 [4, 227, 8486, 13817, -4]
405:78.96, 9:10 [4, 4932, 4943, 6292, -4]
406:56.37, 5:10 [4, 16040, 293, 7192, -4]
501:127.68, 6:10 [5, 243, 5298, 151, -5]
503:167.88, 10:10 [5, 74, 275, 2564, 4124, -5]
504:169.18, 8:10 [5, 259, 122, 7883, -5]
505:104.27, 8:10 [5, 272, 844, 15717, -5]
506:166.95, 6:10 [5, 2411, 478, 3727, -5]
fe: 2, se: 11

Day: 1, Time: 370
Total Cost: 1313.07
 11:66.27, 62:75 [2, 6, -6, -2]
 12:145.23, 49:75 [2, 7, -7, -2]
601:150.22, 10:10 [6, 1780, 3672, 211, 191, 16800, 14654, 15185, -6]
602:75.65, 10:10 [6, 212, 88, 10122, 23, 11955, -6]
603:105.84, 10:10 [6, 112, 200, 319, 7318, 10963, 10771, -6]
604:81.81, 10:10 [6, 238, 118, 1339, 229, 11241, 46, 111, 13103, -6]
605:15.23, 3:10 [6, 31, -6]
607:105.41, 10:10 [6, 1463, 2711, 149, 301, 70, -6]
609:135.38, 9:10 [6, 251, 134, 7123, 16095, 147, 57, 286, -6]
701:102.20, 10:10 [7, 235, 3164, 51, 16198, 107, -7]
702:52.34, 10:10 [7, 84, 169, 62, 16936, -7]
704:87.14, 10:10 [7, 316, 283, 13858, 97, 9138, 76, -7]
705:116.79, 9:10 [7, 197, 15819, 298, 307, 11012, 257, 255, -7]
706:73.55, 10:10 [7, 1409, 11, 14, 8167, 11541, -7]
fe: 2, se: 12

Day: 1, Time: 375
Total Cost: 1236.03
 11:94.59, 47:75 [3, 8, -8, -3]
 12:90.24, 38:75 [3, 9, -9, -3]
801:94.83, 10:10 [8, 11747, 16142, 100, 14989, -8]
802:104.98, 9:10 [8, 252, 161, 104, 8141, -8]
803:110.59, 10:10 [8, 7635, 234, 3436, 13437, -8]
804:69.94, 9:10 [8, 158, 4611, 237, -8]
806:101.08, 8:10 [8, 2318, 1556, 790, 308, 14653, -8]
807:107.30, 10:10 [8, 175, 82, 53, 10196, -8]
901:98.81, 10:10 [9, 194, 312, 17113, 29, -9]
902:96.27, 10:10 [9, 7230, 4946, 287, 14937, 146, -9]
903:160.35, 9:10 [9, 114, 9128, 109, 11419, 3430, -9]
904:107.03, 10:10 [9, 242, 15353, 91, 233, 2151, -9]
fe: 2, se: 10

Day: 1, Time: 405
Total Cost: 1632.93
 11:136.01, 51:75 [1, 4, -4, -1]
 12:153.31, 28:75 [1, 5, -5, -1]
401:182.71, 9:10 [4, 271, 296, 1518, 190, -4]
402:71.05, 6:10 [4, 9388, 201, 105, -4]
403:120.42, 3:10 [4, 13881, -4]
404:68.99, 10:10 [4, 6043, 40, 174, 206, 60, -4]
405:133.45, 7:10 [4, 261, 314, 196, 5716, -4]
406:88.24, 5:10 [4, 207, 224, -4]
407:131.97, 2:10 [4, 305, 279, -4]
408:95.68, 9:10 [4, 137, 133, 187, 7321, -4]
409:104.38, 5:10 [4, 5143, 79, 300, -4]
501:87.32, 5:10 [5, 274, 16867, 124, -5]
502:74.82, 4:10 [5, 180, 12282, -5]
503:81.29, 4:10 [5, 13923, 186, -5]
505:34.68, 8:10 [5, 126, 52, 184, -5]
506:68.63, 9:10 [5, 2296, 37, 193, -5]
fe: 2, se: 14

Day: 1, Time: 405
Total Cost: 1697.21
 11:66.27, 58:75 [2, 6, -6, -2]
 12:66.27, 38:75 [2, 6, -2]
 13:145.23, 33:75 [2, 7, -2]
601:124.76, 10:10 [6, 181, 94, 248, 130, 267, 6075, -6]
602:126.30, 10:10 [6, 1878, 6264, 203, 280, 36, 10, -6]
603:34.38, 9:10 [6, 67, 6258, 28, -6]
604:136.14, 10:10 [6, 113, 47, 313, 249, 106, -6]
605:116.60, 10:10 [6, 303, 176, 295, 7201, -6]
606:156.36, 10:10 [6, 204, 9122, 5826, 270, 152, 27, -6]
611:132.47, 10:10 [6, 17, 5603, 16, 80, 164, -6]
612:115.06, 9:10 [6, 127, 208, 6021, 3023, 24, -6]
617:108.84, 9:10 [6, 66, 5898, 309, 3852, 69, -6]
618:97.59, 10:10 [6, 195, 144, 217, 11744, 20, -6]
701:48.77, 6:10 [7, 304, 65, 250, -7]
702:53.25, 8:10 [7, 226, 132, 4209, -7]
703:76.19, 7:10 [7, 302, 210, 244, -7]
704:42.43, 4:10 [7, 3220, -7]
705:50.28, 8:10 [7, 83, 228, 297, -7]
fe: 3, se: 15

Day: 1, Time: 405
Total Cost: 1640.10
 11:94.59, 62:75 [3, 8, -8, -3]
 12:90.24, 70:75 [3, 9, -9, -3]
801:88.54, 10:10 [8, 135, 71, 192, 15, -8]
802:14.42, 3:10 [8, 75, -8]
803:93.65, 10:10 [8, 205, 5382, 278, 119, -8]
804:92.38, 10:10 [8, 159, 17012, 12720, 140, 32, -8]
805:42.44, 9:10 [8, 1257, 262, 35, -8]
807:133.57, 10:10 [8, 89, 171, 33, 268, 189, 241, -8]
810:123.03, 10:10 [8, 148, 131, 6101, -8]
901:90.01, 9:10 [9, 264, 15906, 291, 310, -9]
902:132.73, 10:10 [9, 117, 61, 168, 58, 236, -9]
903:106.25, 10:10 [9, 96, 15832, 265, 55, 185, -9]
904:122.15, 7:10 [9, 5639, 5664, 18, 7007, -9]
905:110.12, 9:10 [9, 209, 13, 172, -9]
906:116.00, 9:10 [9, 289, 239, 299, 72, -9]
908:76.34, 9:10 [9, 121, 4928, 38, 167, -9]
910:113.62, 10:10 [9, 73, 15228, 120, 15188, 5338, -9]
fe: 2, se: 15

Day: 1, Time: 440
Total Cost: 221.19
 11:153.31, 4:75 [1, -5, -1]
501:67.88, 4:10 [5, 11388, -5]
fe: 1, se: 1

Day: 1, Time: 450
Total Cost: 567.88
 11:136.01, 8:75 [1, 4, -1]
 12:153.31, 11:75 [1, 5, -1]
401:79.81, 5:10 [4, 2903, 906, -4]
402:74.32, 3:10 [4, 284, -4]
501:95.79, 8:10 [5, 6500, 77, -5]
502:28.64, 3:10 [5, 154, -5]
fe: 2, se: 4

Day: 1, Time: 450
Total Cost: 1446.52
 11:66.27, 75:75 [2, 6, -6, -2]
 12:66.27, 34:75 [2, 6, -2]
601:61.75, 7:10 [6, 199, 269, -6]
602:148.55, 9:10 [6, 2588, 1068, 5238, 835, -6]
603:119.50, 10:10 [6, 150, 15737, 2188, 116, -6]
604:158.79, 9:10 [6, 56, 7138, 8318, 225, -6]
605:57.82, 7:10 [6, 214, 139, -6]
606:69.26, 5:10 [6, 5734, 136, 102, -6]
607:148.64, 10:10 [6, 85, 54, 6340, -6]
608:134.33, 9:10 [6, 245, 22, 108, -6]
609:35.74, 9:10 [6, 50, 11840, 260, 288, -6]
610:78.31, 8:10 [6, 129, 3055, -6]
611:59.90, 9:10 [6, 232, 90, 253, -6]
614:163.47, 10:10 [6, 25, 7924, 1986, 221, -6]
615:77.91, 8:10 [6, 4362, 63, -6]
fe: 2, se: 13

Day: 1, Time: 450
Total Cost: 784.21
 11:94.59, 40:75 [3, 8, -3]
 12:90.24, 22:75 [3, 9, -3]
801:47.10, 7:10 [8, 223, 2196, -8]
802:81.95, 7:10 [8, 285, 160, 263, -8]
804:92.88, 10:10 [8, 1168, 281, 3365, 12, -8]
805:120.68, 7:10 [8, 318, 306, 6779, -8]
807:41.47, 9:10 [8, 4911, 2402, 8484, -8]
901:55.06, 7:10 [9, 98, 41, -9]
902:70.15, 7:10 [9, 3279, 4171, -9]
903:90.08, 8:10 [9, 64, 92, 143, -9]
fe: 2, se: 8

Day: 1, Time: 495
Total Cost: 357.51
 11:136.01, 4:75 [1, 4, -1]
 12:153.31, 7:75 [1, 5, -1]
401:34.18, 4:10 [4, 215, -4]
501:17.89, 3:10 [5, 6823, -5]
502:16.12, 4:10 [5, 7868, -5]
fe: 2, se: 3

Day: 1, Time: 495
Total Cost: 362.51
 11:66.27, 14:75 [2, 6, -2]
601:83.19, 4:10 [6, 247, -6]
602:50.16, 4:10 [6, 240, -6]
603:102.86, 2:10 [6, 1806, -6]
604:60.03, 4:10 [6, 1865, -6]
fe: 1, se: 4

Day: 1, Time: 495
Total Cost: 495.18
 11:94.59, 13:75 [3, 8, -3]
 12:90.24, 9:75 [3, 9, -3]
801:58.31, 2:10 [8, 3100, -8]
802:73.04, 7:10 [8, 163, 166, -8]
803:59.46, 4:10 [8, 2465, -8]
901:36.73, 5:10 [9, 3794, 1210, -9]
902:82.80, 4:10 [9, 4565, -9]
fe: 2, se: 5


Day	Area	ID	Time	Load	Utilization	NoOrders	AssignmentCost
1	1	 7	270	 52	0.87	22	595.00
1	1	127	300	 47	0.39	20	1090.00
1	1	 8	315	 60	1.00	22	675.00
1	1	27	315	 60	1.00	32	675.00
1	1	 9	360	 60	1.00	24	675.00
1	1	28	360	 60	1.00	20	675.00
1	1	10	405	 30	0.50	 9	375.00
1	1	13	540	  4	0.06	 1	92.00
1	1	38	810	 48	1.00	18	666.00
1	1	19	810	 48	1.00	19	666.00
1	2	62	180	 18	0.38	 7	306.00
1	2	44	225	 60	1.00	25	675.00
1	2	63	225	 60	1.00	23	675.00
1	2	45	270	 46	0.77	17	535.00
1	2	145	300	  7	0.06	 7	290.00
1	2	65	315	 41	0.68	16	485.00
1	2	46	315	 59	0.98	21	665.00
1	2	47	360	 12	0.20	 5	195.00
1	2	67	405	  6	0.10	 2	135.00
1	2	72	630	 19	0.32	 6	265.00
1	2	57	810	 48	1.00	21	666.00
1	2	76	810	 48	1.00	18	666.00
1	3	82	225	 60	1.00	21	675.00
1	3	101	225	 60	1.00	24	675.00
1	3	102	270	 33	0.55	11	405.00
1	3	163	300	 18	0.15	10	510.00
1	3	103	315	 60	1.00	35	675.00
1	3	84	315	 60	1.00	25	675.00
1	3	104	360	 60	1.00	18	675.00
1	3	105	405	 15	0.25	 4	225.00
1	3	113	765	 25	0.52	 7	390.00
1	3	114	810	 48	1.00	17	666.00
1	3	95	810	 48	1.00	23	666.00


Day	Area	Time	Pickup	Delivery	Direct	FEVehicles	SEVehicles	ALNSTime	ALNSBestTime	RoutingCostArea
1	1	0	111	55	0	7	44	197.87	160.82	5462.56
1	1	50	10	0	0	2	5	0.97	0.00	777.82
1	1	55	3	0	0	2	2	0.42	0.00	477.42
1	1	60	2	0	0	1	2	0.31	0.00	268.76
1	1	65	0	0	1	0	0	0.00	0.00	500.00
1	1	95	6	0	0	3	3	0.76	0.00	762.86
1	1	105	3	0	0	2	2	0.40	0.00	430.91
1	1	130	2	0	0	1	1	0.28	0.00	255.52
1	1	135	2	0	1	1	1	0.24	0.00	723.21
1	1	150	4	0	0	3	3	0.73	0.00	623.25
1	1	155	1	0	2	1	1	0.22	0.00	1191.19
1	1	170	1	0	0	1	1	0.19	0.00	223.08
1	1	180	2	0	1	1	1	0.24	0.00	677.94
1	1	340	25	47	0	2	13	15.43	5.31	1829.35
1	1	360	4	33	0	2	11	5.86	4.21	1624.92
1	1	405	5	36	0	2	14	5.29	3.06	1632.93
1	1	440	1	0	0	1	1	0.19	0.00	221.19
1	1	450	0	6	0	2	4	0.43	0.00	567.88
1	1	495	0	3	0	2	3	0.39	0.00	357.51
1	2	5	95	58	0	13	45	102.92	19.76	5389.87
1	2	30	3	0	0	1	2	0.31	0.00	232.40
1	2	35	3	0	0	1	3	0.40	0.00	320.74
1	2	40	1	0	0	1	1	0.18	0.00	177.79
1	2	65	2	0	0	2	2	0.29	0.00	287.88
1	2	105	8	0	0	3	6	0.65	0.00	708.48
1	2	115	3	0	0	2	3	0.37	0.00	328.81
1	2	150	4	0	0	2	3	0.48	0.00	412.91
1	2	160	0	0	2	0	0	0.00	0.00	1000.00
1	2	170	3	0	0	2	3	0.41	0.00	332.23
1	2	180	0	0	1	0	0	0.00	0.00	500.00
1	2	290	22	0	0	1	6	2.19	0.34	830.72
1	2	370	17	49	0	2	12	23.49	15.70	1313.07
1	2	405	2	61	0	3	15	10.46	7.32	1697.21
1	2	450	2	38	0	2	13	5.77	3.77	1446.52
1	2	495	0	4	0	1	4	0.37	0.00	362.51
1	3	5	108	67	0	12	54	163.22	121.94	6014.92
1	3	20	6	0	0	1	4	0.59	0.00	404.04
1	3	35	1	0	0	1	1	0.19	0.00	176.89
1	3	60	6	0	0	2	4	0.59	0.00	523.46
1	3	100	8	0	0	2	5	0.70	0.00	596.46
1	3	105	1	0	1	1	1	0.23	0.00	664.49
1	3	110	4	0	0	2	3	0.43	0.00	483.22
1	3	125	5	0	0	3	4	0.69	0.00	542.08
1	3	130	1	0	0	1	1	0.22	0.00	135.19
1	3	135	0	0	1	0	0	0.00	0.00	500.00
1	3	140	1	0	0	1	1	0.19	0.00	149.07
1	3	145	0	0	1	0	0	0.00	0.00	500.00
1	3	150	2	0	0	1	2	0.31	0.00	197.75
1	3	155	1	0	0	1	1	0.19	0.00	148.55
1	3	165	1	0	0	1	1	0.19	0.00	154.52
1	3	175	1	0	0	1	1	0.19	0.00	139.27
1	3	180	5	0	0	4	5	0.78	0.00	644.55
1	3	315	24	26	0	2	9	10.12	4.27	1173.49
1	3	375	11	32	0	2	10	4.27	2.11	1236.03
1	3	405	6	54	0	2	15	10.68	4.03	1640.10
1	3	450	0	22	0	2	8	1.25	0.00	784.21
1	3	495	0	7	0	2	5	0.47	0.00	495.18

Day	SL	Own	DispatchTimes	AssignmentCost	RoutingCost	TotalCost
1	30	3	35	17979.00	51252.95	69231.95

Total Cost: 69231.94721640163
Cost per Day: 69231.94721640163
Running time in Seconds: 830.334
Running time in minutes: 13.8389