INSTANCE: 3hubs_MND_A_19_x.csv
PARAMETER: sp_mnd_standard_20_120_3hubs.txt
POLICY: Stochastic Programming
ALPHA: 0.127402933621946
BETA: 67
OMEGA: 586
EPSILON: 1.04149991431142

Day: 1, Time: 0
Total Cost: 5804.80
 11:136.01, 75:75 [1, 4, -4, -1]
 12:136.01, 63:75 [1, 4, -4, -1]
 13:153.31, 73:75 [1, 5, -5, -1]
 14:136.01, 62:75 [1, 4, -4, -1]
 15:153.31, 58:75 [1, 5, -5, -1]
 19:136.01, 39:75 [1, 4, -4, -1]
 22:136.01, 18:75 [1, 4, -4, -1]
401:124.42, 10:10 [4, 8537, 8323, 8500, 9008, 8689, 8805, -4]
402:48.69, 8:10 [4, 8377, 8322, 8400, -4]
403:41.69, 10:10 [4, 8825, 8292, 8832, 8326, -4]
405:166.38, 10:10 [4, 8706, 8940, 8614, 8408, 8948, 8447, 8455, -4]
406:93.41, 10:10 [4, 8431, 8954, 8794, 8417, 8896, 8636, 8683, 8751, 8757, -4]
407:28.64, 4:10 [4, 8866, 8875, -4]
408:159.78, 10:10 [4, 8314, 8921, 8380, 9034, 8541, 8746, 8628, 8984, 8867, -4]
409:95.72, 10:10 [4, 8460, 8585, 8547, 8813, 8739, 8753, 8498, -4]
410:76.64, 10:10 [4, 8803, 8344, 8485, -4]
411:85.02, 10:10 [4, 8529, 8664, 8622, 8363, -4]
412:81.02, 10:10 [4, 8837, 8357, 8889, 8527, 8515, -4]
413:181.66, 10:10 [4, 8341, 8327, 8799, 8449, 8599, 8594, 9031, 8890, 9023, -4]
414:216.54, 10:10 [4, 8970, 8356, 8475, 8504, 8775, 8741, 9005, 8546, 8461, -4]
415:96.78, 10:10 [4, 8425, 8857, 8406, 8467, -4]
416:63.15, 10:10 [4, 8593, 8996, 8359, 8405, 8856, -4]
417:128.90, 9:10 [4, 8797, 8705, 8722, 8949, -4]
418:124.49, 10:10 [4, 8558, 8399, 8439, 8457, -4]
419:110.22, 9:10 [4, 8456, 8438, 8878, 8861, 9016, -4]
420:110.09, 9:10 [4, 8820, 8390, 8769, 8707, 8865, -4]
422:71.39, 10:10 [4, 8773, 8822, 9010, 8718, -4]
424:105.36, 10:10 [4, 8655, 8385, 8535, -4]
425:151.02, 10:10 [4, 8873, 8633, 8747, 9025, 8624, 8879, 8644, -4]
426:81.97, 8:10 [4, 8647, 8370, 9009, 8802, -4]
427:98.50, 10:10 [4, 8692, 8663, 8347, 8776, 8957, 8550, 8979, -4]
428:76.94, 7:10 [4, 8544, 9003, 8372, -4]
429:63.42, 10:10 [4, 8426, 8815, 8609, 8827, 8914, 8745, -4]
430:95.91, 10:10 [4, 8712, 8677, 8714, 8376, 8821, 8517, 8848, -4]
431:69.38, 8:10 [4, 8487, 8893, 8610, -4]
432:152.06, 10:10 [4, 8771, 8864, 8482, 8812, 8901, 8392, -4]
434:48.43, 8:10 [4, 8637, 8391, 8855, -4]
436:100.25, 10:10 [4, 8589, 8755, 8595, 8966, 8732, 8850, 8304, -4]
501:12.67, 6:10 [5, 8785, 8863, -5]
502:92.34, 8:10 [5, 8849, 8472, 8941, 8559, 8885, -5]
503:58.02, 10:10 [5, 8375, 8298, 8409, -5]
504:53.35, 8:10 [5, 8826, 8877, 8982, -5]
505:54.61, 10:10 [5, 8987, 8525, 8570, -5]
506:106.38, 10:10 [5, 8929, 8349, 8641, 8942, 8501, -5]
507:106.62, 10:10 [5, 8807, 8506, 8351, 8752, 8786, 8566, 8906, 8963, -5]
508:47.78, 9:10 [5, 9001, 8513, 8335, 8828, -5]
509:4.47, 1:10 [5, 8671, -5]
510:91.90, 10:10 [5, 8730, 8779, 8543, -5]
511:126.11, 10:10 [5, 8305, 8319, 8514, 8545, -5]
512:113.95, 3:10 [5, 8413, 8418, 9015, -5]
513:156.28, 10:10 [5, 8334, 8508, 8565, 8616, 8887, 8874, -5]
514:40.05, 9:10 [5, 8588, 8685, 9024, 8884, 8962, -5]
515:148.14, 10:10 [5, 9026, 8290, 8615, 8452, 8579, 8727, 9012, 8908, -5]
516:11.71, 7:10 [5, 8842, 8904, -5]
517:72.57, 9:10 [5, 8709, 8876, 8462, 8795, 9004, 8662, -5]
518:91.16, 10:10 [5, 8453, 8932, 8728, 8823, -5]
519:118.96, 10:10 [5, 8598, 8694, 9000, 8395, 8524, 8883, 8853, -5]
521:89.85, 10:10 [5, 8465, 8366, 8365, 8939, 8416, 8961, -5]
522:36.80, 8:10 [5, 8350, 8309, 8421, -5]
523:36.52, 9:10 [5, 8767, 8892, 8724, -5]
fe: 7, se: 53

Day: 1, Time: 0
Total Cost: 4813.75
 11:66.27, 74:75 [2, 6, -6, -2]
 12:66.27, 70:75 [2, 6, -6, -2]
 13:66.27, 37:75 [2, 6, -6, -2]
 14:66.27, 38:75 [2, 6, -6, -2]
 15:145.23, 74:75 [2, 7, -7, -2]
 17:145.23, 59:75 [2, 7, -7, -2]
601:87.06, 10:10 [6, 8522, 8324, 8758, 8429, 8459, 8567, -6]
602:71.83, 9:10 [6, 8836, 8811, 8313, 8715, -6]
603:170.12, 10:10 [6, 8572, 9020, 8625, 8964, 8782, 8443, 8973, -6]
604:86.12, 10:10 [6, 8743, 8623, 8419, 8468, -6]
605:138.25, 10:10 [6, 8891, 8999, 8477, 8974, 8448, 9011, -6]
606:102.15, 10:10 [6, 8505, 8916, 8300, 8311, 8792, 8841, 8374, 8969, 8981, -6]
607:110.33, 9:10 [6, 8542, 8958, 8684, 8880, 8584, -6]
608:103.76, 10:10 [6, 8651, 8489, 8666, 8389, 8925, 8458, -6]
609:119.02, 10:10 [6, 8627, 8750, 8952, 8766, 8342, 8909, 9002, -6]
610:91.18, 10:10 [6, 8923, 8899, 8473, 8995, 8315, -6]
611:168.64, 9:10 [6, 8384, 8869, 8980, 8568, 8648, 8819, 8656, 8580, -6]
612:70.13, 10:10 [6, 8993, 8634, 8339, 8471, -6]
613:20.59, 3:10 [6, 8428, -6]
614:72.62, 9:10 [6, 8910, 8540, 8772, 8691, -6]
615:48.39, 10:10 [6, 9006, 8358, 8308, 8386, 8534, -6]
616:103.71, 10:10 [6, 8617, 8476, 8382, 8703, 8577, -6]
617:107.51, 10:10 [6, 8868, 8862, 8977, 8338, 8761, -6]
618:80.61, 10:10 [6, 8650, 8479, 8774, 8859, 8658, 8427, -6]
619:99.91, 10:10 [6, 8362, 8299, 9028, 8396, 8835, 8687, -6]
620:85.47, 10:10 [6, 8490, 8839, 8556, 8936, 8903, -6]
621:107.48, 9:10 [6, 8756, 8578, 8907, 8411, -6]
623:101.54, 10:10 [6, 8446, 8325, 9007, 8330, 8561, -6]
624:109.18, 10:10 [6, 8488, 8569, 8960, 8332, -6]
626:92.48, 10:10 [6, 8437, 8997, 8403, 8701, 8530, -6]
627:47.76, 10:10 [6, 8733, 8998, 8678, -6]
628:68.68, 10:10 [6, 8423, 8917, 9032, 8790, -6]
630:131.16, 8:10 [6, 8343, 8781, 8333, 9030, 8316, 8937, 8768, -6]
632:149.61, 9:10 [6, 8607, 8872, 8851, 8491, 8814, -6]
634:90.56, 8:10 [6, 9013, 8967, 8433, 8720, 8302, 8454, -6]
637:154.47, 10:10 [6, 8445, 8412, 8818, 8734, 8915, 8642, 8945, -6]
702:66.89, 9:10 [7, 8763, 8693, 8512, 8838, -7]
703:135.27, 10:10 [7, 8533, 8690, 8668, 8571, 8817, 8975, -7]
704:25.32, 8:10 [7, 8631, 8373, 8340, -7]
705:130.94, 10:10 [7, 8613, 8620, 8669, 8947, 8800, 8436, 8536, 8430, -7]
706:38.93, 10:10 [7, 8564, 8600, 8667, -7]
707:48.08, 10:10 [7, 8424, 8670, 8507, 9021, 8320, 8972, 8985, -7]
708:20.06, 6:10 [7, 8760, 8531, -7]
710:108.12, 10:10 [7, 8303, 8675, 8762, 8976, 8725, 8905, -7]
711:84.30, 10:10 [7, 8844, 8787, 8353, 8723, 8422, 8900, -7]
712:87.14, 10:10 [7, 8502, 8294, 8466, -7]
713:65.65, 10:10 [7, 8934, 8654, 8700, 8496, 15915, 8833, -7]
714:82.11, 10:10 [7, 8364, 8702, 8493, 8618, 8754, 8770, 8474, 8938, -7]
715:75.13, 9:10 [7, 8381, 8463, 8673, 8440, 8555, -7]
716:76.19, 10:10 [7, 8659, 8606, 8809, 8597, 8798, -7]
721:147.15, 10:10 [7, 8495, 8922, 8581, 8928, 8552, 8735, 8410, -7]
722:76.61, 10:10 [7, 8956, 8665, 8407, 8737, 8554, 8329, -7]
fe: 6, se: 46

Day: 1, Time: 0
Total Cost: 4959.76
 11:94.59, 74:75 [3, 8, -8, -3]
 12:94.59, 54:75 [3, 8, -8, -3]
 13:90.24, 62:75 [3, 9, -9, -3]
 14:90.24, 74:75 [3, 9, -9, -3]
 15:90.24, 44:75 [3, 9, -9, -3]
 16:94.59, 10:75 [3, 8, -8, -3]
 19:94.59, 26:75 [3, 8, -8, -3]
801:102.44, 10:10 [8, 8321, 8635, 9033, 8626, 8639, 8721, 8946, 8950, 8983, -8]
802:140.47, 10:10 [8, 8503, 8888, 8919, 8674, 8860, 8629, 8611, -8]
803:108.84, 10:10 [8, 8379, 8726, 8657, 8933, 8519, 8791, -8]
804:122.70, 8:10 [8, 8601, 8402, 8744, 8989, 8729, 8574, -8]
806:95.96, 10:10 [8, 8603, 8494, 8397, 8538, 8927, 8924, 8539, 8789, -8]
807:4.47, 4:10 [8, 8778, -8]
808:105.55, 9:10 [8, 8731, 8847, 8310, 9017, 8605, -8]
809:67.83, 10:10 [8, 8765, 8672, 8582, 8317, -8]
810:94.21, 10:10 [8, 8831, 8404, 8367, 8994, 8955, 8432, -8]
811:66.38, 9:10 [8, 8935, 8361, 8576, 8840, -8]
812:92.35, 10:10 [8, 8632, 8660, 8990, 8816, 9014, 8736, -8]
813:108.63, 10:10 [8, 8562, 8346, 8871, 8388, 8943, 8652, 8441, 8829, -8]
814:97.41, 9:10 [8, 8483, 8710, 8484, 8951, 8523, 8846, -8]
815:71.72, 10:10 [8, 8992, 8528, 8492, -8]
816:47.78, 10:10 [8, 8661, 8596, 8688, 8649, 8511, -8]
817:78.04, 9:10 [8, 8587, 8354, 8557, 8681, -8]
819:131.22, 10:10 [8, 8331, 8911, 8824, 8518, 8686, 8520, 8450, 8804, 8653, -8]
820:121.68, 10:10 [8, 8464, 8575, 8991, 8336, 8788, 8532, -8]
821:114.68, 10:10 [8, 8415, 8296, 8291, 8912, 8434, 8810, 8931, -8]
823:107.30, 10:10 [8, 8882, 8608, 8845, 8708, 8499, 8604, 9027, -8]
901:117.17, 10:10 [9, 8902, 8971, 8780, 8881, 8716, -9]
902:134.44, 10:10 [9, 8640, 8898, 8918, 8420, 8738, -9]
903:94.58, 7:10 [9, 8959, 8646, 8563, 8414, 8895, -9]
904:102.84, 10:10 [9, 8986, 8645, 8680, 8352, 8843, 8894, -9]
905:87.24, 10:10 [9, 8930, 8643, 8784, 8368, 8573, 8383, -9]
906:113.11, 10:10 [9, 8295, 8858, 8312, 9029, 8697, 8834, -9]
907:78.17, 10:10 [9, 8378, 8764, 8521, 8469, -9]
908:82.80, 9:10 [9, 8435, 8497, 9018, 8748, 8328, -9]
909:133.00, 10:10 [9, 8526, 8808, 8854, 8551, 8371, 9022, 8478, 8355, -9]
910:50.82, 10:10 [9, 8852, 8345, 8679, -9]
911:81.92, 9:10 [9, 8293, 8676, 8583, 8619, 8965, -9]
912:102.01, 9:10 [9, 8717, 8297, 8897, 8401, -9]
913:78.10, 10:10 [9, 8480, 8509, 8451, 8953, 8387, -9]
914:20.80, 8:10 [9, 8944, 8793, -9]
916:122.42, 10:10 [9, 8516, 9019, 8801, 8318, 8742, 8806, -9]
917:56.98, 10:10 [9, 8560, 8978, 8586, 8486, -9]
918:52.44, 9:10 [9, 8777, 8886, 8630, 8481, -9]
919:131.67, 10:10 [9, 8398, 8870, 8360, 8759, 8591, 8988, -9]
920:95.33, 10:10 [9, 8704, 8592, 8913, 8695, -9]
921:98.09, 10:10 [9, 8306, 8348, 8301, 8920, 8719, 8510, -9]
922:110.25, 8:10 [9, 8394, 8621, 8926, 8711, 8699, -9]
924:63.91, 9:10 [9, 8549, 8442, 8696, -9]
925:63.88, 10:10 [9, 8369, 8553, 8612, -9]
926:145.27, 10:10 [9, 8590, 8307, 8968, 8393, 8740, 8682, 8698, -9]
927:70.40, 8:10 [9, 8830, 8783, 8638, -9]
929:143.36, 10:10 [9, 8444, 8796, 8470, 8602, 8713, 8337, 8548, 8749, -9]
fe: 7, se: 46

Day: 1, Time: 35
Total Cost: 876.74
 11:94.59, 6:75 [3, -8, -3]
 12:90.24, 24:75 [3, -9, -3]
 13:90.24, 3:75 [3, -9, -3]
801:71.05, 6:10 [8, 16948, 13889, -8]
901:148.78, 8:10 [9, 10660, 13957, 16351, -9]
902:109.12, 3:10 [9, 12486, -9]
903:156.32, 8:10 [9, 10928, 16439, 15546, 9153, -9]
904:116.39, 8:10 [9, 14636, 14340, 12331, -9]
fe: 3, se: 5

Day: 1, Time: 40
Total Cost: 332.63
 11:90.24, 1:75 [3, -9, -3]
 12:90.24, 1:75 [3, -9, -3]
901:112.45, 1:10 [9, 11041, -9]
902:39.70, 1:10 [9, 13065, -9]
fe: 2, se: 2

Day: 1, Time: 50
Total Cost: 494.31
 11:66.27, 14:75 [2, -6, -2]
 12:66.27, 4:75 [2, -6, -2]
601:79.74, 5:10 [6, 9647, 11391, -6]
602:179.86, 9:10 [6, 15346, 12621, 10199, -6]
603:102.18, 4:10 [6, 13546, -6]
fe: 2, se: 3

Day: 1, Time: 55
Total Cost: 603.20
 11:136.01, 4:75 [1, -4, -1]
 12:179.78, 10:75 [1, -5, -4, -1]
401:108.17, 4:10 [4, 14757, 10781, -4]
402:110.82, 7:10 [4, 16885, 14713, -4]
501:68.41, 3:10 [5, 14575, -5]
fe: 2, se: 3

Day: 1, Time: 60
Total Cost: 366.47
 11:94.59, 2:75 [3, -8, -3]
 12:90.24, 1:75 [3, -9, -3]
801:115.60, 2:10 [8, 10694, -8]
901:66.03, 1:10 [9, 15237, -9]
fe: 2, se: 2

Day: 1, Time: 75
Total Cost: 644.22
 11:90.24, 10:75 [3, -9, -3]
 12:94.59, 2:75 [3, -8, -3]
801:78.10, 2:10 [8, 14159, -8]
901:69.43, 4:10 [9, 16401, -9]
902:112.71, 1:10 [9, 15040, -9]
903:94.34, 4:10 [9, 15130, -9]
904:104.80, 1:10 [9, 15278, -9]
fe: 2, se: 5

Day: 1, Time: 80
Total Cost: 592.04
 11:136.01, 7:75 [1, -4, -1]
 12:136.01, 4:75 [1, -4, -1]
401:121.49, 7:10 [4, 14179, 12145, 13572, -4]
402:198.52, 4:10 [4, 12788, 16675, -4]
fe: 2, se: 2

Day: 1, Time: 80
Total Cost: 453.11
 11:66.27, 12:75 [2, -6, -2]
 12:66.27, 4:75 [2, -6, -2]
601:52.04, 3:10 [6, 9417, -6]
602:110.62, 4:10 [6, 10442, 10795, -6]
603:157.91, 9:10 [6, 14275, 16338, 9613, -6]
fe: 2, se: 3

Day: 1, Time: 85
Total Cost: 190.33
 11:66.27, 7:75 [2, -6, -2]
601:8.94, 1:10 [6, 15735, -6]
602:115.12, 6:10 [6, 9779, 10438, -6]
fe: 1, se: 2

Day: 1, Time: 85
Total Cost: 590.39
 11:90.24, 10:75 [3, -9, -3]
 12:94.59, 4:75 [3, -8, -3]
 13:90.24, 7:75 [3, -9, -3]
802:21.26, 4:10 [8, 11019, -8]
901:129.23, 10:10 [9, 9873, 13059, 16081, -9]
902:86.00, 4:10 [9, 12955, -9]
903:78.82, 3:10 [9, 11505, -9]
fe: 3, se: 4

Day: 1, Time: 95
Total Cost: 346.50
 11:66.27, 3:75 [2, -6, -2]
 12:145.23, 3:75 [2, -7, -2]
601:86.83, 3:10 [6, 9985, -6]
701:48.17, 3:10 [7, 10779, -7]
fe: 2, se: 2

Day: 1, Time: 100
Total Cost: 463.60
 11:153.31, 7:75 [1, -5, -1]
 12:136.01, 8:75 [1, -4, -1]
402:42.81, 8:10 [4, 15593, 14465, -4]
501:131.46, 7:10 [5, 9264, 16689, 13639, -5]
fe: 2, se: 2

Day: 1, Time: 100
Total Cost: 446.84
 11:90.24, 7:75 [3, -9, -3]
 12:90.24, 3:75 [3, -9, -3]
901:167.86, 7:10 [9, 12089, 11826, 11062, -9]
902:98.49, 3:10 [9, 13317, -9]
fe: 2, se: 2

Day: 1, Time: 110
Total Cost: 319.53
 11:94.59, 4:75 [3, -8, -3]
 12:94.59, 8:75 [3, -8, -3]
801:19.70, 4:10 [8, 10014, -8]
802:110.64, 8:10 [8, 10140, 10198, -8]
fe: 2, se: 2

Day: 1, Time: 120
Total Cost: 667.09
 11:136.01, 15:75 [1, -4, -1]
 12:136.01, 1:75 [1, -4, -1]
401:141.49, 9:10 [4, 10571, 16053, 16120, 15773, -4]
402:127.08, 6:10 [4, 9351, 12036, 11383, -4]
403:126.49, 1:10 [4, 16025, -4]
fe: 2, se: 3

Day: 1, Time: 130
Total Cost: 415.61
 11:66.27, 16:75 [2, -6, -2]
 12:66.27, 4:75 [2, -6, -2]
601:128.73, 8:10 [6, 16110, 11683, 13941, -6]
602:104.18, 8:10 [6, 15046, 13268, 10378, 14021, -6]
603:50.16, 4:10 [6, 15726, -6]
fe: 2, se: 3

Day: 1, Time: 130
Total Cost: 512.31
 11:94.59, 7:75 [3, -8, -3]
 12:94.59, 4:75 [3, -8, -3]
801:155.79, 7:10 [8, 13584, 13530, 15221, 12506, -8]
802:72.99, 1:10 [8, 12875, -8]
803:94.34, 3:10 [8, 16011, -8]
fe: 2, se: 3

Day: 1, Time: 135
Total Cost: 520.01
 11:66.27, 3:75 [2, -6, -2]
 12:66.27, 2:75 [2, -6, -2]
 13:145.23, 1:75 [2, -7, -2]
601:94.09, 2:10 [6, 16220, -6]
602:68.47, 1:10 [6, 10449, -6]
603:46.39, 2:10 [6, 9823, -6]
701:33.29, 1:10 [7, 12726, -7]
fe: 3, se: 4

Day: 1, Time: 140
Total Cost: 396.50
 11:179.78, 13:75 [1, -4, -5, -1]
401:14.42, 4:10 [4, 11783, -4]
501:129.06, 8:10 [5, 14146, 11397, -5]
502:73.24, 1:10 [5, 16214, -5]
fe: 1, se: 3

Day: 1, Time: 145
Total Cost: 242.51
 11:94.59, 1:75 [3, -8, -3]
 12:94.59, 2:75 [3, -8, -3]
801:21.26, 1:10 [8, 9984, -8]
802:32.06, 2:10 [8, 15852, -8]
fe: 2, se: 2

Day: 1, Time: 150
Total Cost: 326.59
 11:66.27, 1:75 [2, -6, -2]
 12:145.23, 1:75 [2, -7, -2]
601:62.29, 1:10 [6, 15250, -6]
701:52.80, 1:10 [7, 11658, -7]
fe: 2, se: 2

Day: 1, Time: 160
Total Cost: 338.90
 11:66.27, 2:75 [2, -6, -2]
 12:66.27, 4:75 [2, -6, -2]
601:35.78, 2:10 [6, 13154, -6]
602:170.58, 4:10 [6, 13830, 16379, -6]
fe: 2, se: 2

Day: 1, Time: 160
Total Cost: 180.87
 11:94.59, 5:75 [3, -8, -3]
801:86.28, 5:10 [8, 9510, 11209, -8]
fe: 1, se: 1

Day: 1, Time: 165
Total Cost: 167.41
 11:66.27, 4:75 [2, -6, -2]
601:101.13, 4:10 [6, 12912, -6]
fe: 1, se: 1

Day: 1, Time: 170
Total Cost: 517.22
 11:94.59, 1:75 [3, -8, -3]
 12:94.59, 2:75 [3, -8, -3]
 13:90.24, 5:75 [3, -9, -3]
801:52.00, 1:10 [8, 10211, -8]
802:60.00, 2:10 [8, 14730, -8]
901:125.79, 5:10 [9, 16941, 12308, -9]
fe: 3, se: 3

Day: 1, Time: 175
Total Cost: 257.11
 11:90.24, 2:75 [3, -9, -3]
901:70.11, 1:10 [9, 11674, -9]
902:96.75, 1:10 [9, 16028, -9]
fe: 1, se: 2

Day: 1, Time: 180
Total Cost: 82.40
 11:66.27, 1:75 [2, -6, -2]
601:16.12, 1:10 [6, 11117, -6]
fe: 1, se: 1

Day: 1, Time: 180
Total Cost: 119.89
 11:94.59, 3:75 [3, -8, -3]
801:25.30, 3:10 [8, 14405, -8]
fe: 1, se: 1

Day: 1, Time: 195
Total Cost: 424.84
 11:179.78, 19:75 [1, -4, -5, -1]
401:89.76, 7:10 [4, 9238, 14290, -4]
501:46.17, 4:10 [5, 10711, -5]
503:109.14, 8:10 [5, 14756, 16166, 10165, -5]
fe: 1, se: 3

Day: 1, Time: 290
Total Cost: 987.13
 11:94.59, 41:75 [3, -8, -3]
 13:90.24, 26:75 [3, -9, -3]
801:42.19, 4:10 [8, 9724, -8]
802:126.68, 9:10 [8, 15354, 9689, 10143, 9566, 16875, -8]
803:76.39, 10:10 [8, 10925, 14661, 14899, -8]
804:147.97, 10:10 [8, 16901, 15694, 10808, 10327, 15938, -8]
805:42.05, 8:10 [8, 11811, 14981, -8]
901:162.63, 9:10 [9, 12641, 16484, 16760, 13608, -9]
903:98.51, 7:10 [9, 11865, 12244, 16596, 9803, 15703, -9]
905:105.87, 10:10 [9, 12372, 13084, 13969, -9]
fe: 2, se: 8

Day: 1, Time: 295
Total Cost: 804.35
 11:66.27, 57:75 [2, -6, -2]
601:100.01, 10:10 [6, 15447, 16664, 14826, 15992, -6]
602:184.46, 10:10 [6, 11711, 9707, 14443, 11557, -6]
603:147.40, 10:10 [6, 15910, 9574, 10094, 16441, 13837, -6]
604:132.28, 9:10 [6, 13528, 10244, 11878, -6]
605:67.32, 8:10 [6, 14518, 10669, -6]
606:106.61, 10:10 [6, 13292, 12709, 15814, 10492, -6]
fe: 1, se: 6

Day: 1, Time: 300
Total Cost: 320.77
 11:113.51, 5:75 [3, -8, -9, -3]
801:94.85, 1:10 [8, 14608, -8]
902:112.41, 4:10 [9, 16293, 15307, -9]
fe: 1, se: 2

Day: 1, Time: 310
Total Cost: 744.62
 11:136.01, 21:75 [1, -4, -1]
 12:153.31, 7:75 [1, -5, -1]
401:53.58, 2:10 [4, 14215, 16320, -4]
402:164.43, 9:10 [4, 12839, 9820, 13039, -4]
403:138.68, 10:10 [4, 15437, 12790, 13583, -4]
502:98.61, 7:10 [5, 13444, 12072, 14280, -5]
fe: 2, se: 4

Day: 1, Time: 360
Total Cost: 1060.20
 11:136.01, 15:75 [1, 4, -4, -1]
 12:153.31, 15:75 [1, 5, -5, -1]
401:118.75, 7:10 [4, 12469, 161, 6547, -4]
402:40.53, 3:10 [4, 13872, 16431, -4]
403:139.90, 10:10 [4, 2329, 13488, 9563, 269, 90, -4]
501:164.52, 7:10 [5, 2981, 1295, 2351, -5]
502:92.38, 10:10 [5, 13438, 16840, 11249, -5]
503:81.71, 4:10 [5, 14180, -5]
504:133.09, 8:10 [5, 144, 162, 226, -5]
fe: 2, se: 7

Day: 1, Time: 365
Total Cost: 266.54
 11:153.31, 4:75 [1, -5, -1]
501:113.23, 4:10 [5, 16556, -5]
fe: 1, se: 1

Day: 1, Time: 365
Total Cost: 630.55
 11:66.27, 24:75 [2, 6, -6, -2]
601:143.48, 8:10 [6, 1777, 281, 1324, -6]
602:159.24, 10:10 [6, 14710, 13146, 11280, 10683, -6]
603:92.40, 9:10 [6, 8258, 15045, 14708, 15755, -6]
604:169.16, 8:10 [6, 1294, 16521, 343, 16603, 3796, -6]
fe: 1, se: 4

Day: 1, Time: 385
Total Cost: 783.74
 11:94.59, 29:75 [3, -8, -3]
 12:90.24, 14:75 [3, -9, -3]
801:53.98, 8:10 [8, 12297, 14633, -8]
802:64.06, 10:10 [8, 12129, 9954, 10048, -8]
803:102.76, 5:10 [8, 16580, 12859, -8]
804:88.95, 6:10 [8, 9311, 15198, 9690, -8]
901:114.31, 7:10 [9, 12092, 11839, 11339, -9]
902:174.85, 7:10 [9, 10174, 13128, 9416, 16139, -9]
fe: 2, se: 6

Day: 1, Time: 390
Total Cost: 278.22
 11:94.59, 6:75 [3, -8, -3]
801:59.23, 2:10 [8, 15598, -8]
802:124.40, 4:10 [8, 12167, -8]
fe: 1, se: 2

Day: 1, Time: 395
Total Cost: 411.70
 11:66.27, 8:75 [2, -6, -2]
601:140.36, 2:10 [6, 13006, -6]
602:87.73, 1:10 [6, 16594, -6]
603:117.35, 5:10 [6, 12909, 12494, -6]
fe: 1, se: 3

Day: 1, Time: 400
Total Cost: 728.62
 11:136.01, 8:75 [1, -4, -1]
 12:153.31, 9:75 [1, -5, -1]
401:165.35, 4:10 [4, 10328, 16072, -4]
402:42.76, 4:10 [4, 10633, -4]
501:124.76, 6:10 [5, 10527, 14656, 14265, 11233, -5]
502:106.43, 3:10 [5, 16525, 10380, -5]
fe: 2, se: 4

Day: 1, Time: 400
Total Cost: 330.09
 11:94.59, 12:75 [3, -8, -3]
801:65.49, 6:10 [8, 13494, 9705, -8]
802:56.36, 2:10 [8, 12345, -8]
803:113.65, 4:10 [8, 15476, -8]
fe: 1, se: 3

Day: 1, Time: 405
Total Cost: 1429.79
 11:136.01, 67:75 [1, 4, -4, -1]
 12:153.31, 38:75 [1, 5, -1]
401:82.65, 10:10 [4, 141, 300, 39, 103, 1089, -4]
402:97.11, 9:10 [4, 178, 10733, 128, 201, 182, -4]
403:103.65, 9:10 [4, 16428, 145, 274, 299, -4]
404:14.56, 3:10 [4, 7321, -4]
405:82.07, 9:10 [4, 1752, 43, 148, 1748, -4]
406:104.94, 10:10 [4, 283, 6040, 4185, 4856, -4]
407:93.79, 10:10 [4, 205, 247, 88, -4]
408:57.96, 8:10 [4, 6994, 73, 151, -4]
501:116.86, 8:10 [5, 7036, 18, 287, 327, -5]
502:83.74, 4:10 [5, 265, 282, -5]
503:60.17, 3:10 [5, 329, -5]
505:39.25, 3:10 [5, 339, 191, -5]
506:79.93, 5:10 [5, 70, 7530, -5]
508:59.78, 5:10 [5, 7761, 286, -5]
510:64.00, 10:10 [5, 71, 41, 33, 4464, 76, -5]
fe: 2, se: 15

Day: 1, Time: 405
Total Cost: 917.77
 11:66.27, 22:75 [2, 6, -6, -2]
 12:145.23, 45:75 [2, 7, -2]
601:102.95, 5:10 [6, 334, 272, -6]
604:134.63, 8:10 [6, 13919, 4265, 314, 55, -6]
608:130.60, 10:10 [6, 6350, 325, 32, 107, 228, -6]
701:74.77, 9:10 [7, 58, 4627, 293, -7]
702:48.55, 8:10 [7, 254, 6440, -7]
703:80.78, 8:10 [7, 6903, 328, 111, -7]
704:65.40, 10:10 [7, 6067, 214, 2815, 95, -7]
705:68.60, 10:10 [7, 224, 6588, 260, 126, 28, -7]
fe: 2, se: 8

Day: 1, Time: 405
Total Cost: 1151.81
 11:94.59, 39:75 [3, 8, -3]
 12:90.24, 57:75 [3, 9, -3]
801:59.95, 9:10 [8, 259, 187, 219, -8]
802:94.95, 10:10 [8, 86, 82, 35, -8]
803:118.88, 10:10 [8, 331, 130, 89, 137, 330, -8]
804:82.83, 10:10 [8, 194, 2968, 173, 326, -8]
901:121.33, 10:10 [9, 83, 78, 220, 102, -9]
902:33.24, 9:10 [9, 152, 91, 246, -9]
903:96.43, 10:10 [9, 2089, 133, 79, 1759, -9]
905:116.93, 8:10 [9, 186, 7045, 3966, 262, 239, 225, -9]
906:99.22, 10:10 [9, 97, 8271, 44, 267, 172, -9]
907:143.23, 10:10 [9, 284, 338, 4036, 132, -9]
fe: 2, se: 10

Day: 1, Time: 415
Total Cost: 274.88
 11:136.01, 8:75 [1, -4, -1]
401:94.81, 7:10 [4, 10272, 13836, -4]
402:44.05, 1:10 [4, 13410, -4]
fe: 1, se: 2

Day: 1, Time: 420
Total Cost: 272.27
 11:153.31, 2:75 [1, -5, -1]
501:118.96, 2:10 [5, 15897, -5]
fe: 1, se: 1

Day: 1, Time: 420
Total Cost: 301.48
 11:113.51, 4:75 [3, -8, -9, -3]
801:104.71, 1:10 [8, 12771, -8]
901:83.26, 3:10 [9, 12597, -9]
fe: 1, se: 2

Day: 1, Time: 435
Total Cost: 197.38
 11:145.23, 2:75 [2, -7, -2]
701:52.15, 2:10 [7, 10271, -7]
fe: 1, se: 1

Day: 1, Time: 450
Total Cost: 311.37
 11:66.27, 12:75 [2, 6, -2]
601:63.91, 2:10 [6, 4882, -6]
602:129.19, 6:10 [6, 171, 5489, -6]
603:52.00, 4:10 [6, 188, -6]
fe: 1, se: 3

Day: 1, Time: 450
Total Cost: 281.20
 11:94.59, 12:75 [3, 8, -3]
801:8.94, 4:10 [8, 252, -8]
802:46.52, 3:10 [8, 242, -8]
803:131.14, 5:10 [8, 5775, 7335, -8]
fe: 1, se: 3

Day: 1, Time: 495
Total Cost: 170.94
 11:136.01, 1:75 [1, 4, -1]
401:34.93, 1:10 [4, 8251, -4]
fe: 1, se: 1

Day: 1, Time: 495
Total Cost: 154.84
 11:66.27, 1:75 [2, 6, -2]
601:88.57, 1:10 [6, 2984, -6]
fe: 1, se: 1

Day: 1, Time: 495
Total Cost: 140.24
 11:90.24, 4:75 [3, 9, -3]
901:50.00, 4:10 [9, 5456, -9]
fe: 1, se: 1

Day: 1, Time: 525
Total Cost: 108.70
 11:66.27, 2:75 [2, 6, -2]
601:42.43, 2:10 [6, 22, -6]
fe: 1, se: 1


Day	Area	ID	Time	Load	Utilization	NoOrders	AssignmentCost
1	1	27	315	 73	0.97	30	805.00
1	1	 9	360	 24	0.32	 8	315.00
1	1	29	405	  4	0.05	 1	115.00
1	1	11	450	 28	0.31	 8	284.00
1	1	32	540	 59	0.66	19	532.00
1	1	15	630	 73	0.97	23	805.00
1	1	34	630	 51	0.68	17	585.00
1	1	37	765	 56	0.93	22	762.00
1	1	19	810	 60	1.00	38	810.00
1	1	38	810	 60	1.00	29	810.00
1	2	145	300	  8	0.05	 3	310.00
1	2	46	315	 69	0.92	27	765.00
1	2	65	315	 51	0.68	25	585.00
1	2	70	540	 63	0.70	19	564.00
1	2	72	630	 45	0.60	14	525.00
1	2	53	630	 75	1.00	25	825.00
1	2	76	810	 60	1.00	35	810.00
1	2	57	810	 60	1.00	35	810.00
1	3	83	270	 24	0.32	 9	315.00
1	3	154	300	 15	0.10	 6	450.00
1	3	84	315	 75	1.00	31	825.00
1	3	86	405	 10	0.13	 4	175.00
1	3	89	540	 66	0.73	18	588.00
1	3	109	585	 74	0.99	21	815.00
1	3	110	630	 75	1.00	25	825.00
1	3	91	630	 74	0.99	24	815.00
1	3	95	810	 60	1.00	24	810.00
1	3	114	810	 60	1.00	52	810.00


Day	Area	Time	Pickup	Delivery	Direct	FEVehicles	SEVehicles	ALNSTime	ALNSBestTime	RoutingCostArea
1	1	0	126	132	0	7	53	446.29	369.23	5804.80
1	1	55	5	0	0	2	3	0.62	0.00	603.20
1	1	80	5	0	0	2	2	0.79	0.00	592.04
1	1	100	5	0	0	2	2	0.74	0.00	463.60
1	1	120	8	0	0	2	3	0.96	0.00	667.09
1	1	140	4	0	0	1	3	0.94	0.00	396.50
1	1	195	6	0	0	1	3	0.77	0.00	424.84
1	1	310	11	0	0	2	4	1.07	0.00	744.62
1	1	360	9	11	0	2	7	2.46	0.00	1060.20
1	1	365	1	0	0	1	1	0.24	0.00	266.54
1	1	400	9	0	0	2	4	1.26	0.00	728.62
1	1	405	2	45	0	2	15	5.15	0.00	1429.79
1	1	415	3	0	0	1	2	0.36	0.00	274.88
1	1	420	1	0	0	1	1	0.18	0.00	272.27
1	1	495	0	1	0	1	1	0.32	0.00	170.94
1	2	0	106	137	0	6	46	304.35	221.22	4813.75
1	2	50	6	0	0	2	3	0.56	0.00	494.31
1	2	80	6	0	0	2	3	0.48	0.00	453.11
1	2	85	3	0	0	1	2	0.38	0.00	190.33
1	2	95	2	0	0	2	2	0.41	0.00	346.50
1	2	130	8	0	0	2	3	0.91	0.00	415.61
1	2	135	4	0	0	3	4	0.94	0.00	520.01
1	2	150	2	0	0	2	2	0.60	0.00	326.59
1	2	160	3	0	1	2	2	0.67	0.00	838.90
1	2	165	1	0	1	1	1	0.26	0.00	667.41
1	2	170	0	0	1	0	0	0.00	0.00	500.00
1	2	180	1	0	1	1	1	0.25	0.00	582.40
1	2	295	22	0	0	1	6	2.23	1.37	804.35
1	2	365	9	7	0	1	4	2.09	0.55	630.55
1	2	395	4	0	0	1	3	0.66	0.00	411.70
1	2	405	1	27	0	2	8	2.37	0.00	917.77
1	2	435	1	0	0	1	1	0.19	0.00	197.38
1	2	450	0	4	0	1	3	0.50	0.00	311.37
1	2	495	0	1	0	1	1	0.32	0.00	154.84
1	2	525	0	1	0	1	1	0.28	0.00	108.70
1	3	0	104	141	0	7	46	435.11	350.91	4959.76
1	3	35	13	0	0	3	5	1.45	0.00	876.74
1	3	40	2	0	0	2	2	0.31	0.00	332.63
1	3	60	2	0	0	2	2	0.58	0.00	366.47
1	3	75	5	0	0	2	5	1.26	0.10	644.22
1	3	85	6	0	0	3	4	0.95	0.00	590.39
1	3	100	4	0	0	2	2	0.47	0.00	446.84
1	3	110	3	0	0	2	2	0.61	0.00	319.53
1	3	130	6	0	0	2	3	0.50	0.00	512.31
1	3	145	2	0	0	2	2	0.42	0.00	242.51
1	3	160	2	0	1	1	1	0.32	0.00	680.87
1	3	170	4	0	0	3	3	0.92	0.00	517.22
1	3	175	2	0	0	1	2	0.48	0.00	257.11
1	3	180	1	0	1	1	1	0.27	0.00	619.89
1	3	290	28	0	0	2	8	2.58	0.00	987.13
1	3	300	3	0	0	1	2	0.46	0.00	320.77
1	3	385	17	0	0	2	6	1.67	0.00	783.74
1	3	390	2	0	0	1	2	0.38	0.00	278.22
1	3	400	4	0	0	1	3	0.51	0.00	330.09
1	3	405	0	41	0	2	10	10.03	8.25	1151.81
1	3	420	2	0	0	1	2	0.27	0.00	301.48
1	3	450	0	4	0	1	3	0.57	0.00	281.20
1	3	495	0	1	0	1	1	0.33	0.00	140.24

Day	SL	Own	DispatchTimes	AssignmentCost	RoutingCost	TotalCost
1	26	2	35	17445.00	43526.70	60971.70

Total Cost: 60971.70174123227
Cost per Day: 60971.70174123227
Running time in Seconds: 26627.167
Running time in minutes: 443.78611666666666